0.295999
0.274999
0.275999
0.265000
0.275999
0.264999
0.275999
0.265000
0.275999
0.264000
0.276001
0.264999
0.275999
0.264000
0.275999
0.265000
0.276001
0.265000
0.275999
0.264999
0.276001
0.265000
0.275999
0.264999
0.285000
0.264999
0.275999
0.265000
0.276001
0.264000
0.275999
0.264999
0.276001
0.265000
0.275999
0.265000
0.275999
0.265000
0.275999
0.265000
0.276001
0.265000
0.275999
0.264999
0.275999
0.264000
0.275999
0.266001
0.275999
0.264000
0.276001
0.265000
0.275999
0.264000
0.275999
0.265999
0.310000
0.265000
0.275999
0.266001
0.275999
0.264000
0.275999
0.265000
0.275999
0.264000
0.276001
0.265000
0.275999
0.264000
0.276001
0.265000
0.275999
0.265000
0.275999
0.265000
0.275999
0.265000
0.276001
0.265000
0.275999
0.264000
0.276001
0.265000
0.275999
0.265000
0.275999
0.266001
0.275999
0.264000
0.275999
0.266001
0.276001
0.265000
0.275999
0.264999
0.275999
0.263998
0.275999
0.264999
0.276001
0.263998
0.276001
0.265000
0.275999
0.263998
0.275999
0.264999
0.275999
0.265000
0.275999
0.265999
0.276001
0.265000
0.275999
0.265000
0.275999
0.265000
0.276001
0.265000
0.291999
0.265000
0.275999
0.265000
0.275999
0.265000
0.276001
0.265000
0.275999
0.265000
0.275999
0.264999
0.276001
0.265000
0.275999
0.265000
0.275999
0.265000
0.276001
0.265000
0.276001
0.264999
0.276001
0.264999
0.275999
0.265000
0.275999
0.265000
0.275999
0.265000
0.276001
0.265000
0.275999
0.259999
0.275999
0.261001
0.276001
0.259999
0.276001
0.260999
0.275999
0.259999
0.276001
0.260999
0.275999
0.260001
0.275999
0.260999
0.275999
0.265000
0.275999
0.265000
0.275999
0.265000
0.276001
0.266001
0.275999
0.265000
0.276001
0.265000
0.276001
0.265000
0.275999
0.266001
0.291999
0.265000
0.275999
0.265000
0.275999
0.264000
0.275999
0.264999
0.276001
0.265000
0.276001
0.265000
0.275999
0.265000
0.275999
0.265000
0.276001
0.265000
0.276001
0.265000
0.275999
0.264000
0.275999
0.265000
0.275999
0.264000
0.275001
0.264999
0.275999
0.264000
0.275999
0.265000
0.275999
0.264000
0.275999
0.266001
0.275999
0.264000
0.276001
0.265000
0.275999
0.264000
0.275001
0.265000
0.276001
0.266001
0.276001
0.265000
0.275999
0.264000
0.274999
0.264999
0.275999
0.264000
0.275999
0.265000
0.275999
0.264000
0.276001
0.265999
0.275999
0.264000
0.276001
0.265000
0.291999
0.265000
0.276001
0.264999
0.275999
0.265999
0.276001
0.265000
0.276001
0.265999
0.275999
0.265000
0.275999
0.265999
0.275999
0.264999
0.276001
0.266001
0.275999
0.265000
0.275999
0.266001
0.275999
0.264999
0.275999
0.266001
0.276001
0.265000
0.276001
0.266001
0.275999
0.266001
0.275999
0.264999
0.275999
0.265000
0.275999
0.263998
0.275999
0.265000
0.275999
0.266001
0.276001
0.266001
0.276001
0.266001
0.275999
0.265000
0.275999
0.264999
0.275999
0.265000
0.275999
0.265999
0.275999
0.265000
0.276001
0.266001
0.276001
0.265000
0.276001
0.265999
0.275999
0.265000
0.291999
0.265000
0.276001
0.265000
0.274999
0.265000
0.275999
0.265000
0.274999
0.263998
0.275999
0.266001
0.275001
0.264000
0.275999
0.264999
0.275001
0.259999
0.276001
0.266001
0.275001
0.264000
0.276001
0.265000
0.275001
0.264000
0.275999
0.265000
0.274999
0.265000
0.275999
0.265000
0.274999
0.264000
0.275999
0.265000
0.274999
0.264000
0.276001
0.265000
0.275001
0.264000
0.276001
0.265000
0.275001
0.264000
0.276001
0.265000
0.275001
0.264000
0.275999
0.265000
0.274999
0.264000
0.275999
0.265000
0.274999
0.264000
0.275999
0.265000
0.275001
0.264999
0.275999
0.265000
0.316000
0.265000
0.275999
0.265000
0.275999
0.265000
0.275999
0.265000
0.275999
0.264999
0.276001
0.265000
0.275999
0.264999
0.276001
0.265000
0.276001
0.264000
0.276001
0.265000
0.275999
0.265000
0.276001
0.265000
0.275999
0.264000
0.276001
0.265000
0.275999
0.265000
0.275999
0.265999
0.275999
0.265000
0.275999
0.265000
0.275999
0.265000
0.275999
0.265000
0.275999
0.265000
0.275999
0.265000
0.275999
0.265000
0.275999
0.265000
0.276001
0.265000
0.275999
0.265000
0.276001
0.265000
0.276001
0.264999
0.275999
0.264999
0.276001
0.265000
0.276001
0.264999
0.275999
0.265000
0.316000
0.264000
0.275001
0.265000
0.276001
0.264000
0.275001
0.265000
0.276001
0.265000
0.274999
0.265999
0.275999
0.266001
0.274999
0.265000
0.275999
0.265000
0.274999
0.264999
0.275999
0.264000
0.274999
0.265999
0.276001
0.264000
0.275001
0.266001
0.276001
0.260001
0.275001
0.265000
0.275999
0.265000
0.274999
0.265000
0.276001
0.265000
0.274999
0.264999
0.275999
0.259999
0.275999
0.264999
0.275999
0.260001
0.274999
0.266001
0.276001
0.265000
0.274999
0.265000
0.275999
0.264000
0.275001
0.264999
0.276001
0.264000
0.275001
0.265000
0.275999
0.265000
0.275001
0.264999
0.292001
0.264000
0.276001
0.265000
0.275999
0.265000
0.275999
0.264999
0.276001
0.265000
0.275999
0.265000
0.275999
0.264000
0.276001
0.265000
0.276001
0.265000
0.276001
0.265000
0.276001
0.264000
0.276001
0.265000
0.275999
0.264999
0.275999
0.266001
0.276001
0.264000
0.276001
0.265000
0.276001
0.265000
0.275999
0.264999
0.276001
0.265000
0.275999
0.265999
0.275999
0.264000
0.276001
0.265000
0.276001
0.263998
0.276001
0.264999
0.275999
0.264000
0.276001
0.265000
0.275999
0.264000
0.275999
0.265000
0.275999
0.264000
0.275999
0.265000
0.275999
0.264000
0.275999
0.265000
0.291999
0.264000
0.275999
0.265000
0.275001
0.264000
0.275999
0.265000
0.275001
0.264000
0.276001
0.265000
0.274999
0.264000
0.275999
0.265000
0.316000
0.277000
0.274999
0.265999
0.275001
0.266001
0.275001
0.266001
0.275001
0.266001
0.274999
0.266001
0.274999
0.264999
0.274999
0.266001
0.275001
0.266001
0.275001
0.265999
0.274999
0.265000
0.274999
0.266001
0.275999
0.265999
0.275001
0.266001
0.275001
0.265000
0.274999
0.266001
0.275001
0.265000
0.274999
0.265999
0.275001
0.264999
0.274999
0.266001
0.274999
0.265999
0.275001
0.266001
0.274999
0.265000
0.275001
0.266001
0.291999
0.266001
0.275999
0.266001
0.275999
0.266001
0.275999
0.266001
0.275999
0.265000
0.276001
0.267001
0.275999
0.266001
0.276001
0.266001
0.276001
0.266001
0.276001
0.266001
0.275999
0.265999
0.276001
0.266001
0.275999
0.265000
0.276001
0.266001
0.275999
0.265000
0.275999
0.261001
0.276001
0.264999
0.276001
0.266001
0.275999
0.264999
0.275999
0.266001
0.276001
0.265000
0.275999
0.266001
0.276001
0.266001
0.275999
0.266001
0.275999
0.266001
0.275999
0.266001
0.276001
0.265999
0.275999
0.266001
0.275999
0.265000
0.276001
0.266001
0.276001
0.265999
0.275999
0.266001
0.319000
0.265999
0.274999
0.266001
0.274999
0.265999
0.274999
0.266001
0.275001
0.265000
0.275001
0.266001
0.274999
0.266001
0.275001
0.265999
0.275999
0.265000
0.275001
0.266001
0.274999
0.265000
0.274999
0.266001
0.274999
0.266001
0.275001
0.266001
0.275001
0.265000
0.274999
0.265999
0.275001
0.266001
0.275001
0.266001
0.274999
0.265000
0.274999
0.265999
0.274999
0.265000
0.275001
0.265999
0.275001
0.265000
0.275001
0.265999
0.275001
0.265000
0.274999
0.266001
0.275001
0.265000
0.274999
0.266001
0.274999
0.261001
0.274999
0.262000
0.275001
0.261001
0.274999
0.262000
0.291999
0.260999
0.275999
0.260999
0.275999
0.261001
0.276001
0.261001
0.275999
0.260999
0.275999
0.260999
0.276001
0.261001
0.275999
0.261001
0.275999
0.260999
0.275999
0.260999
0.275999
0.260999
0.275999
0.260999
0.276001
0.266001
0.275999
0.260999
0.275999
0.261001
0.276001
0.267001
0.276001
0.260999
0.275999
0.260999
0.276001
0.260999
0.275999
0.266001
0.275999
0.265999
0.276001
0.266001
0.275999
0.265000
0.275999
0.265999
0.276001
0.264999
0.276001
0.261001
0.275999
0.265999
0.275999
0.260999
0.275999
0.265000
0.276001
0.266001
0.275999
0.266001
0.275999
0.266999
0.290999
0.265000
0.274999
0.266001
0.275001
0.264999
0.274999
0.266001
0.298999
0.265000
0.275001
0.266001
0.274999
0.265000
0.275001
0.265999
0.274999
0.265000
0.274999
0.266001
0.274999
0.265000
0.275001
0.265999
0.274999
0.265000
0.275001
0.266001
0.275001
0.265000
0.275001
0.262002
0.275001
0.260999
0.275001
0.262000
0.275001
0.260999
0.274999
0.262002
0.274999
0.260999
0.274999
0.262000
0.274999
0.260999
0.274999
0.262000
0.274999
0.260999
0.274999
0.262000
0.275001
0.260999
0.274999
0.262000
0.275001
0.260999
0.275001
0.262002
0.275001
0.264999
0.275001
0.265999
0.291999
0.265000
0.276001
0.260999
0.276001
0.260999
0.275999
0.260999
0.275999
0.260999
0.275999
0.260999
0.276001
0.260999
0.275999
0.260999
0.276001
0.260999
0.275999
0.260999
0.276001
0.260999
0.276001
0.261001
0.276001
0.260999
0.276001
0.266001
0.275999
0.265000
0.275999
0.260999
0.275999
0.261001
0.275999
0.260999
0.275999
0.260999
0.276001
0.260999
0.276001
0.260999
0.275999
0.260999
0.276001
0.261001
0.276001
0.260999
0.275999
0.261001
0.276001
0.260999
0.276001
0.265000
0.276001
0.266001
0.275999
0.260999
0.276001
0.260999
0.276001
0.260999
0.275999
0.261001
0.290999
0.263000
0.274999
0.262002
0.275999
0.264999
0.275999
0.260999
0.275999
0.260999
0.274999
0.262000
0.275001
0.260999
0.275001
0.262000
0.274999
0.260999
0.274999
0.266001
0.275001
0.265000
0.274999
0.265999
0.274999
0.266001
0.274999
0.266001
0.275999
0.265000
0.275001
0.266001
0.274999
0.264999
0.274999
0.266001
0.276001
0.260999
0.275001
0.262000
0.275001
0.261001
0.275999
0.262000
0.275001
0.260999
0.274999
0.262000
