1489.047000
1507.437000
1668.970000
1491.993000
1484.174000
1482.720000
1484.941000
1621.784000
1559.793000
1490.212000
1483.635000
1481.971000
1494.945000
1630.074999
1518.489000
1488.919000
1483.559000
1482.708001
1497.390000
1644.623999
1502.747000
1484.207001
1487.221000
1484.557999
1507.214000
1652.728000
1490.016000
1481.531001
1490.270000
1485.063001
1623.783000
1544.209000
1486.330000
1480.923000
1479.844000
1496.569000
1625.232000
1520.490000
1483.011000
1478.013000
1481.879000
1496.554000
1647.030001
1501.005000
1484.153000
1480.339999
1483.089999
1500.097000
1654.581000
1492.136000
1479.901999
1480.612000
1480.411000
1507.971000
1655.217000
1489.513000
1481.255000
1479.307000
1482.999000
1598.776001
1565.755000
1485.878000
1480.231000
1479.139999
1489.683000
1620.918000
1526.041000
1482.474000
1482.411000
1477.426000
1495.115001
1640.148000
1504.075999
1482.537000
1478.721000
1485.275000
1501.281001
1655.067000
1492.501000
1481.705000
1481.463000
1486.109000
1555.797000
1614.305000
1484.820000
1480.846999
1478.885000
1486.288999
1632.291000
1531.350000
1482.803999
1479.304000
1478.887999
1492.159000
1639.382000
1508.731000
1480.821000
1478.626000
1480.440000
1499.120000
1652.701001
1494.891000
1482.876000
1481.746000
1482.121000
1504.216000
1656.224000
1488.127000
1484.107000
1480.760000
1480.889000
1556.858000
1611.342000
1484.220000
1483.504000
1480.451000
1486.574000
1620.846000
1527.245000
1480.084000
1477.617000
1482.964001
1493.698000
1641.187000
1506.484000
1481.334000
1478.217000
1483.419000
1502.252000
1652.743000
1494.387000
1481.420999
1481.778000
1480.727000
1529.610000
1640.981000
1485.316000
1479.582001
1479.911000
1483.696001
1618.944000
1547.988000
1483.887000
1481.624000
1476.766001
1489.756000
1637.552001
1517.969000
1482.829001
1477.923000
1479.727000
1495.216999
1645.738000
1495.907000
1485.681000
1479.219000
1480.469001
1502.415000
1653.190000
1488.507000
1484.251000
1480.269000
1481.951000
1618.190000
1555.857999
1485.203001
1478.272000
1482.311000
1490.181000
1623.330001
1516.180000
1480.431000
1477.798999
1478.726000
1501.631999
1638.403000
1499.578000
1480.951000
1478.533000
1480.889000
1505.925001
1655.165000
1489.742000
1478.506000
1478.583000
1478.925000
1547.193000
1617.994000
1482.802000
1474.936999
1480.218000
1480.322001
1512.193000
1659.498001
1485.475000
1477.299000
1480.382999
1481.701000
1622.542000
1533.854000
1486.673000
1480.151000
1479.551000
1489.200000
1634.254999
1508.324000
1480.177000
1480.738000
1479.801000
1500.349999
1652.598000
1496.879000
1480.184000
1481.869000
1482.383000
1509.639000
1653.658000
1484.230001
1479.229000
1477.934999
1483.212000
1623.085000
1538.205001
1482.983000
1478.554999
1478.133000
1493.423000
1630.025000
1510.931999
1480.795000
1478.329999
1479.873000
1497.221000
1641.167000
1495.550000
1481.655000
1479.203000
1479.479000
1504.928000
1659.454000
1489.415000
1480.931000
1477.779000
1481.476001
1616.698001
1544.597000
1486.128000
1477.785001
1477.430000
1490.111000
1626.960000
1515.561000
1479.304000
1484.390000
1478.897000
1495.866000
1646.237000
1500.605000
1480.634999
1479.943000
1480.021000
1503.054000
1655.505001
1487.395001
1478.742000
1477.663999
1483.424000
1597.481000
1575.761000
1482.586000
1477.983001
1478.628000
1486.781999
1616.531000
1516.649000
1480.142000
1477.785000
1478.008000
1492.214000
1651.679001
1507.462000
1479.975000
1475.965000
1479.284000
1496.880000
1643.063000
1499.921001
1479.612000
1478.782000
1480.411001
1502.922000
1652.777000
1490.631000
1476.551000
1479.326000
1480.156000
1619.870000
1550.657000
1484.387000
1483.324000
1476.169000
1488.063000
1628.421000
1510.848000
1480.193000
1476.388000
1481.850000
1496.046999
1642.621000
1497.427000
1481.772000
1477.977999
1483.308000
1502.764001
1651.533000
1486.637999
1478.456000
1479.876000
1477.914000
1555.957000
1613.613000
1484.491999
1477.577000
1478.568000
1483.948000
1620.863000
1525.580000
1481.403000
1478.269001
1477.158000
1486.755000
1624.785000
1519.646000
1481.896000
1476.883001
1481.361000
1492.601000
1650.161000
1496.491000
1486.080000
1476.610000
1478.373000
1502.914000
1651.038000
1486.742999
1482.186000
1478.373000
1479.270000
1620.145000
1550.694000
1483.260000
1479.978000
1482.036000
1490.956000
1635.008000
1510.593000
1480.136001
1476.412000
1483.237000
1496.040001
1642.557001
1496.197000
1482.398000
1478.936001
1481.130000
1504.461000
1651.806001
1489.673000
1479.148000
1479.649999
1478.738000
1579.575000
1593.583001
1481.440000
1479.466001
1477.263000
1486.171000
1608.457000
1522.702000
1482.025000
1479.590001
1477.280000
1491.928000
1638.942000
1501.138000
1483.332001
1478.257000
1477.794999
1499.903000
1653.054000
1491.579000
1482.731001
1479.472000
1481.369000
1559.980000
1609.758000
1483.289000
1478.931000
1480.346001
1488.419000
1620.220000
1522.604000
1480.912000
1476.470000
1476.048000
1497.883000
1635.551000
1502.278999
1479.625000
1475.897000
1478.582000
1504.535000
1651.140000
1492.064000
1481.295000
1482.074000
1480.869000
1499.310999
1651.093000
1483.529001
1477.503000
1476.185001
1478.885000
1553.973000
1612.992000
1482.131001
1478.043000
1478.844000
1485.637001
1612.099000
1534.994000
1485.458001
1477.713000
1476.244001
1489.994000
1632.557999
1516.201000
1481.536000
1481.455000
1478.583000
1494.144999
1641.976001
1503.823999
1481.277000
1480.452000
1478.415000
1497.741000
1656.153000
1491.872001
1479.529000
1478.506000
1480.917000
1518.192000
1644.126000
1485.451000
1476.891000
1477.439000
1484.753000
1618.368000
1531.428000
1484.281001
1478.332000
1474.318000
1486.809000
1638.332000
1508.741000
1478.480000
1476.118000
1478.467000
1497.209000
1651.919001
1496.211999
1479.556000
1479.708000
1480.715999
1500.399000
1656.279000
1490.435001
1479.191001
1476.818000
1479.715000
1613.187000
1563.163000
1495.195000
1483.995000
1476.685001
1488.714000
1626.073000
1512.512000
1478.461000
1479.625001
1479.772000
1494.477000
1639.609001
1494.936001
1480.844000
1478.076000
1482.166000
1499.519000
1656.818001
1484.953000
1479.632000
1477.625000
1478.348000
1561.745000
1610.573000
1483.719000
1478.027999
1477.409001
1485.139000
1633.301000
1522.258000
1482.399999
1480.067000
1477.317001
1494.190000
1639.728000
1506.695000
1479.924000
1476.532000
1478.380000
1498.070000
1652.425000
1495.398999
1478.398000
1480.029000
1481.250000
1552.009000
1616.089000
1483.762001
1483.779000
1478.430000
1484.928001
1620.479000
1527.157000
1480.814000
1477.471000
1478.831000
1493.638000
1630.947000
1504.507000
1478.841000
1477.186000
1480.233000
1496.645001
1654.739999
1492.281000
1478.593000
1478.337000
1480.010000
1534.107000
1636.343000
1482.330000
1477.787000
1477.755000
1482.584001
1631.004000
1529.478000
1482.566999
1477.643000
1475.535000
1487.126000
1629.062000
1515.850000
1477.705000
1476.629999
1476.872000
1495.460999
1641.787000
1496.112000
1483.095000
1475.659001
1478.700000
1500.185000
1658.158000
1485.659000
1477.889000
1478.255999
1481.011000
1619.645000
1550.504000
1480.080000
1479.981001
1481.741000
1489.748999
1624.814999
1512.243000
1481.895000
1477.174001
1481.384000
1495.487000
1639.873000
1495.443000
1479.931001
1477.650000
1477.811000
1505.700001
1657.625000
1485.944000
1478.492000
1479.134000
1489.067000
1600.015000
1593.584000
1495.539000
1489.406000
1484.724999
1496.219000
1615.133001
1521.336000
1482.460001
1476.566000
1476.042000
1492.368001
1643.222000
1500.209000
1483.814999
1476.922001
1479.143000
1499.064000
1650.898000
1488.495001
1483.336000
1479.017000
1479.940999
1562.763000
1608.422000
1483.779999
1478.047000
1480.424001
1487.163000
1628.001999
1523.423000
1482.031000
1477.564001
1477.466000
1499.089000
1639.247000
1500.460000
1480.044999
1475.848000
1478.184001
1503.251000
1647.301001
1491.835999
1480.098000
1478.230000
1478.862001
1553.766000
1615.226000
1482.621999
1475.539000
1476.710999
1484.693000
1616.006000
1526.613000
1485.071001
1476.933000
1476.559999
1491.200999
1637.308000
1502.999000
1482.433000
1476.306001
1477.765000
1497.605000
1654.056000
1492.497000
1479.692000
1481.048000
1479.195001
1513.826000
1647.785001
1485.053000
1478.121000
1482.187000
1482.100000
1622.470000
1533.089000
1482.006000
1478.311000
1475.466000
1490.721000
1628.081000
1510.558000
1480.292000
1478.015000
1479.461000
1495.993000
1640.935000
1496.045000
1479.945000
1475.944000
1478.169001
1499.166000
1657.933000
1489.646000
1479.672999
1478.655000
1479.305000
1580.121000
1592.589000
1488.469000
1479.074000
1477.936000
1486.241001
1615.919000
1518.644000
1484.730001
1476.790000
1479.583000
1493.165000
1648.775000
1502.843000
1479.338000
1532.020001
1663.614000
1516.739001
1648.811000
1487.628000
1479.788000
1485.944000
1481.371000
1618.404000
1544.930000
1484.794000
1480.739000
1477.026001
1493.420000
1616.751000
1518.495000
1483.104000
1477.115000
1478.400000
1496.094000
1656.072000
1501.699000
1481.105000
1477.804000
1481.419001
1498.844001
1659.084000
1490.807001
1478.832000
1479.590000
1478.867000
1558.170000
1606.427001
1489.723000
1478.371000
1479.575000
1487.059000
1618.625000
1526.005000
1609.169000
1488.147000
1477.040000
1496.938000
1642.056000
1499.494000
1481.654000
1482.661000
1480.961001
1503.740000
1655.634000
1488.846000
1480.514000
1486.757000
1482.156000
1591.978000
1578.689000
1483.573000
1480.361001
1476.258000
1491.149000
1616.353000
1529.174000
1483.994000
1478.924000
1478.346000
1491.591000
1637.552000
1507.940000
1481.077000
1477.126000
1480.533000
1498.245000
1657.017000
1491.857000
1481.580000
1481.163000
1479.387000
1509.647001
1650.260000
1489.782000
1479.771000
1477.777001
1482.349000
1623.608001
1537.115999
1486.130000
1479.929999
1477.232000
1489.992000
1635.607000
1508.362000
1480.287001
1483.032000
1480.804000
1494.725000
1639.186000
1499.116000
1479.856000
1476.912000
1485.017000
1501.599001
1652.997000
1493.675000
1479.379000
1478.630000
1484.096000
1510.685000
1650.124000
1485.618000
1477.568000
1478.948000
1479.508000
1624.037000
1539.820000
1482.983001
1479.298000
1476.784999
1486.837000
1622.729001
1518.318000
1481.882000
1477.497000
1479.433000
1493.291000
1641.155000
1501.188000
1478.348000
1478.743000
1480.534000
1501.687001
1653.841999
1488.201000
1483.605000
1480.231000
1480.761000
1597.395000
1572.469000
1485.292000
1482.040000
1478.176001
1486.318001
1625.836000
1515.928000
1482.244001
1478.368000
1483.132000
1494.053000
1639.983000
1498.188000
1478.914000
1477.562000
1483.927000
1497.866000
1652.656000
1489.124000
1480.181000
1477.126000
1481.096000
1569.684000
1599.579000
1482.658000
1478.308000
1477.618000
1486.608000
1610.036001
1524.188000
1482.844000
1476.240001
1476.018000
1491.851000
1635.953000
1505.009999
1478.603001
1476.283001
1479.670000
1500.865000
1648.850000
1492.263000
1481.611000
1477.662000
1479.740000
1553.326000
1611.983000
1483.725000
1481.995001
1477.093000
1484.751000
1621.645000
1524.644000
1481.414001
1477.227001
1482.466000
1488.288000
1496.459001
1807.828001
1493.929000
1481.277000
1477.042999
1482.446000
1480.512000
1479.980000
1480.487000
1480.418000
1481.681000
1511.240000
1572.069000
1756.676001
1487.231000
1479.926000
1481.207000
1478.399000
1481.686000
1478.658000
1475.252000
1478.870000
1482.652000
1505.616000
1594.432000
1742.195000
1488.570000
1480.346000
1480.320000
1479.219000
1479.251999
1490.239000
1479.273000
1479.212999
1485.870000
1504.507001
1609.479000
1710.980000
1492.682000
1480.102000
1482.859001
1480.014000
1478.216000
1478.728000
1481.441000
1480.874999
1482.988000
1508.009000
1630.535000
1680.816000
1486.773000
1483.048000
1480.394000
1479.890000
1478.105000
1479.739000
1480.543001
1479.978000
1486.672999
1512.467000
1652.228001
1660.107000
1485.448000
1480.846000
1485.145000
1478.352000
1479.038000
1481.903000
1478.379000
1480.186000
1485.018000
1515.530000
1687.783000
1624.634000
1482.926000
1478.427000
1480.603000
1480.730999
1480.328999
1480.291000
1479.993001
1479.998000
1486.219000
1508.473000
1634.980001
1675.729999
1486.956000
1477.646000
1479.685999
1476.652999
1484.916000
1481.267000
