85.560001
67.500000
66.160000
70.320000
67.040000
66.079999
66.140001
65.959999
66.040000
65.880000
65.959999
65.979999
65.860000
66.060000
65.959999
65.680000
65.760001
65.960000
65.839999
66.060000
82.680000
73.800000
66.560000
65.979999
65.860000
65.760000
66.040000
65.880000
65.660000
65.880000
65.760001
65.780000
65.760000
65.780000
65.760001
65.780000
65.780000
65.880000
65.780001
65.880000
65.860000
65.860000
65.660000
65.880001
65.760000
65.680000
65.660000
65.680000
65.660000
65.680000
65.660000
65.680000
67.860000
66.360001
65.660000
66.080000
65.780001
65.680000
65.660000
65.780001
65.660000
65.680000
65.860000
65.760000
65.760000
65.780001
65.660000
65.880000
65.860000
65.680000
65.660000
65.880001
65.960000
65.760001
66.060000
65.680000
65.760001
65.760001
65.760000
65.780001
65.660000
65.780000
65.760001
65.780000
70.840000
68.059999
65.860000
65.780000
65.860000
70.739999
66.060000
65.880000
65.860000
65.880000
65.660000
65.880001
65.860000
65.959999
65.740000
66.060000
65.960000
65.880000
65.960000
65.880001
65.860000
66.000000
65.860000
65.780000
65.780000
65.680000
65.760000
65.680000
65.960000
66.060000
65.860000
65.680000
69.860000
66.160000
65.760000
65.880000
65.660000
65.980000
66.060000
65.880001
65.860000
65.880000
65.860000
65.780000
65.680000
65.880000
65.660000
65.680000
65.660000
65.680000
65.760000
65.780000
65.880000
65.979999
65.880000
65.800000
65.860000
65.780000
65.660000
65.980000
65.660000
65.959999
65.760000
75.660001
68.980000
66.080000
66.060000
65.780000
65.660001
65.680000
65.660000
65.780000
65.860000
65.780000
65.660000
65.680000
65.760000
65.680000
65.979999
65.700000
65.660000
65.680000
65.660000
65.960000
65.760001
65.780000
65.660000
65.880000
65.860000
65.780000
70.700000
66.260001
65.959999
66.000001
66.040000
74.500000
66.920000
66.339999
65.760000
66.080000
65.760000
65.979999
66.060000
65.780001
65.760000
65.800000
65.760001
65.880000
65.760000
66.080000
65.760000
65.880000
65.860000
65.880000
65.860000
65.880000
65.860000
65.680000
65.660000
65.780000
65.660000
65.780001
65.760001
65.780000
65.959999
66.079999
65.760000
73.640000
68.640000
65.979999
65.860000
65.680000
66.060000
65.780001
65.760001
65.880000
65.760001
65.780000
65.660000
65.680000
65.760001
65.680000
65.959999
65.880000
65.660000
65.780000
66.060000
65.880001
65.880000
65.780000
65.660000
65.880000
65.660001
65.780000
65.860000
65.780001
65.660000
65.680000
65.760000
72.960000
67.160000
65.680000
65.660001
65.860000
65.760000
65.780000
65.760000
65.680000
65.760000
65.880001
65.680000
65.780000
65.760000
65.680000
65.860000
71.240000
66.699999
65.980000
66.040000
66.060000
65.860000
65.780000
65.940000
65.980000
65.760000
65.880000
65.760000
65.780000
65.680000
65.860000
65.960000
75.019999
67.700000
66.080000
65.760000
65.780000
65.760000
66.079999
65.660000
65.880000
66.080000
65.880001
65.959999
65.980000
65.839999
65.960000
65.960000
65.979999
66.219999
65.680000
65.660000
65.680000
65.660000
65.680000
65.860000
65.979999
65.760000
65.880001
65.760000
65.880001
65.660000
65.680000
65.660000
74.960000
66.160000
65.780000
65.760001
65.680000
65.760000
66.080000
65.840000
65.680000
65.660000
65.780000
65.760001
65.780000
65.660000
65.780000
65.860000
65.780000
65.680000
65.680000
65.760000
65.880001
65.760000
65.680000
65.860000
65.780001
65.760001
65.780000
65.680000
65.680000
65.860000
65.680000
65.660001
73.840000
68.480000
66.000001
65.680000
65.680000
65.660000
71.320000
66.540000
65.959999
65.959999
65.780000
65.960000
65.880000
65.760001
65.780000
65.660000
65.680000
66.060000
65.680000
65.960000
66.880000
65.760000
65.880000
65.760000
66.280000
65.860000
65.880001
65.760000
65.880000
65.760000
65.680000
65.760001
67.340001
66.280000
65.780000
65.960000
65.760001
66.220000
65.880000
65.760000
65.760001
66.020000
65.780000
65.760000
65.760000
65.660000
65.780000
65.780000
66.240001
65.660001
65.880001
65.760001
65.760000
65.660000
65.780000
65.660000
65.780000
65.660000
65.780000
65.760000
65.680000
65.760001
65.880000
65.860000
69.680000
67.540000
65.960000
65.860000
65.959999
65.760001
65.880000
65.760001
65.780000
65.760001
65.760000
65.660000
65.780000
65.660000
65.680000
65.660000
65.680000
65.760001
65.680000
65.760000
65.680000
65.660000
65.680000
65.660000
65.880000
65.760000
65.680000
70.640000
66.740001
66.000000
65.980000
65.860000
67.400000
66.480000
66.000000
66.040000
65.980000
65.860000
65.979999
65.960000
65.880000
66.200000
65.760000
66.240000
65.980000
65.860000
66.180000
66.080000
65.860000
65.660000
65.860000
65.760000
65.979999
65.860000
65.680000
66.060000
65.960000
65.760000
65.680000
65.660000
65.780001
65.760000
65.780000
66.059999
68.600000
66.540000
65.880000
65.760000
65.980000
65.960000
65.780000
65.959999
65.780001
65.680000
65.780000
65.960000
65.760001
65.860000
65.780000
65.660000
65.680000
65.860000
65.780000
65.860000
65.880001
65.760000
65.939999
65.760000
65.680000
65.860000
65.680000
65.680000
65.780001
65.660000
65.680000
65.760001
66.700000
66.120001
65.980000
65.760000
65.880001
65.680000
65.680000
65.680000
65.680000
65.660000
65.680000
65.660000
65.780000
65.760000
65.680000
65.660000
68.640000
66.220000
65.960000
65.959999
66.200000
65.860000
65.880000
65.660000
65.780000
65.760000
65.880000
65.760000
65.880000
65.960000
65.880000
73.899999
69.780000
67.060000
65.880000
65.760001
65.780000
65.660000
65.780000
65.860000
65.860000
66.219999
65.959999
65.660001
66.000000
65.860000
66.079999
65.960000
65.880000
65.660000
65.780000
65.660001
65.780001
65.760000
65.760000
65.960000
65.980000
65.860000
65.760001
65.980000
65.860000
66.060000
65.680000
73.500000
66.260000
66.160000
65.680000
65.760001
65.780000
65.760001
65.780000
66.060000
65.680000
65.760001
65.680000
65.860000
65.780001
65.840000
65.760001
65.760001
65.680000
65.660000
65.660000
65.660000
65.680000
65.760000
65.680000
65.780000
65.680000
65.660000
65.680000
65.720000
65.680000
65.660000
65.780000
72.420000
67.020000
65.760000
65.680000
65.680000
65.680000
65.680000
69.820000
65.760000
65.880001
65.860000
66.080000
65.960000
65.880000
65.860000
66.060000
65.860000
65.880000
66.060000
65.880001
65.860000
65.960000
65.860000
65.760001
65.660000
65.680000
65.660000
66.040000
66.059999
66.020000
65.959999
65.780000
73.460000
66.340000
65.660000
66.080000
65.860000
65.960000
65.660000
65.780000
65.860000
65.760000
65.760000
65.780000
65.680000
65.880001
65.760001
65.680000
65.660000
66.100000
65.660000
66.580000
65.960000
65.680000
65.660000
65.680000
65.860000
65.780000
65.660000
65.780000
65.860000
65.780000
65.880001
65.959999
74.720000
67.280000
66.060000
65.680000
65.660000
65.780000
65.660000
65.880001
65.660000
65.680000
66.280000
65.780000
65.760000
65.680000
65.860000
65.680000
65.760001
65.680000
65.760001
65.680000
65.660000
65.860000
65.660000
65.680000
65.760000
65.780000
65.660000
65.680000
68.840000
66.240001
66.079999
66.060000
73.620000
66.480001
66.020000
65.780000
65.840000
66.440000
65.959999
65.780000
66.079999
65.780000
65.960000
66.080000
65.960000
65.880001
66.060000
66.160000
65.660000
65.980000
65.760001
65.780001
65.660000
65.680000
65.780001
65.880001
65.760000
65.780000
65.860000
65.880000
65.959999
65.980000
65.760000
65.760000
74.240000
67.559999
65.880000
65.880000
65.660000
65.780001
65.760000
65.860000
65.660000
65.780000
65.660000
65.780000
65.660000
65.680000
65.680000
65.680000
65.660000
65.680000
65.680000
65.979999
65.959999
66.180000
65.860000
65.680000
65.660000
65.780000
65.660000
65.680000
65.760001
65.680000
65.760000
65.780000
73.260000
66.480001
65.860000
65.780001
65.660000
65.880000
65.760000
65.860000
65.760001
65.780000
65.660000
65.880001
65.660000
65.660001
65.660000
65.680000
65.660000
68.920000
67.160000
65.780000
65.959999
65.960000
65.860000
65.780000
66.060000
65.979999
65.680000
65.780000
65.860000
65.880000
66.520000
65.780000
68.760000
66.460000
65.860000
65.680000
65.760001
65.680000
65.680000
66.200000
65.660001
65.780000
65.860000
65.979999
65.940000
65.780000
65.760000
65.780000
65.760000
65.780001
65.860000
65.780000
65.960000
65.680000
65.760000
65.780000
65.760000
65.680000
65.980000
65.680000
65.660000
65.680000
65.760001
65.680000
66.640000
65.979999
65.760000
65.780001
65.660000
65.780000
65.660000
65.780000
65.760001
65.680000
65.660000
65.680000
65.760000
65.780001
65.680000
65.680000
65.860000
65.780000
65.660000
65.880000
65.660000
65.680000
65.660000
65.780000
65.760001
65.680000
65.760001
65.680000
65.660000
65.780000
65.760000
65.680000
68.300000
65.979999
65.660000
65.880001
65.860000
65.660000
65.640000
70.640000
66.540000
65.979999
66.060000
66.280000
65.680000
65.960000
65.760000
65.780000
65.860000
65.980000
65.760000
65.880001
65.959999
65.680000
65.760000
65.780001
65.860000
65.680000
66.100000
65.880001
65.960000
65.780000
65.760000
65.680000
66.840000
65.680000
65.760001
65.860000
65.660000
65.680000
65.660000
66.060000
65.660001
65.680000
65.760001
65.780000
65.760001
65.979999
65.660000
65.880001
65.680000
65.980000
65.760001
65.680000
65.660000
65.680000
65.760000
65.980000
65.860000
65.880000
65.680000
65.780000
65.680000
65.979999
65.760000
65.680000
69.060001
66.160000
65.660000
65.780000
65.760000
65.680000
65.660000
65.680000
65.760001
65.760000
65.660000
65.680000
65.660000
65.780000
65.660000
65.680000
65.860000
65.680000
65.760000
65.880000
65.959999
65.680000
65.660000
65.680000
65.760001
65.680000
65.680000
65.680000
69.700000
65.880000
65.860000
66.079999
68.000000
65.979999
65.760000
66.080000
65.760000
65.660000
65.660000
65.680000
65.660001
66.120001
65.860000
65.880001
65.660000
65.800000
65.760001
66.060000
65.760000
65.780000
65.960000
65.960000
65.760001
65.780000
65.960000
65.780001
65.760001
65.979999
65.760000
65.980000
65.760000
65.960000
65.960000
73.140000
69.180001
66.260000
65.860000
65.680000
65.760001
65.780000
65.860000
65.979999
65.660000
65.880000
65.760000
65.680000
65.760001
65.780000
65.860000
65.760000
65.860000
65.680000
65.760001
65.680000
65.660000
65.780001
