30.311000
29.952000
29.879000
29.879000
29.880000
29.879000
29.881000
29.881000
29.881001
29.881000
29.881001
29.881000
29.878000
29.880000
29.879000
29.879000
29.881001
29.879000
29.881000
29.881001
29.878000
29.881001
29.881000
29.879999
29.879000
29.879999
29.879000
29.880000
29.881001
29.878000
29.879000
29.881001
29.880000
29.879000
29.880000
29.881000
29.881001
29.881000
29.879000
29.879000
29.881000
29.881001
29.939000
29.879000
29.887999
29.879999
29.889001
29.879000
29.879000
29.881001
29.878000
29.879000
29.882000
29.879999
29.881001
29.901000
29.891000
29.881001
29.918000
29.879000
29.878000
29.881000
29.880000
29.881000
29.943000
29.879000
29.947001
29.953000
29.935000
29.881000
29.881001
29.882000
29.882000
29.912001
29.916000
29.913000
29.879000
29.879000
29.881001
29.902000
29.881000
29.902999
29.881001
29.882000
29.882001
29.935000
29.976000
29.879000
29.882999
29.878000
29.879000
29.880000
29.880000
29.878000
29.879000
29.880000
29.878000
29.887999
29.897001
29.879999
29.879000
29.935000
29.878001
29.879999
29.924000
29.940000
29.968000
29.881000
29.881001
29.881000
29.881001
29.894000
29.983000
29.881000
29.881001
29.879000
29.883000
29.891000
29.878000
29.927000
29.879000
29.880000
29.879000
29.880000
29.941000
29.879000
29.900000
29.879000
29.881000
29.920000
29.881001
29.879000
29.887999
29.879000
29.895999
29.896000
29.879000
38.452000
30.078000
29.897000
29.878000
29.878000
29.878000
29.878001
29.878000
29.879000
29.941000
29.879000
29.904000
29.879000
29.878000
29.878000
29.895000
30.013000
29.878001
29.879000
29.878000
30.012000
29.878000
29.891000
29.911000
29.878000
29.878000
29.905000
29.878001
29.878000
29.878000
29.878000
29.878000
29.878000
29.941999
29.878001
29.878000
29.901000
29.878000
29.879000
29.897000
29.878000
29.878000
29.878001
29.878000
29.930000
29.878000
29.878001
29.878000
29.879000
29.878000
29.878000
29.878000
29.878001
29.920000
29.878000
29.878000
29.899000
29.878000
29.878001
29.905000
29.922000
29.878000
29.878001
29.878000
29.878000
29.924000
29.878000
29.878001
29.878000
29.917000
29.878001
29.878000
29.896000
29.901000
29.878001
29.878000
29.954000
29.878000
29.878000
29.960000
29.878000
29.878000
29.878000
29.878000
29.974001
29.910000
29.878000
29.878001
29.879000
29.878000
29.878000
29.881000
29.880000
29.878000
29.879000
29.925000
29.879000
29.878000
29.913000
29.902000
29.879000
29.878000
29.878000
29.878000
29.879000
29.920000
29.878000
29.878000
29.896000
29.904000
29.920000
29.878000
29.878000
29.989000
29.899999
29.920001
29.873000
29.878000
29.882000
29.878001
29.878000
29.972000
29.879000
29.878000
29.878000
29.887000
29.883000
29.897000
29.879000
29.878000
29.878000
29.878001
29.879000
29.878000
29.934000
29.880000
29.878000
29.878001
29.878000
29.954000
29.904000
29.878000
29.930000
29.957999
29.879000
29.878000
29.922000
29.878000
29.879000
29.878000
29.878000
29.880000
29.879000
29.878001
29.878000
29.878000
29.879000
29.878000
29.878000
29.878000
29.894999
29.878000
29.879000
29.879000
29.878000
29.878000
29.878000
29.878001
29.948000
29.878000
29.878001
29.878000
29.878000
29.878001
29.878000
29.885001
29.878000
29.878000
29.929999
29.878001
29.879000
29.878000
29.878001
29.878000
29.878000
29.878001
29.878000
29.935000
29.881000
29.974001
29.878000
29.924001
30.019999
29.878000
29.878000
29.878001
29.879000
29.878000
29.946000
29.878000
29.878001
29.878000
29.878000
29.878001
29.878000
29.878000
29.878000
29.878000
29.879000
29.878001
29.878000
29.878000
29.879000
29.878000
29.878000
29.878001
29.879000
29.878000
29.878000
29.878000
29.879000
29.878000
29.878000
29.878000
29.879000
29.878001
29.878000
29.878000
29.879000
29.878000
29.878000
29.878001
29.879000
29.878000
29.878000
29.878000
29.879000
29.878000
29.878001
29.878000
29.879000
29.878000
29.878000
29.878000
29.879000
29.878001
29.878000
29.878000
29.879000
29.878000
29.878000
29.878001
29.879000
29.878000
29.878001
29.878000
29.879000
29.878000
29.878000
29.878000
29.879000
29.878001
29.941000
29.878000
29.879000
29.878001
29.878000
29.878000
29.879000
29.878000
29.878000
29.878001
29.879000
29.878000
29.878000
29.878000
29.879000
29.878000
29.878001
29.878000
29.879000
29.878000
29.878000
29.878000
29.878001
29.878000
29.878000
29.878001
29.878000
29.878000
29.878000
29.878000
29.878001
29.878000
29.878000
29.878001
29.879000
29.878000
29.878000
29.878000
29.879000
29.878000
29.878001
29.878000
29.879000
29.878001
29.878000
29.878000
29.879000
29.878000
29.878000
29.878001
29.879000
29.878000
29.878000
29.878000
29.879000
29.878000
29.878001
29.878000
29.879000
29.878000
29.878000
29.878000
29.879000
29.878001
29.878000
29.878000
29.879000
29.878000
29.878000
29.878001
29.879000
29.878000
37.286000
29.877000
29.879000
29.878001
29.878000
29.879000
29.880000
29.879000
29.878000
29.878999
29.879000
29.878000
29.881001
29.879999
29.879000
29.878000
29.878000
29.879000
29.878000
29.878000
29.878001
29.879000
29.878000
29.880000
29.879000
29.880000
29.879000
29.878000
29.881001
29.880000
29.879000
29.878000
29.880000
29.879000
29.878001
29.878000
29.879000
29.880000
29.879000
29.878000
29.878000
29.879000
29.879000
29.878000
29.878000
29.878000
29.878000
29.878000
29.878000
29.879000
29.878001
29.879000
29.878000
29.879000
29.878001
29.878000
29.878000
29.878000
29.879000
29.881000
29.878000
29.879000
29.879000
29.878000
29.879999
29.878001
29.878000
29.878000
29.878000
29.879000
29.878000
29.880000
29.878000
29.879000
29.878000
29.879000
29.880000
29.879000
29.880000
29.879000
29.880000
29.879000
29.878000
29.878000
29.878000
29.879000
29.878001
29.878000
29.878000
29.879000
29.878000
29.878000
29.878001
29.879000
29.878000
29.878000
29.878000
29.879000
29.879000
29.878000
29.878999
29.878000
29.878000
29.878001
29.879000
29.880000
29.879000
29.880000
29.879000
29.879000
29.878000
29.878000
29.878000
29.878000
29.878001
29.878000
29.879000
29.880000
29.879000
29.878000
29.879999
29.879000
29.878000
29.878000
29.879000
29.880000
29.879000
29.880000
29.879000
29.879000
29.878001
29.879000
29.880000
29.879000
29.880000
29.879000
29.879000
29.879000
29.879000
29.880000
29.878000
29.878001
29.878000
29.878000
29.878999
29.879999
29.879000
29.878000
29.878000
29.879000
29.879000
29.878000
29.878000
29.879000
29.879000
29.878000
29.879000
29.880000
29.879000
29.879000
29.878000
29.879000
29.878000
29.878000
29.878001
29.878000
29.878000
29.878001
29.878000
29.879000
29.879000
29.878001
29.878000
29.879000
29.880000
29.879000
29.880000
29.879000
29.878000
29.878000
29.878000
29.879000
29.880000
29.879000
29.880000
29.879000
29.878001
29.881000
29.880000
29.879000
29.878001
29.878000
29.878000
29.879000
29.878000
29.878000
29.878000
29.879000
29.878000
29.878000
29.878001
29.879000
29.878000
29.878001
29.878000
29.879000
29.878000
29.878000
29.878000
29.879000
29.878001
29.878000
29.878000
29.878999
29.878000
29.878000
29.878001
29.879000
29.878000
29.881001
29.878000
29.881001
29.878000
29.878000
29.878000
29.879000
29.879000
29.878000
29.879000
29.879000
29.878000
29.879000
29.878000
29.881000
29.878000
29.881000
29.878000
29.878999
29.879000
29.878000
29.878000
29.879000
29.878000
29.880000
29.879000
29.880000
29.879000
29.880000
29.879000
29.880000
29.879000
29.878000
29.881001
29.878000
29.880000
29.878000
29.880000
29.879000
29.878001
29.878000
29.878000
29.879000
29.878000
29.878000
29.878001
29.879000
29.879000
29.878000
29.879000
29.879000
29.878000
29.879000
29.880000
29.879000
29.878000
29.878001
29.878000
29.879000
29.878000
29.879999
29.878001
29.878000
29.880000
29.879000
29.878000
29.879000
29.878000
29.878000
29.878001
29.879000
29.879000
29.881000
29.879999
29.879000
29.880000
29.879000
29.880000
29.879000
29.879000
29.878000
29.879000
29.878000
29.880000
29.878000
29.878000
29.879000
29.879000
29.878000
29.878000
29.879000
29.879000
29.878000
29.878000
29.879000
29.878000
29.878001
29.878000
29.879000
29.878000
29.878000
29.878000
29.879000
29.879000
29.878000
29.879000
29.878000
29.878001
29.878000
29.879000
29.880000
29.879000
29.879000
29.878001
29.879000
49.171000
29.902000
29.878000
29.879000
29.878000
29.878000
29.879000
29.879000
29.877000
29.877000
29.877000
29.875999
29.878001
29.878000
29.878000
29.877000
29.876000
29.879000
29.877000
29.877000
29.877000
29.877000
29.877000
29.878001
29.878000
29.880000
29.877000
29.877000
29.877000
29.877000
29.880000
29.879000
29.877000
29.877000
29.875999
29.875999
29.878001
29.878000
29.876000
29.876000
29.879000
29.877000
29.877000
29.877000
29.879000
29.878000
29.879000
29.879000
29.877000
29.880000
29.876000
29.876000
29.879000
29.879000
29.878000
29.878999
29.875999
29.877000
29.877000
29.878000
29.876000
29.878000
29.877000
29.877000
29.877000
29.877000
29.877000
29.877000
29.878000
29.879000
29.878000
29.878000
29.876000
29.878001
29.877000
29.877000
29.878000
29.879000
29.878001
29.878000
29.877000
29.879000
29.876000
29.879000
29.879000
29.877000
29.879999
29.875999
29.877000
29.877000
29.875999
29.878999
29.877000
29.877000
29.877000
29.878999
29.877000
29.877000
29.876000
29.878000
29.876000
29.879000
29.879000
29.877000
29.879000
29.878000
29.879000
29.879000
29.878000
29.879000
29.879000
29.876000
29.878000
29.877000
29.876000
29.878000
29.878001
29.879000
29.881000
29.876000
29.879000
29.877000
29.879000
29.877000
29.878000
29.879000
29.878001
29.878000
29.877000
29.878000
29.879000
29.879000
29.878000
29.879000
29.875999
29.875999
29.878999
29.878000
29.878000
29.877000
29.877000
29.877000
29.876000
29.879000
29.879000
29.876000
29.876000
29.879000
29.877000
29.877000
29.875999
29.876000
29.879000
29.877000
29.876000
29.876000
29.879000
29.877000
29.878999
29.878000
29.878000
29.877000
29.877000
29.875999
29.878999
29.877000
29.877000
29.876000
29.876000
29.879000
29.877000
29.877000
29.877000
29.879000
29.878000
29.879000
29.879000
29.880000
29.877000
29.879000
29.877000
29.878000
29.879000
29.879000
29.878000
29.879000
29.877000
29.879000
29.877000
29.877000
29.877000
29.877000
29.878000
29.879000
29.879000
