3.080003
2.620000
2.499998
2.499998
2.499998
2.480000
3.139999
2.960000
2.499998
2.500001
2.499998
2.519999
2.499998
2.500001
2.579998
2.519999
2.500001
2.599999
2.480000
2.500001
2.499998
2.500001
2.480000
2.599999
2.500001
2.579998
2.519999
2.500001
2.500001
2.779998
2.500001
2.480000
2.499998
2.500001
2.500001
2.519999
2.500001
2.519999
2.500001
2.500001
2.499998
2.500001
2.479997
2.500001
2.499998
2.500001
2.519999
2.500001
2.500001
2.500001
2.519999
2.500001
2.480000
2.540000
2.520002
2.500001
2.500001
2.500001
2.480000
2.519999
2.480000
2.480000
2.500001
2.520002
2.499998
2.500001
2.499998
2.479997
2.500001
2.499998
2.480000
3.320001
2.600003
2.480000
2.680000
2.499998
2.680000
2.480000
2.519999
2.680000
2.580002
2.499998
2.520002
2.480000
2.500001
2.680000
2.500001
2.599999
2.520002
2.519999
2.499998
2.620000
2.680000
2.500001
2.519999
2.519999
2.519999
2.840001
2.580002
2.480000
2.500001
2.599999
2.500001
2.480000
2.519999
2.499998
2.480000
2.500001
2.480000
2.579998
2.499998
2.499998
2.580002
2.500001
2.599999
2.500001
2.520002
2.500001
2.499998
2.540000
2.499998
2.500001
2.520002
2.519999
2.500001
2.500001
2.480000
2.500001
2.520002
2.519999
2.520002
2.500001
2.519999
2.580002
2.480000
2.820000
2.499998
2.500001
2.519999
2.480000
2.500001
2.599999
2.579998
2.560001
2.500001
2.499998
2.520002
2.719998
2.499998
2.880000
2.500001
2.680000
2.760001
2.700001
2.760001
2.519999
2.540000
2.499998
2.499998
2.500001
2.500001
2.519999
2.519999
2.499998
2.580002
2.500001
2.480000
2.499998
2.520002
2.520002
2.500001
2.519999
2.499998
2.480000
2.540000
2.500001
2.519999
2.579998
2.500001
2.500001
2.520002
2.599999
2.500001
2.500001
2.520002
2.519999
2.519999
2.499998
2.500001
2.500001
2.480000
2.480000
2.499998
2.500001
2.500001
2.520002
2.500001
2.480000
2.499998
3.300000
2.499998
2.519999
2.500001
2.579998
2.599999
2.480000
2.500001
2.499998
2.520002
2.600003
2.580002
2.520002
3.720000
2.780002
2.500001
2.579998
2.520002
2.520002
2.500001
2.580002
2.500001
2.500001
2.499998
2.499998
2.519999
2.599999
2.520002
2.500001
2.499998
2.500001
2.499998
2.500001
2.480000
2.579998
2.599999
2.499998
2.499998
2.579998
2.499998
2.500001
2.500001
2.499998
2.500001
2.499998
2.500001
2.480000
2.499998
2.519999
2.580002
2.499998
2.500001
2.500001
2.480000
2.499998
2.519999
2.499998
2.499998
2.519999
2.519999
2.480000
2.580002
2.580002
2.519999
2.760001
2.579998
2.480000
2.520002
2.599999
2.499998
2.500001
2.500001
2.480000
2.520002
2.519999
2.519999
2.499998
2.599999
2.560001
2.480000
2.500001
2.500001
2.519999
2.579998
2.839997
2.480000
2.479997
2.500001
2.519999
2.500001
2.500001
2.519999
2.499998
2.479997
2.500001
2.500001
2.580002
2.499998
2.480000
2.519999
2.480000
2.519999
2.519999
2.779998
2.500001
2.540000
2.519999
2.519999
2.480000
2.519999
2.520002
2.480000
2.499998
2.480000
2.500001
2.499998
2.520002
2.499998
2.520002
2.500001
2.480000
2.500001
2.499998
2.480000
2.520002
2.519999
2.500001
2.520002
2.620000
2.579998
2.500001
2.500001
2.599999
2.520002
2.520002
2.700001
2.599999
2.499998
2.499998
2.500001
2.519999
2.599999
2.599999
2.499998
2.579998
2.480000
2.599999
2.520002
2.639998
2.500001
2.519999
2.639998
2.519999
2.500001
2.519999
2.520002
2.519999
2.480000
2.499998
2.600003
2.499998
2.599999
2.500001
2.480000
2.620000
2.579998
2.480000
2.480000
2.519999
2.500001
2.499998
2.599999
2.500001
2.500001
2.580002
2.480000
2.499998
2.580002
2.499998
2.519999
2.500001
2.499998
2.500001
2.520002
2.500001
2.500001
2.519999
2.480000
2.580002
2.480000
2.520002
2.500001
2.760001
2.540000
2.520002
2.520002
2.519999
2.559997
2.540000
2.480000
2.580002
2.480000
2.520002
2.499998
2.499998
2.480000
2.480000
2.579998
2.519999
2.599999
2.499998
2.519999
2.500001
2.500001
2.480000
2.500001
2.500001
2.500001
2.519999
2.500001
2.599999
2.499998
2.519999
2.480000
2.500001
2.500001
2.499998
2.500001
2.520002
2.599999
2.500001
2.500001
2.500001
2.600003
2.499998
2.499998
2.500001
2.500001
2.520002
2.519999
2.500001
2.499998
2.519999
2.500001
2.499998
2.520002
2.499998
2.500001
2.500001
2.499998
2.480000
2.519999
2.499998
2.519999
2.500001
2.480000
2.979998
2.579998
2.500001
2.480000
2.700001
2.600003
2.580002
2.579998
2.600003
2.500001
2.499998
2.720002
2.480000
2.500001
2.500001
2.499998
2.600003
2.660003
2.480000
2.500001
2.519999
2.480000
2.499998
2.499998
2.480000
2.500001
2.499998
2.480000
2.580002
2.540000
2.500001
2.500001
2.500001
2.599999
2.500001
2.579998
2.500001
2.479997
2.579998
2.599999
2.499998
2.580002
2.500001
2.499998
2.499998
2.580002
2.480000
2.480000
2.500001
2.579998
2.500001
2.500001
2.500001
2.499998
2.480000
2.499998
2.499998
2.500001
2.500001
2.519999
2.499998
2.500001
2.540000
2.479997
2.780002
2.599999
2.579998
2.480000
2.499998
2.499998
2.500001
2.480000
2.480000
2.500001
2.500001
2.519999
2.519999
2.520002
2.480000
2.500001
2.520002
2.480000
2.479997
2.540000
2.499998
2.560001
2.500001
2.480000
2.500001
2.500001
2.480000
2.520002
2.499998
2.519999
2.519999
2.500001
2.500001
2.500001
2.520002
2.500001
2.500001
2.480000
2.519999
2.500001
2.499998
2.499998
2.499998
2.480000
2.480000
2.480000
2.500001
2.599999
2.519999
2.519999
2.579998
2.500001
2.500001
2.520002
2.500001
2.519999
2.519999
2.599999
2.499998
2.519999
2.499998
2.499998
2.519999
2.480000
3.219999
2.580002
2.519999
2.659999
2.519999
2.580002
2.519999
2.519999
2.500001
2.599999
2.599999
2.499998
2.500001
2.599999
2.599999
2.499998
2.540000
2.480000
2.500001
2.480000
2.499998
2.579998
2.519999
2.519999
2.499998
2.480000
2.500001
2.500001
2.480000
2.499998
2.500001
2.499998
2.499998
2.500001
2.519999
2.480000
2.519999
2.499998
2.580002
2.599999
2.579998
2.600003
2.580002
2.519999
2.519999
2.520002
2.519999
2.659999
2.499998
2.500001
2.580002
2.540000
2.500001
2.480000
2.519999
2.519999
2.499998
2.500001
2.480000
2.519999
2.499998
2.519999
2.540000
2.499998
2.719998
2.499998
2.500001
2.519999
2.500001
2.499998
2.520002
2.480000
2.499998
2.499998
2.499998
2.500001
2.520002
2.480000
2.480000
2.500001
2.500001
2.500001
2.500001
2.480000
2.500001
2.519999
2.499998
2.499998
2.500001
2.499998
2.500001
2.500001
2.519999
2.500001
2.480000
2.480000
2.500001
2.500001
2.560001
2.540000
2.499998
2.500001
2.499998
2.500001
2.499998
2.480000
2.480000
2.520002
2.500001
2.500001
2.500001
2.500001
2.519999
2.620000
2.500001
2.480000
2.599999
2.500001
2.540004
2.499998
2.500001
2.500001
2.499998
2.480000
2.499998
2.500001
2.499998
2.499998
2.859998
2.580002
2.579998
2.500001
2.579998
2.479997
2.480000
2.480000
2.519999
2.519999
2.499998
2.500001
2.500001
2.860002
2.499998
2.580002
2.599999
2.519999
2.560001
2.519999
2.499998
2.479997
2.579998
2.520002
2.500001
2.580002
2.519999
2.520002
2.519999
2.500001
2.499998
2.680000
2.499998
2.500001
2.500001
2.499998
2.540000
2.480000
2.519999
2.499998
2.500001
2.620000
2.500001
2.580002
2.500001
2.480000
2.560001
2.500001
2.500001
2.499998
2.580002
2.500001
2.500001
2.499998
2.500001
2.480000
2.519999
2.500001
2.500001
2.500001
2.579998
2.500001
2.480000
2.519999
2.939999
2.580002
2.480000
2.519999
2.500001
2.519999
2.620000
2.520002
2.499998
2.599999
2.500001
2.580002
2.500001
2.560001
2.500001
2.500001
2.500001
2.520002
2.499998
2.680000
2.519999
2.519999
2.499998
2.499998
2.920002
2.499998
2.479997
2.500001
2.500001
2.579998
2.500001
2.499998
2.500001
2.520002
2.540000
2.519999
2.520002
2.480000
2.579998
2.500001
2.499998
2.500001
2.520002
2.500001
2.500001
2.480000
2.500001
2.500001
2.519999
2.540000
2.500001
2.500001
2.500001
2.499998
2.520002
2.519999
2.499998
2.499998
2.519999
2.499998
2.499998
2.479997
2.500001
2.519999
2.739999
2.580002
2.580002
2.599999
2.599999
2.559997
2.519999
2.500001
2.599999
2.500001
2.600003
2.599999
2.499998
2.500001
2.599999
2.499998
2.499998
2.500001
2.499998
2.580002
2.780002
2.580002
2.499998
2.500001
2.600003
2.599999
2.599999
2.480000
2.580002
2.680000
2.499998
2.500001
2.620000
2.500001
2.520002
2.540000
2.480000
2.480000
2.519999
2.580002
2.600003
2.480000
2.499998
2.459999
2.519999
2.500001
2.500001
2.480000
2.520002
2.519999
2.499998
2.500001
2.519999
2.599999
2.500001
2.480000
2.500001
2.599999
2.599999
2.480000
2.499998
2.519999
2.519999
2.500001
2.680000
2.599999
2.499998
2.500001
2.579998
2.500001
2.499998
2.480000
2.520002
2.519999
2.480000
2.500001
2.520002
2.500001
2.499998
2.499998
2.500001
2.499998
2.499998
2.520002
2.519999
2.500001
2.500001
2.500001
2.500001
2.500001
2.499998
2.519999
2.500001
2.499998
2.519999
2.500001
2.500001
2.500001
2.519999
2.580002
2.500001
2.580002
2.500001
2.500001
2.500001
2.500001
2.500001
2.499998
2.500001
2.680000
2.500001
2.500001
2.579998
2.519999
2.500001
2.480000
2.480000
2.519999
2.480000
2.599999
2.520002
2.499998
2.500001
2.479997
2.500001
2.519999
2.499998
2.500001
2.900001
2.599999
2.519999
2.499998
2.480000
2.599999
2.579998
2.599999
2.520002
2.499998
2.500001
2.519999
2.600003
2.519999
2.519999
2.500001
2.519999
2.519999
2.500001
2.520002
2.540000
2.579998
2.500001
2.480000
2.519999
2.579998
2.540000
2.499998
2.599999
2.500001
2.540000
2.500001
2.500001
