0.113999
0.088001
0.086999
0.081999
0.088001
0.081001
0.088001
0.081999
0.088001
0.083001
0.088001
0.080999
0.087999
0.081999
0.088001
0.081001
0.087999
0.082001
0.088001
0.081001
0.088001
0.081999
0.088001
0.081001
0.088001
0.080999
0.088001
0.080999
0.088001
0.081001
0.088001
0.081001
0.088001
0.082001
0.087999
0.080999
0.087999
0.082001
0.087999
0.081001
0.088001
0.079999
0.089999
0.078000
0.087000
0.081001
0.087000
0.079999
0.086999
0.082001
0.087000
0.081999
0.087999
0.082001
0.087000
0.080001
0.086999
0.081999
0.087000
0.080001
0.087000
0.081001
0.087000
0.080001
0.087000
0.079000
0.087000
0.079999
0.087000
0.081001
0.087000
0.080001
0.087000
0.080999
0.087000
0.081001
0.087000
0.080999
0.087000
0.081001
0.086999
0.082001
0.087000
0.081001
0.089001
0.081001
0.089001
0.080999
0.088001
0.080001
0.089001
0.080999
0.088001
0.081001
0.088999
0.080999
0.087000
0.081001
0.088001
0.081001
0.087000
0.080999
0.088001
0.082001
0.087000
0.081001
0.089001
0.081001
0.087000
0.081001
0.088999
0.080999
0.088001
0.081999
0.089001
0.081001
0.087000
0.081001
0.089001
0.080001
0.087000
0.081999
0.088001
0.080001
0.087000
0.082001
0.088001
0.081001
0.087000
0.081001
0.087000
0.078000
0.087000
0.081001
0.088001
0.080999
0.087000
0.081001
0.088001
0.079999
0.087000
0.080999
0.086999
0.081001
0.087000
0.081001
0.088001
0.080001
0.087000
0.080999
0.087000
0.081001
0.086999
0.081999
0.086999
0.079999
0.087000
0.082001
0.086999
0.079999
0.087000
0.079000
0.087000
0.080999
0.087000
0.081001
0.086999
0.080999
0.087000
0.080999
0.090001
0.080001
0.087000
0.080001
0.087000
0.081001
0.086999
0.080999
0.087000
0.080999
0.086999
0.080001
0.086999
0.079999
0.087000
0.080999
0.087000
0.081001
0.086999
0.080001
0.087000
0.081001
0.087000
0.081001
0.087000
0.081001
0.087000
0.080001
0.089001
0.078000
0.088001
0.079999
0.087999
0.080001
0.088001
0.080999
0.087000
0.080999
0.087000
0.079999
0.086999
0.080001
0.089001
0.078000
0.087000
0.081001
0.087999
0.080001
0.087999
0.080999
0.087999
0.081001
0.088001
0.080999
0.089001
0.080001
0.088001
0.080999
0.087999
0.080001
0.087000
0.335000
0.087000
0.082001
0.088001
0.080999
0.087000
0.079000
0.087999
0.082001
0.087000
0.082001
0.087999
0.081999
0.087999
0.081999
0.087999
0.082001
0.087000
0.082001
0.089001
0.078999
0.087000
0.080999
0.087999
0.081999
0.088001
0.081999
0.088999
0.082001
0.087000
0.083001
0.088001
0.080999
0.089001
0.081999
0.088999
0.082001
0.088001
0.081999
0.087999
0.081999
0.089001
0.079000
0.087999
0.081001
0.087999
0.082001
0.087999
0.081999
0.087999
0.081999
0.089001
0.081999
0.088001
0.082001
0.088001
0.080999
0.087999
0.081999
0.088999
0.081999
0.088001
0.082001
0.088001
0.081999
0.089001
0.081999
0.089999
0.078000
0.088001
0.081001
0.089001
0.080999
0.087000
0.081001
0.089001
0.080001
0.087000
0.081999
0.087999
0.081001
0.086999
0.081999
0.089001
0.080001
0.087000
0.081001
0.089001
0.081001
0.087000
0.082001
0.087999
0.080001
0.088001
0.081001
0.090001
0.080999
0.087000
0.080001
0.088999
0.080001
0.086999
0.079999
0.088001
0.081001
0.087000
0.078000
0.088999
0.080999
0.088999
0.080999
0.088001
0.080999
0.089001
0.081999
0.087000
0.081001
0.088001
0.083001
0.087999
0.080999
0.088999
0.082999
0.088001
0.077002
0.088001
0.080999
0.087000
0.080001
0.088001
0.082001
0.087000
0.080001
0.087999
0.081999
0.087000
0.080001
0.089001
0.081001
0.088001
0.080001
0.088001
0.081999
0.087000
0.080001
0.089001
0.081999
0.087000
0.081001
0.088001
0.081001
0.087000
0.081001
0.088999
0.081999
0.089001
0.080999
0.087999
0.079000
0.088999
0.081001
0.088001
0.080001
0.089001
0.081001
0.088999
0.081001
0.088999
0.081001
0.088001
0.081001
0.087999
0.080001
0.088999
0.081001
0.088001
0.080001
0.089001
0.081001
0.087999
0.079999
0.088999
0.081999
0.088999
0.079999
0.088999
0.080999
0.120001
0.080001
0.089999
0.081999
0.087000
0.080001
0.087999
0.079000
0.088999
0.081001
0.089001
0.080999
0.087000
0.079999
0.089001
0.081001
0.087000
0.080999
0.088999
0.082999
0.088001
0.080001
0.088999
0.081001
0.087000
0.080001
0.089001
0.078000
0.086999
0.078000
0.088001
0.079000
0.086999
0.080001
0.088001
0.081001
0.087000
0.080999
0.087999
0.082001
0.087000
0.079999
0.089001
0.081001
0.087999
0.079999
0.089001
0.081001
0.088001
0.081001
0.089999
0.078999
0.088001
0.080001
0.087999
0.079000
0.088001
0.081001
0.087999
0.081999
0.087999
0.081001
0.088001
0.081999
0.087999
0.080001
0.087000
0.081999
0.088001
0.080999
0.088001
0.080999
0.088001
0.080999
0.088001
0.081001
0.088001
0.079999
0.088001
0.080999
0.088001
0.080999
0.087000
0.081999
0.086999
0.080999
0.087000
0.081001
0.087999
0.078000
0.087999
0.081001
0.088001
0.079999
0.088001
0.079000
0.088999
0.080001
0.086999
0.079000
0.087999
0.078000
0.087000
0.081001
0.088999
0.078000
0.088001
0.080999
0.088999
0.080001
0.087000
0.081999
0.089001
0.080001
0.087000
0.080999
0.089001
0.081001
0.087999
0.080999
0.088001
0.078000
0.088001
0.082001
0.088999
0.080001
0.087000
0.081001
0.089001
0.080999
0.086999
0.082001
0.088999
0.081001
0.086999
0.080999
0.089001
0.078000
0.087000
0.081001
0.088001
0.080001
0.087000
0.080001
0.088001
0.080001
0.087000
0.080001
0.088999
0.079999
0.087000
0.079000
0.089001
0.078000
0.088001
0.077000
0.088999
0.080001
0.087000
0.077998
0.088999
0.080001
0.087000
0.080999
0.089001
0.079999
0.087000
0.080001
0.088999
0.079999
0.087999
0.079999
0.089001
0.080999
0.087000
0.080999
0.088999
0.079999
0.089999
0.078000
0.087999
0.078000
0.088001
0.081001
0.087000
0.078000
0.087999
0.081001
0.087000
0.080999
0.087000
0.079999
0.087000
0.078000
0.087000
0.078000
0.088001
0.081001
0.087000
0.080001
0.088001
0.078000
0.088001
0.080001
0.086999
0.079999
0.087000
0.080999
0.087000
0.080001
0.087000
0.084000
0.086999
0.079999
0.087000
0.081001
0.087000
0.080001
0.087000
0.080999
0.087000
0.081001
0.089001
0.080001
0.086999
0.081001
0.088999
0.080999
0.087000
0.081001
0.088999
0.081001
0.087000
0.079999
0.087999
0.081001
0.087000
0.080999
0.089001
0.081001
0.088001
0.081001
0.089001
0.079999
0.087000
0.080001
0.089001
0.080001
0.087000
0.081001
0.088999
0.080999
0.088001
0.079999
0.088001
0.080999
0.087000
0.080001
0.088999
0.080001
0.087000
0.079999
0.088999
0.080001
0.089001
0.080999
0.088999
0.081001
0.088001
0.079000
0.087999
0.080999
0.087999
0.081001
0.088001
0.081001
0.088001
0.081001
0.088999
0.081001
0.087999
0.080999
0.088999
0.081001
0.087000
0.081001
0.088001
0.081001
0.086999
0.080999
0.088001
0.081001
0.088001
0.079000
0.089001
0.080001
0.088001
0.081001
0.087999
0.081001
0.087999
0.080999
0.088999
0.080999
0.088001
0.081999
0.086000
0.080001
0.086999
0.081001
0.088001
0.081001
0.087000
0.082001
0.088001
0.081001
0.087999
0.079000
0.089001
0.078999
0.088001
0.081999
0.088999
0.081001
0.088001
0.080001
0.088001
0.081001
0.087000
0.081999
0.088999
0.080999
0.087000
0.078000
0.088999
0.080001
0.087000
0.081999
0.088999
0.079999
0.087000
0.081999
0.087999
0.081001
0.087000
0.078000
0.087999
0.079999
0.087000
0.082001
0.087000
0.078000
0.086999
0.081999
0.087000
0.078999
0.087999
0.081001
0.088001
0.079999
0.086999
0.082999
0.087000
0.081001
0.087000
0.081999
0.087000
0.079000
0.088001
0.082001
0.088999
0.079999
0.088999
0.080999
0.088001
0.078000
0.088001
0.080001
0.089001
0.081001
0.088001
0.081999
0.088999
0.080001
0.089001
0.082001
0.089001
0.079999
0.088001
0.082999
0.089001
0.079000
0.089999
0.077998
0.088999
0.078000
0.086999
0.082001
0.089001
0.078000
0.087999
0.080001
0.088999
0.077998
0.088001
0.080999
0.089001
0.080001
0.088001
0.081999
0.088001
0.080001
0.088001
0.080001
0.089001
0.080001
0.087000
0.081999
0.088999
0.080999
0.087999
0.082999
0.087999
0.078000
0.088001
0.081999
0.088999
0.078000
0.087000
0.082001
0.088001
0.079000
0.088001
0.080001
0.089001
0.081001
0.088001
0.082001
0.087000
0.080999
0.088999
0.080999
0.087999
0.081001
0.087999
0.080001
0.088001
0.080001
0.089001
0.081999
0.088001
0.078000
0.089001
0.081001
0.088001
0.079999
0.088001
0.080999
0.087000
0.079999
0.088999
0.081999
0.087999
0.080999
0.087999
0.081001
0.087000
0.079000
0.088001
0.081001
0.088001
0.078000
0.088001
0.080001
0.087000
0.081001
0.088001
0.081999
0.088001
0.079000
0.088999
0.081001
0.088001
0.078000
0.088999
0.081999
0.088001
0.078000
0.088001
0.080999
0.088001
0.078000
0.087999
0.080001
0.088001
0.078000
0.088999
0.082001
0.088001
0.080999
0.087999
0.082001
0.088001
0.080999
0.089001
0.081001
0.088001
0.080999
0.088999
0.081001
0.088999
0.078000
0.088999
0.082001
0.088001
0.080999
0.088001
0.081999
0.089001
0.080999
0.089999
0.080999
0.087000
0.078000
0.087999
0.081001
0.087000
0.080999
0.089001
0.080999
0.088001
0.080001
0.087999
0.082001
0.087000
0.079000
0.089001
0.079000
0.088001
0.081001
0.088999
0.078999
0.087000
0.080999
0.087999
0.080999
0.087000
0.080999
0.088999
0.081001
0.087999
0.080999
0.088999
0.080001
0.087000
0.078000
0.088999
0.080001
0.087000
0.080001
0.088001
0.079000
0.089001
0.079999
0.086999
0.080001
0.088001
0.079000
0.088001
0.116000
0.087999
0.078000
0.087000
0.079999
0.087999
0.078000
0.087000
0.080001
0.088001
0.078999
0.087999
0.080999
