727.540000
694.800000
654.340000
656.680000
662.760000
803.360000
775.620000
661.600000
568.600000
536.260000
509.180000
493.460000
476.160000
467.140000
460.560000
469.620000
449.560000
443.680000
432.820000
426.540000
422.380000
417.080000
415.940000
412.740000
432.160000
424.340000
416.300000
413.460000
409.560000
405.140000
403.220000
403.780000
400.500000
398.000000
416.580000
409.140000
402.560000
402.800000
399.920000
397.640000
389.140000
389.620000
392.260000
385.580000
409.600000
402.800000
402.080000
396.380000
394.560000
396.220000
392.840000
390.500000
388.520000
385.900000
404.120000
394.520000
395.640000
436.500000
505.400000
402.800000
401.900000
416.640000
458.600000
506.100000
442.180000
516.420000
456.620000
451.080000
436.000000
395.800000
398.180000
399.240000
410.680000
412.780000
412.600000
502.620000
694.280000
768.860000
667.360000
489.100000
435.520000
426.480000
425.300000
425.900000
423.460000
420.340000
419.980000
423.180000
420.180000
431.980000
428.380000
423.120000
423.820000
421.980000
419.660000
418.740000
416.700000
422.640000
426.740000
429.380000
417.620000
422.720000
417.820000
414.040000
420.720000
415.620000
411.140000
401.760000
418.060000
408.040000
408.220000
402.120000
404.700000
398.840000
398.140000
399.740000
396.580000
399.480000
412.520000
412.000000
405.780000
403.280000
401.240000
401.740000
395.660000
400.040000
392.960000
396.680000
412.240000
407.460000
405.980000
401.780000
398.960000
395.620000
397.240000
661.700000
630.460000
601.640000
609.340000
590.440000
537.720000
535.960000
535.440000
531.020000
543.720000
526.180000
531.820000
529.180000
528.980000
527.780000
528.500000
536.220000
531.040000
531.360000
530.800000
529.520000
530.720000
527.600000
527.180000
530.640000
528.380000
529.160000
525.160000
524.320000
530.940000
523.380000
534.020000
530.240000
524.600000
526.420000
524.900000
524.180000
527.360000
531.800000
535.520000
525.600000
524.640000
526.700000
526.260000
527.380000
522.280000
533.360000
532.460000
530.200000
528.080000
528.700000
528.100000
526.720000
526.660000
531.620000
524.880000
523.760000
526.000000
525.780000
525.060000
522.440000
533.500000
529.220000
531.200000
527.520000
529.460000
532.480000
529.240000
523.800000
533.520000
530.520000
528.760000
526.500000
528.060000
527.260000
526.460000
526.140000
533.580000
530.700000
527.960000
523.300000
532.460000
525.040000
526.080000
531.800000
527.820000
525.560000
526.240000
522.700000
525.800000
524.360000
528.920000
537.540000
529.920000
525.020000
529.860000
525.380000
523.480000
526.040000
532.260000
526.200000
526.160000
527.120000
528.700000
524.680000
526.360000
522.360000
530.740000
528.100000
529.120000
526.300000
528.220000
521.020000
526.660000
526.000000
534.000000
527.180000
525.640000
521.400000
524.600000
524.620000
523.600000
529.560000
528.800000
527.600000
530.300000
523.860000
524.260000
526.360000
525.400000
533.180000
523.040000
526.080000
524.560000
526.000000
519.860000
523.900000
536.760000
561.900000
662.540000
710.280000
541.400000
433.960000
402.820000
404.420000
413.180000
407.320000
400.980000
402.600000
401.960000
400.140000
397.060000
392.520000
400.380000
388.520000
403.060000
405.980000
397.620000
398.940000
398.580000
399.380000
394.940000
396.040000
396.480000
390.680000
405.920000
404.620000
401.080000
398.220000
399.440000
396.940000
392.200000
395.280000
392.020000
388.820000
404.180000
400.940000
401.040000
398.940000
397.800000
397.240000
398.020000
395.980000
391.740000
391.900000
402.380000
403.060000
405.280000
402.980000
397.800000
399.140000
393.960000
394.240000
397.120000
394.020000
401.920000
405.600000
399.960000
398.580000
397.520000
397.420000
391.440000
454.260000
434.420000
347.480000
368.360000
392.780000
421.200000
464.980000
506.700000
546.420000
570.240000
595.300000
616.060000
624.120000
615.620000
609.780000
554.740000
544.060000
539.860000
543.980000
539.540000
542.840000
536.600000
540.700000
542.040000
536.580000
543.780000
538.760000
538.920000
536.080000
537.640000
539.480000
535.120000
536.760000
544.120000
538.540000
536.600000
537.100000
533.200000
534.200000
535.000000
543.860000
537.320000
538.640000
539.160000
538.080000
541.160000
532.160000
534.500000
543.020000
535.500000
534.180000
536.120000
536.520000
534.320000
532.980000
543.840000
535.420000
537.740000
535.340000
539.060000
533.900000
537.340000
539.500000
544.140000
536.120000
536.900000
533.220000
533.420000
533.520000
532.900000
541.700000
536.640000
536.700000
535.920000
537.100000
535.940000
528.680000
532.220000
545.260000
534.980000
534.880000
533.300000
538.080000
538.880000
533.760000
541.580000
537.700000
538.440000
533.720000
537.720000
532.600000
535.640000
540.380000
537.040000
535.480000
536.820000
534.080000
533.000000
535.340000
532.460000
538.160000
534.020000
535.960000
533.300000
532.300000
533.820000
535.060000
537.260000
533.220000
535.260000
537.760000
534.760000
536.500000
534.900000
533.540000
542.540000
540.780000
534.980000
536.160000
534.780000
532.400000
531.260000
538.980000
535.760000
533.000000
536.920000
534.440000
538.200000
533.060000
530.740000
540.660000
539.600000
536.580000
535.500000
533.680000
534.480000
539.060000
541.000000
535.520000
536.020000
534.860000
538.520000
537.860000
537.120000
533.480000
540.220000
537.220000
533.120000
535.300000
536.240000
535.620000
531.780000
540.640000
541.140000
535.220000
537.820000
535.860000
535.300000
538.780000
535.680000
539.380000
536.320000
535.600000
536.580000
534.000000
530.520000
534.600000
551.440000
541.380000
541.740000
536.600000
539.320000
536.720000
537.280000
545.980000
540.340000
537.240000
537.040000
541.520000
535.620000
531.620000
532.460000
541.880000
533.920000
536.080000
534.740000
534.120000
535.740000
534.500000
539.980000
537.560000
536.300000
536.160000
538.180000
534.340000
535.340000
535.020000
545.460000
536.080000
538.320000
536.800000
535.280000
535.340000
534.660000
540.380000
535.780000
536.100000
537.020000
534.360000
536.800000
532.840000
530.880000
542.160000
539.140000
535.340000
534.700000
533.960000
532.400000
532.900000
542.340000
535.520000
535.740000
535.020000
533.060000
535.040000
534.460000
534.780000
541.520000
535.620000
534.140000
535.280000
536.780000
538.200000
541.660000
551.060000
538.100000
539.140000
540.400000
540.600000
532.760000
538.420000
543.440000
540.320000
538.600000
540.340000
536.880000
537.900000
532.980000
535.700000
542.540000
543.320000
535.580000
537.000000
538.400000
536.040000
535.800000
541.340000
533.080000
538.100000
537.320000
532.400000
538.420000
533.760000
536.380000
540.080000
535.980000
535.400000
536.800000
535.620000
532.860000
531.020000
542.380000
539.040000
536.440000
533.740000
533.920000
536.880000
532.060000
533.820000
548.040000
574.660000
565.280000
556.700000
550.600000
547.780000
546.500000
552.260000
545.260000
543.860000
543.860000
543.480000
543.040000
542.520000
548.520000
536.280000
537.640000
534.440000
536.820000
538.760000
538.800000
536.120000
548.380000
550.040000
563.260000
550.200000
547.480000
544.960000
543.300000
550.840000
545.000000
544.200000
544.140000
539.600000
540.900000
534.620000
542.800000
540.760000
535.800000
538.360000
540.780000
536.280000
535.400000
535.140000
540.520000
537.240000
535.320000
536.580000
534.500000
535.960000
536.760000
544.580000
538.640000
540.580000
534.760000
538.920000
535.060000
534.880000
536.180000
540.180000
535.360000
533.320000
534.520000
537.360000
532.940000
531.760000
538.260000
535.800000
537.340000
536.160000
537.380000
537.940000
534.460000
533.220000
545.680000
540.140000
537.580000
530.920000
533.000000
532.960000
531.380000
539.280000
541.140000
538.300000
536.440000
533.200000
534.260000
536.480000
533.820000
540.240000
539.320000
536.160000
534.740000
534.680000
534.420000
533.140000
542.460000
537.240000
537.020000
534.320000
534.180000
530.340000
537.000000
540.200000
534.940000
536.580000
536.460000
532.460000
535.180000
532.760000
536.400000
539.820000
535.740000
532.960000
534.240000
531.720000
534.740000
537.520000
540.700000
536.320000
539.300000
536.820000
537.040000
533.800000
536.960000
532.940000
539.600000
536.580000
535.640000
534.980000
536.040000
533.040000
535.660000
537.160000
539.520000
537.620000
532.460000
536.480000
534.300000
534.640000
535.540000
540.520000
535.400000
534.880000
532.700000
533.540000
534.620000
532.060000
539.200000
533.040000
540.420000
536.140000
538.960000
534.500000
532.760000
535.720000
545.740000
537.240000
535.820000
535.960000
534.440000
535.440000
533.500000
542.000000
536.520000
532.600000
533.760000
537.360000
536.060000
536.760000
534.040000
543.440000
537.380000
537.460000
534.260000
537.680000
539.240000
532.820000
541.160000
538.320000
537.260000
536.640000
532.640000
535.540000
537.860000
537.580000
542.940000
537.400000
534.120000
532.060000
534.000000
532.000000
535.460000
543.300000
537.040000
533.340000
529.940000
533.440000
533.580000
534.060000
539.620000
535.880000
535.480000
534.280000
532.380000
529.600000
535.160000
533.180000
542.000000
535.800000
530.260000
532.480000
535.520000
530.880000
548.120000
575.800000
552.700000
544.640000
543.780000
540.100000
541.140000
539.920000
541.920000
543.740000
541.200000
538.980000
536.660000
536.080000
538.220000
538.900000
550.880000
539.840000
539.600000
532.480000
536.080000
537.180000
534.480000
539.020000
545.360000
539.600000
535.180000
535.300000
534.880000
535.500000
534.880000
541.340000
535.380000
535.860000
536.620000
538.940000
533.780000
533.740000
544.720000
535.840000
534.000000
536.540000
536.620000
535.480000
532.240000
534.420000
537.940000
534.920000
536.040000
531.340000
532.300000
531.220000
531.960000
536.860000
540.440000
537.000000
531.480000
533.240000
534.740000
532.240000
533.140000
543.420000
535.360000
534.560000
536.160000
532.980000
535.680000
528.640000
539.640000
536.320000
533.380000
531.320000
533.000000
533.580000
535.420000
531.700000
545.200000
536.800000
535.840000
536.080000
534.960000
533.340000
532.960000
539.340000
534.060000
533.920000
532.960000
534.940000
530.600000
534.960000
530.220000
540.520000
535.660000
536.400000
538.320000
533.660000
533.440000
530.100000
541.900000
536.580000
534.600000
533.980000
537.120000
535.120000
535.420000
534.700000
541.500000
533.740000
537.340000
537.580000
535.260000
531.920000
530.660000
543.380000
537.560000
535.980000
536.740000
533.380000
532.640000
531.320000
532.700000
542.180000
533.680000
533.980000
532.480000
528.200000
533.680000
535.480000
539.580000
541.180000
536.100000
537.220000
532.340000
531.080000
535.320000
532.940000
542.780000
538.240000
535.700000
534.740000
534.660000
534.880000
533.100000
542.420000
538.840000
536.340000
534.420000
535.900000
532.560000
535.800000
547.020000
536.600000
537.620000
540.540000
536.480000
533.380000
539.340000
535.560000
540.420000
537.580000
533.700000
535.820000
533.180000
531.260000
533.220000
543.160000
531.920000
536.540000
533.380000
531.780000
