10.126000
10.435000
10.085000
9.733001
10.195998
10.041000
9.550001
9.786999
9.786000
10.376999
10.172000
9.994000
10.257000
9.773001
9.585999
9.735001
10.091001
9.980001
9.835001
9.621000
9.698000
10.040000
10.108000
10.160999
10.182999
9.878999
9.868000
9.658000
9.705001
9.883000
10.185000
9.716000
9.679999
10.157000
9.875000
9.555001
9.865999
10.010999
9.850001
10.061000
9.501001
9.709999
9.875000
9.666001
9.544998
9.773001
9.691000
9.941999
10.227000
9.773001
9.573000
9.771999
10.042001
9.940000
9.839999
9.555999
9.689000
9.372000
9.678999
9.739000
9.524999
9.792000
9.371001
10.321001
9.817999
9.841999
9.333000
9.844001
9.365000
9.880001
9.710999
9.765001
9.885000
9.494001
9.527000
9.748001
9.822000
9.857999
9.594999
10.402000
10.142999
9.632999
10.054000
9.797001
9.716999
9.714002
10.106999
9.506000
9.671001
9.714998
9.485001
9.229999
9.622000
9.335000
9.057000
10.337999
9.955000
9.817000
9.798000
10.204999
9.715999
10.021999
9.817000
9.970000
9.936001
10.286001
9.795999
9.654000
9.469999
9.540999
9.428000
10.171002
9.534001
9.695999
9.638000
9.738000
9.861000
9.327000
10.214999
9.703999
9.779001
9.609999
9.893000
9.832000
9.617001
9.545000
9.675000
10.029001
9.801000
9.745000
9.911999
9.592000
9.578999
10.031002
9.906000
9.900000
9.723000
10.046000
9.597000
9.504000
9.533999
9.265000
9.985000
9.391000
9.831000
9.530000
9.764999
9.734001
9.666001
9.563001
9.329000
9.861000
9.372000
9.450002
9.670999
9.696001
9.615000
9.590000
10.259001
9.741001
9.761000
9.753000
9.598000
9.450000
9.818001
9.353001
9.579999
9.599000
9.686001
9.532001
9.567000
9.567000
9.855000
9.434000
9.873001
9.401999
9.715000
9.617999
9.844001
9.787999
10.101000
9.864001
10.106999
9.712001
10.283999
10.036999
9.403000
9.504000
9.484001
10.060001
10.158001
9.660000
9.647001
9.716999
10.094000
9.656999
9.751000
9.900000
9.574000
9.961000
9.617999
9.780999
9.757999
9.335000
9.780999
9.628000
10.020001
9.984000
9.908000
10.269001
9.852000
9.985000
9.865999
9.873999
9.808000
9.764001
9.865001
10.035999
9.610999
9.621000
9.595999
10.204000
9.751000
9.958999
9.782000
9.630999
9.601999
9.634001
10.224000
9.416001
10.007000
9.726999
9.832000
9.538000
9.960001
9.382000
9.793000
9.918001
9.822000
9.791000
9.790000
9.918999
9.604001
9.345999
9.176999
9.641999
9.561000
9.910999
9.558000
9.592000
9.739999
10.114999
9.527000
9.631999
9.529999
9.582000
9.778000
9.359000
9.536998
9.622000
9.854000
9.776000
10.012001
9.911999
9.578001
10.104001
10.047000
9.739999
9.723000
10.264000
9.824000
9.916000
9.835001
9.663001
9.803001
9.957001
9.422000
9.391999
10.085002
9.586999
9.689001
9.771999
9.830000
9.469001
9.653000
9.723000
9.487001
9.653999
9.332001
9.667000
9.447001
9.865001
9.825999
9.276999
9.612000
9.578999
9.390999
9.453999
9.456001
9.351000
10.176999
9.345001
9.962000
9.760000
9.538000
9.718001
10.126000
9.892000
10.242999
10.180000
9.815998
10.141000
9.724000
9.601999
9.755000
9.906001
10.029001
9.954000
9.794001
9.980001
9.963000
9.559998
9.817000
9.289000
9.646000
10.058001
9.682002
10.050999
10.097999
9.872999
10.014001
9.954000
10.615001
9.974999
10.181999
9.997001
10.075999
9.854000
9.969002
9.479001
9.878000
10.127001
9.880001
9.837002
9.701999
9.679001
9.494999
9.589000
10.403000
10.005999
9.938000
9.628000
9.918999
9.784000
9.876000
9.893000
9.583000
9.827999
9.803001
10.046002
9.667000
9.708999
9.935001
10.140000
9.777999
9.807998
9.551998
9.868000
9.751000
9.869000
9.648001
9.890001
10.048000
9.616001
9.999000
9.886000
9.780001
10.041000
9.864001
10.065001
9.617999
9.397000
9.888999
9.782001
9.491000
9.763999
9.910000
9.976000
9.775002
9.830000
9.684000
9.508001
9.286001
10.165000
10.303000
10.456000
9.959999
10.003000
9.893999
10.123001
10.020001
9.528000
9.543000
9.799000
10.188000
9.745000
9.833999
9.508001
9.581000
9.621000
9.899000
10.011001
10.041000
9.838000
9.614000
9.777000
9.958999
9.892000
9.710999
9.885000
9.839000
10.079999
9.485999
9.796001
9.841001
9.756001
9.499000
9.835001
9.770999
9.687999
9.278001
9.890001
9.656001
9.593001
9.924000
9.754999
10.226000
9.498999
9.537000
9.810001
9.760000
9.463999
10.321001
9.818001
9.725001
10.158001
9.747999
9.390999
9.819999
9.584000
9.767000
9.682000
9.752002
9.823998
10.054002
9.850999
9.835001
9.544000
10.474000
9.645000
9.891000
9.624999
9.441001
9.969000
9.980001
9.826001
9.918001
9.835001
9.971000
9.648999
9.780999
9.476000
9.844000
9.702999
10.004001
9.889001
9.755000
9.909000
9.323001
9.792000
9.733999
9.799000
9.649999
9.757999
9.816000
9.901999
9.637000
9.492001
9.265000
9.530999
9.972000
9.623000
9.552000
9.870000
9.548001
9.595001
9.875000
9.749001
9.529000
9.521000
9.622999
9.616001
9.645000
9.514000
9.678001
9.499000
10.066001
9.579999
9.857999
9.826001
9.915000
9.805001
9.569000
9.693999
9.599999
9.595999
9.641001
9.901999
9.488000
9.695999
9.421000
9.850001
9.548001
9.777000
10.046002
9.858999
9.654000
9.601999
9.732999
9.699000
9.791000
9.965999
9.742001
9.780001
10.112999
10.127001
9.950999
9.984002
9.764001
10.168999
9.942999
9.601999
9.947000
9.799000
9.244999
9.688001
9.931000
9.324001
9.470001
9.745000
9.865001
9.962000
9.614000
10.477999
9.916000
9.873999
10.128999
9.687001
10.030000
10.078000
9.886000
9.767000
9.476000
9.493999
10.216000
10.038000
9.448001
9.823000
9.853002
10.126000
9.694001
10.243000
9.633999
9.528000
9.751000
9.707000
10.119000
9.957999
9.702001
9.770000
9.654999
9.480000
9.973999
10.002999
10.312000
10.118999
10.037001
9.763001
9.585001
9.501001
9.876000
9.919999
9.857999
9.854000
9.579999
9.620000
9.782001
10.019999
9.762000
9.952001
10.114001
9.598998
9.826999
10.105001
9.633999
9.701999
9.652000
9.791000
9.725001
9.992000
9.601999
9.889999
9.570999
9.608001
9.614998
9.733001
9.949001
10.273000
9.670001
9.700000
10.197999
9.951001
10.157000
9.791000
9.277999
9.395001
9.275999
9.635000
9.676000
9.917000
9.536000
9.404000
10.289000
9.638000
9.432001
9.489000
9.909000
9.772999
10.016000
9.708000
9.708999
9.467999
9.567000
9.683000
9.209000
9.776000
9.514000
10.081001
10.241000
10.114999
9.975001
10.227999
9.962000
9.943999
9.468000
9.737000
9.475000
9.486999
9.656001
9.827999
10.036001
9.732999
9.842999
9.777000
9.493999
9.531999
9.482000
9.871000
9.505000
9.263001
9.422000
9.537000
9.678999
9.939000
9.870000
9.880999
9.311000
9.668000
9.589000
9.976001
10.280000
9.819999
9.863000
9.639001
9.787999
9.482000
9.422000
9.723000
9.536000
9.959999
9.628002
9.668000
10.191001
9.875001
9.926001
10.264000
9.910000
10.391001
9.698000
9.711001
9.638000
10.002000
9.532999
9.619001
9.803999
9.698000
9.769998
9.742999
9.857999
9.749999
9.443000
9.980001
9.946000
9.928999
10.009000
9.744000
9.940000
9.646000
9.700000
9.437000
9.597000
9.601001
9.496000
9.873999
10.073999
9.811999
9.769000
9.886999
9.849999
10.181000
9.894000
9.397000
9.674001
9.606000
10.327000
10.049000
10.441000
10.256000
9.781001
9.908998
9.538999
9.752000
9.655001
10.155000
9.366000
9.969002
9.444000
9.622000
9.151001
9.354999
9.266999
9.382000
9.600999
10.123000
9.656999
9.329000
9.305000
9.485001
9.941999
9.494999
10.232002
9.714000
9.473000
9.646999
9.277001
9.398999
9.651002
9.876000
9.444000
9.680999
9.738000
9.795001
10.166001
9.838000
9.749001
9.815000
9.919001
10.001000
10.041000
9.482998
9.601001
9.744000
9.729998
10.047000
10.266000
9.598000
10.066001
9.637000
9.581000
9.527000
10.218000
9.385001
9.722998
9.795001
9.465000
9.701001
9.670001
9.887001
9.462999
9.659000
9.802001
9.762999
9.759001
9.907000
9.694001
9.728001
9.782001
10.025000
9.689000
9.587999
9.747999
9.707000
9.815000
9.809999
9.427000
9.467000
9.895999
10.354999
9.739999
9.656999
10.047000
10.039000
9.939998
9.636000
9.854998
9.576999
9.523001
9.674000
9.484001
9.484999
9.641999
9.803001
9.391000
10.082999
9.738000
10.024000
9.546001
9.757999
9.450000
9.793000
9.790001
9.709001
9.605000
9.509999
9.702999
10.254001
10.137999
9.854000
9.894000
9.372000
10.069000
9.482000
9.929001
10.136001
9.801000
9.810999
9.964000
9.854998
9.733001
9.759000
9.779001
9.672999
9.547001
9.703999
10.057000
9.894999
9.701999
9.989001
9.664999
10.393001
9.982999
9.996001
9.950999
9.559000
9.833999
9.770000
9.806000
9.555001
9.798000
9.512000
9.576000
9.705001
9.804999
9.680001
9.947000
9.989001
10.119999
9.970000
9.698000
9.796001
10.253999
9.707998
9.654000
9.508001
9.614000
9.425001
9.540999
10.057000
9.451000
9.606998
10.257000
9.764001
9.832000
9.742999
9.949001
9.977000
9.922002
9.934001
9.831000
9.919001
9.923000
10.003000
9.725001
10.044001
9.866999
9.739000
10.015000
9.668000
9.870999
10.376999
9.625001
10.042001
9.693000
9.904999
10.069000
9.671999
9.660000
9.654999
9.718999
9.595999
9.879000
9.392999
10.081999
9.826999
9.925000
9.917000
9.661000
9.552998
9.311000
9.607000
9.533999
9.763001
9.392001
9.623000
9.623000
9.188000
9.616001
9.763999
10.562999
9.646999
9.601999
9.406999
9.954000
9.855000
9.634001
9.566002
9.516001
9.488000
9.607000
9.611001
9.677999
9.598000
9.467000
10.468001
9.705000
9.903999
9.682000
9.853000
9.520000
9.283999
9.674000
9.862999
9.808000
9.792000
9.790000
9.695999
9.819999
9.612000
10.226000
10.241000
10.061001
9.838000
10.085000
9.449000
9.395000
9.605002
9.803999
9.763001
9.880001
9.625001
9.585001
10.049000
9.841999
9.866001
9.516999
10.065001
10.135001
9.745002
10.046000
9.539001
