20.442000
19.189000
19.434001
19.867001
20.258000
19.746998
19.987000
19.270001
19.532001
19.357000
19.231999
19.794000
19.673001
19.671001
19.569000
18.975999
19.415999
19.330001
19.112999
19.452000
20.211000
19.779999
20.023001
19.478001
19.323999
19.134000
19.497000
19.727001
19.630000
20.260001
19.269999
19.058000
20.781001
19.880001
19.640999
18.879000
19.938000
19.932000
19.959999
19.960999
19.719999
19.909000
19.367998
19.758001
19.231999
20.037999
19.153999
19.505000
19.925000
19.917000
20.081000
19.371001
19.538999
19.455001
19.243998
19.702999
19.633999
19.711999
19.397000
19.598000
20.019000
19.780001
19.892000
19.754000
19.962000
19.082999
19.305000
19.469000
19.547001
19.702001
19.360000
19.762000
19.724000
19.576998
19.376999
19.141000
19.091001
19.613000
19.345000
19.619999
19.313000
19.578001
19.228000
19.413000
18.896000
20.029999
19.221999
19.870000
19.607000
19.615000
19.086000
19.771000
19.760000
19.973999
19.196000
19.608000
19.306999
20.010000
19.272000
19.095000
19.830000
19.853000
19.181000
18.960999
19.923000
19.572999
19.223999
19.461000
18.857000
19.785000
19.555001
19.609999
19.237999
19.331999
19.004000
19.520000
19.557001
19.892000
19.863000
19.396000
19.763000
19.152001
19.779000
19.588999
19.940998
20.151999
20.010000
19.685000
19.921001
19.852001
19.026000
19.693999
19.314000
20.653000
19.887999
19.205000
19.329000
19.494999
19.867999
19.485001
19.747000
20.299001
19.594999
20.292001
19.672999
19.342002
19.526001
19.063000
19.251000
19.566000
19.654999
19.659000
19.600000
19.010000
19.727001
19.239001
20.029999
19.258000
19.564001
19.481001
20.227000
19.960999
19.470001
19.774999
19.472999
19.835999
19.942999
19.974999
19.903000
19.265000
19.425999
19.407000
19.530000
19.457001
19.516001
19.378999
19.859999
19.480001
20.101000
18.875001
19.439999
19.605000
19.870000
19.638998
19.155001
19.437000
19.863999
19.092999
19.536000
19.958999
19.546000
18.944001
19.702999
19.871000
19.622000
19.251000
18.774001
19.416999
19.280000
19.867001
19.130001
19.345000
19.622000
20.047002
19.898001
19.445000
19.298000
19.196998
19.701000
18.991999
18.926000
19.467000
19.554000
19.554000
19.538000
19.657001
19.386001
19.659000
19.516999
19.329000
19.752000
19.355999
19.730002
19.460998
19.123999
19.791000
18.986000
19.754998
19.232001
19.253999
19.456001
19.749001
19.617999
19.982001
19.499000
19.914001
19.630000
19.176001
20.072000
19.440001
19.975001
18.870000
19.420000
19.303000
19.019000
19.848999
19.741001
19.135000
19.802000
19.822000
19.259999
19.273000
19.146999
18.968999
19.640999
19.521000
18.880000
19.308999
19.677000
19.546000
19.276001
19.320000
19.261999
20.308999
20.333000
20.098999
19.725000
19.597000
19.468000
19.324001
19.106001
19.732000
19.118000
19.402001
19.660000
19.624999
19.552000
18.975999
19.622000
20.280000
19.169999
18.781999
20.070000
19.328000
19.473001
19.236000
19.392001
19.087000
19.646000
19.210001
19.770000
19.269999
19.492000
19.620001
20.249000
19.540999
19.035000
19.953001
19.599000
19.495001
19.494001
19.801999
19.779999
19.253001
18.994000
19.725000
19.183001
19.475000
19.291000
19.871000
19.982999
19.222001
19.694000
19.861000
19.654000
19.158000
19.129999
19.495001
18.973999
20.240000
19.763000
19.523000
19.730000
19.402001
20.081000
19.693999
18.965999
19.541999
18.987000
20.224001
19.375999
19.345000
19.300001
19.602999
19.439999
18.862000
19.076001
19.233000
19.971000
19.212000
19.654000
19.378001
19.140000
19.578001
19.068999
19.524999
19.618001
19.440999
19.313000
19.386001
19.057000
18.874999
19.904001
19.290000
19.640001
18.936001
20.099001
19.011000
19.181000
20.673001
19.658001
19.469000
19.385001
19.076999
19.464999
20.219000
19.517001
19.600000
19.074999
18.464001
19.811999
19.539000
19.168999
19.880999
19.850001
19.379001
19.117000
19.365001
19.169999
19.728001
19.576000
19.920001
19.286999
19.424001
20.178000
19.265000
19.861000
19.112000
19.529000
19.619999
19.565001
19.884000
19.234000
19.379999
18.925000
19.243000
19.187002
19.639000
19.759001
19.732000
19.137001
19.512000
19.205000
19.523000
19.169999
19.138999
19.477000
19.832000
19.651001
18.817000
19.193001
18.828999
19.193999
19.191999
19.282000
19.006001
20.801999
19.501001
20.103998
19.963000
19.786000
19.379999
19.722000
19.849000
19.413000
19.174999
19.686999
19.593999
19.584000
19.918000
19.897999
19.515999
19.685000
19.462999
18.986000
19.754000
19.005001
19.329000
19.611001
19.414000
19.882999
19.390000
20.144999
19.143000
19.867999
19.113000
19.595001
19.415000
19.513000
19.907000
19.230001
19.630000
19.747000
18.863000
19.417001
19.011000
19.669998
19.804001
19.641999
19.332001
19.864000
19.151999
19.575000
19.617001
19.523000
19.450000
19.507000
20.041000
20.246999
19.507000
19.158000
19.283000
19.395001
19.255999
19.128000
18.960999
19.104000
19.245001
19.555001
19.229000
19.552000
19.610001
19.969000
19.686000
20.277001
19.537998
19.799000
19.592000
20.204000
19.623000
20.036001
20.238999
19.617001
19.802000
20.118000
19.776000
25.272001
19.158000
19.323999
19.422999
19.223999
20.040000
19.652000
19.218002
19.338999
19.660000
19.683000
19.841000
19.440001
19.679999
19.114999
19.354001
19.456999
19.861000
19.723000
19.979000
19.500999
19.618999
19.199999
19.386001
19.165000
19.693000
19.990001
19.195000
19.997999
19.873001
19.417001
19.801000
19.634001
19.816000
18.976999
19.879000
19.819999
19.720001
19.800000
20.000000
19.462999
19.570999
19.408999
19.928001
19.463001
19.855000
20.242000
19.237999
20.683002
19.632000
19.193001
19.755000
20.175001
19.675000
19.233000
20.212000
20.404000
19.853000
19.627001
19.823000
20.123001
19.578999
19.121999
19.703999
19.896001
19.551001
18.942000
19.304000
19.555001
19.693000
19.499000
19.694000
19.242998
20.019000
19.306999
19.368000
19.896001
20.200999
20.482000
19.865001
19.397000
19.209001
19.366000
19.480001
19.692000
20.117000
19.563999
19.493001
19.423001
19.773999
19.427000
19.321000
18.517999
19.133000
18.854002
19.412000
19.406000
19.675000
19.741001
19.521000
20.153999
19.298000
19.414000
19.934000
20.234000
19.686000
19.324999
19.895999
19.245999
19.876000
19.266000
19.916000
20.013001
19.089000
19.167000
19.158000
19.433999
19.517001
19.377999
18.936001
19.703999
19.363999
19.471001
19.489001
19.460998
19.319000
19.322999
19.811001
19.383000
20.965001
19.614000
19.517999
19.379001
20.252001
19.399000
20.101000
19.739999
25.106000
19.377001
19.767001
19.736001
19.519001
19.317999
19.336998
19.559000
18.894000
20.002000
19.929001
18.896000
19.378001
19.527001
19.330001
19.453000
19.702999
18.996000
19.889001
19.559000
19.346001
19.918000
19.374000
19.590000
19.834001
19.313000
19.544000
19.845000
20.254999
19.632000
19.786999
19.849000
19.196000
19.378999
19.160001
19.583000
19.261999
19.834001
19.462999
19.762000
19.366002
19.510001
18.975999
19.518001
19.913999
19.424999
19.556999
19.676000
19.757001
19.870000
19.483998
19.422000
19.216001
19.703001
18.928999
19.890001
19.631000
19.472001
19.858001
19.664999
19.542001
19.282000
19.188000
19.322000
19.704999
19.624000
19.330001
19.408001
19.404000
19.784000
19.359000
19.870000
19.346999
19.177999
19.395001
19.716000
19.965000
19.845000
19.996000
19.157000
20.227998
20.446001
19.244000
20.049000
19.331999
19.410001
20.066999
19.549999
19.079002
19.520000
18.641001
19.328000
19.600999
19.508000
19.505000
19.380001
19.301001
20.328000
18.924000
19.321000
19.718001
19.393001
19.324001
19.456001
18.898999
19.528000
19.927999
19.909000
19.454999
19.681999
19.991999
19.756000
19.448001
19.991001
19.383000
19.622000
19.640999
19.890999
19.386999
19.345000
19.589001
19.971000
19.348999
19.230001
20.703001
20.181000
19.331001
19.497000
19.327000
19.433001
19.522000
18.772000
19.638000
18.991001
19.083999
19.667000
20.122001
20.404000
19.161999
19.367000
19.607000
19.551000
19.597001
20.352000
19.535000
19.536000
19.920999
20.223999
19.951999
19.792000
19.763999
19.943999
19.645000
19.565001
19.595999
19.407000
19.746000
19.299999
19.710001
20.123001
19.148000
20.174000
19.843001
19.841000
20.034999
19.368000
18.976001
20.140000
19.727999
19.083999
19.283999
19.964000
19.339001
19.717999
19.647000
19.092999
19.515000
19.626999
19.557999
19.288000
20.028001
19.650999
19.400999
19.582000
19.659001
19.301999
19.541001
19.301999
19.672999
19.470999
19.390000
19.320000
19.107001
19.219000
19.886000
19.594001
19.731000
19.506000
19.484000
19.180000
19.095000
19.715000
19.741999
19.440999
20.089999
19.397000
19.313000
19.955000
19.711999
19.681001
19.358000
19.044001
19.367998
19.129999
20.159999
19.374998
19.901000
19.052001
19.594999
19.176001
18.824000
19.792000
19.385999
18.797001
19.182999
19.598000
18.761000
18.764000
19.382000
19.364001
19.353000
19.549999
18.912999
20.126000
19.987000
19.567000
19.735999
20.041000
19.090001
20.749999
19.445000
19.245001
19.286999
19.897001
19.618999
19.990999
19.709999
20.428000
19.572999
19.098999
19.878998
19.889001
20.297000
19.709000
20.052999
20.366000
19.539000
19.974999
19.670000
19.265000
19.383000
19.411001
19.594001
19.221000
19.383000
19.929999
19.758999
19.528000
20.130001
19.764001
19.893000
19.701000
19.638000
19.526001
20.217000
19.924000
19.602999
19.765999
19.672001
19.614000
19.608999
19.836999
24.637999
18.854000
19.304000
19.443000
18.828001
19.374998
19.586999
19.628000
19.803001
19.978000
19.722000
20.082001
20.110000
20.746998
19.074000
19.710001
19.452000
19.757999
19.546999
18.637000
19.464999
18.739000
19.244999
19.526999
19.817000
19.657999
18.944999
19.858999
19.176999
19.508000
18.905001
19.509001
19.717000
19.409999
19.335000
19.827001
20.095000
19.827001
19.350000
19.392001
20.083001
19.576000
19.183001
19.175000
19.252999
19.184999
19.794000
19.654000
19.702001
20.132000
19.894999
19.220000
19.584000
20.096000
19.422999
19.817000
19.656001
19.904999
19.243000
19.388000
19.714000
19.843999
19.586999
19.920001
19.951999
19.388000
19.104999
19.423001
19.183999
19.760000
19.722000
19.951001
20.076001
19.890001
19.575998
19.739000
19.295000
19.320000
19.408001
19.330001
19.545000
19.592000
19.237999
19.916000
19.935001
