0.235001
0.225000
0.208000
0.235999
0.206999
0.209000
0.209998
0.208000
0.206999
0.209000
0.206999
0.208000
0.209000
0.209000
0.212999
0.209000
0.274999
0.234000
0.225000
0.206999
0.208000
0.210000
0.205999
0.206999
0.208000
0.206999
0.206001
0.206999
0.206001
0.208000
0.206001
0.204999
0.208002
0.209000
0.208000
0.209998
0.209000
0.209000
0.208002
0.207001
0.209000
0.210000
0.209000
0.210000
0.206999
0.211000
0.208002
0.210000
0.210000
0.209000
0.210000
0.206999
0.206999
0.207001
0.206001
0.208000
0.206001
0.210000
0.208000
0.281999
0.237999
0.226000
0.208000
0.210000
0.209000
0.210000
0.208002
0.210000
0.210000
0.210999
0.208000
0.210000
0.212001
0.210999
0.211000
0.213001
0.209000
0.212001
0.209000
0.209998
0.209000
0.210000
0.211000
0.211000
0.209000
0.209998
0.208000
0.210000
0.211000
0.209000
0.208000
0.210000
0.209000
0.209000
0.206999
0.209000
0.209000
0.210000
0.209000
0.210000
0.209000
0.234000
0.226999
0.227001
0.210000
0.211000
0.210000
0.209998
0.209000
0.209000
0.209000
0.210000
0.208000
0.210000
0.209000
0.209000
0.212001
0.209000
0.209000
0.211000
0.209000
0.210000
0.209000
0.209000
0.210000
0.208000
0.209000
0.208000
0.210000
0.208000
0.210000
0.210000
0.211000
0.208002
0.210000
0.209000
0.214001
0.209000
0.211000
0.212999
0.211000
0.210999
0.211000
0.211000
0.251001
0.242000
0.225000
0.209000
0.209998
0.209000
0.210999
0.208000
0.210000
0.210000
0.209000
0.209000
0.209000
0.209000
0.211000
0.210000
0.208000
0.210000
0.209000
0.212001
0.212001
0.208000
0.210000
0.209000
0.210000
0.208000
0.209998
0.208000
0.210000
0.209000
0.210000
0.209000
0.210000
0.210000
0.211999
0.208002
0.210000
0.209000
0.210000
0.211000
0.212001
0.210000
0.209000
0.250001
0.240000
0.224000
0.211000
0.240000
0.210000
0.209000
0.210000
0.210000
0.209000
0.210000
0.212999
0.210000
0.210000
0.208000
0.210999
0.209000
0.209000
0.209000
0.211999
0.209000
0.210000
0.208002
0.210000
0.210000
0.209000
0.209000
0.209000
0.209000
0.212001
0.209000
0.210000
0.208002
0.210000
0.208000
0.210000
0.208000
0.210000
0.212001
0.213001
0.210000
0.209000
0.233000
0.226000
0.224000
0.209000
0.209000
0.211000
0.208000
0.209000
0.208002
0.209000
0.210000
0.206999
0.212001
0.210000
0.211999
0.209002
0.206999
0.211000
0.211000
0.209000
0.208000
0.209000
0.208000
0.210000
0.211999
0.215000
0.209000
0.210000
0.208000
0.210000
0.209000
0.209000
0.208000
0.211999
0.209000
0.211000
0.208000
0.210000
0.208000
0.210000
0.208000
0.210000
0.208002
0.250001
0.237999
0.223000
0.210000
0.210000
0.212001
0.210000
0.208002
0.209000
0.208000
0.209000
0.208000
0.210000
0.208002
0.206999
0.210000
0.208000
0.208002
0.210000
0.213999
0.211000
0.212999
0.212001
0.212001
0.214001
0.212001
0.210000
0.211000
0.211000
0.212001
0.210000
0.208000
0.211000
0.211999
0.210000
0.210000
0.211000
0.209998
0.212999
0.210000
0.210000
0.210000
0.211000
0.284001
0.241000
0.225000
0.209000
0.208000
0.211000
0.208000
0.209000
0.211000
0.210000
0.234000
0.209000
0.209000
0.213001
0.211000
0.209998
0.209000
0.209000
0.210000
0.207001
0.209000
0.211000
0.209000
0.209000
0.210000
0.212001
0.210000
0.210000
0.209998
0.209000
0.210000
0.210000
0.209000
0.209000
0.210000
0.210000
0.213999
0.212001
0.209000
0.209998
0.209000
0.209000
0.234000
0.226000
0.227999
0.209000
0.209000
0.209000
0.208000
0.212001
0.209000
0.210999
0.210000
0.215000
0.210000
0.212001
0.209000
0.213999
0.210999
0.211000
0.209000
0.210000
0.209000
0.211000
0.208002
0.212999
0.210000
0.211000
0.209000
0.211000
0.209000
0.211000
0.210000
0.211999
0.209000
0.211000
0.209998
0.213999
0.209000
0.210999
0.209000
0.211000
0.209000
0.210000
0.208000
0.284001
0.241000
0.228999
0.209998
0.211000
0.209000
0.211000
0.209000
0.215000
0.211000
0.211999
0.211000
0.211999
0.214001
0.210000
0.212999
0.210000
0.211000
0.211000
0.211000
0.213999
0.210999
0.211000
0.211000
0.211000
0.211000
0.211999
0.213999
0.211000
0.213001
0.211000
0.212001
0.210000
0.211000
0.211000
0.211000
0.388999
0.229999
0.226000
0.210000
0.210000
0.209000
0.209000
0.249000
0.238001
0.221001
0.208000
0.208000
0.208000
0.208000
0.209000
0.208002
0.209000
0.208000
0.215000
0.206999
0.210000
0.206999
0.209000
0.206999
0.211000
0.206999
0.209000
0.208000
0.209000
0.209000
0.210000
0.210000
0.209000
0.207001
0.209000
0.206999
0.211000
0.209000
0.209000
0.206999
0.213999
0.211000
0.219001
0.206999
0.209000
0.206999
0.209000
0.206999
0.210000
0.231000
0.225000
0.225000
0.209000
0.206999
0.211000
0.208000
0.209000
0.208002
0.210999
0.208002
0.209000
0.208000
0.209998
0.208000
0.210000
0.208000
0.210999
0.212001
0.210999
0.209000
0.212001
0.210000
0.211000
0.209000
0.209998
0.208000
0.213999
0.210000
0.209998
0.209000
0.213999
0.209000
0.212001
0.210000
0.211000
0.210000
0.211000
0.211000
0.209000
0.210000
0.212999
0.211000
0.249000
0.239000
0.225000
0.210999
0.209000
0.211000
0.210000
0.210000
0.209000
0.210000
0.209998
0.209000
0.209000
0.209000
0.211000
0.210999
0.212001
0.212001
0.212001
0.210000
0.210000
0.210000
0.210000
0.211000
0.209000
0.212001
0.209000
0.210000
0.211000
0.209000
0.208000
0.209000
0.208000
0.209000
0.209998
0.209000
0.208000
0.210000
0.208000
0.210000
0.211000
0.242000
0.211000
0.255000
0.241000
0.227001
0.208000
0.211000
0.210000
0.210000
0.208000
0.209000
0.208000
0.209000
0.213001
0.211000
0.209000
0.210000
0.210999
0.211000
0.208002
0.210000
0.208000
0.210000
0.257000
0.213001
0.207001
0.211000
0.209000
0.210999
0.209000
0.211000
0.211000
0.210999
0.208000
0.210000
0.208000
0.209000
0.207001
0.208000
0.210000
0.209998
0.206001
0.208000
0.210000
0.231000
0.223001
0.226000
0.206001
0.208000
0.205999
0.210000
0.212999
0.209000
0.210000
0.208002
0.211000
0.209000
0.205999
0.208000
0.205999
0.208002
0.205999
0.209000
0.210000
0.206999
0.205001
0.206999
0.210000
0.208000
0.210000
0.208002
0.209000
0.206999
0.208000
0.206999
0.207001
0.205999
0.209000
0.206999
0.208000
0.206999
0.208000
0.205999
0.210000
0.205999
0.208000
0.206999
0.265000
0.236999
0.225998
0.207001
0.213001
0.207001
0.209000
0.211000
0.210000
0.209000
0.206999
0.206999
0.208000
0.206999
0.206999
0.206001
0.209000
0.205999
0.205001
0.209000
0.208002
0.205999
0.207001
0.209998
0.209000
0.208000
0.208000
0.208000
0.208000
0.208000
0.206999
0.204999
0.208000
0.208000
0.206999
0.213001
0.210000
0.210000
0.209000
0.210000
0.210000
0.210000
0.209000
0.286000
0.244999
0.227001
0.212001
0.209000
0.209000
0.210999
0.210000
0.211999
0.210000
0.210000
0.211000
0.209000
0.210000
0.210000
0.211000
0.209000
0.209000
0.210000
0.211000
0.209000
0.209002
0.209998
0.211000
0.209000
0.211000
0.211999
0.211000
0.209000
0.209000
0.210999
0.210000
0.210000
0.209000
0.210000
0.210000
0.211000
0.210000
0.211000
0.210000
0.209000
0.210000
0.281001
0.229001
0.224000
0.209000
0.211000
0.236999
0.211000
0.209000
0.211000
0.210000
0.210000
0.209998
0.210000
0.212001
0.210000
0.210000
0.211000
0.210999
0.208002
0.210000
0.210000
0.209998
0.209000
0.210000
0.213001
0.212001
0.209000
0.214001
0.210000
0.208000
0.209000
0.208000
0.210000
0.208000
0.209000
0.208000
0.215000
0.208000
0.210000
0.210000
0.210999
0.210000
0.211000
0.282999
0.242000
0.227001
0.210000
0.210000
0.211999
0.209000
0.213001
0.208000
0.206999
0.208000
0.210000
0.208000
0.211000
0.209000
0.212001
0.210000
0.210000
0.210000
0.221999
0.209000
0.211000
0.208000
0.210000
0.209000
0.211999
0.211000
0.211000
0.209000
0.211000
0.206999
0.210000
0.208000
0.212001
0.209000
0.210000
0.209000
0.209998
0.209000
0.209000
0.208000
0.210000
0.210000
0.251999
0.241000
0.227001
0.210000
0.210000
0.209000
0.210000
0.208000
0.210000
0.209000
0.210000
0.209000
0.210000
0.208000
0.209000
0.209000
0.209000
0.208000
0.210000
0.211000
0.210999
0.210000
0.209000
0.209998
0.209002
0.210000
0.208000
0.209000
0.209000
0.210000
0.209998
0.210000
0.210000
0.210000
0.210000
0.209000
0.208000
0.210000
0.210000
0.210000
0.211000
0.209000
0.235001
0.226000
0.225000
0.209000
0.210000
0.209000
0.210000
0.210000
0.211000
0.208000
0.212001
0.211000
0.211999
0.208002
0.211999
0.210000
0.208000
0.209000
0.210000
0.211999
0.211000
0.210000
0.209000
0.210000
0.208000
0.210000
0.210000
0.210000
0.209000
0.209000
0.210000
0.209002
0.211000
0.210000
0.208002
0.210000
0.210000
0.209998
0.209000
0.211000
0.208000
0.210000
0.211000
0.251001
0.244999
0.226999
0.209000
0.210000
0.211000
0.209000
0.210000
0.210999
0.209000
0.210000
0.210999
0.210000
0.210999
0.209998
0.210000
0.206999
0.210000
0.211000
0.208000
0.209000
0.208002
0.210000
0.210000
0.211000
0.209000
0.211999
0.213001
0.211999
0.209998
0.209998
0.496000
0.240000
0.225000
0.209000
0.211000
0.210000
0.209000
0.210000
0.209000
0.210000
0.209000
0.210000
0.236001
0.226000
0.226999
0.209998
0.210000
0.209000
0.210999
0.209000
0.209000
0.209000
0.209000
0.208000
0.210000
0.209000
0.209000
0.209000
0.209000
0.209000
0.210000
0.209000
0.209000
0.210000
0.209000
0.212999
0.213999
0.209000
0.209000
0.211000
0.209000
0.209000
0.210000
0.209000
0.209000
0.210000
0.208000
0.210999
0.208000
0.209000
0.208000
0.209000
0.208000
0.210000
0.234999
0.225000
0.226000
