73.800000
73.780000
73.800000
73.800000
73.800000
73.800000
73.800000
73.800000
73.800000
73.800000
73.780000
73.780000
73.800000
73.800000
73.960000
74.200000
74.720000
74.800000
75.000000
73.780000
73.780000
73.780000
73.780000
73.780000
73.780000
73.780000
73.780000
73.780000
73.800000
73.800000
88.900000
73.900000
73.800000
73.800000
73.800000
73.800000
73.800000
73.780000
73.780000
73.780000
73.780000
73.780000
73.780000
73.780000
73.780000
73.780000
73.780000
73.780000
73.780000
73.800000
73.800000
73.800000
73.800000
73.800000
73.800000
73.800000
73.800000
73.780000
73.780000
73.780000
73.780000
73.780000
73.780000
73.780000
73.780000
73.780000
73.780000
73.780000
73.780000
73.800000
73.800000
73.800000
73.800000
73.800000
73.800000
73.800000
73.800000
73.780000
73.780000
73.780000
73.780000
73.780000
73.780000
73.780000
79.300000
73.800000
73.800000
73.800000
73.800000
73.800000
73.800000
73.800000
73.780000
73.780000
73.780000
73.780000
73.780000
73.780000
73.780000
73.780000
73.780000
73.780000
73.780000
73.780000
73.800000
73.800000
73.800000
73.800000
73.800000
73.800000
73.800000
73.800000
73.780000
73.780000
73.780000
73.780000
73.780000
73.780000
73.780000
73.780000
73.780000
73.780000
73.780000
73.780000
73.800000
73.800000
73.800000
73.800000
73.800000
73.800000
73.800000
73.800000
73.780000
73.780000
73.780000
73.780000
73.780000
75.660000
80.840000
74.480000
74.360000
74.460000
74.540000
75.060000
74.280000
74.260000
74.320000
74.160000
74.720000
74.560000
74.000000
74.340000
74.360000
74.980000
74.480000
74.340000
74.520000
74.400000
74.360000
75.040000
73.780000
73.780000
73.780000
73.800000
73.800000
73.800000
73.800000
73.800000
73.800000
73.800000
73.800000
73.780000
73.780000
73.780000
73.780000
73.780000
73.780000
73.780000
73.780000
73.780000
73.780000
73.780000
73.780000
73.800000
73.800000
73.800000
73.800000
73.800000
73.800000
73.800000
73.800000
73.780000
79.200000
73.780000
73.780000
73.780000
73.780000
73.780000
73.780000
73.800000
73.800000
73.800000
73.800000
73.800000
73.800000
73.800000
73.800000
73.780000
73.780000
73.780000
73.780000
73.780000
73.780000
73.780000
73.780000
73.780000
73.780000
73.780000
73.780000
73.800000
73.800000
73.800000
73.800000
73.800000
73.800000
73.800000
73.800000
73.780000
73.780000
73.780000
73.780000
73.780000
73.780000
73.780000
73.780000
73.780000
73.780000
73.780000
73.780000
73.800000
73.800000
73.800000
73.800000
73.800000
73.800000
73.800000
77.020000
73.780000
73.780000
73.780000
73.780000
73.780000
73.780000
73.800000
73.800000
73.800000
73.800000
73.800000
73.800000
73.800000
73.800000
73.780000
73.780000
73.780000
73.780000
73.780000
73.780000
73.780000
73.780000
73.780000
73.780000
73.780000
73.780000
73.800000
73.800000
73.800000
73.800000
73.800000
73.800000
73.800000
73.800000
73.780000
73.780000
73.780000
73.780000
73.780000
73.780000
73.780000
73.780000
73.780000
73.780000
73.780000
73.780000
73.800000
73.800000
73.800000
73.800000
73.800000
73.800000
73.800000
79.820000
73.800000
73.800000
73.800000
73.800000
73.800000
73.800000
73.800000
73.780000
73.780000
73.780000
73.780000
73.780000
73.780000
73.780000
73.780000
73.780000
73.780000
73.780000
73.780000
73.800000
73.800000
73.800000
73.800000
73.800000
73.800000
73.800000
73.800000
73.780000
73.780000
73.780000
73.780000
73.780000
73.780000
73.780000
73.780000
73.780000
73.780000
73.780000
73.780000
73.800000
73.800000
73.800000
73.800000
73.800000
73.800000
73.800000
73.800000
73.780000
73.780000
73.780000
73.780000
73.780000
73.780000
73.780000
78.940000
73.800000
73.780000
73.780000
73.780000
73.780000
73.780000
73.780000
73.780000
73.780000
73.780000
73.780000
73.780000
73.780000
73.800000
73.800000
73.800000
73.800000
73.800000
73.800000
73.800000
73.800000
73.780000
73.780000
73.780000
73.780000
73.780000
73.780000
73.780000
73.780000
73.780000
73.780000
73.780000
73.780000
73.800000
73.800000
73.800000
73.800000
73.800000
73.800000
73.800000
73.800000
73.780000
73.780000
73.780000
73.780000
73.780000
73.780000
73.780000
73.780000
73.780000
73.780000
73.780000
73.780000
79.060000
73.780000
73.780000
73.780000
73.780000
73.780000
73.780000
73.800000
73.800000
73.800000
73.800000
73.800000
73.800000
73.800000
73.800000
73.780000
73.780000
73.780000
73.780000
73.780000
73.780000
73.780000
73.780000
73.780000
73.780000
73.780000
73.780000
73.800000
73.800000
73.800000
73.800000
73.800000
73.800000
73.800000
73.800000
73.780000
73.780000
73.780000
73.780000
73.780000
73.780000
73.780000
73.780000
73.780000
73.780000
73.780000
73.780000
73.800000
73.800000
73.800000
73.800000
73.800000
73.800000
73.800000
77.880000
73.800000
73.800000
73.800000
73.800000
73.800000
73.780000
73.780000
73.780000
73.780000
73.780000
73.780000
73.780000
73.780000
73.780000
73.780000
73.780000
73.780000
73.800000
73.800000
73.800000
73.800000
73.800000
73.800000
73.800000
73.800000
73.780000
73.780000
73.780000
73.780000
73.780000
73.780000
73.780000
73.780000
73.780000
73.780000
73.780000
73.780000
73.800000
73.800000
73.800000
73.800000
73.800000
73.800000
73.800000
73.800000
73.780000
73.780000
73.780000
73.780000
73.780000
73.780000
73.780000
73.780000
78.100000
73.800000
73.800000
73.780000
73.780000
73.780000
73.780000
73.780000
73.780000
73.780000
73.780000
73.780000
73.780000
73.780000
73.780000
73.800000
73.800000
73.800000
73.800000
73.800000
73.800000
73.800000
73.800000
73.780000
73.780000
73.780000
73.780000
73.780000
73.780000
73.780000
73.780000
73.780000
73.780000
73.780000
73.780000
73.800000
73.800000
73.800000
73.800000
73.800000
73.800000
73.800000
73.800000
73.780000
73.780000
73.780000
73.780000
73.780000
73.780000
73.780000
73.780000
73.780000
73.780000
73.780000
87.060000
73.780000
73.780000
73.780000
73.780000
73.780000
73.780000
73.780000
73.780000
73.780000
73.780000
73.800000
73.800000
73.800000
73.800000
73.800000
73.800000
73.800000
73.800000
73.780000
73.780000
73.780000
73.780000
73.780000
73.780000
73.780000
73.780000
73.780000
73.780000
73.780000
73.780000
73.800000
73.800000
73.800000
73.800000
73.800000
73.800000
73.800000
73.800000
73.780000
73.780000
73.780000
73.780000
73.780000
73.780000
73.780000
73.780000
73.780000
73.780000
73.780000
73.780000
73.800000
73.800000
73.800000
77.960000
73.780000
73.780000
73.780000
73.800000
73.800000
73.800000
73.800000
73.800000
73.800000
73.800000
73.800000
73.780000
73.780000
73.780000
73.780000
73.780000
73.780000
73.780000
73.780000
73.780000
73.780000
73.780000
73.780000
73.800000
73.800000
73.800000
73.800000
73.800000
73.800000
73.800000
73.800000
73.780000
73.780000
73.780000
73.780000
73.780000
73.780000
73.780000
73.780000
73.780000
73.780000
73.780000
73.780000
73.800000
73.800000
73.800000
73.800000
73.800000
73.800000
73.800000
73.800000
73.780000
73.780000
77.920000
73.800000
73.800000
73.780000
73.780000
73.780000
73.780000
73.780000
73.780000
73.780000
73.780000
73.780000
73.780000
73.780000
73.780000
73.800000
73.800000
73.800000
73.800000
73.800000
73.800000
73.800000
73.800000
73.780000
73.780000
73.780000
73.780000
73.780000
73.780000
73.780000
73.780000
73.780000
73.780000
73.780000
73.780000
73.800000
73.800000
73.800000
73.800000
73.800000
73.800000
73.800000
73.800000
73.780000
73.780000
73.780000
73.780000
73.780000
73.780000
73.780000
73.780000
73.780000
73.780000
73.780000
77.800000
73.780000
73.780000
73.780000
73.780000
73.780000
73.800000
73.800000
73.800000
73.800000
73.800000
73.800000
73.800000
73.800000
73.780000
73.780000
73.780000
73.780000
73.780000
73.780000
73.780000
73.780000
73.780000
73.780000
73.780000
73.780000
73.800000
73.800000
73.800000
73.800000
73.800000
73.800000
73.800000
73.800000
73.780000
73.780000
73.780000
73.780000
73.780000
73.780000
73.780000
73.780000
73.780000
73.780000
73.780000
73.780000
73.800000
73.800000
73.800000
73.800000
73.800000
73.800000
73.800000
73.800000
78.580000
73.980000
73.780000
73.780000
73.780000
73.780000
73.780000
73.780000
73.780000
73.780000
73.780000
73.780000
73.780000
73.800000
73.800000
73.800000
73.800000
73.800000
73.800000
73.800000
73.800000
73.780000
73.780000
73.780000
73.780000
73.780000
73.780000
73.780000
73.780000
73.780000
73.780000
73.780000
73.780000
73.800000
73.800000
73.800000
73.800000
73.800000
73.800000
73.800000
73.800000
73.780000
73.780000
73.780000
73.780000
73.780000
73.780000
73.780000
73.780000
73.780000
73.780000
73.780000
73.780000
73.800000
78.640000
73.800000
73.800000
73.800000
73.800000
73.800000
73.780000
73.780000
73.780000
73.780000
73.780000
73.780000
73.780000
73.780000
73.780000
73.780000
73.780000
73.780000
73.800000
73.800000
73.800000
73.800000
73.800000
73.800000
73.800000
73.800000
73.780000
73.780000
73.780000
73.780000
73.780000
73.780000
73.780000
73.780000
73.780000
73.780000
73.780000
73.780000
73.800000
73.800000
73.800000
73.800000
73.800000
73.800000
73.800000
73.800000
73.780000
73.780000
73.780000
73.780000
73.780000
73.780000
73.780000
73.780000
78.240000
73.800000
73.800000
73.800000
73.780000
73.780000
73.780000
73.780000
73.780000
73.780000
73.780000
73.780000
73.780000
73.780000
73.780000
73.780000
73.800000
73.800000
73.800000
73.800000
73.800000
73.800000
73.800000
73.800000
73.780000
73.780000
73.780000
73.780000
73.780000
73.780000
73.780000
73.780000
73.780000
73.780000
73.780000
73.780000
73.800000
73.800000
73.800000
73.800000
73.800000
73.800000
73.800000
73.800000
73.780000
73.780000
73.780000
73.780000
74.000000
73.780000
73.780000
73.780000
73.780000
73.780000
73.780000
77.820000
73.800000
73.800000
73.800000
73.800000
73.800000
73.800000
73.780000
73.780000
73.780000
73.780000
73.780000
73.780000
73.780000
73.780000
73.780000
73.780000
73.780000
73.780000
73.800000
73.800000
73.800000
73.800000
73.800000
73.800000
73.800000
73.800000
73.780000
73.780000
73.780000
73.780000
73.780000
73.780000
73.780000
73.780000
73.780000
73.780000
73.780000
73.780000
73.800000
73.800000
73.800000
73.800000
73.800000
73.800000
73.800000
73.800000
73.780000
73.780000
73.780000
