446.580000
641.340000
603.120000
514.180000
580.000000
601.800000
614.940000
752.500000
739.240000
668.740000
480.540000
535.880000
538.380000
535.460000
518.460000
519.560000
522.060000
452.300000
517.820000
446.520000
520.140000
444.040000
505.000000
489.040000
510.020000
505.500000
498.980000
497.920000
513.560000
508.380000
502.440000
435.360000
495.920000
468.500000
428.880000
458.180000
414.800000
489.160000
482.480000
470.700000
468.720000
464.180000
461.540000
557.000000
604.380000
599.180000
596.380000
663.000000
608.080000
584.520000
509.640000
446.420000
523.020000
515.700000
499.880000
662.200000
783.360000
575.220000
583.920000
604.320000
639.940000
640.100000
683.140000
550.400000
446.580000
515.120000
447.640000
505.220000
446.940000
438.600000
423.520000
493.620000
490.100000
489.640000
472.620000
503.320000
497.160000
488.100000
486.740000
486.480000
444.960000
423.100000
435.720000
490.280000
492.240000
432.140000
448.580000
426.040000
442.780000
484.860000
476.940000
616.760000
472.400000
452.140000
484.420000
512.440000
480.240000
517.840000
452.240000
528.940000
455.660000
495.220000
451.000000
507.580000
509.980000
453.760000
505.340000
513.240000
512.900000
509.680000
402.460000
464.000000
440.600000
490.860000
501.520000
442.080000
514.960000
509.960000
509.400000
499.800000
479.120000
504.680000
502.460000
485.280000
500.240000
505.780000
444.820000
504.560000
450.840000
439.100000
443.260000
507.860000
515.900000
504.940000
504.340000
498.880000
505.120000
438.740000
502.100000
397.120000
507.240000
508.200000
498.640000
507.280000
506.120000
505.600000
506.480000
496.720000
470.720000
513.160000
507.700000
513.460000
504.020000
487.180000
505.840000
446.140000
504.080000
513.700000
429.140000
506.200000
474.080000
504.580000
477.560000
439.120000
503.960000
460.620000
395.840000
357.100000
503.700000
496.620000
493.140000
442.020000
477.860000
509.960000
503.860000
504.760000
508.000000
508.840000
504.220000
503.260000
462.100000
510.540000
505.460000
442.920000
367.940000
408.400000
500.520000
503.440000
496.680000
505.940000
517.040000
502.840000
505.200000
443.460000
498.940000
485.040000
353.080000
502.100000
505.020000
508.280000
504.480000
503.360000
499.940000
504.120000
502.060000
499.880000
502.220000
503.660000
498.320000
502.180000
495.820000
502.900000
470.020000
499.920000
511.640000
506.460000
504.640000
485.520000
489.480000
481.220000
495.620000
500.640000
501.580000
501.120000
490.940000
502.680000
499.700000
497.000000
481.520000
496.620000
507.400000
441.860000
501.840000
504.480000
499.020000
456.000000
498.980000
502.000000
494.820000
465.060000
502.400000
438.580000
453.020000
446.080000
490.140000
507.980000
460.600000
514.160000
506.080000
503.620000
444.200000
501.400000
483.460000
483.360000
356.500000
487.260000
511.860000
503.740000
508.600000
452.460000
497.920000
499.620000
442.780000
389.580000
508.280000
503.020000
505.780000
503.280000
500.500000
499.740000
461.280000
441.040000
511.180000
509.440000
510.340000
510.080000
444.880000
446.880000
462.520000
441.720000
503.100000
505.420000
506.900000
453.100000
443.880000
499.800000
504.920000
507.280000
501.780000
513.540000
501.860000
505.120000
509.100000
500.940000
441.540000
503.540000
502.900000
516.300000
508.460000
499.740000
509.660000
503.920000
489.600000
441.640000
498.640000
511.120000
510.080000
501.860000
501.940000
506.060000
479.180000
485.540000
443.380000
506.560000
482.920000
508.120000
501.500000
501.980000
449.000000
496.900000
497.760000
467.200000
508.120000
501.560000
503.000000
500.380000
473.000000
433.980000
500.480000
500.660000
444.160000
426.140000
359.440000
505.600000
498.640000
493.320000
436.740000
494.940000
509.520000
504.700000
500.160000
503.720000
438.020000
503.220000
499.100000
501.120000
510.380000
482.560000
506.120000
495.500000
489.760000
437.700000
500.060000
492.160000
503.660000
505.780000
504.300000
438.980000
460.860000
507.740000
458.000000
499.980000
509.520000
493.960000
370.640000
358.540000
504.220000
501.940000
498.880000
440.820000
506.180000
512.120000
506.300000
504.840000
504.120000
504.080000
502.580000
506.460000
449.780000
494.900000
510.780000
471.340000
450.440000
445.500000
454.200000
500.580000
500.960000
510.360000
468.380000
437.940000
499.500000
496.600000
501.360000
497.460000
497.400000
434.460000
462.780000
502.280000
499.480000
438.860000
497.820000
500.680000
495.320000
494.500000
507.140000
502.760000
500.800000
502.680000
436.580000
429.880000
440.260000
503.320000
505.580000
503.420000
475.000000
447.700000
435.960000
500.400000
437.860000
497.500000
502.420000
508.540000
501.700000
450.800000
440.460000
500.200000
495.180000
465.780000
439.880000
475.460000
494.980000
503.040000
498.360000
429.220000
429.100000
441.240000
504.000000
511.360000
508.260000
442.820000
501.700000
490.820000
499.940000
503.940000
505.500000
500.380000
515.540000
503.040000
501.500000
503.180000
438.460000
504.500000
498.400000
433.460000
517.560000
499.240000
498.160000
499.600000
497.700000
496.260000
430.700000
495.800000
494.300000
466.840000
469.300000
502.480000
500.140000
499.960000
494.460000
498.660000
469.080000
441.060000
497.660000
499.980000
466.120000
497.500000
436.060000
499.960000
499.920000
502.680000
497.480000
436.100000
492.420000
500.200000
501.200000
498.400000
476.580000
437.560000
495.880000
456.240000
438.460000
433.340000
429.720000
493.840000
490.180000
491.740000
468.440000
496.300000
497.460000
497.000000
494.540000
496.720000
488.840000
500.200000
498.600000
446.280000
495.880000
492.900000
499.680000
499.440000
454.340000
432.080000
516.480000
507.780000
454.540000
501.120000
435.660000
506.100000
501.100000
504.280000
479.260000
504.860000
451.060000
495.920000
495.880000
490.180000
493.900000
471.980000
468.060000
501.560000
499.120000
488.120000
500.100000
494.340000
483.420000
493.860000
477.960000
495.340000
497.780000
496.220000
493.520000
502.160000
456.800000
494.680000
499.940000
494.660000
496.420000
437.200000
499.540000
500.380000
447.780000
398.160000
498.300000
500.800000
435.780000
501.460000
456.020000
359.720000
498.060000
495.340000
453.420000
439.280000
496.740000
502.760000
439.660000
431.520000
474.460000
493.060000
493.940000
494.380000
497.700000
498.700000
498.680000
500.420000
496.320000
493.680000
497.180000
492.980000
505.460000
501.480000
498.300000
501.660000
501.480000
493.660000
500.560000
494.820000
505.900000
459.420000
501.740000
437.200000
493.160000
493.680000
497.080000
441.740000
442.940000
499.400000
446.200000
502.340000
445.540000
437.280000
460.200000
496.120000
448.840000
480.420000
505.240000
504.940000
478.900000
499.260000
435.360000
475.340000
443.420000
454.240000
502.000000
473.380000
436.700000
495.040000
437.640000
436.640000
495.940000
457.760000
507.340000
479.680000
496.480000
500.520000
496.800000
497.420000
494.880000
492.460000
504.740000
481.860000
438.060000
471.620000
499.120000
494.980000
495.860000
495.420000
500.580000
506.460000
498.680000
501.220000
484.100000
500.480000
500.000000
495.740000
478.200000
502.080000
441.840000
486.660000
439.600000
446.380000
447.160000
439.400000
492.660000
501.880000
503.780000
504.440000
491.580000
493.700000
503.360000
501.440000
498.140000
477.900000
502.820000
502.940000
425.160000
437.360000
483.300000
436.800000
441.060000
437.680000
511.960000
503.520000
496.120000
501.500000
471.820000
497.260000
460.460000
498.020000
484.160000
499.580000
498.620000
493.060000
492.140000
495.900000
491.660000
429.240000
502.520000
499.940000
436.840000
496.660000
499.820000
499.540000
492.220000
442.100000
487.800000
498.800000
437.440000
499.480000
501.140000
492.220000
437.880000
379.760000
499.900000
499.560000
457.940000
497.940000
500.640000
482.920000
491.920000
499.500000
496.400000
504.200000
492.440000
495.560000
500.920000
467.720000
478.540000
503.560000
493.040000
504.680000
506.220000
502.340000
473.220000
502.820000
503.440000
463.500000
476.620000
465.620000
504.660000
503.160000
475.880000
499.240000
497.820000
437.400000
482.200000
501.080000
499.300000
476.440000
489.880000
441.540000
496.360000
497.240000
501.760000
501.140000
513.260000
497.100000
501.460000
435.220000
497.240000
490.140000
503.420000
500.700000
513.400000
438.520000
504.920000
500.400000
497.520000
495.540000
462.940000
435.360000
500.780000
495.280000
498.700000
483.840000
483.300000
493.160000
492.380000
498.080000
499.000000
497.560000
421.300000
355.080000
468.460000
501.820000
497.340000
497.160000
500.500000
511.860000
496.060000
497.500000
493.900000
498.120000
499.900000
495.320000
493.660000
504.520000
502.020000
501.540000
499.120000
495.460000
497.200000
495.440000
463.580000
503.260000
501.940000
501.880000
496.220000
488.140000
499.200000
499.940000
486.660000
488.480000
504.400000
497.160000
503.460000
500.760000
499.300000
445.540000
493.160000
484.180000
493.780000
437.400000
502.220000
507.660000
505.740000
438.400000
497.840000
487.380000
437.820000
502.500000
503.260000
496.740000
433.900000
499.920000
431.160000
495.580000
504.180000
496.320000
500.900000
433.960000
475.320000
434.440000
490.200000
474.440000
508.200000
499.720000
498.800000
450.100000
495.240000
499.620000
452.120000
494.120000
474.960000
503.040000
498.520000
501.300000
503.480000
435.360000
494.500000
490.560000
442.680000
497.940000
501.260000
504.720000
503.000000
498.980000
499.460000
456.280000
498.660000
507.060000
464.760000
497.200000
497.480000
498.600000
492.200000
435.380000
495.400000
507.780000
437.240000
494.080000
494.660000
493.260000
433.940000
500.680000
494.920000
484.780000
469.000000
497.420000
493.080000
500.340000
489.920000
500.320000
502.980000
509.340000
454.880000
437.280000
500.320000
496.820000
498.800000
503.380000
466.560000
435.620000
511.480000
499.860000
360.840000
484.380000
500.340000
495.560000
502.580000
494.560000
510.960000
469.280000
509.360000
702.460000
740.380000
581.400000
499.140000
531.780000
524.160000
508.960000
485.500000
446.080000
518.660000
511.680000
517.220000
506.520000
517.920000
507.740000
518.840000
511.320000
476.060000
509.840000
474.660000
517.520000
470.920000
443.300000
510.520000
513.680000
506.680000
512.000000
509.340000
515.060000
509.960000
511.260000
507.580000
509.320000
506.620000
511.560000
496.680000
521.060000
484.620000
447.080000
507.360000
509.040000
482.160000
438.960000
508.660000
682.160000
613.560000
637.160000
627.100000
609.060000
568.160000
555.600000
580.800000
569.380000
567.620000
556.640000
568.240000
565.620000
592.680000
582.220000
564.700000
563.380000
546.720000
547.280000
563.640000
550.980000
534.380000
569.920000
553.040000
540.580000
537.680000
570.320000
552.800000
555.020000
541.480000
577.820000
573.100000
538.700000
562.860000
538.740000
580.940000
562.600000
560.300000
573.120000
544.320000
563.020000
560.580000
576.160000
556.740000
569.720000
558.280000
569.040000
567.060000
566.380000
566.340000
573.460000
556.160000
570.920000
