421.040000
285.100000
233.260000
222.940000
216.880000
252.460000
224.660000
217.980000
215.860000
213.520000
212.920000
212.240000
212.100000
211.040000
212.560000
211.560000
210.680000
212.220000
211.320000
211.260000
211.040000
211.040000
211.440000
222.440000
219.600000
213.400000
210.900000
211.620000
214.980000
211.780000
209.680000
209.480000
209.420000
208.680000
213.960000
263.400000
346.700000
327.920000
294.840000
259.000000
240.540000
221.800000
218.100000
217.980000
217.180000
215.760000
215.660000
216.360000
216.280000
215.560000
215.160000
216.520000
216.180000
215.900000
214.780000
215.780000
215.000000
215.120000
220.460000
216.000000
216.940000
215.620000
215.740000
215.700000
216.540000
215.120000
215.180000
216.840000
215.660000
215.160000
215.880000
214.680000
215.760000
215.180000
214.440000
215.380000
215.800000
219.220000
215.580000
214.580000
215.920000
216.140000
215.340000
216.880000
214.400000
215.260000
214.960000
215.460000
216.000000
215.000000
215.420000
214.180000
215.420000
215.160000
214.920000
221.580000
216.020000
211.040000
210.300000
209.960000
210.960000
209.900000
210.220000
210.120000
210.620000
210.240000
211.140000
211.100000
210.020000
213.440000
221.460000
218.300000
213.820000
216.340000
216.180000
213.920000
216.040000
215.060000
210.320000
210.200000
210.700000
210.260000
209.440000
210.080000
210.400000
209.640000
212.100000
211.080000
210.000000
218.480000
250.220000
270.600000
243.000000
218.820000
217.980000
219.460000
219.160000
219.740000
219.180000
218.000000
217.740000
218.140000
217.960000
218.220000
217.940000
218.080000
217.900000
217.980000
217.940000
218.360000
229.860000
337.300000
378.700000
308.800000
294.100000
297.180000
299.220000
306.860000
308.240000
348.200000
393.220000
343.980000
280.700000
246.140000
223.820000
216.740000
213.100000
212.100000
212.120000
212.040000
211.800000
212.340000
212.600000
211.560000
211.860000
212.980000
212.220000
211.940000
212.440000
212.160000
212.460000
212.300000
216.460000
211.900000
211.460000
211.860000
211.960000
211.640000
212.020000
211.840000
211.620000
211.880000
211.720000
213.460000
214.620000
216.840000
215.900000
213.880000
213.540000
212.580000
213.300000
217.600000
212.940000
214.040000
212.680000
212.700000
212.980000
212.500000
212.560000
213.480000
212.400000
212.220000
212.700000
214.040000
213.500000
213.900000
222.580000
210.060000
206.460000
211.740000
206.480000
206.500000
207.100000
207.060000
209.040000
209.380000
213.960000
220.460000
240.060000
314.500000
335.100000
293.420000
266.320000
244.280000
233.160000
220.460000
221.200000
217.540000
216.300000
215.020000
215.860000
215.960000
217.020000
214.880000
216.080000
217.300000
217.980000
217.620000
216.820000
216.600000
215.800000
215.780000
218.080000
215.900000
216.340000
220.720000
216.960000
216.060000
216.180000
215.380000
217.680000
217.100000
215.480000
215.600000
216.340000
215.120000
216.160000
216.440000
215.360000
216.480000
217.820000
215.660000
215.800000
220.600000
216.340000
217.120000
217.560000
217.080000
217.000000
215.640000
215.380000
216.640000
216.420000
215.700000
215.640000
216.300000
216.600000
215.580000
215.720000
216.220000
228.040000
307.680000
326.200000
271.020000
269.180000
275.620000
278.240000
285.980000
287.820000
292.000000
295.900000
304.660000
311.700000
310.980000
310.240000
311.980000
301.840000
300.160000
302.860000
303.520000
300.440000
301.660000
307.720000
304.100000
308.500000
278.300000
264.960000
267.520000
270.340000
265.460000
265.780000
266.540000
264.600000
266.420000
265.080000
266.720000
268.080000
267.640000
268.140000
264.560000
265.660000
266.640000
267.840000
279.060000
267.060000
266.640000
267.780000
267.040000
266.820000
266.080000
264.960000
266.380000
266.540000
265.840000
264.000000
265.100000
266.880000
267.680000
268.740000
267.460000
266.240000
265.260000
265.860000
265.100000
265.360000
265.080000
266.420000
266.520000
266.040000
265.680000
266.360000
266.140000
265.160000
269.300000
266.140000
264.180000
265.260000
266.220000
265.740000
267.280000
265.020000
265.240000
266.280000
266.360000
264.840000
267.080000
264.980000
266.860000
269.120000
264.400000
266.120000
265.860000
264.920000
267.100000
265.940000
262.900000
266.520000
266.460000
266.100000
266.300000
264.780000
264.260000
264.980000
267.480000
265.760000
266.740000
266.980000
265.400000
265.260000
265.300000
263.800000
265.140000
267.360000
266.920000
262.240000
264.780000
266.640000
264.740000
270.360000
264.320000
266.560000
266.040000
265.680000
267.600000
263.800000
264.640000
267.160000
266.480000
266.780000
267.180000
266.340000
265.360000
265.380000
264.000000
269.160000
265.180000
265.040000
268.500000
266.820000
265.000000
266.380000
266.880000
267.220000
263.040000
266.800000
265.840000
266.920000
262.840000
264.800000
269.380000
266.540000
264.540000
267.200000
267.680000
267.500000
265.520000
265.660000
263.800000
265.460000
264.340000
265.440000
263.540000
266.120000
266.580000
269.180000
265.940000
265.040000
267.100000
266.220000
265.400000
263.920000
263.360000
263.040000
264.280000
264.900000
266.760000
266.580000
265.800000
267.180000
266.800000
267.520000
266.500000
266.340000
263.920000
264.860000
264.300000
263.820000
265.160000
263.300000
263.940000
266.800000
265.280000
264.580000
265.680000
268.180000
267.280000
263.620000
265.240000
263.300000
267.460000
265.580000
263.480000
266.180000
265.980000
266.680000
265.900000
263.500000
263.400000
266.660000
271.400000
265.420000
265.940000
264.440000
265.620000
265.120000
266.180000
265.940000
265.080000
266.360000
264.560000
265.860000
260.280000
263.000000
263.560000
270.080000
266.240000
267.080000
263.880000
266.940000
266.080000
265.240000
265.760000
263.900000
266.800000
266.420000
265.980000
265.160000
265.140000
265.840000
268.180000
265.920000
267.700000
267.660000
263.860000
265.880000
267.320000
266.580000
267.380000
266.120000
266.720000
264.460000
263.560000
266.400000
266.080000
267.660000
262.960000
264.320000
266.060000
267.620000
264.880000
263.960000
264.760000
266.420000
265.920000
262.600000
264.800000
264.720000
264.120000
265.560000
271.440000
264.380000
265.040000
266.720000
266.040000
266.780000
263.500000
265.060000
266.260000
265.100000
264.480000
265.640000
264.240000
265.800000
266.320000
270.120000
267.460000
266.360000
266.760000
265.900000
265.240000
267.680000
266.060000
267.200000
265.100000
268.300000
262.760000
263.660000
265.040000
265.600000
271.920000
262.220000
265.360000
267.700000
265.320000
264.840000
266.440000
264.500000
265.160000
266.000000
265.100000
267.980000
266.740000
265.780000
264.880000
269.660000
268.260000
263.480000
265.120000
266.100000
266.500000
265.500000
267.000000
263.860000
266.460000
265.780000
266.940000
264.840000
264.800000
264.780000
266.500000
267.180000
265.160000
264.440000
264.040000
265.900000
265.580000
264.380000
264.960000
265.420000
265.720000
266.260000
263.520000
266.580000
267.280000
266.500000
266.760000
265.880000
266.660000
266.500000
263.720000
263.340000
266.080000
266.600000
264.980000
265.020000
265.280000
267.520000
265.440000
265.940000
270.000000
266.880000
263.440000
264.860000
265.380000
265.580000
266.060000
266.860000
264.860000
264.340000
268.340000
265.660000
265.800000
265.840000
268.780000
271.420000
262.760000
266.100000
266.120000
265.380000
264.540000
266.220000
265.760000
267.320000
265.380000
264.820000
264.180000
266.400000
265.740000
265.620000
270.920000
264.320000
264.060000
264.200000
263.140000
266.720000
265.140000
264.200000
263.940000
265.120000
265.980000
264.640000
266.980000
266.260000
265.800000
270.720000
261.420000
260.120000
260.940000
259.820000
261.140000
259.740000
262.320000
261.540000
260.320000
259.060000
261.900000
259.520000
260.540000
258.120000
260.220000
263.780000
259.640000
261.500000
259.860000
261.220000
263.120000
259.100000
259.280000
260.440000
261.760000
261.400000
260.420000
261.120000
259.280000
259.760000
274.540000
253.260000
251.120000
249.560000
249.580000
251.640000
248.500000
250.200000
248.620000
249.120000
248.840000
249.880000
249.300000
250.760000
249.380000
250.560000
255.540000
248.860000
248.720000
251.360000
250.720000
250.300000
249.360000
247.860000
250.120000
249.480000
250.100000
248.940000
248.180000
249.160000
249.160000
248.980000
253.320000
249.000000
252.340000
249.260000
248.460000
249.780000
249.460000
249.020000
248.960000
249.500000
248.940000
247.980000
248.120000
248.860000
246.880000
248.880000
252.940000
249.220000
249.000000
248.220000
247.000000
250.100000
248.260000
250.580000
249.600000
247.380000
249.320000
248.560000
249.620000
248.880000
249.140000
249.400000
251.740000
249.440000
247.220000
247.700000
248.340000
249.460000
247.840000
247.500000
248.660000
248.240000
248.540000
248.020000
249.720000
248.280000
247.840000
247.440000
252.740000
248.460000
248.120000
248.760000
247.720000
247.300000
246.620000
248.240000
249.220000
249.340000
247.140000
247.260000
247.740000
249.280000
248.000000
249.000000
252.240000
246.680000
249.380000
247.820000
248.400000
247.460000
248.260000
246.580000
246.520000
249.560000
248.440000
247.960000
248.280000
248.000000
249.020000
249.900000
251.960000
248.940000
247.280000
246.600000
247.280000
248.620000
247.380000
247.100000
246.500000
248.180000
249.660000
253.460000
266.080000
257.980000
250.880000
256.020000
268.160000
282.520000
265.860000
259.280000
256.480000
255.580000
252.020000
252.800000
252.140000
251.440000
251.580000
251.180000
249.020000
248.340000
250.980000
251.000000
256.440000
251.480000
252.040000
250.020000
250.300000
250.940000
250.280000
250.720000
248.220000
249.900000
250.280000
248.360000
247.960000
249.860000
248.760000
249.300000
253.780000
252.580000
249.060000
249.220000
248.980000
250.100000
248.220000
246.700000
247.780000
248.240000
247.040000
247.580000
248.880000
246.640000
249.820000
247.560000
253.580000
248.680000
246.560000
246.320000
247.140000
247.000000
248.340000
247.880000
246.340000
246.620000
247.200000
248.320000
248.300000
247.140000
248.420000
247.780000
250.940000
249.380000
248.440000
247.480000
246.800000
248.200000
246.520000
248.860000
247.100000
248.260000
246.820000
246.640000
246.980000
246.780000
247.500000
247.040000
251.760000
247.320000
247.220000
246.900000
245.860000
245.680000
247.940000
247.120000
247.380000
247.780000
246.860000
245.520000
246.260000
246.600000
250.360000
248.060000
250.020000
249.480000
248.100000
247.280000
248.060000
249.100000
246.960000
247.260000
247.240000
246.780000
248.800000
247.660000
247.140000
248.960000
247.240000
247.000000
247.320000
251.600000
247.220000
244.760000
247.340000
249.080000
248.200000
248.080000
248.420000
249.000000
247.780000
247.240000
247.320000
249.100000
248.140000
248.380000
248.200000
251.800000
247.000000
247.660000
247.560000
248.360000
246.780000
245.980000
247.500000
245.680000
248.720000
248.100000
245.680000
246.700000
248.900000
246.040000
245.260000
252.920000
246.760000
