1.840000
1.900000
1.640000
1.680001
1.680001
3.400000
1.680000
1.680001
1.680000
1.680001
1.680000
1.700000
1.700000
1.680000
1.680001
1.700000
1.660001
1.660000
1.660001
1.660000
1.700001
2.220000
1.680001
1.680000
1.680000
1.660000
1.700000
1.680000
1.680000
1.680000
1.680000
1.680000
1.680000
1.680000
1.680001
1.680001
1.680000
1.660000
1.700000
1.680001
1.700000
1.660001
1.680000
1.660000
1.680001
1.680001
1.680001
1.680001
1.680001
1.680000
1.660000
1.680000
1.680000
1.660000
1.680000
1.660001
1.680000
1.660001
1.700000
1.680000
1.680001
1.660000
1.680000
1.680000
1.680001
1.680000
1.660000
1.680000
1.680000
1.660000
1.680000
1.660000
1.660000
1.660000
1.680001
1.680000
1.680000
1.680001
1.680000
1.700000
1.680001
1.680000
1.720000
1.700000
1.680000
1.700000
1.680000
1.700000
1.680000
1.660000
1.700000
1.700000
1.700000
1.700001
1.660001
1.680001
1.680000
1.680000
1.660000
1.639999
1.660001
1.680000
1.660001
1.680000
1.680000
1.680000
1.680000
1.680000
1.680000
1.700000
1.660000
1.700001
1.700000
1.680000
1.680000
1.680001
1.660000
1.680000
1.680000
1.700001
1.680001
1.680001
1.680001
1.680001
1.660001
1.660001
1.680000
1.680000
1.660000
1.700000
1.700000
1.660001
1.680000
1.680001
1.700001
1.680001
1.660001
1.660000
1.660000
1.680000
1.680000
1.700000
1.680000
1.660000
1.680000
1.680000
1.680000
1.660001
1.680001
1.680001
1.680001
1.680000
1.700000
1.700000
1.660001
1.660001
1.680000
1.680000
1.700000
1.680000
1.680000
1.680001
1.660000
1.680000
1.660000
1.800000
1.680000
1.680000
1.700000
1.700000
1.680000
1.680000
1.660000
1.640000
1.700000
1.700000
1.700000
1.680000
1.680000
1.660000
1.700000
1.680000
1.680000
1.680000
1.680000
1.680000
1.680001
1.680000
1.680001
1.680000
1.680000
1.700000
1.660000
1.660000
1.680000
1.640000
1.680000
1.700001
1.680001
1.680000
1.700000
1.700000
1.700000
1.700000
1.660000
1.680000
1.700000
1.660001
1.680001
1.680000
1.660000
1.660000
1.680000
1.680001
1.680000
1.680001
1.680000
1.660001
1.680000
1.680001
1.660000
1.680000
1.680000
1.700000
1.660000
1.680000
1.660001
1.680000
1.680001
1.660001
1.680000
1.660000
1.700000
1.660001
1.680000
1.680000
1.700000
1.660001
1.700000
1.680000
1.660000
1.680000
1.680001
1.660001
1.680000
1.680000
1.720000
3.339999
1.920000
1.700000
1.680000
1.700000
1.680001
1.660000
1.700000
1.680001
1.700000
1.700000
1.680000
1.680000
1.680000
1.700000
1.700000
1.700001
1.680001
1.700000
1.680001
1.660001
1.680000
1.700000
1.660000
1.660000
1.660000
1.680000
1.680001
1.680000
1.660000
1.680001
1.680000
1.660001
1.680000
1.680000
1.680000
1.660000
1.680000
1.680000
1.680000
1.660001
1.680000
1.680000
1.700000
1.660000
1.680000
1.680000
1.660001
1.680000
1.940000
1.680000
1.660000
1.680000
1.680000
1.680000
1.680001
1.680000
1.780001
1.680000
1.660001
1.680001
1.660000
1.720000
1.680000
1.680000
1.680000
1.680001
1.660000
1.680000
1.680001
1.720000
1.680000
1.660000
1.660000
1.680000
1.700000
1.680001
1.680000
1.680000
1.660000
1.680001
1.700000
1.680000
1.660000
1.680000
1.700000
1.680001
1.680001
1.680000
1.680001
1.680000
1.680000
1.660000
1.680000
1.680001
1.660000
1.660001
1.700000
1.660001
1.680000
1.680001
1.680000
1.680001
1.680000
1.660000
1.700000
1.660001
1.680000
1.660001
1.680000
1.680000
1.700000
1.680000
1.680000
1.700000
1.680000
1.680000
1.680000
1.660001
1.700000
1.680001
1.680001
1.680000
1.680000
1.660001
1.640000
1.680000
1.680000
1.680000
1.680001
1.700000
1.660000
1.680000
1.660001
1.680001
1.839999
1.660000
1.680000
1.680001
1.680000
1.660001
1.680000
1.680000
1.680000
1.700000
1.680000
1.700000
1.680001
1.660000
1.700000
1.680000
1.700000
1.680000
1.700000
1.780000
1.700000
1.680000
1.680000
1.680001
1.700001
1.680000
1.680001
1.680000
1.680001
1.700000
1.700000
1.660001
1.660000
1.660000
1.680000
1.680000
1.680000
1.680000
1.680000
1.680000
1.680000
1.680001
1.700000
1.700000
1.640000
1.680000
1.680000
1.680000
1.660000
1.660001
1.660001
1.680000
1.680000
1.660000
1.660000
1.680000
1.680000
1.680001
1.700000
1.680000
1.660001
1.660000
1.680000
1.700000
1.680000
1.660001
1.680000
1.680000
1.680000
1.680000
1.680001
1.660000
1.660001
1.660000
1.700001
1.660000
1.680000
1.660000
1.680000
1.680000
1.680000
1.680001
1.680001
1.660000
1.680000
1.680001
1.680000
1.660001
1.680000
1.680000
1.660001
1.700000
1.700000
1.680001
1.700000
1.680001
1.680000
1.660001
1.680000
1.680000
1.680000
1.640000
1.720000
1.680000
1.680000
1.660001
1.680001
1.680000
1.660000
1.680000
1.660001
1.680000
1.680001
1.680000
1.660001
1.680000
1.680000
1.680000
1.680001
1.660000
1.660000
1.680000
1.680001
1.660000
1.680000
1.680000
1.680000
1.660001
1.660000
1.680000
1.680000
1.700000
1.780001
1.680001
1.660000
1.680000
1.640000
1.660001
1.660001
1.980000
1.680000
1.680000
1.680001
1.660000
1.700000
1.680000
1.640000
1.660000
1.680000
1.660000
1.680001
1.680001
1.660001
1.660000
1.700000
1.660001
1.680000
1.680000
1.680000
1.700000
1.680001
1.700000
1.680000
1.680001
1.680000
1.680000
1.680000
1.700001
1.660001
1.680001
1.680000
1.680001
1.680000
1.680001
1.660000
1.680001
1.700000
1.660000
1.660000
1.660001
1.680000
1.680001
1.680001
1.680001
1.700000
1.700000
1.700000
1.780001
1.680000
1.680000
1.800000
1.680001
1.680000
1.780000
1.680000
1.680001
1.680000
1.700000
1.660000
1.680000
1.680001
1.680000
1.780001
1.660000
1.680000
1.660000
1.680000
1.660000
1.680000
1.680001
1.680001
1.680001
1.680000
1.680000
1.680000
1.700000
1.660001
1.700000
1.680000
1.680000
1.739999
1.680000
1.680000
1.680001
1.680000
1.680000
1.660001
1.680000
1.800000
1.680000
1.660000
1.660000
1.700001
1.680000
1.680000
1.680000
1.680000
1.700001
1.680000
1.680001
1.680001
1.680001
1.680001
1.660000
1.680000
1.680000
1.700000
1.700000
1.700000
1.639999
1.680000
1.680001
1.680000
1.700000
1.700000
1.660001
1.680000
1.680000
1.660000
1.640000
1.700000
1.680001
1.660000
1.660000
1.700000
1.640000
1.680001
1.760000
1.680001
1.660001
1.680001
1.700000
1.700000
1.680000
1.680000
1.660000
1.660001
1.660000
1.660001
1.680001
1.680000
1.640000
1.660000
1.700000
1.680000
1.680000
1.700000
1.820000
1.700000
1.680000
1.700001
1.680000
1.680000
1.680000
1.660000
1.700000
1.639999
1.660000
1.680001
1.680000
1.660000
1.680000
1.660001
1.680000
1.680000
1.680000
1.660001
1.660001
1.700000
1.680000
1.700000
1.680000
1.680001
1.680000
1.680000
1.680000
1.660000
1.820000
1.680001
1.680000
1.700000
1.680000
1.680000
1.680000
1.680001
1.660001
1.680000
1.660001
1.900000
1.700000
1.660000
1.760000
1.680001
1.800000
1.640000
1.680000
1.660001
1.759999
1.700000
1.660001
1.660000
1.660000
1.680000
1.680000
1.680000
1.680001
1.680000
1.680000
1.760000
2.560000
1.720000
1.660000
1.680000
1.680001
1.680000
1.660000
1.680001
1.660000
1.680001
1.680001
1.660000
1.700000
1.700000
1.700000
1.680001
1.640000
1.700000
1.660000
1.660000
1.660000
1.800001
1.680000
1.680000
1.660000
1.700000
1.680000
1.660000
1.680001
1.660000
1.680001
1.680000
1.680000
1.680000
1.660000
1.660000
1.680000
1.660000
1.680000
1.660001
1.660000
1.660001
1.680000
1.680000
1.660000
1.660000
1.660001
1.700000
1.660001
1.680000
1.680000
1.680000
1.680000
1.660000
1.680000
1.680001
1.720000
1.680000
1.660001
1.660000
1.680000
1.680000
1.700000
1.680000
1.700000
1.680000
1.680000
1.660001
1.660001
1.700000
1.680001
1.660000
1.680000
1.660000
1.700000
1.700001
1.660000
1.680001
1.660001
1.680001
1.700000
1.680000
1.700000
1.680000
1.680001
1.680001
1.700000
1.800000
1.680000
1.660000
1.680000
1.680000
1.660001
1.680000
1.660001
1.680000
1.680000
1.660000
1.700000
1.680001
1.680000
1.680000
1.680000
1.700001
1.660000
1.660000
1.680000
1.680000
1.700001
1.680000
1.660001
1.660001
1.660000
1.660001
1.680000
1.660000
1.800000
1.680000
1.660000
1.680000
1.800001
1.660000
1.680000
1.680000
1.660000
1.680000
1.660001
1.680000
1.660001
1.660000
1.660000
1.660001
1.680000
1.680000
1.660001
1.680000
1.680001
1.759999
1.660001
1.660000
1.680000
1.700000
1.680001
1.680000
1.680000
1.660001
1.700000
1.660000
1.660000
1.660000
1.680000
1.660001
1.660001
1.660000
1.640000
1.660001
1.660001
1.660000
1.700000
1.660001
1.680000
1.680001
1.680001
1.700000
1.840000
1.720000
1.660001
1.680000
1.660001
1.680000
1.680000
1.680000
1.680000
1.680000
1.680001
1.660000
1.660001
1.680000
1.680000
1.680000
1.660000
1.680001
1.660000
1.660001
1.680001
1.640000
1.660000
1.680000
1.680000
1.680000
1.700000
1.680001
1.660001
1.680000
1.680000
1.660000
1.660001
1.660001
1.680000
1.660000
1.660000
1.700000
1.700000
1.680000
1.660000
1.700000
1.680000
1.700000
1.660001
1.660000
1.660000
1.660000
1.660001
1.660001
1.700000
1.680001
1.660000
1.680000
1.660000
1.680000
1.680000
1.680001
1.680001
1.660001
1.680000
1.660001
1.660001
1.680000
1.680000
1.680000
1.660001
1.680000
1.680000
1.640000
1.680000
1.660000
1.660001
2.080000
2.180000
1.680000
1.680000
1.680000
1.680000
1.660001
1.680000
1.680001
1.680000
1.820000
1.700000
1.700000
1.680001
1.680000
1.700000
1.680000
1.700000
1.700000
1.680000
1.700000
1.660001
1.680000
1.700000
1.660000
1.660000
1.700000
1.660001
1.660001
1.680001
1.700000
1.660000
