514.819999
567.460001
497.260001
500.180000
498.520000
498.380000
497.780001
501.760000
500.380000
501.220000
512.200000
499.740000
502.240000
500.220001
503.840000
564.160001
502.020000
498.459999
505.040000
500.400000
515.480000
498.040000
503.220000
500.820000
501.400000
499.960000
500.420000
498.140000
500.560001
568.820000
515.920000
498.640000
498.300000
581.940000
500.600000
505.340000
496.840000
501.380000
499.040000
575.860000
502.839999
500.220000
496.700000
516.180000
499.380000
499.620000
569.960000
498.760000
499.559999
499.559999
500.780000
500.680000
498.459999
512.980000
502.680000
501.820000
502.640000
502.800000
499.620000
570.360000
504.020000
499.040000
567.920000
517.040000
507.600000
566.160000
514.240000
500.500000
500.320000
497.680000
500.920000
502.760000
501.360000
512.960000
501.140000
502.100000
570.060000
496.800000
499.500000
501.619999
568.180000
502.780001
501.820000
498.240000
566.720000
508.900000
512.620000
501.020000
500.380000
504.340000
498.640000
497.980000
501.900000
499.540000
499.460000
496.859999
513.460000
500.720000
569.440000
501.300000
500.500000
500.140000
504.080000
499.659999
500.320000
500.560001
517.280000
499.960000
501.340000
499.340001
504.560000
499.880000
571.280000
499.040000
502.500000
497.820000
515.560000
498.120000
498.700000
563.000000
499.520000
498.920000
571.560000
496.859999
499.520000
503.440000
565.760001
530.280000
535.400000
541.380000
529.320001
549.100000
508.000000
501.160000
498.320000
517.180000
500.480000
500.380000
500.860000
503.240000
568.660000
498.560000
513.960000
502.739999
499.400000
511.580000
502.140000
569.700000
499.540000
500.880000
500.040000
568.720000
501.200000
502.100000
500.240000
513.920000
499.640000
500.560001
498.760000
500.740000
503.800000
498.740000
500.020000
497.720000
502.520000
542.360000
500.480001
500.820000
500.980000
497.320000
499.620000
502.920000
498.060000
498.480001
502.860000
511.780000
498.319999
498.660000
499.880000
503.020001
501.820000
506.100000
497.000000
570.940000
499.360001
518.980000
499.980000
499.500000
513.780001
498.120000
568.600000
498.720000
501.400000
499.400000
496.580000
511.600001
502.440000
502.040001
512.540000
502.480000
503.640000
568.820000
502.780000
500.140000
501.040000
498.819999
503.500000
498.620000
537.040000
525.260000
570.120000
636.720000
527.980001
499.300000
601.120000
529.280000
615.759999
630.980000
533.320000
561.400000
527.480000
655.060001
562.360000
619.400000
582.100000
523.480000
537.040000
581.619999
518.860000
633.180000
644.160000
555.660000
588.620000
591.039999
681.980000
593.580000
595.440000
542.460000
509.120000
581.320000
499.120001
500.360000
575.239999
503.760001
500.940000
501.180000
503.500001
576.180000
497.040000
497.640000
569.560000
538.380000
657.920000
729.100000
587.120000
571.980000
521.680000
514.900000
627.080000
692.160000
652.560000
545.260000
565.740000
520.860001
550.140000
607.480000
655.320000
582.880000
560.840000
593.220000
595.480000
591.940001
584.120001
555.460000
526.920000
501.700000
504.060000
592.540000
505.440000
514.520000
503.980000
504.760000
509.580000
501.940000
506.180000
579.300000
500.539999
505.140000
501.000000
502.220000
578.420000
497.980000
546.780000
532.620000
640.540000
600.520000
497.400000
495.960000
573.560000
628.880001
568.500000
503.740000
494.460001
606.540000
688.080000
509.040000
491.280000
589.160000
632.420000
527.400000
513.560000
555.919999
632.460000
554.240000
486.740000
489.340000
570.780000
647.400000
582.180000
512.900000
499.399999
640.120000
595.400000
484.639999
482.740000
601.039999
658.600000
532.520000
488.880000
503.620000
562.000000
484.040000
556.540000
482.399999
499.880000
481.640000
482.340000
482.860001
483.380000
485.440000
557.220000
485.340000
487.360000
561.240001
502.839999
482.920000
484.900000
562.640000
490.160000
483.920000
488.760000
487.420000
484.920000
483.340001
498.200000
485.800000
483.040000
558.820000
483.240000
485.980000
562.260000
504.140001
484.399999
485.739999
564.440000
484.520000
484.560000
482.540000
484.220000
485.120000
560.160001
501.519999
484.960000
483.860000
484.900001
561.200000
484.040000
487.340000
568.540000
483.080001
485.220000
498.960000
485.920001
481.140000
487.900000
483.800001
558.260000
486.660000
484.340000
489.240000
482.840000
506.460000
482.880000
561.720000
483.220000
561.860001
483.000000
484.320000
561.020000
484.180001
484.940000
498.600000
484.940000
484.499999
486.460000
485.500000
559.020001
483.440000
499.140000
485.260000
481.439999
571.960000
489.020000
483.100000
483.240000
486.160000
484.600000
485.160000
505.680000
487.340000
485.739999
485.600000
481.920000
483.300000
488.580001
511.800000
486.320000
483.500000
561.660000
496.619999
482.300000
557.540000
485.320000
486.160000
484.040000
496.940000
486.340000
487.720001
487.320000
487.500000
483.759999
484.760000
489.519999
482.120001
486.079999
500.000000
486.900000
483.879999
558.860000
487.960000
485.040000
483.159999
504.799999
487.160000
487.820000
562.360000
486.440000
561.220000
486.500000
488.980000
481.860000
484.980000
502.400000
483.800001
483.340000
484.780001
484.300000
484.660001
486.300000
485.480000
481.699999
485.140000
503.820000
483.020000
484.160000
482.860000
560.140000
482.880000
483.260000
501.100000
482.280000
482.260000
482.280000
483.240000
483.560000
562.340001
483.519999
482.800000
559.260000
502.540000
484.920001
483.080000
480.780000
561.700000
482.580000
481.360000
485.359999
482.680000
479.700000
497.880000
485.680000
484.340000
488.720000
483.720000
557.160000
482.899999
496.200000
482.100000
483.320000
483.560000
484.259999
484.000000
561.160000
485.780001
483.360000
560.300000
495.520000
557.920001
487.300000
490.640000
480.440000
484.000000
484.879999
482.220001
484.040000
485.900000
561.940000
483.080000
484.180000
483.280000
485.239999
481.960000
488.780000
499.540000
483.279999
483.580001
566.460000
517.260000
526.820000
514.340000
582.600000
483.820000
483.000000
560.240000
485.440000
555.580000
495.780000
483.160000
484.560001
483.900000
485.360000
484.479999
559.900000
486.480000
480.760000
484.019999
496.460000
483.820000
483.879999
557.640000
483.120000
481.540000
480.140000
505.100000
483.700000
482.520000
481.240001
480.840000
484.180001
480.080000
486.020000
480.500001
485.900000
542.760000
480.480000
481.640000
481.520000
554.100000
480.640000
482.179999
496.640000
481.539999
481.339999
484.220001
557.880000
485.260000
483.460001
561.580000
480.560000
482.980000
493.560000
482.200000
481.640000
555.460000
482.600001
479.920000
556.860000
484.380000
481.660000
482.720001
503.620001
479.900000
484.480000
558.759999
484.340000
484.160000
479.880000
496.540000
484.040000
557.000000
481.820000
481.080000
480.620000
560.420000
484.220000
482.120001
482.100000
529.700000
481.260001
482.040000
555.800000
485.240000
483.360000
478.560001
481.620000
482.660000
483.720000
558.120000
479.920000
484.260000
486.520000
484.440000
482.520000
559.480000
501.120000
484.040000
482.500000
482.299999
479.820000
480.480000
483.140000
481.540000
481.079999
487.280000
495.380000
478.879999
481.220000
486.219999
559.620000
480.820000
483.120000
496.499999
482.679999
483.960000
558.640000
480.980000
484.500000
559.640001
482.940000
482.980000
484.600000
495.260000
485.620000
483.780000
483.700001
558.200000
482.820000
483.419999
500.680000
483.060000
481.800000
567.840000
482.700000
484.780000
481.280000
482.220001
482.300000
486.420000
496.320000
481.360001
482.900000
485.900000
482.580000
557.880000
482.340001
494.999999
481.480000
556.260000
496.259999
479.940000
483.820000
481.040000
483.200000
484.200000
557.040000
496.640000
480.620000
481.219999
483.560001
483.300000
482.000000
482.480000
494.879999
485.840000
483.120000
483.260000
556.980000
486.900000
483.580000
485.580000
482.640000
556.300000
493.940000
483.080001
485.260000
556.280000
482.240000
486.460000
556.920000
485.040000
485.560000
558.000000
499.200000
480.239999
484.460000
484.740000
483.440000
559.940000
483.720000
480.440000
481.380000
482.100001
498.620000
484.700000
481.300000
556.200000
488.100001
487.000000
485.900000
520.640000
481.440000
481.000000
482.780000
482.780000
484.420001
481.280000
482.980000
482.160000
559.880001
501.380000
486.839999
480.920000
558.040000
483.880000
480.860000
482.960001
498.400000
481.040000
484.320000
557.779999
483.820001
484.880000
482.440000
565.300000
485.860000
482.720000
497.940000
487.780000
485.499999
480.060000
483.700001
555.699999
482.380000
560.180000
485.500000
482.679999
498.520000
481.620000
483.159999
481.940000
483.940000
482.340000
482.440000
499.540000
483.560000
481.819999
482.120000
482.319999
557.400000
483.400000
484.900001
481.260000
482.480000
498.960000
482.140000
481.000000
486.180000
490.680000
483.020000
558.759999
500.780000
485.400000
480.200000
560.680000
484.519999
483.360000
484.280000
554.880001
485.640000
481.880000
498.840000
484.759999
484.580000
486.160001
485.040000
482.559999
482.419999
496.040001
483.860000
480.680000
483.220001
483.460000
481.860000
486.740001
485.100000
481.360000
482.040000
497.780000
485.400000
559.500000
484.740000
483.780000
484.260000
558.680001
482.520000
557.740000
487.120000
498.540000
484.060000
483.100000
485.600000
483.060000
482.000000
480.800000
499.860000
481.820000
484.300000
558.840000
484.780000
484.340000
480.400000
484.080001
557.100000
488.800000
496.959999
480.520000
481.219999
560.980001
485.620000
486.140001
482.420000
503.599999
484.480000
479.720000
484.260000
481.380000
484.060001
559.280001
482.980000
556.700000
487.800000
498.940000
482.260000
557.960000
481.840000
482.840000
556.380000
482.880000
486.100000
479.760000
483.299999
496.880000
483.380000
489.399999
481.240000
481.100000
481.040000
486.940000
495.300000
482.580001
483.660000
481.140000
483.120000
480.520000
484.260000
557.279999
480.940000
483.140000
500.900000
482.760000
487.180000
483.999999
483.700000
484.999999
483.740000
498.140000
484.280000
481.620000
482.919999
483.040000
482.280000
483.840000
483.640000
491.060001
483.800001
498.440000
481.280000
483.840000
483.220001
479.440001
482.400000
481.200000
494.700001
480.620000
482.860000
484.120000
490.680001
483.000000
483.960000
496.339999
481.960000
479.400001
482.880000
484.420001
486.060000
482.320000
483.380000
483.060000
483.800000
501.180000
482.540000
483.860000
482.880000
485.200000
483.700000
485.020000
497.440000
481.640000
485.800000
483.320000
483.720000
485.400000
484.160000
482.820000
483.400000
484.800000
500.440000
481.840000
485.720000
486.840000
481.480000
481.400000
482.020000
498.320000
480.980000
510.200000
531.099999
534.280000
521.220000
477.960000
482.940000
482.180000
483.500000
490.840000
483.140000
483.260000
494.520000
482.020000
481.300000
484.400000
484.600000
483.220000
483.279999
496.140000
481.980000
483.440001
559.320000
483.140000
558.600000
483.380000
487.260000
482.200000
480.860000
492.959999
481.459999
485.180000
483.660000
482.860000
483.520000
483.980000
