10.280000
9.600000
9.620000
9.600000
9.600000
9.620000
9.620000
9.620000
9.600000
9.600000
9.600000
11.600000
9.600000
9.720000
9.720000
9.720000
9.720000
9.720000
9.640000
9.600000
9.640000
9.720000
9.720000
9.600000
9.640000
9.600000
9.600000
9.580000
9.560000
9.600000
9.600000
9.580000
9.580000
9.700000
11.620000
10.060000
9.600000
9.600000
9.580000
10.020000
9.560000
9.660000
9.660000
10.080000
9.620000
9.600000
9.600000
10.020000
9.580000
9.600000
9.580000
9.480000
9.620000
9.600000
11.140000
10.100000
9.680000
9.580000
9.600000
10.040000
9.680000
9.600000
9.600000
10.060000
9.680000
11.600000
9.600000
9.480000
9.720000
9.720000
9.720000
9.580000
9.720000
9.680000
9.720000
9.660000
9.660000
9.700000
9.700000
10.120000
11.600000
9.580000
9.460000
9.640000
9.640000
9.600000
9.480000
9.640000
9.640000
9.640000
9.460000
9.460000
9.600000
9.640000
9.480000
9.880000
9.660000
9.580000
9.480000
11.480000
9.600000
9.600000
9.480000
9.680000
9.680000
9.580000
9.820000
9.620000
9.660000
9.580000
10.020000
9.580000
9.600000
9.640000
9.480000
9.720000
9.600000
9.600000
9.480000
11.380000
9.760000
9.600000
9.840000
9.660000
9.600000
9.600000
11.080000
9.540000
9.600000
9.620000
9.500000
9.600000
9.700000
9.600000
11.680000
9.600000
9.680000
10.380000
9.800000
10.440000
12.000000
9.880000
9.640000
9.740000
10.120000
9.920000
9.820000
9.800000
9.680000
13.100000
9.780000
9.820000
9.960000
9.580000
9.640000
9.700000
11.360000
9.940000
9.680000
9.560000
10.040000
9.600000
9.960000
9.660000
10.100000
9.840000
9.660000
9.680000
9.680000
9.680000
11.860000
9.840000
9.600000
9.620000
9.620000
9.600000
9.600000
9.760000
9.680000
9.660000
9.720000
11.980000
9.600000
11.720000
10.220000
9.980000
10.000000
12.160000
9.740000
11.920000
10.180000
9.960000
9.900000
13.040000
10.140000
13.760000
10.540000
10.520000
12.980000
10.800000
10.800000
15.300000
10.400000
10.520000
12.520000
11.020000
11.020000
15.480000
12.100000
12.780000
10.860000
10.880000
10.200000
10.080000
10.060000
9.660000
12.820000
16.180000
10.840000
10.560000
10.420000
12.400000
9.860000
10.500000
10.860000
17.780000
14.040000
11.600000
11.320000
10.820000
10.440000
13.060000
10.560000
18.120000
12.040000
11.200000
12.600000
10.320000
10.180000
11.360000
11.040000
22.940000
12.180000
11.780000
11.440000
11.980000
14.720000
11.840000
19.120000
13.200000
15.960000
11.480000
10.780000
14.640000
11.900000
12.600000
11.980000
15.080000
12.500000
13.080000
12.800000
16.180000
11.420000
12.140000
11.540000
11.100000
11.100000
11.240000
11.060000
11.340000
11.560000
11.360000
11.340000
11.360000
11.360000
10.440000
10.880000
12.860000
10.360000
10.640000
15.580000
12.020000
14.740000
10.920000
10.680000
17.620000
11.520000
13.380000
10.980000
10.800000
10.820000
10.280000
12.600000
10.080000
9.820000
10.720000
10.420000
9.800000
12.180000
9.780000
9.820000
9.760000
9.780000
9.940000
12.120000
10.060000
9.960000
9.960000
10.000000
9.960000
12.040000
9.840000
9.920000
9.740000
9.820000
9.940000
12.220000
10.080000
10.360000
11.280000
10.080000
9.960000
12.580000
9.820000
9.560000
10.120000
10.900000
10.240000
12.740000
10.560000
10.260000
9.960000
10.680000
9.660000
11.880000
9.900000
9.840000
10.520000
10.180000
11.240000
13.640000
10.340000
10.580000
9.960000
34.260000
10.280000
9.700000
9.840000
9.760000
9.780000
9.620000
9.800000
9.820000
9.920000
9.920000
10.120000
9.820000
9.700000
9.680000
9.880000
9.880000
9.640000
11.620000
9.600000
9.600000
9.580000
9.820000
9.640000
9.640000
10.000000
9.820000
9.720000
9.680000
9.740000
9.680000
11.520000
9.820000
9.840000
10.000000
9.900000
9.740000
9.620000
9.840000
9.760000
9.720000
9.600000
9.720000
9.820000
9.820000
9.940000
9.720000
9.720000
9.680000
9.800000
9.700000
9.940000
9.680000
9.760000
9.600000
9.780000
10.020000
9.920000
9.980000
9.960000
10.380000
10.140000
9.960000
9.960000
9.720000
9.620000
9.740000
9.720000
9.680000
9.640000
9.740000
9.620000
9.560000
9.740000
9.700000
9.600000
9.760000
9.660000
9.620000
9.720000
9.780000
9.700000
9.740000
9.740000
9.660000
9.800000
9.740000
10.100000
9.740000
9.820000
9.760000
9.780000
9.760000
10.160000
9.760000
9.760000
9.760000
9.940000
9.980000
10.240000
10.260000
10.260000
10.280000
10.320000
10.340000
10.300000
9.960000
9.940000
10.100000
9.820000
9.800000
9.740000
9.800000
9.780000
10.160000
9.820000
9.720000
9.760000
9.820000
9.840000
9.960000
9.660000
9.720000
9.720000
9.640000
9.800000
9.640000
9.820000
9.740000
9.800000
9.620000
9.580000
9.680000
9.720000
9.800000
9.720000
9.700000
10.220000
9.700000
9.720000
9.660000
10.060000
9.700000
9.700000
9.580000
9.920000
9.700000
9.700000
10.140000
9.700000
9.680000
9.700000
9.760000
9.760000
9.740000
9.760000
9.740000
9.760000
9.720000
9.800000
9.740000
9.740000
9.720000
10.120000
9.680000
9.720000
9.800000
9.700000
9.780000
9.880000
9.720000
9.840000
9.800000
9.720000
9.840000
10.320000
9.780000
10.220000
9.740000
9.700000
9.820000
9.860000
9.880000
10.260000
9.720000
9.800000
10.020000
9.940000
9.940000
9.780000
10.060000
9.740000
9.840000
10.080000
9.760000
9.740000
9.700000
9.680000
9.720000
9.700000
9.740000
9.960000
10.020000
10.060000
9.720000
9.860000
9.580000
9.740000
9.700000
9.720000
9.760000
9.700000
9.720000
9.600000
9.580000
9.740000
9.580000
9.800000
9.760000
9.780000
9.740000
9.800000
9.740000
9.820000
9.720000
9.800000
10.060000
9.720000
9.660000
9.660000
10.120000
9.840000
9.820000
9.900000
10.520000
9.840000
9.760000
9.740000
9.760000
9.840000
9.860000
9.740000
9.760000
10.140000
10.020000
9.640000
9.820000
9.660000
9.640000
9.660000
9.740000
9.780000
9.720000
9.780000
9.580000
9.620000
9.720000
9.780000
9.900000
9.940000
9.980000
9.900000
9.740000
9.680000
9.740000
9.780000
9.900000
9.740000
9.720000
9.900000
9.720000
9.860000
10.280000
9.700000
9.680000
9.720000
9.920000
10.040000
9.840000
9.760000
9.740000
9.700000
9.860000
9.700000
9.820000
9.800000
10.180000
10.140000
9.620000
9.960000
9.840000
9.720000
9.700000
9.760000
9.760000
9.640000
9.900000
9.820000
9.780000
9.740000
9.840000
9.800000
9.840000
9.740000
9.600000
9.560000
9.920000
10.200000
9.900000
9.860000
9.680000
9.840000
9.820000
9.720000
9.840000
10.060000
9.840000
10.040000
10.060000
9.880000
9.820000
9.780000
9.820000
9.720000
9.800000
10.300000
10.080000
9.720000
10.100000
9.780000
9.760000
9.740000
9.780000
9.760000
9.800000
9.780000
9.780000
9.680000
10.140000
9.920000
9.720000
10.060000
9.920000
9.920000
9.720000
9.820000
9.960000
9.760000
9.740000
10.160000
9.760000
10.420000
9.760000
10.260000
9.780000
9.800000
9.760000
9.900000
10.300000
10.180000
9.700000
9.800000
10.120000
9.940000
9.740000
9.780000
10.040000
9.800000
10.120000
9.700000
9.640000
9.740000
9.740000
9.740000
9.740000
9.740000
9.720000
9.740000
9.800000
9.860000
9.780000
9.820000
9.580000
9.800000
9.780000
9.840000
9.800000
9.840000
9.780000
9.880000
9.660000
9.820000
9.780000
9.820000
9.740000
9.700000
9.860000
9.780000
9.800000
9.740000
9.940000
9.820000
9.820000
17.380000
9.800000
9.860000
9.740000
10.100000
9.820000
9.980000
10.180000
9.880000
9.900000
9.760000
9.800000
9.820000
9.780000
9.820000
9.700000
9.720000
10.160000
9.680000
9.840000
9.840000
9.780000
9.820000
9.700000
9.780000
9.700000
9.820000
9.820000
10.360000
10.920000
10.000000
9.720000
9.740000
9.860000
9.740000
9.740000
9.820000
10.180000
9.760000
9.820000
9.660000
9.900000
9.720000
9.940000
9.860000
9.760000
9.740000
9.800000
9.780000
9.820000
9.800000
9.780000
9.780000
9.800000
10.220000
10.260000
10.160000
9.920000
9.820000
10.080000
10.120000
9.900000
10.200000
9.960000
10.080000
9.780000
9.860000
9.860000
9.680000
9.860000
9.840000
10.240000
10.620000
10.700000
10.260000
10.520000
11.640000
11.280000
10.800000
10.800000
9.900000
9.780000
10.040000
9.900000
9.720000
10.000000
9.980000
9.740000
10.060000
10.160000
10.220000
10.040000
9.980000
9.700000
9.960000
9.680000
9.780000
9.860000
9.700000
9.700000
9.720000
9.800000
9.780000
10.200000
9.920000
9.900000
10.160000
10.280000
10.080000
10.120000
10.020000
9.680000
10.540000
10.020000
9.680000
9.800000
9.980000
10.200000
9.640000
10.120000
9.520000
9.660000
9.560000
9.560000
9.620000
9.640000
9.600000
9.720000
9.680000
9.560000
9.660000
9.540000
9.540000
9.660000
9.580000
9.640000
9.620000
9.740000
10.080000
9.660000
9.600000
9.660000
10.020000
9.480000
9.560000
9.660000
10.020000
9.580000
9.580000
9.660000
9.740000
9.960000
9.780000
10.140000
10.500000
9.900000
10.020000
10.020000
9.680000
9.580000
9.660000
9.480000
9.840000
10.980000
9.680000
9.660000
9.580000
9.600000
9.600000
9.460000
9.580000
9.760000
9.860000
9.720000
9.860000
10.400000
9.900000
9.660000
9.880000
9.660000
9.660000
9.600000
9.480000
9.440000
9.540000
11.380000
9.620000
9.540000
9.540000
9.540000
9.660000
9.660000
9.880000
9.720000
9.720000
9.640000
9.660000
9.660000
9.600000
9.580000
9.680000
9.660000
9.580000
9.700000
9.720000
9.560000
9.580000
9.900000
9.600000
9.600000
9.880000
9.920000
10.040000
10.220000
10.120000
9.640000
9.640000
9.860000
9.760000
9.640000
9.640000
10.080000
9.640000
10.100000
10.180000
9.840000
9.940000
9.720000
9.720000
9.840000
9.780000
9.620000
9.660000
10.040000
9.640000
9.620000
9.640000
9.960000
9.660000
9.920000
9.860000
9.900000
10.120000
9.760000
9.580000
9.580000
9.720000
9.680000
9.620000
9.580000
9.580000
9.700000
9.440000
