965.000000
1034.180000
943.080000
916.120000
885.560000
862.000000
856.520000
833.520000
835.640000
823.040000
820.220000
818.620000
816.880000
804.420000
801.340000
808.820000
812.440000
800.560000
814.240000
865.860000
845.620000
853.460000
844.360000
828.340000
831.360000
822.000000
812.520000
816.060000
820.740000
803.600000
805.220000
807.780000
800.680000
812.380000
808.380000
805.000000
808.580000
818.720000
811.860000
812.300000
806.560000
808.980000
800.600000
810.940000
811.820000
802.080000
798.100000
792.840000
797.120000
789.900000
801.660000
797.880000
817.380000
810.900000
813.860000
809.680000
817.560000
801.540000
820.700000
814.820000
818.120000
815.820000
823.120000
816.480000
803.560000
804.520000
811.360000
805.540000
820.560000
813.340000
807.100000
817.380000
837.700000
809.620000
809.600000
800.620000
803.860000
808.200000
804.060000
810.260000
811.740000
806.300000
802.720000
808.880000
794.000000
908.880000
772.780000
882.220000
995.920000
936.280000
906.620000
873.780000
865.740000
845.740000
839.180000
834.040000
835.740000
809.640000
823.620000
823.440000
832.880000
828.900000
831.540000
815.980000
837.880000
826.440000
817.200000
813.480000
820.580000
803.940000
813.560000
815.540000
810.640000
819.820000
814.240000
817.420000
810.060000
812.800000
811.840000
820.640000
800.020000
811.300000
804.920000
817.600000
814.240000
819.200000
812.080000
815.340000
803.120000
826.000000
821.080000
819.460000
808.740000
809.700000
814.680000
808.540000
817.200000
816.380000
814.240000
812.020000
813.920000
809.200000
815.220000
813.200000
810.620000
806.260000
812.980000
807.200000
816.600000
796.960000
813.020000
804.080000
805.820000
803.440000
800.000000
796.320000
822.780000
792.800000
804.560000
799.720000
807.820000
803.040000
804.980000
806.700000
809.600000
809.340000
806.260000
811.180000
811.200000
795.660000
803.100000
821.820000
802.140000
828.520000
813.640000
809.940000
807.800000
818.540000
803.660000
830.280000
815.840000
815.880000
808.680000
825.540000
809.020000
808.620000
813.120000
820.100000
802.160000
818.520000
809.680000
806.020000
797.740000
805.960000
798.860000
811.500000
805.120000
797.760000
822.960000
814.100000
812.240000
808.080000
807.160000
807.600000
798.740000
805.640000
804.620000
798.980000
812.980000
805.500000
796.740000
805.820000
833.120000
803.240000
819.800000
816.280000
805.700000
800.920000
809.280000
796.080000
803.600000
791.000000
807.120000
812.720000
810.080000
804.320000
804.440000
800.220000
809.440000
805.980000
794.760000
802.940000
810.420000
805.780000
797.180000
812.820000
798.460000
807.760000
800.740000
809.760000
792.600000
811.960000
798.320000
808.620000
791.640000
811.040000
802.980000
815.940000
808.280000
811.420000
803.260000
815.620000
799.320000
803.040000
814.600000
818.120000
808.260000
817.580000
808.820000
801.500000
808.000000
809.340000
813.220000
813.060000
811.200000
813.640000
814.340000
802.500000
811.220000
835.220000
833.200000
816.660000
832.380000
809.520000
818.460000
811.160000
809.320000
803.680000
764.240000
782.400000
1010.320000
967.780000
922.080000
892.840000
875.440000
865.360000
842.540000
842.580000
828.200000
823.480000
836.320000
824.260000
812.180000
821.200000
813.920000
808.040000
821.960000
812.280000
802.900000
818.380000
824.820000
806.560000
821.340000
819.000000
826.340000
821.280000
824.880000
812.920000
813.860000
819.100000
808.840000
808.540000
806.200000
806.900000
810.500000
817.820000
801.060000
812.840000
799.020000
818.780000
809.100000
806.880000
813.380000
807.720000
799.000000
815.660000
806.760000
804.360000
804.420000
806.040000
791.700000
809.540000
810.840000
818.200000
805.540000
811.940000
800.580000
807.380000
803.880000
810.240000
804.980000
807.600000
807.980000
803.500000
804.580000
809.300000
821.120000
806.240000
809.380000
814.820000
806.200000
818.520000
803.020000
805.380000
808.480000
809.700000
815.500000
805.520000
808.420000
795.620000
812.480000
806.740000
804.980000
808.240000
804.080000
806.560000
813.340000
798.180000
809.420000
806.360000
811.420000
807.020000
820.100000
805.480000
809.200000
816.300000
800.460000
811.680000
813.100000
806.520000
802.240000
814.540000
810.400000
806.660000
810.900000
819.740000
803.600000
822.480000
802.180000
805.560000
808.500000
813.480000
797.800000
818.540000
811.580000
817.220000
788.700000
814.640000
808.460000
800.660000
810.400000
802.800000
797.500000
813.240000
817.280000
812.880000
811.540000
808.280000
804.100000
805.860000
815.340000
799.720000
811.140000
801.840000
812.860000
805.140000
810.380000
796.960000
807.660000
796.400000
807.120000
799.500000
801.300000
798.720000
802.400000
792.000000
807.100000
801.980000
801.220000
793.500000
808.740000
793.980000
866.020000
848.600000
831.760000
835.300000
827.540000
834.720000
814.720000
823.480000
800.640000
834.840000
827.720000
824.320000
810.060000
836.900000
815.160000
814.380000
819.680000
819.840000
801.920000
822.780000
812.580000
813.860000
798.940000
808.820000
802.840000
798.780000
804.800000
799.980000
794.420000
795.800000
808.240000
803.640000
804.740000
803.720000
801.100000
800.380000
818.220000
801.480000
843.160000
783.520000
917.080000
985.400000
952.280000
902.580000
892.100000
863.580000
853.500000
845.580000
830.940000
829.180000
824.940000
828.340000
816.600000
820.000000
809.240000
817.760000
810.960000
812.500000
797.660000
807.900000
824.840000
818.560000
833.240000
825.580000
807.300000
820.260000
821.880000
812.240000
817.320000
811.780000
817.540000
820.300000
824.700000
811.220000
810.440000
811.480000
812.700000
816.200000
816.560000
833.220000
840.060000
821.880000
822.040000
830.540000
828.860000
822.860000
815.900000
819.000000
812.000000
813.100000
813.760000
814.960000
809.060000
811.820000
806.920000
815.940000
798.900000
815.120000
807.160000
800.640000
812.560000
813.200000
800.920000
811.560000
806.360000
806.960000
813.540000
818.580000
808.740000
806.920000
806.760000
809.320000
811.240000
806.740000
798.020000
800.920000
808.240000
810.780000
806.020000
810.900000
815.380000
803.840000
812.740000
821.300000
819.360000
807.180000
821.140000
804.020000
806.320000
801.960000
809.560000
799.700000
813.480000
809.740000
821.240000
820.020000
819.480000
805.740000
811.080000
792.200000
795.320000
801.760000
807.460000
834.820000
824.960000
824.680000
817.660000
819.960000
824.560000
828.340000
834.920000
833.780000
812.760000
824.740000
805.040000
836.000000
824.180000
817.380000
836.500000
896.040000
866.160000
851.300000
849.300000
828.260000
821.560000
821.340000
830.280000
816.060000
820.780000
817.820000
812.160000
813.660000
813.720000
806.100000
813.040000
801.860000
811.700000
810.360000
813.360000
813.160000
816.340000
801.980000
810.240000
815.680000
808.780000
806.380000
811.200000
809.820000
809.520000
811.880000
807.840000
808.700000
812.220000
803.860000
806.480000
809.360000
809.020000
804.380000
797.720000
819.600000
815.420000
804.940000
807.200000
810.680000
800.020000
807.080000
812.620000
825.180000
819.320000
835.660000
815.620000
823.220000
809.040000
818.560000
811.460000
810.640000
804.060000
819.940000
838.860000
831.780000
826.580000
821.600000
820.700000
810.040000
810.700000
816.820000
817.300000
802.320000
817.860000
814.280000
766.640000
764.180000
995.780000
981.280000
931.760000
902.760000
880.500000
855.660000
845.620000
845.720000
827.660000
841.820000
822.400000
821.800000
818.420000
821.300000
811.080000
822.260000
823.920000
811.920000
809.280000
810.760000
827.520000
820.500000
828.040000
819.300000
817.400000
821.900000
825.980000
814.240000
822.460000
811.700000
822.140000
820.380000
818.800000
814.640000
828.820000
814.180000
812.860000
800.180000
821.040000
840.940000
830.760000
829.120000
811.540000
808.000000
820.320000
821.040000
801.180000
835.660000
826.460000
818.860000
816.800000
818.680000
807.820000
820.860000
814.860000
817.020000
809.320000
815.400000
801.820000
818.280000
813.940000
808.940000
809.020000
824.240000
815.120000
817.800000
808.420000
815.080000
821.740000
823.560000
823.900000
814.840000
812.560000
820.520000
812.620000
804.680000
819.360000
814.920000
810.320000
813.340000
821.580000
805.840000
815.840000
814.040000
821.980000
821.240000
824.040000
800.360000
811.860000
808.080000
820.140000
804.440000
811.360000
809.120000
812.300000
818.960000
815.000000
815.580000
815.420000
816.080000
818.240000
804.440000
812.160000
829.920000
816.540000
828.140000
828.980000
814.520000
821.520000
816.860000
808.680000
809.460000
812.100000
814.420000
826.200000
813.540000
815.540000
818.300000
812.880000
805.980000
806.360000
804.020000
808.820000
803.240000
827.860000
804.960000
828.500000
817.120000
810.920000
822.420000
812.000000
810.040000
813.440000
809.120000
810.400000
809.560000
803.360000
798.740000
807.440000
798.660000
805.720000
797.500000
802.900000
806.860000
821.440000
814.300000
805.760000
811.780000
808.100000
805.940000
808.000000
809.900000
810.180000
813.640000
800.840000
813.020000
806.780000
812.300000
798.900000
797.940000
798.400000
802.480000
788.860000
803.040000
804.140000
808.260000
800.700000
839.100000
815.040000
823.260000
817.200000
811.440000
814.380000
818.580000
805.080000
817.620000
805.680000
812.460000
807.680000
813.140000
803.120000
804.920000
815.600000
817.100000
819.900000
802.780000
807.820000
808.280000
809.360000
807.640000
780.340000
759.200000
949.820000
994.560000
947.240000
915.900000
887.040000
869.940000
848.740000
863.400000
842.160000
831.800000
835.460000
830.260000
821.640000
824.900000
820.320000
808.920000
819.980000
827.560000
818.480000
818.860000
821.560000
813.160000
832.140000
830.360000
818.220000
821.680000
826.840000
807.540000
808.300000
804.500000
819.300000
814.680000
827.060000
819.560000
816.420000
812.020000
826.280000
820.960000
821.700000
838.280000
829.580000
824.240000
813.100000
822.300000
805.740000
814.960000
811.460000
809.960000
810.580000
808.320000
806.180000
815.440000
814.280000
809.060000
808.560000
816.880000
799.520000
806.660000
811.280000
804.500000
805.400000
803.080000
798.940000
805.000000
806.720000
803.480000
802.240000
813.080000
798.540000
806.600000
793.700000
800.040000
803.320000
796.740000
808.260000
795.580000
798.440000
801.660000
809.520000
796.520000
827.320000
808.360000
819.600000
815.500000
800.900000
809.900000
805.280000
802.640000
816.200000
799.300000
812.180000
805.500000
817.520000
804.000000
817.260000
810.240000
802.840000
810.520000
826.060000
812.820000
818.940000
816.720000
808.720000
846.340000
823.520000
823.040000
814.420000
818.160000
813.000000
818.960000
796.820000
810.700000
804.320000
809.520000
803.560000
805.680000
808.900000
814.160000
798.460000
804.460000
805.860000
818.180000
799.360000
812.580000
799.660000
801.100000
807.600000
806.840000
808.840000
806.360000
812.580000
797.760000
804.960000
805.220000
804.680000
806.000000
808.520000
798.300000
802.700000
810.760000
803.880000
797.920000
808.340000
803.120000
