1939.298000
1937.409000
1947.784000
1948.049000
1940.014999
1936.640000
1946.922000
1937.239001
1940.350000
1935.603000
1937.894000
1937.655999
1951.133001
1956.100999
1937.256000
1940.843000
1934.769000
1939.326000
1936.214000
1939.077000
1934.006000
1935.700000
1947.643001
1944.713000
1938.866001
1934.580999
1959.164000
1936.748000
1937.546000
1940.060000
1957.278000
1937.611001
1947.148000
1948.622000
1940.824000
1935.356000
1939.940000
1940.553000
1939.887000
1938.417000
1940.526000
1937.016000
1947.023001
1949.144000
1938.259000
1940.284000
1938.081999
1937.632000
1936.127000
1940.730000
1936.582000
1937.187999
1952.932999
1938.603000
1937.117000
1935.846000
1937.315000
1951.669000
1934.710000
1939.205000
1939.507000
1949.659999
1942.079999
1937.059000
1934.834000
1936.544000
1959.576000
1936.950000
1939.096000
1940.787000
1937.480000
1948.978000
1948.679000
1943.790000
1936.603000
1936.892000
1935.887001
1938.254001
1939.402999
1940.903001
1935.235000
1948.865999
1947.145000
1937.311000
1937.119000
1937.503000
1935.540000
1935.442000
1938.301000
1935.159000
1936.596001
1949.422000
1945.825000
1937.227000
1938.620999
1937.530000
1938.580000
1939.689000
1938.699001
1935.735000
1937.010000
1946.683000
1946.312000
1947.378000
1937.852000
1938.537000
1956.650000
1941.589000
1937.736000
1939.433000
1937.945000
1950.291000
1946.213000
1937.125000
1937.750001
1939.425000
1934.637000
1938.425001
1936.625999
1936.747000
1935.860000
1965.358000
1948.534000
1940.071000
1935.837000
1933.534000
1938.968999
1939.275000
1937.056000
1935.457001
1939.609000
1945.521001
1947.908000
1936.746000
1951.607000
1941.130999
1935.865001
1937.805000
1940.029000
1942.594000
1946.950999
1949.649001
1937.253000
1944.645000
1938.012000
1952.990000
1967.417999
1938.140000
1938.782999
1936.325000
1944.146000
1944.244999
1939.791000
1936.469001
1934.499000
1936.821001
1937.122000
1936.357001
1935.802000
1939.723000
1944.731000
1948.117000
1939.440001
1938.333999
1938.008999
1939.199001
1939.502000
1936.497000
1939.124000
1938.850000
1951.429000
1946.973001
1938.914999
1936.156000
1939.843000
1938.465000
1955.952000
1938.117000
1936.738000
1956.068001
1950.372000
1946.339000
1945.036000
1938.127000
1945.761000
1938.672001
1937.659000
1937.589000
1936.055000
1937.430000
1944.678000
1948.886001
1939.511000
1940.206001
1936.995000
1936.530001
1937.675000
1945.126000
1937.836000
1940.521000
1945.809000
1949.124000
1939.153000
1939.682000
1955.652000
1939.052000
1934.958000
1940.822000
1935.366000
1938.991999
1950.055000
1949.041001
1939.302000
1947.611000
1935.448000
1940.542000
1937.042000
1938.175000
1936.306000
1936.118999
1944.031000
1939.307000
1959.071999
1937.258000
1936.927999
1939.778000
1936.821000
1936.549000
1938.192000
1947.501000
1948.979000
1936.398000
1937.825999
1936.317000
1936.473000
1935.512000
1949.381000
1938.362000
1936.420999
1947.790000
1946.835000
1939.065000
1937.063000
1947.204000
1938.699001
1935.258000
1939.517000
1940.217000
1937.683000
1948.377999
1949.130000
1938.242001
1937.417001
1935.605000
1937.703000
1940.184001
1958.040000
1935.833000
1939.286999
1947.894000
1962.245001
1935.822000
1934.180000
1936.818000
1941.969000
1934.010000
1938.526000
1938.792000
1936.202000
1946.580000
1947.622000
1937.344001
1937.500000
1937.857000
1938.829999
1935.992000
1934.157000
1935.990000
1936.741000
1952.004000
1948.607000
1938.334000
1940.088000
1939.031000
1937.497000
1941.665000
1940.233000
1951.131000
1938.309000
1949.651999
1945.722000
1933.511000
1937.171000
1935.803000
1934.694000
1940.029000
1960.506000
1937.500999
1936.977000
1949.283000
1947.004000
1938.169001
1938.943000
1946.496001
1939.246000
1939.733000
1939.476000
1939.444999
1940.936999
1951.269000
1936.810000
1934.780000
1937.721000
1940.444000
1935.997000
1938.670000
1936.659001
1940.563000
1947.787000
1952.507000
1935.690001
1940.595000
1937.876999
1939.478000
1936.083000
1937.584000
1936.083000
1934.726000
1946.652000
1945.326000
1938.914000
1937.852000
1934.721000
1948.768000
1938.389000
1938.028000
1957.419000
1940.891000
1947.930001
1949.515000
1937.650000
1933.890000
1941.002000
1934.552000
1935.966000
1938.156000
1938.128999
1940.347999
1946.484000
1947.716000
1939.472000
1955.335000
1939.046000
1935.094000
1936.737999
1939.320000
1937.365000
1937.888000
1946.281000
1944.990000
1936.644000
1940.158000
1941.329001
1936.606999
1952.011000
1938.038000
1934.824000
1937.233000
1944.629000
1944.213000
1937.232001
1937.558000
1936.199999
1946.676000
1938.071000
1952.303000
1967.947001
1937.914000
1943.986000
1947.021000
1936.994000
1938.826000
1940.239000
1934.915000
1937.975000
1936.134000
1936.791000
1939.882000
1949.025000
1943.434000
1938.763000
1938.534000
1935.116000
1939.298000
1936.613000
1937.365000
1937.403000
1942.830000
1945.973000
1939.808001
1937.694000
1934.043000
1936.045000
1936.996001
1937.088000
1934.289000
1952.174000
1945.336999
1945.458000
1955.392000
1936.047999
1938.259999
1945.054000
1935.850000
1946.823000
1936.678001
1936.175001
1947.627000
1948.341000
1934.374000
1936.947000
1936.292000
1937.228999
1936.976000
1935.301000
1933.922000
1938.437000
1955.480000
1945.800999
1937.041000
1940.717000
1938.081000
1938.440000
1936.802000
1949.413000
1935.610000
1937.448001
1947.121000
1947.398000
1937.063000
1937.172000
1941.005000
1941.375000
1943.673000
1938.008999
1936.690000
1935.356000
1948.724000
1949.335000
1937.279000
1939.332000
1935.616000
1960.885000
1936.718999
1936.125000
1937.836001
1936.508000
1951.819000
1946.621000
1935.605001
1935.333000
1937.355000
1937.146000
1939.336000
1936.189000
1936.827000
1946.658000
1949.380999
1945.115000
1938.209999
1936.078000
1938.374000
1935.906000
1946.640000
1936.265999
1934.859000
1937.259000
1949.929000
1946.030000
1936.282001
1939.748000
1938.806999
1935.025000
1938.644000
1935.715000
1934.110001
1960.290000
1947.583000
1937.570000
1935.197000
1954.279999
1938.021000
1932.811000
1941.234000
1937.263001
1935.381000
1942.847000
1950.966001
1936.783000
1935.603000
1935.151001
1939.698000
1936.810000
1937.671000
1938.030000
1940.966000
1947.924000
1948.387000
1937.469000
1937.102000
1936.555000
1935.959999
1935.558000
1939.591000
1935.045000
1935.667000
1947.903000
1958.905000
1935.002000
1937.305000
1936.544999
1935.100000
1936.671000
1940.679000
1935.737000
1938.372999
1971.334999
1946.315000
1937.577000
1936.213001
1935.956000
1936.117999
1936.910000
1943.553000
1937.101999
1939.933000
1946.958000
1945.436001
1934.848000
1933.568000
1937.163000
1936.995000
1937.260000
1939.797000
1936.508000
1936.904000
1948.276999
1945.447000
1936.182000
1939.284000
1937.306000
1934.282000
1935.395000
1937.898000
1934.163000
1934.061000
1946.854000
1949.456001
1937.241999
1934.381000
1939.433000
1935.828000
1936.664999
1947.140000
1939.840000
1939.708000
1965.721000
1939.744000
1938.280000
1936.463000
1938.069000
1939.913000
1934.054000
1942.174000
1940.840000
1948.122000
1948.460001
1935.922000
1938.705000
1936.849999
1936.692000
1954.769000
1938.037001
1938.410000
1934.893000
1943.679000
1947.041000
1936.262000
1934.816000
1936.594000
1939.064000
1937.985000
1936.314001
1935.251000
1950.359000
1947.808000
1948.361000
1937.038001
1938.162000
1937.485000
1940.450001
1940.230000
1941.679001
1946.893000
1937.539000
1962.402000
1979.219000
1937.488000
1939.532000
1941.207999
1937.748000
1936.447000
1939.819001
1934.318000
1936.735000
1951.403000
1947.981000
1938.087000
1935.133000
1936.987001
1936.716001
1937.193000
1939.083000
1936.662000
1936.119000
1948.571000
1948.361000
1935.765000
1935.502999
1936.810999
1935.650000
1936.691000
1935.773000
1938.255000
1937.318000
1950.340000
1965.194000
1937.977000
1938.089000
1958.343000
1938.659000
1933.854001
1946.227000
1939.715001
1949.275000
1946.413000
1946.207000
1935.724000
1936.292000
1936.823000
1934.806000
1936.659001
1935.880000
1935.317000
1939.506000
1950.302999
1944.821000
1945.448000
1936.634000
1939.267000
1940.087001
1935.510000
1935.613000
1942.568000
1949.899000
1949.232999
1937.892000
1938.417000
1936.282000
1938.559000
1939.359000
1935.920000
1940.901000
1946.886000
1945.738000
1946.894000
1934.894000
1934.182000
1937.928000
1936.665000
1935.843000
1935.109000
1965.510000
1937.494000
1950.954000
1948.037000
1937.493000
1940.553000
1940.279000
1935.894000
1941.232000
1935.165000
1935.943000
1937.071000
1946.814001
1946.824000
1946.040000
1935.265000
1937.366000
1938.928000
1938.174000
1935.233001
1940.818000
1947.282000
1949.779000
1947.444000
1939.559000
1937.025000
1937.749000
1936.927000
1941.872000
1941.536000
1939.524000
1936.037000
1947.647001
1946.328999
1957.144000
1936.352000
1937.155000
1939.966000
1953.435000
1938.286000
1936.573000
1940.702000
1951.508000
1938.551000
1943.635999
1938.729000
1936.637000
1938.623000
1939.512000
1940.771000
1940.237000
1950.988000
1948.049000
1936.876000
1937.848000
1938.293000
1939.133001
1936.113000
1935.144000
1936.532000
1935.962000
1945.615000
1945.547001
1939.239000
1936.910001
1952.679000
1938.585000
1936.684000
1938.986000
1934.370000
1935.537000
1946.942000
1948.456001
1938.007001
1958.414000
1934.756001
1937.345000
1931.828001
1934.082000
1936.204000
1936.570000
1956.144000
1944.874001
1939.863999
1937.448000
1935.854000
1937.136000
1936.619001
1935.635000
1939.129000
1937.383000
1946.302000
1944.645000
1937.488000
1936.759000
1935.646000
1941.786001
1937.552000
1938.790000
1937.475001
1937.533000
1946.501000
1934.221000
1936.617000
1938.208001
1936.634000
1936.249000
1939.420001
1941.512000
1941.170000
1944.334000
1955.655000
1936.683000
1933.943000
1952.412000
1934.694000
1940.799001
1935.489000
1936.087000
1935.232000
1946.866000
1946.252000
1936.597001
1938.939000
1938.929000
1935.314000
1935.374000
1938.162000
1939.089000
1954.543999
1947.608000
1951.110000
1934.316000
1936.429000
1935.991000
1936.943000
1937.965000
1941.215000
1934.841000
1937.162000
1952.855000
1947.288999
1951.139000
1938.185000
1937.575000
1936.978000
1938.744000
1937.496000
1936.472000
1937.786000
1946.334001
1945.081000
1935.910000
1951.607000
1970.387000
1937.360000
1934.077000
1938.469000
1939.503000
1948.964000
1948.773000
1940.295000
1938.609000
1936.354000
1939.022000
1938.135000
1936.623001
1940.442001
1938.211000
1948.760000
1946.379000
1936.109000
1939.055000
1940.349000
1937.557000
1937.495000
1937.908000
1937.898001
1936.323000
1951.103999
1951.773000
1935.846000
1939.361000
1935.680000
1952.856001
1938.321000
1938.829000
1957.155000
1937.131001
1948.411000
1957.657999
1940.419001
1945.153000
1936.086000
1936.175000
1939.065000
1935.785000
1936.997000
1938.728000
1947.108000
1945.287000
1936.572000
1936.970000
1933.272000
1935.419000
1946.606999
1939.744000
1939.020000
1935.831000
1943.924000
1932.940000
1934.381000
1951.636000
1940.777000
1937.531000
1937.745000
1935.535000
1938.683000
1947.211000
1944.672001
1939.196000
1945.100000
1937.139001
1937.180000
1937.764000
1937.769000
1937.580000
1939.576000
1947.025000
1945.207000
1959.312000
1939.084000
1935.431001
1933.276000
1935.707000
1937.663000
1938.038999
1937.113999
1946.306000
1946.387000
1937.027000
1937.421000
1935.843000
1934.596000
1945.673000
1940.370999
1939.809000
1937.650000
1947.725000
1945.937000
1937.861000
1943.801001
1937.715000
1938.083000
1934.585000
1937.004000
1934.686000
1935.817000
1945.750000
1945.855000
1937.484000
1938.682000
1937.824001
1939.364000
1957.486000
1940.886000
1939.995999
1947.949000
1960.375001
1939.646000
1938.085000
1939.452999
1940.724000
1936.988000
1938.367000
1936.630000
1937.307000
1947.109001
1949.158000
1941.116001
1935.224000
1939.266000
1938.355001
1934.552999
1938.023999
1942.869999
1935.674000
1946.529000
1944.851000
1937.467000
1937.182000
1939.395000
1936.235000
1941.675000
1939.851000
1948.928000
1937.946000
1950.995999
1943.340000
1938.412000
1936.093000
1938.333999
1937.390001
1939.121000
1960.593000
1938.496999
1937.316000
1952.885000
1946.850000
1942.916000
1933.622000
1945.975000
1935.227999
1939.432000
1940.073000
1933.672000
1940.198001
1945.257000
