0.133000
0.118000
0.086000
0.085000
0.087000
0.085000
0.087000
0.085000
0.086999
0.085000
0.087000
0.085000
0.086000
0.085000
0.086999
0.085000
0.085000
0.085000
0.086999
0.085000
0.086999
0.085000
0.086999
0.085000
0.086999
0.085000
0.087000
0.085001
0.086999
0.085000
0.086999
0.085000
0.086999
0.085000
0.087000
0.085000
0.087000
0.085000
0.086999
0.085000
0.086999
0.085000
0.086999
0.085000
0.086999
0.085000
0.086999
0.085000
0.087000
0.085000
0.085000
0.085000
0.086999
0.085001
0.087000
0.085000
0.087000
0.085000
0.087000
0.085000
0.078000
0.089000
0.086999
0.085000
0.087000
0.085000
0.086999
0.085000
0.087000
0.085000
0.086999
0.085000
0.087000
0.085000
0.085000
0.085000
0.086999
0.085001
0.087000
0.125000
0.087000
0.086999
0.086999
0.086999
0.089000
0.087000
0.086999
0.086999
0.088001
0.087000
0.092000
0.086999
0.086999
0.087000
0.087000
0.089000
0.087000
0.087000
0.087000
0.087000
0.089000
0.086999
0.086999
0.087000
0.089000
0.087000
0.087000
0.086999
0.088001
0.086999
0.087000
0.112000
0.114000
0.113000
0.115000
0.112000
0.113000
0.113000
0.113000
0.112000
0.089000
0.086999
0.087000
0.086999
0.088000
0.086999
0.087000
0.088001
0.086999
0.086999
0.087000
0.086999
0.089000
0.087000
0.086999
0.087000
0.088000
0.087000
0.091000
0.086999
0.087000
0.086999
0.086999
0.086999
0.086999
0.087000
0.086999
0.087000
0.086999
0.086999
0.087000
0.087000
0.087000
0.087000
0.087000
0.087000
0.086999
0.087000
0.089000
0.086999
0.087000
0.085000
0.086999
0.087000
0.088001
0.086999
0.086999
0.087000
0.089000
0.087000
0.086999
0.086999
0.088000
0.087000
0.087000
0.087000
0.086999
0.087000
0.086999
0.086999
0.087000
0.087000
0.088001
0.086999
0.086999
0.086999
0.086999
0.086999
0.086999
0.087000
0.087000
0.086999
0.088000
0.086999
0.086999
0.087000
0.087000
0.086999
0.086999
0.086999
0.089000
0.086999
0.089000
0.086999
0.089000
0.087000
0.086999
0.087000
0.088000
0.087000
0.087000
0.087000
0.087000
0.087000
0.087000
0.089000
0.086999
0.087000
0.088001
0.087000
0.087000
0.087000
0.087000
0.086999
0.087000
0.086999
0.089000
0.086999
0.087000
0.087000
0.087000
0.086999
0.087000
0.087000
0.089000
0.086999
0.087000
0.087000
0.114000
0.086999
0.086999
0.087000
0.086999
0.087000
0.115000
0.113000
0.115000
0.112999
0.113000
0.113000
0.113999
0.113000
0.113000
0.112000
0.087000
0.086999
0.088000
0.087000
0.088001
0.086999
0.087000
0.087000
0.087000
0.087000
0.087000
0.086999
0.088000
0.087000
0.088000
0.086999
0.087000
0.087000
0.088000
0.086999
0.087000
0.087000
0.086999
0.087000
0.089000
0.086999
0.086999
0.087000
0.086999
0.086999
0.087000
0.087000
0.088000
0.086999
0.086999
0.086999
0.087000
0.086999
0.087000
0.087000
0.092000
0.086999
0.086999
0.086999
0.090000
0.086999
0.088001
0.087000
0.087000
0.086999
0.088000
0.086999
0.088000
0.087000
0.089000
0.087000
0.089000
0.086999
0.086999
0.087000
0.086999
0.087000
0.088000
0.086999
0.086999
0.087000
0.087000
0.086999
0.087000
0.086999
0.089000
0.086999
0.087000
0.087000
0.086999
0.086999
0.088000
0.087000
0.089000
0.086999
0.088000
0.086999
0.089000
0.087000
0.086999
0.087000
0.089000
0.087000
0.086999
0.086999
0.089000
0.086999
0.087000
0.086999
0.089000
0.087000
0.086999
0.087000
0.086999
0.087000
0.087000
0.087000
0.086999
0.087000
0.089000
0.086999
0.086999
0.086999
0.087000
0.087000
0.089000
0.086999
0.089000
0.087000
0.086999
0.087000
0.087000
0.087000
0.088000
0.086999
0.087000
0.086999
0.089000
0.086999
0.088000
0.087000
0.088001
0.087000
0.086999
0.087000
0.088000
0.086999
0.086999
0.087000
0.086999
0.087000
0.087000
0.087000
0.086999
0.086999
0.087000
0.086999
0.086999
0.087000
0.087000
0.087000
0.088000
0.086999
0.087000
0.087000
0.086999
0.087000
0.087000
0.087000
0.086999
0.087000
0.086999
0.086999
0.086999
0.087000
0.088000
0.087000
0.087000
0.086999
0.086999
0.087000
0.089000
0.087000
0.087000
0.087000
0.087000
0.087000
0.087000
0.087000
0.086999
0.086999
0.089000
0.086999
0.086999
0.086999
0.090000
0.087000
0.087000
0.087000
0.089000
0.086999
0.086999
0.086999
0.086999
0.087000
0.087000
0.086999
0.089000
0.086999
0.086999
0.086999
0.086999
0.087000
0.089000
0.087000
0.087000
0.086999
0.087000
0.087000
0.089000
0.089000
0.089000
0.087000
0.089000
0.086999
0.086999
0.087000
0.086999
0.087000
0.086999
0.087000
0.087000
0.087000
0.086999
0.086999
0.089000
0.087000
0.086999
0.087000
0.086999
0.087000
0.086999
0.087000
0.086999
0.086999
0.087000
0.087000
0.088000
0.085000
0.086999
0.086999
0.088001
0.087000
0.086999
0.086999
0.087000
0.086999
0.089000
0.086999
0.086999
0.086999
0.088000
0.086999
0.088000
0.086999
0.087000
0.086999
0.086999
0.086999
0.088000
0.086999
0.089000
0.087000
0.086999
0.087000
0.088000
0.086999
0.089000
0.087000
0.088000
0.087000
0.089000
0.087000
0.086999
0.086999
0.086999
0.087000
0.088001
0.086999
0.086999
0.086999
0.090000
0.087000
0.087000
0.087000
0.086999
0.113000
0.089000
0.087000
0.112999
0.112000
0.113999
0.115000
0.116000
0.112000
0.113000
0.112000
0.113000
0.113000
0.113000
0.112000
0.118000
0.112000
0.115001
0.113000
0.113000
0.116000
0.086999
0.086999
0.086999
0.086999
0.086999
0.086999
0.086999
0.087000
0.088001
0.087000
0.087000
0.087000
0.087000
0.087000
0.087000
0.087000
0.088001
0.087000
0.087000
0.087000
0.086999
0.086999
0.087000
0.086999
0.092000
0.087000
0.087000
0.087000
0.113000
0.112000
0.088000
0.086999
0.115000
0.113000
0.112999
0.112000
0.113000
0.112000
0.115001
0.112000
0.113000
0.087000
0.087000
0.086999
0.089000
0.087000
0.089000
0.087000
0.086999
0.086999
0.087000
0.086999
0.086999
0.087000
0.086999
0.087000
0.087000
0.086999
0.086999
0.086999
0.087000
0.086999
0.089000
0.087000
0.088000
0.086999
0.086999
0.086999
0.088000
0.086999
0.085000
0.086999
0.087000
0.086999
0.086999
0.087000
0.088000
0.086999
0.089000
0.086999
0.089000
0.086999
0.088000
0.090000
0.086999
0.089999
0.087000
0.087000
0.087000
0.086999
0.086999
0.086999
0.087000
0.087000
0.087000
0.086999
0.087000
0.087000
0.086999
0.087000
0.087000
0.087000
0.089000
0.087000
0.089000
0.086999
0.089000
0.112999
0.113000
0.112000
0.113000
0.113000
0.113000
0.086999
0.087000
0.087000
0.087000
0.085000
0.089000
0.086999
0.092000
0.086999
0.086999
0.087000
0.115001
0.112000
0.113000
0.112001
0.113000
0.086999
0.086999
0.085000
0.089000
0.087000
0.089000
0.087000
0.086999
0.087000
0.087000
0.087000
0.087000
0.086999
0.089000
0.087000
0.088001
0.087000
0.086999
0.086999
0.088001
0.087000
0.087000
0.086999
0.086999
0.086999
0.089000
0.087000
0.089000
0.086999
0.088000
0.087000
0.087000
0.087000
0.092000
0.086999
0.090000
0.086999
0.086999
0.086999
0.088000
0.087000
0.088000
0.086999
0.088000
0.087000
0.086999
0.087000
0.087000
0.086999
0.086999
0.085000
0.087000
0.086999
0.088001
0.086999
0.087000
0.087000
0.087000
0.085000
0.086999
0.087000
0.086999
0.087000
0.088000
0.087000
0.086999
0.086999
0.086999
0.086999
0.087000
0.086999
0.087000
0.086999
0.087000
0.087000
0.087000
0.087000
0.087000
0.086999
0.089000
0.086999
0.087000
0.086999
0.087000
0.087000
0.087000
0.087000
0.088000
0.086999
0.086999
0.087000
0.088000
0.087000
0.086999
0.087000
0.087000
0.086999
0.089000
0.086999
0.087000
0.086999
0.087000
0.086999
0.086999
0.087000
0.087000
0.086999
0.087000
0.086999
0.087000
0.086999
0.086999
0.086999
0.087000
0.086999
0.111000
0.087000
0.088000
0.087000
0.087000
0.087000
0.086999
0.087000
0.087000
0.086999
0.087000
0.086999
0.087000
0.087000
0.088001
0.087000
0.087000
0.087000
0.087000
0.086999
0.087000
0.087000
0.087000
0.086999
0.086999
0.087000
0.087000
0.087000
0.088000
0.086999
0.088000
0.086999
0.087000
0.086999
0.088000
0.087000
0.087000
0.087000
0.087000
0.087000
0.086999
0.087000
0.087000
0.087000
0.089000
0.086999
0.088000
0.086999
0.088001
0.087000
0.087000
0.086999
0.087000
0.087000
0.089000
0.086999
0.086999
0.086999
0.087000
0.086999
0.088000
0.087000
0.085000
0.087000
0.088000
0.087000
0.086000
0.086999
0.087000
0.087000
0.091000
0.087000
0.088000
0.087000
0.087000
0.087000
0.086999
0.090000
0.115000
0.112999
0.115000
0.112000
0.113000
0.116000
0.118000
0.116000
0.113000
0.116000
0.112999
0.115000
0.113000
0.113000
0.116000
0.112000
0.113000
0.112000
0.118000
0.112000
0.112999
0.116000
0.112999
0.115001
0.115000
0.113000
0.113000
0.112000
0.115000
0.112000
0.113000
0.113000
0.112999
0.112999
0.111001
0.113000
0.115001
0.112000
0.117000
0.113000
0.113000
0.112000
0.114000
0.112000
0.250000
0.086999
0.089000
0.087000
0.089000
0.087000
0.089000
0.087000
0.086999
0.087000
0.086999
0.086999
0.086999
0.087000
0.086999
0.086999
0.089000
0.086999
0.090000
0.087000
0.089000
0.087000
0.089000
0.086999
0.087000
0.086999
0.087000
0.087000
0.087000
0.086999
0.090000
0.087000
0.089000
0.087000
0.088000
0.086999
0.088000
0.087000
0.090000
0.086999
0.088000
0.087000
0.089000
0.087000
0.089000
0.086999
0.088000
0.086999
0.081000
0.087000
0.088000
0.086999
0.088000
0.086999
0.089000
0.086999
0.088001
0.087000
0.087000
0.087000
0.086999
0.086999
0.087000
0.086999
0.089000
0.087000
0.086999
0.087000
0.089000
0.087000
0.089000
0.087000
0.089000
0.087000
0.088001
0.086999
0.089000
0.087000
