299.973000
300.304000
299.312999
300.022000
299.807000
300.081001
299.547000
300.011000
299.436999
299.939000
300.557001
299.883001
299.618000
300.125999
299.609000
299.652000
300.326999
299.695000
299.520000
299.759000
299.580000
300.101000
299.926000
299.491000
299.823999
299.269000
300.263000
299.679000
300.055000
299.706000
299.898000
299.756000
299.676000
299.161000
300.155001
299.834000
300.264000
299.819000
299.821000
299.536000
299.373000
299.405000
299.814000
299.811000
299.680000
299.633000
299.697000
299.782000
299.898000
299.520999
299.891000
299.503000
300.015000
300.042000
299.571999
299.806000
299.911000
300.004000
299.711000
299.951000
299.759000
299.410000
299.668999
300.030000
299.560000
299.632999
299.993000
307.037000
299.722000
299.627000
299.806000
300.270000
306.554000
300.078000
300.131001
299.713001
299.919999
300.204000
300.233000
299.799000
299.900000
299.902000
299.536000
299.845000
299.904999
299.458000
299.755001
299.637999
300.580001
299.963000
299.633000
299.581001
299.717000
307.679000
300.141000
299.818000
299.624001
299.326000
299.508001
299.716000
300.261999
299.372001
299.672000
299.918000
299.833001
300.278001
300.127001
299.631000
299.788000
300.551000
299.820000
299.756001
299.527000
299.359000
307.901000
300.120001
299.658000
299.836000
299.854000
306.921000
299.673000
299.827999
299.850999
299.849000
299.763001
300.144000
299.915000
299.367000
299.488001
299.656000
300.022000
299.783000
299.134000
299.358000
299.449001
299.710000
299.602000
299.283000
299.400000
299.480000
299.672999
299.504000
299.478999
299.421000
299.680999
300.644999
299.731000
299.199000
299.951999
299.617001
300.295000
299.645000
299.385000
299.252001
299.698999
307.875000
299.326000
299.382000
299.556000
300.234000
307.162999
299.868000
299.572000
299.613000
299.695000
299.743000
299.659000
299.501000
299.505000
299.624000
299.224000
300.103000
299.795000
299.506000
299.772999
299.441000
299.647000
299.969000
299.642000
299.486000
299.660999
300.035000
299.903000
299.672000
299.610000
299.780000
307.208000
299.686000
299.812000
299.942999
299.623000
306.200000
300.090000
299.754000
299.287000
300.009000
300.053000
299.937000
300.009000
300.068000
299.258000
299.957000
299.800000
299.624001
299.550000
300.361000
299.415001
299.783000
299.150000
299.388000
299.962999
299.756000
299.597000
299.978999
299.841000
299.488000
299.594000
299.870000
300.042000
299.330001
299.832000
300.101000
299.945001
300.199999
299.434000
299.815999
299.957001
300.335000
299.872000
299.375000
299.408000
299.567000
299.818000
300.223000
300.491000
300.586000
299.574001
299.891000
300.245000
299.416999
299.383000
299.801000
300.323000
300.294000
299.600000
299.641999
299.349000
300.055999
299.984001
299.563000
299.981000
307.259000
299.570000
299.713000
299.853999
299.829000
299.602000
299.967000
299.920999
299.642000
299.802000
299.992000
300.177000
299.854000
299.538000
299.585001
299.568000
300.148000
300.133000
299.977000
299.598000
300.053000
308.247000
299.343000
300.376999
299.752000
299.556000
299.918001
299.594000
299.926000
299.517000
299.632000
299.915000
300.012001
299.674001
299.563000
299.931000
299.583000
300.306000
299.886000
300.034001
299.645000
299.547001
308.161000
299.645999
300.046001
299.582000
299.236000
300.198999
299.825000
300.083000
299.616000
299.661000
299.477000
300.121000
299.968001
299.921000
299.498000
299.764000
300.059000
299.693000
299.876001
299.494999
299.617000
309.854999
299.854000
300.276000
299.279001
299.725000
299.624000
300.171999
299.937000
299.745000
299.749999
299.734999
300.613000
299.563000
299.857000
299.622000
299.536000
299.962000
300.053000
300.166000
299.784000
300.049000
299.831000
300.092001
300.028000
299.738000
299.143000
299.912999
299.400000
299.483000
299.703000
299.389000
299.152000
300.012000
299.689000
299.661000
299.673000
299.508000
299.982000
299.692000
299.740000
299.509000
299.835999
299.929000
299.320000
299.860000
299.780000
299.943000
300.184000
299.785000
299.560000
299.660000
299.790000
307.205000
299.356000
299.520000
299.675000
299.991000
307.916000
300.004000
300.062000
299.642000
299.603000
299.710001
299.480001
299.935000
299.694000
299.834000
299.504000
300.393000
300.277000
299.765999
299.512000
299.709001
300.135000
299.713001
299.999001
299.431000
299.422001
299.930000
300.090000
299.630000
299.960000
299.666000
308.377000
299.810000
300.274000
299.638000
299.633999
299.771000
300.105000
299.856000
299.618000
299.796999
299.720000
300.453001
299.453000
299.667000
299.362000
299.736000
299.872000
300.093000
299.799000
299.573000
299.812000
308.049000
299.280000
299.674001
299.895000
299.734000
299.598000
300.000999
308.595000
299.795000
299.536000
299.740000
299.919000
300.005000
299.367000
299.655000
299.973000
299.862000
299.392000
299.941000
299.126999
299.470000
300.156999
299.507000
299.275001
299.868001
299.889999
306.834999
299.767000
299.564000
300.330000
299.506000
300.120000
299.738999
299.592000
299.546000
299.664999
299.874000
299.689000
299.697000
299.554000
299.513000
299.709001
300.416000
300.020000
300.023000
299.713001
299.996000
300.042000
300.449000
299.546000
300.036000
299.869999
300.006000
299.552000
299.911001
299.747000
299.501000
300.089000
300.043001
299.593001
299.405000
299.718000
299.725000
300.221000
299.806000
299.340000
300.183000
299.877999
299.779000
299.920000
299.951000
308.153000
299.543000
299.728001
299.583999
300.042000
299.448000
300.046001
299.737000
299.670000
299.587999
299.716000
299.431000
299.866000
299.641000
299.458000
299.395000
299.953000
299.703000
299.329000
299.560000
299.542000
300.213001
300.041000
300.023000
299.391000
299.675000
308.412001
300.450000
300.004000
300.184000
299.838000
307.287000
299.681000
299.547001
299.706999
300.027000
299.474000
299.643000
299.599000
299.713000
299.820000
308.023000
299.746000
299.548000
299.924000
299.602000
299.720000
299.967000
299.784999
299.642000
299.784999
299.922000
300.026000
299.716000
299.378000
299.705000
300.201000
300.053000
299.678000
299.387000
299.645000
299.880000
300.108001
299.938000
299.519001
299.613000
300.202000
299.879001
299.713000
299.589000
299.640999
299.469000
299.657000
299.680000
299.862000
299.680999
299.548000
299.561000
300.252000
299.409000
299.706000
299.646000
299.534000
299.430000
299.645000
299.472000
299.924999
300.005000
299.986000
299.982000
299.783000
299.950000
299.639001
299.904999
299.653000
299.614000
299.651001
299.444000
299.645000
299.967000
299.513000
299.455999
299.671000
299.719000
299.601000
300.249000
299.542000
299.728000
299.770000
299.823000
300.011000
299.701001
299.888001
300.435999
299.548000
300.642000
299.489999
299.710000
299.843000
300.042000
300.559000
300.093000
299.694000
299.941000
300.193000
299.682000
299.940000
299.986000
299.819999
299.810000
299.617000
299.995000
299.542000
299.837000
299.510000
300.036000
299.968000
299.432000
299.706000
299.682001
300.024000
299.826000
299.811000
299.829001
299.973001
300.247000
299.465000
300.096001
299.407000
300.271000
299.597001
299.826999
299.358000
299.590000
299.787000
300.442001
299.927000
299.954000
299.991000
300.237999
299.982000
299.856000
299.619000
299.635001
299.230000
300.036000
300.091000
299.851000
299.502000
299.519000
299.857000
299.502000
299.558001
300.002000
299.578000
300.690000
299.333000
299.527000
299.874000
299.495000
307.709000
300.336000
299.767001
299.508999
299.454000
299.741000
299.837000
299.956000
300.078000
299.292999
299.869000
299.902000
299.880001
299.592000
299.353000
300.074000
300.222999
299.964000
299.436000
299.800000
299.770000
306.702000
299.629000
299.941001
299.360000
299.556000
299.548000
300.121000
299.812000
299.869000
299.674001
299.671000
299.832000
299.737000
299.996000
300.015000
299.587999
300.969000
299.954000
299.761999
299.648000
299.137000
306.967000
299.854999
299.671000
299.486999
299.486000
299.784999
300.118000
299.517999
299.685000
299.934000
299.893000
299.714000
299.652000
299.518000
299.708000
309.351000
299.575999
300.092001
299.503000
299.851000
299.676999
299.935000
300.131000
300.022000
299.869000
300.449000
299.898000
299.885999
299.682000
299.334999
299.892001
299.879001
300.490000
299.625000
299.616001
300.198000
307.611000
300.450000
299.643000
299.731000
299.626000
299.567000
299.744000
299.645000
299.574000
299.559000
299.589001
300.319999
299.601000
299.753999
299.618000
299.991000
300.229999
299.796999
299.507000
300.079000
299.562000
299.891001
299.467999
300.371000
300.070000
299.790000
307.337999
299.362000
299.709000
299.135000
299.552000
299.653000
300.385999
299.548000
299.930001
299.508001
299.596000
299.986000
299.727000
299.536999
300.211000
299.072000
300.005000
299.347000
299.888001
300.050000
300.233000
300.107000
299.601000
300.326999
300.195999
299.547000
307.845999
299.508000
299.714000
299.662000
299.753999
300.325001
299.702999
299.764000
299.313000
299.904000
299.546000
300.090000
299.916999
299.513000
299.876000
299.674001
299.950000
300.160000
299.771000
299.758000
300.140999
300.182000
300.091000
299.762000
299.722000
299.821000
299.874000
300.265000
299.655000
299.641000
299.840000
299.845000
299.665000
299.667001
299.906000
299.799999
299.978000
300.337000
299.753999
300.005999
299.861000
300.281000
299.702000
299.501000
299.485000
299.752000
300.339000
300.141000
300.082000
299.757000
299.834000
300.117000
299.812000
299.716000
299.780000
299.814000
307.712999
299.695000
299.837000
300.024000
299.731000
299.587000
299.563000
299.880000
299.388000
300.144999
300.052000
300.559999
299.385000
299.593000
299.466999
299.354999
300.254000
299.766000
299.538000
299.871000
299.750000
307.878000
300.103000
300.165000
299.701000
299.848001
299.582000
299.543000
299.804000
299.463000
299.386000
300.100000
299.934001
299.532000
299.618000
299.691000
299.476000
300.260000
299.562000
299.774000
299.761999
299.782000
307.820000
299.830000
299.652000
299.871000
299.881000
299.953000
299.598000
300.184000
299.625999
299.550000
299.810001
300.123000
299.885999
299.935000
299.822000
299.679000
300.179000
300.265000
299.841000
299.745000
299.823999
308.095000
299.357000
299.864000
299.421000
299.654000
299.372000
299.508000
299.610000
299.845000
299.654000
299.727000
299.979000
299.749000
299.617000
299.722999
299.386000
300.284000
299.885000
299.637000
299.726000
299.724000
312.426000
299.666000
300.145000
299.486000
299.505000
299.544000
299.893999
300.197000
299.472000
299.628000
300.055000
300.226000
299.658000
299.945001
299.735000
299.175000
300.034000
299.473000
299.967000
299.885000
299.171000
307.429000
300.024000
299.759001
299.974000
299.912000
299.490999
299.842000
299.524000
299.395000
299.561000
300.194000
299.809000
300.399000
300.179000
299.937000
299.736000
300.053000
299.840000
299.741999
299.870000
299.625000
300.031000
299.380000
299.808000
300.090000
300.097000
299.825000
299.759000
299.619000
299.636001
299.570000
300.272000
299.644000
300.210000
299.687999
299.384000
300.026000
299.855000
299.810000
299.650000
