0.295997
0.122003
0.121001
0.123002
0.107002
0.109002
0.109002
0.109002
0.106998
0.108998
0.108000
0.109002
0.106998
0.108998
0.108000
0.109002
0.107002
0.108998
0.108000
0.109002
0.106998
0.108998
0.108000
0.110000
0.107002
0.108998
0.108000
0.112999
0.108000
0.108998
0.108998
0.109002
0.106998
0.108998
0.108000
0.108998
0.106998
0.109002
0.108000
0.108998
0.107002
0.109002
0.108000
0.109002
0.107002
0.109002
0.108000
0.108998
0.106998
0.108998
0.108000
0.108998
0.107002
0.111002
0.108004
0.109002
0.106998
0.109002
0.108000
0.108998
0.106998
0.109002
0.108998
0.108998
0.107002
0.108998
0.108000
0.109002
0.107002
0.109002
0.135001
0.105001
0.103001
0.104997
0.101998
0.107002
0.102997
0.105001
0.103999
0.105001
0.103001
0.105001
0.103999
0.105999
0.102997
0.105001
0.103999
0.333000
0.107002
0.110000
0.108000
0.108998
0.107002
0.110000
0.108000
0.108998
0.107002
0.109002
0.108000
0.110000
0.107002
0.110000
0.108000
0.109002
0.107002
0.110000
0.108998
0.109002
0.107002
0.109002
0.108998
0.108998
0.287998
0.109002
0.108000
0.110000
0.107002
0.108998
0.108000
0.108998
0.106998
0.109997
0.108000
0.110000
0.107002
0.110000
0.109002
0.110000
0.106998
0.110000
0.108000
0.110000
0.107002
0.108998
0.108000
0.109002
0.106998
0.108998
0.108000
0.109002
0.106998
0.110000
0.108000
0.109002
0.107002
0.109002
0.108000
0.108998
0.107002
0.109002
0.109002
0.110000
0.107002
0.108998
0.108000
0.103001
0.107002
0.109002
0.108000
0.109002
0.107002
0.110000
0.108000
0.110000
0.107002
0.108998
0.108000
0.110000
0.107002
0.110000
0.108000
0.110000
0.106998
0.108998
0.108000
0.108998
0.107002
0.110000
0.108000
0.110000
0.107002
0.108998
0.108000
0.110000
0.107002
0.108998
0.108000
0.108998
0.106998
0.109002
0.108000
0.109002
0.106998
0.110000
0.108000
0.110000
0.107002
0.108998
0.103001
0.109002
0.107002
0.109002
0.108000
0.110999
0.106998
0.110000
0.108000
0.109997
0.106998
0.109002
0.108000
0.110000
0.107002
0.110000
0.108000
0.108998
0.107002
0.108998
0.108000
0.109002
0.106998
0.110000
0.108000
0.110000
0.106998
0.109002
0.108000
0.108998
0.107002
0.109002
0.109002
0.110000
0.106998
0.108998
0.108000
0.108998
0.106998
0.109002
0.108000
0.110000
0.108000
0.110000
0.108000
0.108998
0.106998
0.108998
0.108000
0.108998
0.106998
0.110999
0.108000
0.110000
0.105999
0.110000
0.108000
0.110000
0.107002
0.110000
0.108000
0.110999
0.106998
0.110000
0.108000
0.108998
0.106998
0.110000
0.108000
0.110000
0.106998
0.109002
0.108998
0.110000
0.107002
0.108998
0.108000
0.108998
0.107002
0.110000
0.108000
0.110000
0.107002
0.110000
0.108000
0.103001
0.107002
0.109002
0.108000
0.109002
0.107002
0.108998
0.108000
0.109002
0.107002
0.110000
0.108000
0.109997
0.106998
0.110000
0.108000
0.110999
0.107002
0.110000
0.108004
0.108998
0.107002
0.110000
0.108000
0.108998
0.107002
0.109002
0.108000
0.111002
0.107002
0.109002
0.108000
0.108998
0.106998
0.110000
0.109002
0.109997
0.107002
0.110000
0.108004
0.108998
0.106998
0.109002
0.110000
0.110000
0.106998
0.108998
0.108000
0.108998
0.106998
0.110000
0.108000
0.110999
0.106998
0.108998
0.108000
0.108998
0.107002
0.108998
0.109002
0.109002
0.107002
0.110000
0.108998
0.110000
0.106998
0.109002
0.108998
0.110000
0.107002
0.109997
0.109002
0.109002
0.107002
0.109002
0.108000
0.108998
0.106998
0.109002
0.108000
0.108998
0.106998
0.108998
0.108000
0.109002
0.110999
0.109002
0.108000
0.109002
0.107002
0.110000
0.108000
0.110000
0.106998
0.108998
0.108000
0.110000
0.106998
0.110000
0.108000
0.108998
0.106998
0.108998
0.108000
0.109002
0.107002
0.108998
0.108000
0.109002
0.107002
0.108998
0.108998
0.108998
0.106998
0.109997
0.108000
0.108998
0.106998
0.112999
0.108000
0.110000
0.105999
0.110000
0.108000
0.108998
0.107002
0.110000
0.108000
0.110000
0.107002
0.109002
0.108000
0.110000
0.107002
0.109002
0.108000
0.109002
0.106998
0.102002
0.108000
0.109002
0.107002
0.110000
0.108000
0.110000
0.107002
0.110000
0.108000
0.110999
0.106998
0.110000
0.108000
0.108998
0.107002
0.110000
0.108000
0.109002
0.107002
0.110000
0.108000
0.110000
0.107002
0.108998
0.108998
0.110000
0.107002
0.108998
0.108998
0.110000
0.108998
0.109002
0.105999
0.110000
0.106998
0.108998
0.108000
0.111002
0.107002
0.108998
0.109002
0.109002
0.107002
0.108998
0.108000
0.110000
0.106998
0.110000
0.108000
0.109002
0.107002
0.110000
0.108004
0.110000
0.107002
0.109002
0.108000
0.109997
0.106998
0.109002
0.108000
0.109002
0.107002
0.108998
0.108000
0.110000
0.106998
0.110000
0.108998
0.110000
0.106998
0.108998
0.108000
0.111002
0.296000
0.110000
0.108000
0.110000
0.107002
0.109002
0.108004
0.109997
0.106998
0.108998
0.108000
0.110000
0.107002
0.110000
0.108000
0.109002
0.107002
0.109002
0.108000
0.110000
0.106998
0.108998
0.108000
0.109002
0.106998
0.110000
0.108000
0.108998
0.107002
0.108998
0.108000
0.110000
0.106998
0.108998
0.108000
0.108998
0.106998
0.108998
0.108998
0.108998
0.107002
0.110000
0.108000
0.110000
0.107002
0.109002
0.108000
0.109002
0.107002
0.110000
0.108000
0.109002
0.107002
0.110000
0.108998
0.109002
0.106998
0.109002
0.108000
0.109002
0.107002
0.109002
0.108000
0.109997
0.107002
0.110000
0.108000
0.109002
0.107002
0.110000
0.108000
0.110000
0.106998
0.110000
0.108000
0.110000
0.107002
0.110000
0.108004
0.110999
0.107002
0.109002
0.109002
0.110000
0.106998
0.110000
0.105999
0.109002
0.106998
0.109002
0.108000
0.110999
0.106998
0.108998
0.109002
0.110000
0.106998
0.109997
0.108000
0.110000
0.107002
0.109002
0.108000
0.110000
0.106998
0.108998
0.108998
0.110000
0.107002
0.108998
0.109002
0.111002
0.107002
0.109002
0.108000
0.110000
0.107002
0.108998
0.108000
0.110000
0.107002
0.110000
0.108000
0.108998
0.105999
0.108998
0.108000
0.110000
0.110999
0.110000
0.108000
0.109002
0.106998
0.110999
0.108000
0.110000
0.273000
0.138000
0.104003
0.107002
0.103001
0.103001
0.102002
0.103001
0.103001
0.102002
0.102002
0.101998
0.102002
0.105001
0.103001
0.107002
0.102002
0.103001
0.101998
0.103001
0.101998
0.103001
0.102002
0.103001
0.102002
0.102002
0.102002
0.103001
0.101998
0.101998
0.102002
0.103001
0.102002
0.102002
0.101998
0.110000
0.102002
0.106998
0.102002
0.107002
0.103001
0.102002
0.102002
0.103999
0.103001
0.101998
0.101998
0.103001
0.103001
0.107002
0.101998
0.103001
0.101998
0.102002
0.102002
0.102002
0.101998
0.101998
0.101998
0.106998
0.101998
0.107002
0.103999
0.107002
0.103001
0.107002
0.103999
0.108000
0.102002
0.102002
0.104003
0.107002
0.102002
0.107002
0.103999
0.107002
0.103001
0.103001
0.103001
0.101998
0.101998
0.102002
0.101998
0.105001
0.105001
0.103001
0.102002
0.101998
0.101998
0.105001
0.101998
0.101998
0.102997
0.105001
0.103999
0.106998
0.102997
0.106998
0.103999
0.105001
0.102002
0.107002
0.104997
0.107002
0.101998
0.102002
0.102002
0.102997
0.103001
0.104997
0.103999
0.107002
0.103001
0.107002
0.105001
0.104997
0.103001
0.106003
0.103999
0.105999
0.103999
0.103999
0.103999
0.106998
0.103001
0.103001
0.101998
0.102002
0.102002
0.101998
0.103999
0.101998
0.101998
0.101998
0.104003
0.107002
0.102997
0.106998
0.103999
0.108000
0.102997
0.107002
0.103999
0.108000
0.102002
0.107002
0.103999
0.107002
0.103001
0.108000
0.103999
0.107002
0.103001
0.107002
0.103999
0.106998
0.103001
0.107002
0.103999
0.106998
0.103001
0.106998
0.103999
0.103001
0.103001
0.107002
0.104003
0.101998
0.102002
0.101998
0.102002
0.105001
0.101998
0.103001
0.101998
0.102002
0.102002
0.101998
0.101998
0.101998
0.103001
0.101998
0.102002
0.103001
0.102997
0.101998
0.101998
0.103001
0.102002
0.101998
0.104003
0.105001
0.101998
0.102002
0.101998
0.102997
0.103001
0.105999
0.101000
0.102997
0.102002
0.102002
0.102002
0.101998
0.101998
0.102002
0.106003
0.106998
0.103001
0.106998
0.103999
0.106998
0.102002
0.102002
0.104003
0.106998
0.103001
0.106998
0.101998
0.103001
0.101998
0.102997
0.101998
0.102002
0.101998
0.101998
0.104003
0.101998
0.101998
0.101998
0.102002
0.101998
0.101998
0.103001
0.102002
0.102002
0.101998
0.103999
0.102002
0.108000
0.103001
0.108000
0.101998
0.106998
0.101998
0.103001
0.101998
0.102002
0.103999
0.105999
0.101998
0.102002
0.102002
0.103001
0.101998
0.101998
0.103001
0.109002
0.103001
0.103001
0.101998
0.105001
0.101998
0.101998
0.101998
0.105001
0.101998
0.102002
0.101998
0.101998
0.101998
0.101998
0.102002
0.102002
0.104003
0.106998
0.103001
0.105999
0.104003
0.107002
0.103001
0.105001
0.103999
0.105999
0.103001
0.105001
0.105001
0.107002
0.103001
0.106998
0.102997
0.111997
0.102997
0.106998
0.101998
0.102002
0.102002
0.101998
0.101998
0.101998
0.102002
0.103001
0.101998
0.102002
0.102002
0.102002
0.101998
0.101998
0.102002
0.103001
0.103001
0.103001
0.102002
0.102002
0.101998
0.103001
0.101998
0.101998
0.102002
0.101998
0.102002
0.101998
0.101998
0.102002
0.102002
0.101998
0.102002
0.103999
0.101998
0.101998
0.102002
0.102002
0.103001
0.101998
0.103001
0.105001
0.103001
0.106998
0.103999
0.110000
0.103001
0.107002
0.102002
0.101998
0.102002
0.101998
0.101998
0.105001
0.103001
0.107002
0.103999
0.105001
0.103001
0.107002
0.103999
0.104997
0.103999
0.107002
0.103999
0.105001
0.103001
0.107002
0.103999
0.105001
0.101998
0.107002
0.103999
0.105001
