0.152000
0.127000
0.134000
0.122000
0.123000
0.135000
0.134000
0.123000
0.126000
0.123000
0.135000
0.123000
0.123000
0.122000
0.122000
0.123000
0.123000
0.123000
0.120000
0.123000
0.122000
0.135001
0.135000
0.123001
0.123001
0.120000
0.123000
0.122000
0.123000
0.123000
0.122000
0.123000
0.123000
0.122000
0.123001
0.123000
0.122000
0.123000
0.123000
0.123000
0.122000
0.123000
0.123000
0.123000
0.123000
0.122000
0.136000
0.123001
0.120000
0.123000
0.120000
0.120000
0.123000
0.123000
0.123000
0.122000
0.122000
0.122000
0.135000
0.122000
0.123000
0.123000
0.135000
0.120000
0.123001
0.154000
0.123000
0.123001
0.122000
0.123000
0.120000
0.123000
0.123000
0.123000
0.123000
0.122000
0.123000
0.123001
0.123000
0.123000
0.123000
0.122000
0.123001
0.122000
0.123000
0.135000
0.123000
0.122000
0.123001
0.123001
0.124000
0.122000
0.123001
0.123001
0.122000
0.123000
0.123000
0.123000
0.123000
0.123000
0.123000
0.123000
0.123000
0.123000
0.123000
0.123000
0.123000
0.123001
0.123000
0.122000
0.123001
0.125000
0.123001
0.125000
0.123000
0.122000
0.123000
0.123000
0.122000
0.123001
0.123000
0.123000
0.120000
0.123000
0.123001
0.123000
0.123000
0.123001
0.123000
0.122000
0.123000
0.123000
0.123000
0.122000
0.123000
0.123000
0.122000
0.123000
0.136000
0.122000
0.123000
0.122000
0.123000
0.123000
0.123001
0.123000
0.123000
0.123000
0.123000
0.137000
0.123000
0.123000
0.123000
0.123000
0.123001
0.123000
0.123000
0.123000
0.123000
0.120000
0.123000
0.123001
0.123000
0.123000
0.123001
0.123000
0.124000
0.122000
0.123000
0.123000
0.123000
0.123000
0.123000
0.123000
0.123000
0.124000
0.123000
0.123000
0.123000
0.123000
0.123000
0.123001
0.123001
0.123000
0.123000
0.123000
0.123000
0.123001
0.120000
0.123000
0.124000
0.123000
0.123000
0.122000
0.123000
0.120000
0.123000
0.122000
0.123000
0.123000
0.120000
0.123000
0.123000
0.123000
0.123001
0.123000
0.123000
0.122000
0.120000
0.123000
0.123000
0.123000
0.123000
0.138000
0.123000
0.123000
0.120000
0.123000
0.120000
0.123001
0.123000
0.123000
0.123000
0.122000
0.123000
0.123000
0.123000
0.123000
0.123000
0.123000
0.123000
0.123000
0.124000
0.123000
0.123001
0.122000
0.122000
0.123000
0.123000
0.123000
0.122000
0.122000
0.120000
0.123001
0.122000
0.123000
0.122000
0.123000
0.122000
0.123000
0.123001
0.123000
0.123000
0.122000
0.122000
0.122000
0.122000
0.120000
0.123001
0.123000
0.123001
0.122000
0.120000
0.123000
0.123000
0.122000
0.123001
0.120000
0.123000
0.122000
0.123000
0.122000
0.122000
0.120000
0.120000
0.122000
0.123001
0.135000
0.123001
0.122000
0.123001
0.123000
0.123001
0.123000
0.123000
0.123000
0.121000
0.123000
0.123000
0.123000
0.122000
0.122000
0.123000
0.124999
0.122000
0.123000
0.123001
0.123000
0.123000
0.123000
0.123001
0.136000
0.123000
0.120000
0.123000
0.123000
0.123001
0.123000
0.123000
0.135000
0.123001
0.122000
0.123000
0.122000
0.123000
0.123000
0.135000
0.123000
0.123000
0.123000
0.123000
0.123000
0.123000
0.123000
0.123001
0.122000
0.123001
0.123000
0.123000
0.136999
0.123001
0.123001
0.123000
0.120000
0.123000
0.123000
0.122000
0.136000
0.123001
0.123000
0.122000
0.137000
0.124999
0.122000
0.122000
0.123000
0.123000
0.123000
0.124000
0.123000
0.123000
0.123001
0.123000
0.123000
0.123000
0.135999
0.134000
0.123000
0.123000
0.122000
0.123000
0.125000
0.123000
0.123001
0.134000
0.123001
0.135001
0.122000
0.120000
0.123000
0.121000
0.123001
0.122000
0.123000
0.124000
0.123001
0.123000
0.123001
0.123000
0.123000
0.123000
0.123000
0.122000
0.123000
0.123001
0.123000
0.123000
0.120000
0.123001
0.123000
0.123000
0.123001
0.123001
0.123000
0.123000
0.123000
0.123000
0.123001
0.123001
0.123000
0.123000
0.123000
0.123000
0.123000
0.122000
0.136000
0.123000
0.123001
0.123000
0.122000
0.123000
0.123000
0.123000
0.123001
0.123000
0.123000
0.123000
0.122000
0.124000
0.123000
0.123000
0.122000
0.123001
0.123001
0.123000
0.122000
0.123000
0.123000
0.123000
0.122000
0.123001
0.123000
0.123000
0.123000
0.123001
0.123001
0.123000
0.123000
0.123001
0.123000
0.123001
0.123001
0.122000
0.123001
0.123000
0.123000
0.122000
0.122000
0.123000
0.136000
0.122000
0.122000
0.135000
0.123001
0.122000
0.123000
0.123000
0.123000
0.122000
0.123001
0.123001
0.123000
0.123000
0.123000
0.123001
0.123000
0.123000
0.123000
0.135000
0.135000
0.123000
0.123000
0.123000
0.123000
0.123000
0.123000
0.123000
0.123000
0.123000
0.136000
0.123001
0.123000
0.123001
0.123000
0.123000
0.123000
0.138001
0.123000
0.123000
0.123000
0.135000
0.122000
0.123000
0.123000
0.123000
0.123000
0.122000
0.123000
0.123000
0.123001
0.123000
0.124000
0.123000
0.122000
0.123000
0.123000
0.123001
0.122000
0.123000
0.123000
0.123000
0.124000
0.123000
0.123000
0.123000
0.122000
0.123000
0.123000
0.123000
0.123000
0.122000
0.123000
0.123000
0.123000
0.123000
0.123000
0.123000
0.123001
0.123000
0.122000
0.122000
0.122000
0.122000
0.135999
0.123000
0.122000
0.123000
0.122000
0.123000
0.123000
0.123000
0.123001
0.123000
0.122000
0.123000
0.123001
0.136000
0.123001
0.123001
0.123000
0.122000
0.123000
0.123000
0.123001
0.123000
0.123000
0.123000
0.123000
0.123000
0.123000
0.135000
0.137000
0.123000
0.123000
0.134000
0.123000
0.122000
0.122000
0.122000
0.123000
0.123001
0.123001
0.122000
0.165000
0.123000
0.123000
0.135000
0.123000
0.123000
0.123000
0.123000
0.123000
0.123000
0.123000
0.123000
0.136000
0.123000
0.123001
0.123000
0.123000
0.122000
0.123000
0.123000
0.122000
0.123000
0.123000
0.123001
0.136000
0.123000
0.123000
0.122000
0.123000
0.122000
0.375000
0.123001
0.123000
0.124000
0.124000
0.123001
0.123000
0.123000
0.124000
0.123000
0.122000
0.124000
0.124000
0.122000
0.123000
0.124000
0.124000
0.123000
0.123000
0.124000
0.124000
0.123001
0.123000
0.124000
0.124000
0.123000
0.123001
0.124000
0.126000
0.123000
0.122000
0.123000
0.123000
0.123000
0.123000
0.123000
0.124000
0.123000
0.123000
0.123001
0.124000
0.123000
0.123000
0.124000
0.124000
0.122000
0.123000
0.124000
0.123000
0.123000
0.122000
0.123001
0.121000
0.122000
0.123000
0.123000
0.124000
0.123001
0.128000
0.123000
0.123000
0.122000
0.123000
0.124000
0.123001
0.123000
0.123000
0.123001
0.124000
0.123000
0.122000
0.124000
0.124000
0.123000
0.122000
0.124000
0.124000
0.123000
0.123000
0.124000
0.124000
0.123000
0.123001
0.124000
0.126000
0.123000
0.123000
0.124000
0.123000
0.123001
0.122000
0.124000
0.124000
0.123000
0.123000
0.123000
0.123000
0.123001
0.123000
0.124000
0.124000
0.122000
0.123000
0.124000
0.123000
0.123001
0.123000
0.123001
0.123000
0.123000
0.123001
0.124000
0.124000
0.123000
0.122000
0.123000
0.123000
0.120000
0.123000
0.124000
0.124000
0.123000
0.136000
0.124000
0.123000
0.123000
0.123000
0.123000
0.124000
0.120000
0.123001
0.120999
0.124000
0.123000
0.123000
0.121000
0.124000
0.123000
0.122000
0.120999
0.123000
0.122000
0.122000
0.124000
0.123000
0.123000
0.123000
0.124000
0.124000
0.123000
0.123001
0.126000
0.124000
0.123000
0.123000
0.123000
0.121000
0.123000
0.123000
0.124000
0.124000
0.123000
0.120999
0.124000
0.124000
0.123000
0.123000
0.120999
0.124000
0.123001
0.121000
0.121000
0.121000
0.123000
0.123000
0.123001
0.124000
0.123000
0.120999
0.124000
0.135000
0.120000
0.123000
0.123001
0.123000
0.123001
0.136999
0.124000
0.126000
0.121000
0.123000
0.124000
0.123000
0.121000
0.120000
0.122000
0.123000
0.120999
0.121000
0.122000
0.123000
0.120000
0.121000
0.122000
0.123000
0.121000
0.123000
0.123000
0.124000
0.123000
0.123000
0.120999
0.124000
0.121000
0.121000
0.121000
0.124000
0.123000
0.121000
0.123000
0.123000
0.122000
0.123000
0.124000
0.124000
0.123001
0.123000
0.124000
0.124000
0.120999
0.123000
0.124000
0.124000
0.123000
0.122000
0.121000
0.123000
0.122000
0.123000
0.123000
0.124000
0.123001
0.122000
0.135000
0.123001
0.123001
0.123000
0.123000
0.124000
0.120000
0.137000
0.134000
0.122000
0.121000
0.135000
0.134000
0.122000
0.123000
0.123000
0.135000
0.135001
0.123000
0.123001
0.123000
0.122000
0.123000
0.123000
0.123000
0.124000
0.123000
0.123001
0.123000
0.122000
0.123000
0.123000
0.123001
0.124000
0.123000
0.123001
0.124000
0.122000
0.123000
0.123001
0.124000
0.123999
0.122000
0.123000
0.137000
0.122000
0.123000
0.123000
0.123000
0.123000
0.123000
0.123000
0.135000
0.135001
0.121000
0.120999
0.121000
0.122000
0.121000
0.121000
0.122000
0.122000
0.121000
0.121000
0.122000
0.122000
0.121000
0.121000
0.121000
0.122000
0.121000
0.136000
0.124000
0.124000
0.123000
0.123000
0.122000
0.124000
0.123000
0.123000
0.124000
0.123000
0.123000
0.121000
0.136000
0.123000
0.123000
0.122000
0.134001
0.124000
0.123000
0.122000
0.123000
0.123000
0.123001
0.122000
0.124000
0.124000
0.122000
0.120000
0.121000
0.123000
0.123001
0.123000
0.123000
0.124000
0.123000
0.123001
0.124000
0.124000
0.123000
0.122000
0.124000
0.123001
0.123000
0.120000
0.139000
0.123000
0.120000
0.122000
0.138000
0.122000
0.120000
0.120999
0.137000
0.124000
0.123000
0.123000
0.136000
0.123000
0.123001
0.136000
0.123000
0.124000
0.123000
0.135001
0.122000
0.124000
0.121000
0.120999
0.121000
0.124000
0.138001
0.122000
0.122000
0.120999
0.135000
0.123000
0.121000
0.123000
0.123001
0.121000
0.124000
0.124000
