0.857000
0.727000
0.728000
0.739000
0.753000
0.727001
0.729000
0.733000
0.729000
0.721000
0.738000
0.720000
0.762001
0.729000
0.728000
0.727000
0.728000
0.720000
0.721999
0.715001
0.716000
0.723000
0.730000
0.729000
0.727000
0.727001
0.727000
0.728000
0.734000
0.720999
0.719001
0.730000
0.731000
0.728999
0.729000
0.725000
0.730000
0.728001
0.734000
0.713000
0.722000
0.738000
0.717999
0.721999
0.720000
0.725000
0.725000
0.760000
0.726000
0.733000
0.719001
0.728999
0.723001
0.723000
0.721000
0.719000
0.720000
0.726000
0.721999
0.722000
0.729000
0.728000
0.728000
0.728999
0.719000
0.725000
0.717000
0.718000
0.721000
0.724000
0.719000
0.718000
0.724999
0.733000
0.715001
0.715001
0.719000
0.739000
0.716000
0.728000
0.729000
0.727000
0.727000
0.726000
0.731000
0.732000
0.716000
0.723001
0.726000
0.728999
0.728000
0.716000
0.732000
0.730000
0.717000
0.732000
0.731001
0.721000
0.728999
0.737000
0.727001
0.734000
0.724999
0.720000
0.727000
0.734000
0.723000
0.730000
0.725999
0.724999
0.723001
0.727000
0.733000
0.721999
0.720000
0.731000
0.721999
0.718000
0.721000
0.720999
0.726000
0.738000
0.722000
0.721000
0.725999
0.720000
0.717999
0.725999
0.734000
0.718000
0.728000
0.730000
0.722000
0.727000
0.726000
0.719000
0.721000
0.727001
0.726000
0.728000
0.725000
0.727000
0.723000
0.725000
0.718000
0.733000
0.722000
0.721000
0.716000
0.729000
0.721999
0.723001
0.716000
0.721999
0.716000
0.725999
0.730000
0.732000
0.723000
0.713000
0.724000
0.722000
0.721000
0.729000
0.720000
0.720000
0.736000
0.713000
0.715000
0.719001
0.715000
0.724000
0.717000
0.721000
0.723000
0.725999
0.733000
0.719000
0.715000
0.729000
0.735000
0.734000
0.745000
0.718000
0.945000
0.727000
0.727001
0.719000
0.742000
0.721999
0.716000
0.719000
0.750001
0.724000
0.717999
0.727000
0.721000
0.717000
0.719001
0.730000
0.726000
0.712999
0.724000
0.724000
0.721999
0.728000
0.721999
0.723000
0.739001
0.725999
0.723000
0.733000
0.715001
0.736999
0.726000
0.717999
0.727000
0.716001
0.720000
0.716000
0.724000
0.739000
0.717999
0.716999
0.724000
0.720000
0.721999
0.730000
0.731000
0.732000
0.730000
0.723000
0.725000
0.725000
0.730000
0.739000
0.720999
0.720999
0.720001
0.743000
0.738000
0.726000
0.751000
0.724001
0.720000
0.733000
0.728999
0.718000
0.720000
0.714000
0.727000
0.745000
0.717999
0.721000
0.725000
0.727001
0.715001
0.729000
0.724000
0.728000
0.711000
0.718000
0.731000
0.724001
0.734000
0.723000
0.724000
0.725000
0.751001
0.734000
0.725999
0.725000
0.726000
0.728000
0.726000
0.723000
0.726000
0.721999
0.731000
0.723000
0.729000
0.725000
0.731000
0.740000
0.723000
0.730000
0.732000
0.730000
0.726000
0.722000
0.727001
0.724000
0.723000
0.720000
0.718000
0.712001
0.719000
0.725999
0.740000
0.726000
0.714000
0.730000
0.725999
0.722000
0.733000
0.725999
0.722000
0.730000
0.739001
0.730000
0.730000
0.733000
0.717999
0.719000
0.720000
0.723000
0.721000
0.730000
0.731000
0.728000
0.725000
0.731000
0.722000
0.721999
0.727000
0.728000
0.721000
0.725000
0.723001
0.736000
0.718000
0.719000
0.717000
0.727001
0.717000
0.723000
0.733000
0.718000
0.728000
0.736000
0.713999
0.717999
0.721999
0.731000
0.728999
0.725999
0.725000
0.726000
0.728000
0.722000
0.724999
0.725000
0.722000
0.717999
0.732999
0.722000
0.730000
0.728999
0.724000
0.737000
0.720000
0.734000
0.729000
0.725000
0.724999
0.726000
0.731000
0.737000
0.728000
0.722000
0.723001
0.738000
0.728000
0.725999
0.715001
0.724999
0.730000
0.739001
0.724001
0.716000
0.748000
0.746000
0.723000
0.743000
0.732000
0.722000
0.726000
0.719000
0.725999
0.724999
0.727001
0.724000
0.729000
0.744000
0.731000
0.728999
0.728000
0.722000
0.726000
0.733000
0.715000
0.724000
0.732000
0.715000
0.734000
0.734000
0.727000
0.736000
0.724001
0.721000
0.715001
0.716000
0.728000
0.725999
0.723000
0.735000
0.727001
0.724000
0.725000
0.733000
0.739001
0.712001
0.718000
0.730000
0.724999
0.715000
0.728000
0.732000
0.723000
0.725000
0.731000
0.733000
0.717000
0.741000
0.720000
0.729000
0.718000
0.717000
0.732000
0.724000
0.721000
0.721000
0.718000
0.725000
0.734000
0.733000
0.721999
0.720001
0.726000
0.717000
0.727000
0.719001
0.729000
0.723000
0.727000
0.724000
0.729000
0.737000
0.721000
0.723000
0.729000
0.717000
0.719001
0.725999
0.719000
0.717000
0.733000
0.723000
0.720000
0.724000
0.720000
0.729000
0.725999
0.723000
0.730000
0.730000
0.725000
0.731000
0.721000
0.727000
0.723000
0.724000
0.722000
0.721999
0.724999
0.721000
0.716000
0.724000
0.726000
0.731001
0.716999
0.728000
0.723000
0.723001
0.725999
0.730000
0.720000
0.720000
0.740999
0.712000
0.732999
0.716000
0.729000
0.720000
0.733000
0.724000
0.732000
0.730000
0.724999
0.725000
0.729000
0.727000
0.714000
0.726000
0.728999
0.719000
0.724000
0.727001
0.724999
0.729000
0.727000
0.725999
0.735000
0.723000
0.715000
0.731001
0.725000
0.729000
0.725000
0.730000
0.734000
0.729000
0.737000
0.717999
0.734000
0.720000
0.716000
0.722000
0.729000
0.732000
0.719001
0.718000
0.721000
0.721000
0.724000
0.729000
0.718000
0.729000
0.731000
0.719001
0.728000
0.725000
0.726000
0.732000
0.728000
0.723001
0.724000
0.724000
0.717999
0.725000
0.721999
0.730000
0.715000
0.727001
0.729000
0.723001
0.723000
0.731000
0.732000
0.720000
0.726000
0.723001
0.727000
0.731001
0.742001
0.730000
0.725000
0.728000
0.732001
0.724000
0.720000
0.725999
0.737000
0.745000
0.720000
0.721000
0.720000
0.720000
0.720001
0.724999
0.725000
0.720000
0.712000
0.723001
0.732000
0.723000
0.721999
0.769000
0.722000
0.721999
0.724999
0.716999
0.720000
0.719001
0.729000
0.727001
0.737000
0.724000
0.734000
0.720000
0.728000
0.720000
0.727000
0.728999
0.732000
0.721999
0.727000
0.729000
0.730000
0.722000
0.724000
0.721000
0.720000
0.726000
0.728000
0.714000
0.729000
0.721000
0.733000
0.722000
0.727000
0.725000
0.724001
0.716000
0.755999
0.723000
0.720000
0.728000
0.725000
0.720000
0.719001
0.717000
0.724000
0.731000
0.724999
0.713000
0.736000
0.719001
0.743999
0.729000
0.720999
0.729000
0.717999
0.717000
0.725000
0.732000
0.717999
0.715000
0.720999
0.724000
0.721000
0.724999
0.720000
0.724999
0.722000
0.723000
0.718000
0.719000
0.711000
0.728000
0.729000
0.713999
0.724000
0.716001
0.725000
0.721000
0.717999
0.717999
0.725999
0.727001
0.723000
0.725000
0.734000
0.715000
0.717999
0.716000
0.724000
0.721000
0.730000
0.719000
0.723000
0.731000
0.724999
0.721999
0.723001
0.728000
0.716999
0.725000
0.725000
0.713000
0.731000
0.729000
0.721999
0.725999
0.732000
0.715001
0.731000
0.715001
0.716000
0.721000
0.724000
0.725000
0.717999
0.724000
0.725000
0.723001
0.725000
0.724999
0.728000
0.727000
0.727001
0.725000
0.718000
0.724000
0.722000
0.720999
0.724000
0.723000
0.718000
0.726000
0.725000
0.725999
0.715000
0.705999
0.731000
0.720000
0.716000
0.731000
0.721000
0.730000
0.722000
0.721999
0.716000
0.729000
0.731000
0.720000
0.731001
0.716000
0.719000
0.724000
0.730000
0.721000
0.721999
0.718000
0.717000
0.733000
0.732000
0.723000
0.717999
0.724000
0.725000
0.728000
0.717000
0.718000
0.727001
0.719000
0.723000
0.728999
0.735000
0.717000
0.725000
0.722000
0.725000
0.725000
0.723001
0.721000
0.724000
0.716999
0.731000
0.721000
0.716001
0.730000
0.722000
0.716000
0.721000
0.725000
0.727000
0.723000
0.719000
0.723000
0.713000
0.714000
0.716000
0.726000
0.716000
0.724000
0.714000
0.716000
0.729000
0.720000
0.725000
0.727000
0.728000
0.726000
0.722000
0.725000
0.721999
0.724000
0.718000
0.715000
0.717999
0.713000
0.723001
0.732000
0.725000
0.719000
0.736000
0.730000
0.722000
0.723000
0.728000
0.712999
0.719000
0.727000
0.733000
0.716000
0.725000
0.709000
0.725000
0.723001
0.728000
0.722000
0.721000
0.722000
0.722000
0.719001
0.727000
0.721000
0.731001
0.714000
0.730000
0.725000
0.742001
0.727000
0.728000
0.714000
0.715000
0.721999
0.736000
0.724000
0.724000
0.722000
0.722000
0.723000
0.734000
0.720000
0.709000
0.719000
0.718000
0.727001
0.716000
0.728000
0.721999
0.728000
0.731001
0.721999
0.732000
0.732000
0.729000
0.726000
0.724999
0.741000
0.736000
0.718000
0.725000
0.712001
0.721999
0.713999
0.740000
0.729000
0.730000
0.715000
0.744000
0.721999
0.724000
0.713000
0.731000
0.720001
0.717999
0.739999
0.713000
0.721000
0.730000
0.729000
0.724000
0.724000
0.737000
0.730000
0.729000
0.727001
0.727000
0.724000
0.740000
0.724999
0.728999
0.730000
0.723000
0.719000
0.724000
0.716999
0.713999
0.718000
0.732000
0.716000
0.720000
0.722000
0.720001
0.724000
0.731001
0.725999
0.732000
0.731000
0.726000
0.724999
0.728000
0.725999
0.720000
0.714000
0.736000
0.743000
0.721000
0.713000
0.728000
0.709000
0.732000
0.715001
0.731000
0.723000
0.727000
0.722000
0.725000
0.720001
0.731000
0.719000
0.718000
0.725000
0.728000
0.719000
0.710000
0.729000
0.715001
0.717000
0.736999
0.721999
0.716001
0.734000
0.723000
0.726000
0.720000
0.727001
0.732000
0.716000
0.728000
0.721000
0.726000
0.723000
0.730000
0.709999
0.726000
0.713999
0.718000
0.723000
0.709000
0.715000
0.718000
0.718000
0.734000
0.712000
0.727001
0.713999
0.728001
0.724999
0.721999
0.723000
0.728000
0.712000
0.720000
0.727000
0.721000
0.718000
0.730000
0.742000
0.716001
0.727001
0.725000
0.728000
0.728999
0.721000
0.725000
0.740000
