67.840000
72.480000
69.540000
71.280000
69.640000
68.200000
68.140000
79.120000
68.160000
68.200000
68.380000
70.380000
68.080000
68.120000
68.160000
68.100000
68.140000
68.160000
68.120000
68.160000
68.260000
70.620000
68.120000
68.120000
68.100000
68.480000
68.120000
68.340000
67.840000
67.820000
67.800000
67.920000
67.820000
67.900000
67.840000
67.860000
67.940000
67.840000
67.840000
67.800000
67.840000
68.340000
67.820000
67.800000
67.900000
67.780000
67.820000
67.820000
67.840000
67.840000
67.780000
67.860000
67.900000
67.820000
67.920000
67.840000
67.840000
67.780000
67.840000
67.840000
67.840000
67.780000
67.800000
67.840000
67.860000
67.840000
73.080000
65.840000
67.900000
67.820000
67.940000
68.180000
67.860000
68.120000
70.580000
68.360000
68.220000
68.220000
68.200000
67.920000
67.980000
67.920000
68.060000
67.900000
70.440000
67.940000
68.180000
68.200000
68.040000
67.980000
67.880000
68.040000
68.100000
68.260000
70.280000
68.020000
67.960000
67.920000
67.900000
67.820000
67.880000
67.860000
67.880000
67.860000
67.900000
67.840000
67.820000
67.840000
67.880000
67.840000
67.840000
67.860000
67.860000
67.840000
67.840000
67.960000
67.900000
67.820000
67.800000
67.880000
67.900000
67.880000
67.900000
67.920000
71.180000
67.880000
67.880000
67.900000
67.860000
68.000000
68.060000
68.320000
68.160000
68.040000
70.400000
68.080000
68.020000
68.100000
68.120000
67.960000
68.040000
68.040000
67.840000
68.060000
67.860000
67.860000
68.020000
67.940000
69.900000
68.060000
67.980000
68.120000
68.120000
68.100000
68.100000
68.040000
68.000000
67.900000
67.820000
67.800000
67.880000
68.040000
68.080000
67.700000
67.780000
67.760000
65.860000
69.360000
65.840000
67.820000
67.820000
67.860000
65.860000
69.360000
65.840000
67.780000
67.800000
67.800000
65.860000
67.820000
67.780000
67.820000
65.840000
73.340000
67.780000
65.840000
67.800000
67.840000
65.840000
67.780000
67.820000
65.840000
67.780000
67.820000
65.840000
67.800000
65.840000
67.540000
67.800000
65.840000
67.820000
67.800000
65.840000
67.780000
67.800000
65.860000
67.800000
67.800000
65.840000
67.720000
65.840000
67.820000
67.800000
65.840000
67.800000
65.840000
67.780000
67.780000
65.860000
67.820000
65.840000
67.800000
67.780000
65.840000
67.800000
67.800000
65.840000
67.820000
65.840000
67.800000
67.780000
65.840000
67.820000
65.840000
67.800000
67.800000
65.840000
67.780000
65.840000
67.840000
67.800000
65.840000
67.800000
69.440000
67.780000
65.840000
67.640000
65.840000
67.800000
65.840000
67.840000
65.840000
67.860000
65.840000
67.800000
65.860000
67.780000
65.840000
67.660000
65.860000
67.780000
65.840000
67.820000
67.820000
65.840000
67.840000
65.860000
67.840000
65.840000
67.820000
65.840000
67.700000
65.840000
67.640000
65.840000
67.760000
65.840000
67.860000
65.840000
67.800000
65.840000
67.820000
67.800000
65.860000
67.820000
65.840000
67.620000
65.840000
67.780000
65.840000
67.640000
65.840000
67.820000
65.840000
67.860000
65.840000
67.820000
65.860000
67.800000
65.840000
67.820000
65.840000
74.180000
65.840000
67.820000
65.840000
67.820000
65.840000
65.840000
67.820000
65.840000
67.820000
65.840000
67.820000
65.860000
65.840000
67.800000
65.840000
67.820000
65.840000
67.820000
65.840000
65.840000
67.800000
65.840000
67.800000
65.840000
67.800000
65.840000
65.840000
67.740000
65.840000
67.820000
65.840000
67.820000
65.840000
65.840000
67.680000
65.860000
67.820000
65.840000
67.820000
65.840000
65.840000
67.680000
65.840000
67.800000
65.840000
67.820000
65.840000
67.780000
65.840000
67.820000
65.840000
65.840000
67.800000
65.840000
67.800000
65.840000
65.840000
67.780000
65.840000
69.800000
65.860000
65.840000
65.840000
67.820000
65.840000
65.840000
65.840000
67.800000
65.840000
65.840000
65.840000
67.740000
65.840000
65.840000
65.840000
67.680000
65.840000
65.840000
65.840000
67.820000
65.840000
65.840000
67.820000
65.840000
65.840000
65.840000
67.820000
65.840000
65.860000
65.840000
67.680000
65.840000
65.840000
65.840000
67.700000
65.860000
65.840000
65.840000
67.800000
65.840000
65.840000
67.820000
65.840000
65.820000
65.840000
67.800000
65.840000
65.840000
65.840000
67.700000
65.840000
65.840000
65.840000
67.700000
65.840000
65.840000
65.840000
67.820000
65.840000
71.160000
65.840000
65.840000
65.840000
65.840000
67.820000
65.840000
65.840000
65.820000
67.820000
65.840000
65.840000
65.840000
65.840000
65.840000
65.840000
65.840000
67.800000
67.860000
65.840000
65.840000
65.840000
65.840000
65.840000
67.800000
65.840000
65.840000
65.860000
67.660000
65.840000
65.840000
65.840000
67.780000
65.860000
65.840000
65.840000
67.860000
65.840000
65.840000
65.840000
65.840000
65.840000
65.840000
67.820000
65.840000
65.840000
65.860000
65.840000
67.820000
65.840000
65.840000
65.840000
65.840000
65.840000
65.840000
67.680000
65.840000
65.840000
65.840000
67.600000
65.840000
69.880000
65.840000
65.840000
65.840000
65.840000
65.840000
65.840000
65.840000
65.840000
65.840000
65.840000
65.840000
65.840000
65.840000
65.840000
65.840000
65.840000
65.840000
65.840000
65.840000
65.840000
67.820000
65.840000
65.840000
65.840000
68.060000
68.280000
67.860000
68.320000
68.140000
67.980000
68.040000
68.020000
67.860000
69.900000
67.980000
68.100000
68.000000
67.900000
67.840000
67.840000
65.840000
67.840000
67.900000
67.900000
67.860000
67.900000
68.120000
67.960000
65.860000
69.640000
65.840000
67.880000
67.860000
67.720000
67.720000
67.740000
67.900000
67.740000
69.840000
67.700000
67.960000
68.080000
65.840000
67.860000
67.860000
67.700000
67.820000
67.980000
65.840000
65.840000
65.860000
65.840000
65.840000
65.840000
65.840000
65.840000
65.840000
65.840000
65.820000
65.840000
65.840000
65.840000
65.840000
65.840000
65.840000
65.840000
65.840000
65.840000
65.840000
65.840000
65.840000
65.840000
65.840000
65.840000
65.840000
65.840000
65.840000
65.840000
65.840000
65.840000
65.840000
65.840000
65.840000
65.860000
65.840000
65.840000
65.860000
67.800000
65.840000
65.840000
65.840000
65.840000
65.840000
65.840000
65.840000
65.840000
65.860000
65.840000
65.840000
70.140000
65.840000
65.840000
65.840000
65.840000
65.840000
65.840000
65.840000
65.840000
65.840000
65.840000
65.840000
65.840000
65.840000
65.840000
65.840000
65.840000
65.840000
65.840000
65.840000
65.840000
65.840000
65.840000
65.840000
65.860000
65.840000
65.840000
65.860000
65.840000
65.840000
65.860000
65.840000
65.840000
65.840000
65.840000
65.840000
65.840000
65.840000
65.840000
65.840000
65.840000
65.840000
65.840000
65.840000
65.840000
65.840000
65.840000
65.840000
65.840000
65.840000
65.840000
65.840000
65.840000
65.840000
65.840000
65.840000
65.840000
65.840000
65.840000
65.840000
69.940000
65.840000
65.840000
65.860000
65.840000
65.840000
65.860000
65.840000
65.840000
65.860000
65.840000
65.840000
65.840000
65.840000
65.840000
65.840000
65.840000
65.820000
65.840000
65.840000
65.840000
65.840000
65.840000
65.840000
65.840000
65.840000
65.840000
65.840000
65.840000
65.840000
65.840000
65.840000
65.840000
65.840000
65.840000
65.840000
65.840000
65.840000
65.840000
65.840000
65.840000
65.840000
65.860000
65.840000
65.840000
65.860000
65.840000
65.840000
65.860000
65.840000
65.840000
65.840000
65.840000
65.840000
65.840000
65.840000
65.840000
65.840000
65.840000
65.840000
65.840000
69.980000
65.860000
65.840000
65.840000
65.840000
65.840000
65.840000
65.820000
65.840000
65.840000
65.840000
65.840000
65.840000
65.840000
65.840000
65.840000
65.840000
65.840000
65.840000
65.840000
65.840000
65.840000
65.840000
65.840000
65.840000
65.840000
65.840000
65.840000
65.840000
65.840000
65.840000
65.840000
65.860000
65.840000
65.840000
65.860000
65.840000
65.840000
65.860000
65.840000
65.840000
65.840000
65.840000
65.840000
65.840000
65.840000
65.840000
65.840000
65.840000
65.840000
65.840000
65.840000
65.840000
65.840000
65.840000
65.840000
65.840000
65.840000
65.840000
65.840000
70.320000
65.860000
65.840000
65.840000
65.840000
65.840000
65.840000
65.840000
65.840000
65.840000
65.840000
65.840000
65.840000
65.840000
65.840000
65.840000
65.840000
65.840000
65.840000
65.840000
65.840000
65.840000
65.840000
65.840000
65.840000
65.840000
65.840000
65.840000
65.840000
65.860000
65.840000
65.840000
65.860000
65.840000
65.840000
65.860000
65.840000
65.840000
65.840000
65.840000
65.840000
65.840000
65.840000
65.840000
65.840000
65.840000
65.840000
65.840000
65.840000
65.840000
65.840000
65.840000
65.840000
65.840000
65.840000
65.840000
65.840000
65.840000
65.840000
65.840000
65.840000
69.360000
65.840000
65.840000
65.840000
65.840000
65.840000
65.840000
65.840000
65.840000
65.840000
65.840000
65.840000
65.840000
65.840000
65.840000
65.840000
65.840000
65.840000
65.840000
65.840000
65.860000
65.840000
65.840000
65.860000
65.840000
65.840000
65.860000
65.840000
65.840000
65.840000
65.840000
65.840000
65.840000
65.840000
65.840000
65.840000
65.840000
65.840000
65.840000
65.840000
65.840000
65.840000
65.840000
65.840000
65.840000
65.840000
65.840000
65.840000
65.840000
65.840000
65.840000
65.840000
65.840000
65.840000
65.840000
65.840000
65.840000
65.840000
65.840000
65.840000
65.840000
70.960000
65.860000
65.840000
65.840000
65.840000
65.840000
65.840000
65.840000
65.840000
65.840000
65.840000
65.840000
65.840000
65.840000
65.840000
65.840000
65.840000
65.840000
65.840000
65.840000
65.840000
65.840000
65.840000
65.840000
65.840000
65.840000
65.840000
65.840000
65.840000
65.860000
65.840000
65.840000
65.860000
65.840000
65.840000
65.860000
65.840000
65.840000
65.840000
65.840000
65.840000
65.840000
65.840000
65.820000
65.840000
65.840000
65.840000
65.840000
65.840000
65.840000
65.840000
65.840000
65.840000
65.840000
65.840000
65.840000
65.840000
65.840000
65.840000
65.840000
69.520000
65.860000
65.840000
65.840000
65.840000
65.840000
65.840000
65.840000
65.840000
65.840000
65.840000
65.840000
65.840000
65.840000
65.840000
65.840000
65.840000
65.840000
65.840000
65.840000
65.840000
65.840000
65.840000
65.840000
65.840000
65.840000
65.840000
65.840000
65.840000
65.860000
65.840000
65.840000
65.860000
65.840000
