232.740000
231.340002
219.980001
212.499999
209.580000
212.839998
225.360002
221.179999
216.899998
210.919999
204.660002
207.020000
200.220000
198.479999
198.799998
197.200000
194.979999
193.080001
201.800000
195.079997
193.980001
194.040000
199.340001
197.439998
193.099998
199.839998
196.500000
193.539999
193.119999
196.699999
198.160000
193.920001
200.619999
199.980002
195.739999
192.679998
198.080003
194.619998
196.740001
196.280003
193.459999
192.979999
191.740002
196.359999
194.159999
190.719999
193.020001
195.880000
195.240002
195.419997
199.379999
195.760000
196.180001
207.440000
198.419999
198.419999
194.040000
196.060002
191.700000
195.120003
204.380002
196.419999
192.139998
191.059999
196.180001
193.420000
192.259997
190.899998
198.439997
239.179999
229.539998
229.520001
197.659999
201.359998
233.580001
219.220001
199.440002
190.400001
230.860002
240.399998
201.480001
194.680002
195.980001
223.620001
233.760003
209.819999
193.580002
192.200001
227.240000
233.899999
231.780000
190.479998
195.140000
194.520000
193.019997
220.500000
228.279997
214.880001
204.020001
207.160000
201.460000
199.160002
201.140001
195.499998
193.919998
193.780001
197.420001
196.600001
191.980001
194.940001
193.620000
192.679998
187.999997
197.600000
194.759998
188.780002
194.979999
194.440000
190.920003
190.499999
201.580003
193.319999
191.920001
208.820000
195.800003
193.779998
189.580001
195.499998
192.040000
192.499999
203.679997
190.439999
192.040000
200.539999
205.200002
197.459999
193.760000
191.319998
195.220001
195.099998
189.720001
195.040002
195.300002
194.019999
192.839999
195.179999
194.440000
190.099999
198.899999
195.680000
191.140000
189.840000
195.299998
194.480002
192.079999
197.999999
191.900000
189.620003
192.359999
195.719998
190.520000
191.360001
209.239997
196.860000
194.339998
193.340000
197.140001
191.140000
192.260001
205.800001
197.100002
191.760000
189.720001
196.500003
195.799999
191.100001
189.799998
198.379997
193.159997
192.840002
199.220002
194.680002
189.980000
192.900002
197.540000
191.679999
189.640000
193.820000
197.000001
193.920001
191.679999
195.939999
192.800000
189.220000
198.020000
195.440002
193.300001
195.400000
200.060003
191.519998
194.159999
209.339999
193.560001
190.060001
190.860000
198.840000
189.859997
188.999999
202.920001
192.700002
190.479998
188.520003
198.920000
192.919999
190.019999
191.039998
191.760000
189.539999
192.180000
193.259999
196.219999
187.560000
188.340001
193.599999
192.740001
189.980000
194.019999
189.479999
189.780001
192.419998
192.240000
193.560001
191.140000
204.919998
193.639997
192.460001
189.619999
192.159999
192.260001
191.060003
189.199999
193.739999
192.280002
188.460000
195.239998
194.360003
187.679999
186.239999
195.219997
190.660000
191.179998
191.620000
191.800002
191.620000
191.040002
195.599999
190.880001
190.699998
201.639999
190.619998
191.440001
196.300000
198.480003
197.620001
195.299998
195.859998
196.300000
195.880000
190.040000
197.999999
194.959998
195.060000
192.400001
193.059999
193.440001
188.740000
193.280000
193.020001
190.540001
188.480001
196.339998
191.199999
190.040000
192.800000
195.099998
194.079999
189.599998
197.439998
193.000000
194.120001
206.439998
198.419999
190.400001
186.319999
195.499998
193.560001
191.840000
190.860000
194.079999
190.759998
190.779999
196.260002
194.319997
191.440001
187.600002
197.540000
192.339998
190.000001
193.880003
194.580000
193.940002
194.019999
193.760000
192.240000
188.500002
193.700001
193.660002
191.120002
191.020001
196.500000
193.539999
192.599997
207.160000
194.840003
191.720001
197.760001
197.979998
192.700002
190.960001
203.079998
193.340000
190.559998
186.880000
193.059999
193.760000
192.060001
186.480001
193.919998
193.520002
218.279999
213.560000
211.939998
203.260001
196.920000
202.240001
197.460003
195.340000
198.020000
195.319999
194.979999
190.399997
196.880002
192.180000
192.559998
195.080001
192.420002
190.060001
190.520000
195.820000
191.739999
191.679999
195.880000
192.779999
190.839998
189.519998
192.800000
193.340000
189.179998
206.119999
193.820000
191.960003
191.699997
193.840001
192.720000
189.820003
203.400001
192.199998
194.059998
188.379999
195.739999
191.519998
190.559998
191.400003
193.280000
190.239999
190.540001
197.400000
193.920001
192.819998
196.580000
201.180000
194.320001
194.739997
196.879998
198.660001
194.840003
194.160003
198.300000
194.599997
191.700000
208.260000
196.580000
192.520000
190.940000
196.879998
193.960000
187.360000
211.459998
197.480001
194.759998
190.320000
197.699998
193.560001
191.440001
191.700000
198.360000
192.360003
189.619999
198.199999
194.060002
191.440001
190.660000
194.400001
193.799999
194.619998
200.160000
198.939998
193.100002
193.180002
194.780003
194.759998
192.040000
193.099998
193.300001
193.259999
191.800002
198.120002
193.300001
191.620000
210.379999
195.420001
195.760000
193.879999
196.520001
191.939998
190.219998
207.020000
198.139999
194.019999
193.200000
197.540000
193.940002
190.880001
195.480000
197.859999
197.720002
191.220000
193.860002
191.039998
190.000001
189.280000
196.020000
189.700000
189.780001
192.180000
190.559998
188.900001
189.119998
194.860000
194.100000
190.419998
206.340000
195.540000
190.299999
190.480001
196.519997
191.680003
190.420002
204.940002
195.499998
191.160001
189.700000
193.440001
194.179997
188.079998
188.099999
193.260003
190.380003
189.139999
192.680001
190.340001
192.639999
189.060003
193.399999
191.780001
186.199997
193.379998
193.179999
189.900000
191.939998
195.459999
188.280001
187.560000
204.599999
189.980000
189.319998
189.640000
190.979999
194.059998
190.380000
188.960001
194.620002
194.619998
189.800002
189.700000
192.500003
187.220000
196.800001
201.120000
200.739998
196.199998
194.600001
195.239998
193.920001
190.180000
215.860002
203.820001
199.340001
199.660003
199.700002
192.339998
193.300001
195.620000
194.180001
193.619996
193.920001
192.600001
194.819998
192.820001
195.500001
193.140000
192.019999
208.099999
195.960000
192.600001
190.800000
195.640001
193.340003
191.920001
190.820001
194.880001
193.620000
190.079998
197.019998
193.140000
189.460002
192.699999
194.400001
195.179999
192.339998
199.439999
192.940000
193.280000
190.539997
197.199997
192.760002
190.559998
196.859997
191.100001
193.440001
192.080002
193.399999
191.920001
193.300001
205.620002
195.379999
191.100001
192.240000
197.140001
194.300000
193.180002
208.799999
197.260000
192.640003
192.580000
195.780002
191.900000
191.060003
188.099999
196.619999
191.640001
187.199999
192.679998
191.979997
189.160001
187.680002
196.500000
193.539999
188.620001
192.040000
193.280000
191.240001
189.560000
196.600001
191.719998
189.080000
202.519998
192.139998
189.560000
187.080000
195.739999
191.339999
189.860001
188.620001
192.320000
190.040004
188.499998
192.960002
188.680001
188.600000
186.340000
191.739999
192.439999
188.099999
204.799999
191.160001
189.580001
187.899999
190.360002
191.100001
190.600000
188.519999
191.299997
189.020000
188.579999
191.440001
188.940000
190.339997
189.919997
192.860000
189.060003
186.359998
193.560001
191.220000
189.880002
195.960000
201.160002
191.400003
192.720000
211.879998
196.640000
193.539999
191.500001
198.180001
194.639999
191.980001
206.780002
196.040001
191.480000
189.140003
198.520001
189.840000
192.320000
189.980000
193.780001
193.879999
188.380003
193.520002
191.679999
191.179998
189.819999
195.400000
196.020000
189.920001
194.240000
191.140000
190.260001
188.900001
197.420001
193.059999
192.899998
206.720002
193.399999
192.439999
192.279998
194.619998
192.100000
192.100000
209.060002
195.400000
191.720001
190.700002
194.139998
191.679999
206.140000
234.000001
215.040002
208.099999
199.760001
205.159999
203.619998
196.819998
207.419999
197.120000
197.680000
194.359999
197.700001
197.239999
192.420002
194.619998
199.820001
195.540000
191.939998
198.980004
195.000000
190.919999
189.080000
195.880000
192.159999
191.599999
193.140000
193.019997
188.120000
190.280002
195.540000
193.919998
194.260001
192.480002
192.600001
189.479999
191.439997
196.380001
190.360002
187.419999
205.800001
194.019999
189.940002
190.499999
193.700001
192.640003
191.480000
187.279999
194.159999
194.559999
190.680001
196.119998
191.700000
187.059999
188.400000
195.500001
191.679999
188.120000
192.380000
193.020001
189.179998
187.479999
193.859998
190.660000
192.200001
206.680000
196.219999
192.640003
187.940001
193.799999
192.080002
191.519998
185.960002
193.760000
190.460000
188.400000
193.659998
191.760000
188.999999
197.580002
201.660000
195.040002
194.540001
195.480000
196.040001
194.519997
194.559999
194.580000
195.300002
193.100002
209.619999
195.499998
196.180001
190.960001
189.380001
191.980001
189.319998
207.260001
196.520001
191.920001
191.360001
197.579999
194.420002
193.719998
189.600002
196.559999
192.779999
193.100002
198.139999
189.739998
193.960000
189.760000
198.800001
197.239999
193.680000
195.559997
195.420001
192.100000
191.639997
194.620002
193.399999
193.400003
194.720000
195.060000
196.079999
192.380000
195.800003
190.839998
193.319999
205.860000
193.919998
191.059999
189.959999
196.920000
191.980001
191.920001
190.200001
195.159998
195.520002
189.980000
194.759998
192.699999
193.400003
196.640003
198.399998
194.259997
189.040001
197.900001
190.920003
191.840000
188.859999
195.620000
188.859999
191.059999
193.239998
190.779999
190.239999
194.860000
193.000000
190.359998
190.120000
203.840002
191.260003
189.700000
189.999998
192.260001
188.680001
188.499998
187.840000
191.220000
189.360000
189.100001
195.060000
197.140001
189.859997
189.220000
196.180001
191.260003
191.199999
206.260003
191.960000
191.620000
190.200001
194.499999
191.200003
188.619997
187.860001
192.359999
190.559998
188.560002
193.719998
191.380002
188.999999
187.660001
193.879999
192.499999
186.820000
194.380000
191.360001
189.700000
217.120003
216.359999
208.659999
203.480002
206.340000
197.820000
200.360000
202.180002
206.440002
199.039999
198.660001
204.299998
198.539998
194.219999
192.700002
201.199997
197.680000
195.360001
197.040003
194.839999
193.239998
192.700002
197.919998
198.539998
193.880003
197.440002
194.820002
193.299998
191.800002
196.160000
193.140000
193.319999
207.340002
195.480000
192.359999
190.160003
197.900001
195.480000
195.099998
210.280001
197.499998
194.699999
190.400001
196.240000
199.659999
194.199998
193.299998
199.499998
195.999999
194.600001
198.899999
194.920000
192.619998
194.140002
192.520000
194.960002
195.099998
196.899999
195.000000
194.599997
189.819999
197.319999
195.980001
192.560002
196.359999
194.520000
191.219997
189.620003
198.700000
191.719998
189.879999
198.600002
196.939997
193.940002
192.760002
195.219997
193.140000
193.360001
205.880001
194.499999
191.300001
189.900000
194.139998
193.659998
192.019999
189.100001
194.759998
191.179998
190.540001
195.780002
189.740002
192.420002
190.500002
192.779999
189.840000
189.399999
189.660002
192.980003
191.519998
188.359998
195.340000
191.620000
190.400001
207.140002
193.020001
190.260001
