2263.303000
2270.186000
2223.383000
2288.033000
2443.605000
2435.181000
2426.813000
2387.180000
2268.821000
2223.420000
2236.987000
2437.828000
2418.535000
2427.601000
2456.781000
2464.629000
2217.428000
2217.865000
2215.047000
2204.095000
2199.447000
2327.921000
2326.160000
2288.210000
2438.882000
2415.044000
2392.056000
2398.483000
2462.348000
2142.051000
2466.017000
2471.498000
2470.567000
2520.308000
2495.994000
2525.970000
2499.039000
2512.670000
2519.342000
2662.518000
2462.970000
2479.898000
2464.303000
2359.468000
2453.051000
2479.490000
2472.435000
2474.656000
2460.984000
2533.833000
2468.669000
2506.392000
2481.881000
2482.089000
2471.994000
2491.705000
2508.533000
2496.503000
2486.391000
2476.302000
2438.948000
2434.779000
2421.101000
2472.532000
2474.614000
2479.852000
2457.162000
2457.582000
2380.278000
2337.070000
2332.896000
2340.295000
2489.435000
2509.946000
2431.099000
2413.428000
2500.292000
2496.811000
2478.124000
2472.801000
2464.920000
2475.029000
2480.535000
2484.253000
2487.863000
2464.069000
2466.354000
2479.925000
2349.755000
2528.670000
2542.160000
2311.061000
2370.498000
2183.770000
2265.787000
2416.930000
2406.702000
2418.098000
2456.171000
2463.036000
2461.389000
2455.184000
2485.133000
2470.699000
2211.343000
2355.299000
2351.687000
2365.543000
2349.745000
2400.219000
2351.303000
2477.209000
2500.519000
2507.761000
2495.626000
2505.798000
2457.802000
2435.420000
2504.863000
2506.066000
2495.476000
2499.071000
2498.726000
2402.410000
2107.113000
2301.697000
2288.689000
2298.409000
2302.127000
2291.072000
2282.388000
2307.586000
2294.445000
2293.427000
2280.913000
2289.465000
2367.043000
2366.859000
2363.334000
2173.914000
2521.875000
2334.850000
2357.972000
2365.676000
2358.477000
2271.819000
2394.477000
2654.593000
2635.298000
2600.682000
2598.699000
2603.197000
2606.238000
2647.920000
2642.878000
2648.787000
2637.662000
2637.469000
2651.759000
2655.216000
2633.719000
2642.239000
2639.286000
2640.181000
2641.725000
2584.285000
2589.207000
2494.349000
2484.247000
2500.345000
2491.818000
2425.146000
2413.163000
2433.094000
2439.708000
2504.460000
2494.634000
2505.694000
2479.939000
2490.448000
2457.442000
2464.161000
2467.714000
2482.177000
2470.791000
2485.522000
2473.739000
2488.614000
2469.995000
2484.138000
2478.538000
2482.745000
2429.065000
2342.696000
2343.484000
2342.830000
2343.185000
2341.043000
2339.609000
2340.923000
2338.884000
2340.035000
2332.875000
2349.984000
2335.011000
2340.802000
2344.816000
2343.821000
2193.380000
2168.652000
2279.915000
2231.038000
2168.098000
2064.384000
2130.039000
2209.552000
2239.244000
2197.749000
2239.356000
2216.263000
2239.775000
2253.019000
2192.586000
2254.551000
2297.676000
2322.151000
2318.443000
2332.909000
2308.011000
2320.466000
2309.354000
2316.216000
2304.019000
2321.502000
2317.695000
2321.188000
2305.294000
2316.152000
2313.412000
2422.417000
2405.076000
2426.692000
2416.048000
2415.748000
2411.602000
2498.494000
2488.220000
2491.123000
2491.488000
2311.672000
2392.850000
2482.332000
2236.705000
2254.453000
2337.866000
2421.958000
2420.375000
2423.291000
2407.227000
2419.931000
2406.970000
2412.300000
2416.425000
2422.733000
2414.210000
2423.315000
2406.691000
2422.435000
2406.231000
2320.655000
2309.119000
2310.584000
2299.658000
2318.730000
2305.657000
2414.454000
2370.210000
2418.211000
2400.611000
2355.134000
2413.705000
2492.324000
2482.310000
2497.182000
2489.390000
2493.962000
2476.175000
2467.427000
2481.914000
2498.131000
2412.442000
2424.243000
2414.080000
2416.710000
2405.297000
2429.101000
2372.146000
2328.006000
2407.300000
2420.335000
2412.125000
2439.151000
2359.066000
2379.174000
2370.184000
2459.886000
2449.637000
2467.800000
2446.932000
2462.625000
2384.473000
2325.290000
2302.842000
2318.715000
2307.051000
2307.013000
2411.936000
2295.196000
2469.969000
2485.579000
2473.348000
2478.342000
2464.984000
2249.842000
2305.628000
2474.800000
2410.292000
2417.318000
2407.685000
2407.629000
2430.705000
2502.364000
2488.043000
2486.297000
2480.990000
2476.770000
2457.164000
2501.589000
2491.033000
2488.720000
2475.964000
2486.566000
2483.680000
2494.701000
2494.469000
2501.159000
2483.361000
2490.206000
2478.416000
2499.315000
2489.172000
2502.536000
2478.995000
2487.123000
2475.340000
2488.243000
2486.044000
2504.584000
2483.735000
2493.888000
2477.185000
2497.179000
2480.766000
2512.999000
2485.628000
2230.318000
2244.647000
2367.657000
2522.698000
2520.632000
2449.211000
2475.393000
2474.213000
2485.770000
2500.790000
2583.700000
2590.424000
2616.167000
2590.172000
2596.881000
2584.303000
2600.534000
2591.745000
2598.247000
2571.678000
2648.333000
2299.183000
2297.962000
2294.176000
2322.470000
2394.617000
2235.179000
2230.972000
2373.173000
2634.474000
2643.051000
2554.432000
2509.546000
2489.397000
2472.368000
2488.484000
2496.465000
2487.093000
2496.020000
2482.086000
2505.029000
2487.952000
2496.382000
2488.530000
2517.426000
2497.217000
2518.897000
2512.423000
2592.866000
2588.224000
2564.935000
2382.891000
2503.750000
2438.587000
2226.710000
2254.980000
2225.744000
2280.241000
2436.990000
2506.940000
2527.792000
2356.695000
2252.340000
2458.631000
2472.260000
2464.007000
2239.560000
2274.853000
2238.523000
2336.740000
2240.841000
2297.010000
2305.035000
2301.650000
2328.812000
2428.638000
2391.368000
2457.902000
2470.760000
2472.587000
2470.027000
2461.102000
2459.086000
2423.961000
2167.187000
2387.833000
2403.899000
2397.617000
2365.563000
2329.184000
2313.455000
2413.182000
2375.117000
2367.063000
2362.129000
2413.002000
2404.632000
2391.060000
2405.062000
2396.259000
2415.688000
2385.596000
2401.269000
2388.800000
2465.629000
2451.066000
2402.437000
2399.046000
2402.575000
2411.043000
2422.314000
2413.892000
2416.080000
2436.561000
2481.185000
2464.069000
2471.716000
2463.010000
2465.684000
2210.587000
2530.600000
2523.486000
2530.933000
2511.124000
2517.032000
2336.995000
2517.338000
2519.783000
2512.772000
2211.568000
2447.381000
2413.390000
2415.048000
2499.022000
2506.281000
2483.622000
2458.919000
2447.694000
2235.741000
2415.259000
2537.545000
2527.911000
2517.021000
2525.458000
2544.218000
2536.370000
2538.234000
2450.075000
2325.333000
2459.026000
2400.560000
2365.751000
2363.719000
2340.364000
2233.286000
2265.766000
2417.548000
2480.051000
2495.146000
2478.623000
2341.065000
2331.185000
2343.259000
2323.466000
2345.194000
2447.999000
2468.889000
2465.367000
2468.860000
2455.161000
2463.200000
2454.407000
2468.382000
2454.437000
2470.739000
2461.157000
2404.626000
2379.989000
2241.207000
2418.287000
2419.893000
2414.127000
2272.649000
2347.448000
2132.834000
2218.269000
2228.206000
2222.612000
2257.732000
2231.060000
2244.341000
2222.856000
2363.725000
2362.056000
2281.198000
2292.082000
2382.506000
2455.040000
2233.973000
2276.346000
2318.804000
2312.055000
2308.473000
2305.194000
2325.146000
2308.687000
2316.814000
2307.259000
2321.755000
2310.722000
2317.268000
2319.879000
2416.603000
2408.935000
2422.778000
2408.086000
2419.050000
2413.313000
2438.607000
2414.273000
2407.775000
2407.914000
2422.071000
2413.982000
2430.841000
2422.442000
2412.436000
2420.835000
2418.360000
2414.718000
2422.132000
2423.732000
2323.124000
2391.079000
2376.525000
2408.339000
2418.461000
2405.771000
2397.305000
2389.946000
2395.123000
2385.262000
2419.508000
2402.584000
2417.378000
2372.281000
2255.288000
2246.137000
2252.593000
2362.910000
2254.939000
2274.947000
2311.192000
2320.432000
2314.634000
2314.009000
2430.725000
2404.540000
2416.998000
2372.804000
2481.051000
2488.599000
2505.038000
2498.004000
2505.074000
2493.548000
2443.338000
2452.961000
2460.672000
2451.660000
2389.560000
2313.860000
2318.390000
2325.614000
2323.724000
2477.168000
2492.193000
2488.963000
2502.142000
2471.085000
2470.361000
2487.567000
2496.750000
2495.651000
2500.519000
2484.759000
2508.214000
2504.132000
2452.958000
2443.973000
2461.402000
2429.923000
2464.756000
2425.229000
2433.702000
2418.624000
2431.903000
2423.722000
2468.008000
2439.759000
2868.175000
2854.749000
2796.929000
2444.791000
2480.954000
2505.044000
2517.863000
2479.808000
2463.017000
2460.996000
2472.438000
2484.031000
2470.407000
2460.813000
2469.533000
2454.803000
2487.461000
2509.964000
2504.326000
2465.067000
2426.009000
2423.571000
2419.395000
2435.831000
2440.826000
2425.192000
2494.062000
2473.660000
2483.930000
2474.760000
2489.320000
2552.789000
2569.669000
2492.782000
2502.622000
2493.144000
2464.140000
2436.955000
2477.991000
2487.806000
2224.070000
2458.843000
2485.712000
2456.303000
2441.931000
2497.164000
2484.294000
2428.149000
2394.138000
2457.085000
2471.000000
2407.744000
2419.664000
2389.494000
2403.137000
2345.843000
2354.238000
2208.746000
2410.487000
2401.307000
2472.062000
2410.444000
2378.598000
2408.134000
2447.467000
2489.125000
2472.565000
2411.949000
2405.550000
2410.387000
2304.636000
2447.621000
2338.632000
2219.025000
2245.222000
2328.772000
2280.521000
2253.255000
2166.213000
2259.931000
2494.250000
2472.040000
2484.441000
2150.449000
2184.672000
2172.099000
2156.400000
2192.532000
2244.506000
2202.047000
2284.514000
2487.935000
2442.144000
2373.518000
2139.498000
2195.428000
2275.947000
2428.069000
2154.224000
2324.060000
2331.344000
2477.146000
2501.050000
2484.389000
2436.155000
2382.873000
2265.783000
2357.630000
2386.302000
2323.507000
2295.232000
2281.509000
2270.761000
2161.498000
2011.399000
2026.231000
2059.089000
2065.589000
2065.948000
2378.901000
2575.267000
2164.633000
2349.658000
2535.737000
2241.744000
2225.450000
2242.187000
2229.900000
2235.773000
2228.711000
2348.656000
2404.740000
2331.189000
2235.328000
2241.184000
2225.834000
2213.263000
2215.452000
2231.135000
2244.517000
2231.075000
2239.879000
2094.567000
2276.491000
2297.993000
2277.264000
2272.505000
2473.654000
2296.530000
2241.273000
2361.361000
2280.464000
2231.067000
2219.447000
2230.964000
2234.513000
2227.382000
2205.118000
2274.931000
2293.135000
2362.731000
2355.014000
2377.061000
2372.155000
2368.425000
2443.741000
2457.072000
2442.131000
2371.001000
2374.203000
2160.206000
2278.906000
2258.930000
2284.582000
2306.943000
2365.598000
2375.191000
2277.379000
2413.685000
2296.332000
2277.358000
2308.408000
2312.074000
2419.455000
2538.028000
2350.408000
2350.764000
2392.577000
2497.513000
2491.571000
2509.211000
2508.482000
2506.676000
2484.458000
2478.856000
2460.225000
2494.332000
2487.353000
2490.262000
2483.490000
2470.044000
2429.790000
2191.248000
2461.718000
2481.412000
2455.015000
2469.120000
2459.516000
2475.825000
2339.411000
2484.495000
2477.664000
2469.854000
2461.440000
2474.324000
2462.144000
2472.454000
2476.731000
2479.939000
2461.780000
2529.489000
2502.031000
2520.380000
2479.221000
2490.027000
2464.950000
2472.512000
2467.283000
2450.703000
2394.419000
2404.668000
2403.021000
2405.083000
2390.848000
2278.157000
2227.641000
2399.834000
2210.234000
2154.485000
2433.589000
2313.699000
2433.548000
2444.812000
2435.537000
2459.000000
2444.336000
2449.052000
2438.767000
2487.906000
2433.889000
2196.545000
2601.031000
2593.745000
2590.323000
2598.740000
2592.254000
2596.414000
2589.498000
2465.656000
2592.128000
2381.940000
2440.395000
2446.707000
2436.037000
2392.647000
2364.613000
2432.286000
2439.373000
2449.579000
2436.527000
2430.976000
2340.405000
2287.496000
2283.054000
2369.368000
2364.401000
2387.893000
2387.086000
2378.133000
2282.854000
2294.568000
2275.744000
2291.273000
2283.478000
2292.287000
2243.013000
2236.612000
2812.434000
2519.787000
2393.462000
2416.730000
2404.273000
2400.787000
2396.522000
2397.400000
2444.629000
2455.447000
2511.620000
2486.530000
2473.148000
2482.986000
2502.015000
2456.130000
2446.958000
2409.145000
2277.355000
2330.979000
2212.327000
2111.183000
2132.630000
2229.242000
2208.482000
2243.155000
2321.007000
2377.134000
2310.395000
2367.698000
2249.234000
2371.769000
2276.310000
2419.562000
2406.306000
2412.607000
2481.553000
2483.979000
2404.425000
2416.831000
2413.662000
2378.589000
2403.318000
2413.562000
2389.291000
2437.684000
2441.267000
2450.681000
