4.460000
4.480000
4.500000
4.480000
4.460000
4.440000
4.460000
4.460000
4.480000
4.500000
4.540000
4.520000
4.460000
4.460000
4.460000
4.460000
4.460000
4.440000
4.460000
4.460000
4.440000
4.460000
4.440000
4.460000
4.500000
4.460000
4.500000
4.500000
4.460000
4.460000
4.460000
4.460000
4.460000
4.460000
4.460000
4.460000
4.460000
4.460000
4.440000
4.460000
4.460000
4.500000
4.460000
4.480000
4.480000
4.440000
4.460000
4.460000
4.460000
4.460000
4.460000
4.460000
4.460000
4.460000
4.440000
4.440000
4.460000
4.460000
4.460000
4.440000
4.460000
4.460000
4.460000
4.460000
4.460000
4.460000
4.460000
4.460000
4.460000
4.460000
4.460000
4.460000
4.460000
4.460000
4.460000
4.440000
4.440000
4.420000
4.440000
4.480000
4.440000
4.440000
4.440000
4.440000
4.440000
4.480000
4.500000
4.460000
4.440000
4.440000
4.440000
4.440000
4.440000
4.460000
4.460000
4.460000
4.500000
4.440000
4.460000
4.460000
4.460000
4.460000
4.460000
4.500000
4.500000
4.460000
4.480000
4.500000
4.460000
4.460000
4.460000
4.460000
4.460000
4.440000
4.460000
4.460000
4.460000
4.460000
4.480000
4.460000
4.440000
4.460000
4.440000
4.440000
4.440000
4.440000
4.460000
4.460000
4.460000
4.460000
4.460000
4.460000
4.440000
4.460000
4.460000
4.460000
4.460000
4.460000
4.440000
4.460000
4.460000
4.500000
4.440000
4.440000
4.440000
4.460000
4.440000
4.460000
4.500000
4.460000
4.440000
4.260000
4.220000
4.200000
4.200000
4.220000
4.220000
4.460000
4.440000
4.440000
4.460000
4.460000
4.460000
4.440000
4.460000
4.460000
4.460000
4.460000
4.460000
4.460000
4.440000
4.500000
4.440000
4.460000
4.440000
4.440000
4.500000
4.460000
4.440000
4.440000
4.440000
4.460000
4.440000
4.500000
4.460000
4.460000
4.460000
4.460000
4.460000
4.440000
4.460000
4.460000
4.460000
4.460000
4.460000
4.460000
4.440000
4.480000
4.460000
4.460000
4.460000
4.460000
4.500000
4.500000
4.460000
4.480000
4.440000
4.460000
4.440000
4.460000
4.460000
4.460000
4.460000
4.460000
4.440000
4.460000
4.460000
4.460000
4.440000
4.460000
4.460000
4.460000
4.460000
4.460000
4.460000
4.500000
4.460000
4.460000
4.460000
4.460000
4.460000
4.460000
4.460000
4.460000
4.500000
4.540000
4.460000
5.000000
4.440000
4.460000
4.440000
4.480000
4.460000
4.460000
4.460000
4.460000
4.460000
4.460000
4.500000
4.620000
4.460000
4.460000
4.460000
4.440000
4.440000
4.460000
4.460000
4.460000
4.460000
4.460000
4.460000
4.460000
4.500000
4.440000
4.460000
4.460000
4.540000
4.460000
4.440000
4.420000
4.460000
4.480000
4.500000
4.440000
4.500000
4.500000
4.500000
4.480000
4.500000
4.460000
4.460000
4.460000
4.460000
4.460000
4.460000
4.440000
4.440000
4.440000
4.440000
4.480000
4.500000
4.620000
4.500000
4.460000
4.620000
4.460000
4.460000
4.500000
4.560000
4.460000
4.620000
4.460000
4.460000
4.460000
4.460000
4.460000
4.460000
4.460000
4.440000
4.460000
4.460000
4.460000
4.460000
4.520000
4.460000
4.460000
4.500000
4.460000
4.460000
4.480000
4.460000
4.500000
4.440000
4.440000
4.460000
4.440000
4.500000
4.460000
4.460000
4.460000
4.460000
4.440000
4.460000
4.460000
4.440000
4.440000
4.500000
4.440000
4.500000
4.500000
4.440000
4.500000
4.440000
4.460000
4.460000
4.460000
4.460000
4.440000
4.460000
4.460000
4.460000
4.460000
4.460000
4.460000
4.460000
4.440000
4.440000
4.480000
4.480000
4.460000
4.460000
4.500000
4.040000
4.460000
4.460000
4.460000
4.460000
4.460000
4.460000
4.460000
4.460000
4.460000
4.460000
4.460000
4.460000
4.460000
4.460000
4.180000
4.460000
4.460000
4.460000
4.460000
4.440000
4.460000
4.460000
4.460000
4.420000
4.460000
4.440000
4.460000
4.460000
4.460000
4.460000
4.500000
4.500000
4.460000
4.480000
4.460000
4.460000
4.460000
4.520000
4.440000
4.460000
4.440000
4.460000
4.460000
4.440000
4.460000
4.460000
4.440000
4.440000
4.460000
4.440000
4.460000
4.460000
4.420000
4.460000
4.500000
4.500000
4.460000
4.500000
4.460000
4.440000
4.460000
4.500000
4.500000
4.460000
4.460000
4.460000
4.460000
4.460000
4.460000
4.460000
4.500000
4.480000
4.460000
4.480000
4.460000
4.460000
4.460000
4.480000
4.420000
4.440000
4.460000
4.460000
4.460000
4.460000
4.440000
4.480000
4.480000
4.440000
4.460000
4.420000
4.440000
4.440000
4.440000
4.460000
4.460000
4.460000
4.460000
4.440000
4.460000
4.460000
4.460000
4.460000
4.460000
4.480000
4.500000
4.460000
4.460000
4.460000
4.460000
4.440000
4.500000
4.460000
4.460000
4.440000
4.440000
4.440000
4.440000
4.440000
4.460000
4.460000
4.460000
4.440000
4.460000
4.460000
4.500000
4.480000
4.480000
4.440000
4.460000
4.460000
4.460000
4.460000
4.460000
4.440000
4.440000
4.440000
4.440000
4.420000
4.460000
4.440000
4.420000
4.440000
4.440000
4.440000
4.440000
4.440000
4.460000
4.460000
4.460000
4.460000
4.460000
4.460000
4.500000
4.460000
4.460000
4.460000
4.460000
4.440000
4.460000
4.500000
4.460000
4.460000
4.440000
4.460000
4.460000
4.460000
4.460000
4.520000
4.460000
4.440000
4.460000
4.460000
4.420000
4.460000
4.460000
4.440000
4.440000
4.440000
4.460000
4.460000
4.440000
4.460000
4.460000
4.520000
4.460000
4.460000
4.460000
4.460000
4.500000
4.440000
4.460000
4.460000
4.460000
4.460000
4.460000
4.460000
4.440000
4.460000
4.460000
4.520000
4.440000
4.500000
4.500000
4.460000
4.500000
4.460000
4.460000
4.460000
4.460000
4.440000
4.460000
4.460000
4.440000
4.460000
4.520000
4.440000
4.460000
4.460000
4.460000
4.460000
4.460000
4.460000
4.480000
4.480000
4.440000
4.440000
4.480000
4.500000
4.460000
4.460000
4.460000
4.460000
4.460000
4.460000
4.460000
4.460000
4.540000
4.440000
4.440000
4.460000
4.460000
4.460000
4.500000
4.500000
4.460000
4.480000
4.460000
4.460000
4.460000
4.460000
4.460000
4.460000
4.480000
4.460000
4.460000
4.460000
4.520000
4.460000
4.500000
4.460000
4.440000
4.460000
4.480000
4.440000
4.460000
4.500000
4.460000
4.460000
4.460000
4.440000
4.480000
4.460000
4.460000
4.460000
4.460000
4.460000
4.460000
4.500000
4.500000
4.460000
4.380000
4.460000
4.580000
4.520000
4.160000
4.440000
4.440000
4.440000
4.440000
4.460000
4.440000
4.440000
4.440000
4.460000
4.460000
4.460000
4.440000
4.440000
4.440000
4.440000
4.460000
4.440000
4.460000
4.440000
4.440000
4.440000
4.480000
4.460000
4.440000
4.460000
4.440000
4.440000
4.460000
4.440000
4.460000
4.440000
4.500000
4.460000
4.460000
4.500000
4.640000
4.460000
4.440000
4.440000
4.060000
4.460000
4.460000
4.460000
4.440000
4.440000
4.520000
4.460000
4.440000
4.460000
4.440000
4.440000
4.460000
4.500000
4.500000
4.460000
4.460000
4.440000
4.440000
4.440000
4.440000
4.440000
4.460000
4.460000
4.460000
4.460000
4.460000
4.460000
4.440000
4.460000
4.460000
4.460000
4.440000
4.500000
4.460000
4.500000
4.500000
4.460000
4.460000
4.460000
4.460000
4.460000
4.460000
4.460000
4.460000
4.460000
4.440000
4.460000
4.460000
4.460000
4.440000
4.460000
4.460000
4.440000
4.460000
4.520000
4.460000
4.460000
4.460000
4.460000
4.500000
4.500000
4.460000
4.480000
4.460000
4.460000
4.520000
4.460000
4.460000
4.440000
4.460000
4.440000
4.460000
4.460000
4.460000
4.460000
4.460000
4.460000
4.460000
4.440000
4.460000
4.460000
4.460000
4.460000
4.460000
4.460000
4.440000
4.440000
4.460000
4.500000
4.460000
4.460000
4.520000
4.440000
4.440000
4.440000
4.440000
4.460000
4.500000
4.500000
4.460000
4.520000
4.500000
4.460000
4.460000
4.500000
4.480000
4.460000
4.460000
4.460000
4.460000
4.460000
4.500000
4.460000
4.460000
4.460000
4.460000
4.460000
4.460000
4.460000
4.460000
4.460000
4.460000
4.460000
4.440000
4.460000
4.500000
4.500000
4.440000
4.460000
4.460000
4.460000
4.460000
4.440000
4.460000
4.460000
4.420000
4.440000
4.460000
4.460000
4.460000
4.460000
4.460000
4.500000
4.460000
4.500000
4.500000
4.460000
4.460000
4.460000
4.460000
4.440000
4.440000
4.460000
4.460000
4.460000
4.460000
4.460000
4.440000
4.440000
4.460000
4.460000
4.460000
4.460000
4.460000
4.500000
4.460000
4.460000
4.460000
4.440000
4.460000
4.460000
4.460000
4.460000
4.460000
4.460000
4.460000
4.460000
4.460000
4.460000
4.500000
4.460000
4.460000
4.460000
4.460000
4.460000
4.460000
4.440000
4.440000
4.440000
4.440000
4.440000
4.440000
4.440000
4.440000
4.460000
4.440000
4.440000
4.460000
4.460000
4.460000
4.460000
4.460000
4.440000
4.440000
4.440000
4.440000
4.460000
4.440000
4.500000
4.500000
4.460000
4.460000
4.440000
4.440000
4.440000
4.480000
4.500000
4.440000
4.460000
4.460000
4.440000
4.460000
4.460000
4.480000
4.460000
4.520000
4.460000
4.460000
4.460000
4.460000
4.460000
4.460000
4.500000
4.440000
4.440000
4.460000
4.460000
4.460000
4.460000
4.460000
4.460000
4.460000
4.460000
4.500000
4.460000
4.460000
4.440000
4.440000
4.420000
4.440000
4.440000
4.440000
4.480000
4.460000
4.480000
4.480000
4.480000
4.440000
4.440000
4.440000
4.440000
4.440000
4.440000
4.420000
4.460000
4.440000
4.460000
4.460000
4.440000
4.440000
4.460000
4.460000
4.440000
4.460000
4.500000
4.460000
4.460000
4.460000
4.460000
4.460000
4.460000
4.500000
4.460000
4.460000
4.460000
4.460000
4.460000
4.460000
4.460000
4.440000
4.440000
4.440000
4.420000
4.440000
4.460000
4.440000
4.460000
4.460000
4.440000
4.460000
4.460000
4.460000
4.440000
4.460000
4.460000
4.460000
4.460000
4.500000
4.460000
4.480000
4.440000
4.520000
