1521.920000
1521.060000
1517.320000
1544.260000
1543.300000
1537.400000
1537.780000
1541.060000
1556.800000
1574.920000
1524.060000
1522.360000
1519.900000
1522.620000
1521.160000
1528.520000
1523.000000
1521.500000
1524.480000
1537.720000
1539.060000
1540.820000
1544.540000
1537.220000
1534.420000
1518.420000
1522.660000
1531.100000
1525.980000
1520.040000
1528.100000
1523.540000
1515.780000
1519.620000
1546.900000
1548.100000
1542.080000
1539.540000
1535.260000
1542.800000
1518.240000
1525.520000
1519.760000
1519.300000
1519.780000
1523.620000
1525.380000
1524.400000
1520.360000
1519.620000
1538.380000
1536.460000
1542.460000
1539.240000
1537.500000
1537.340000
1516.300000
1520.500000
1520.660000
1523.040000
1527.640000
1522.360000
1520.500000
1517.460000
1521.660000
1526.740000
1539.980000
1538.980000
1541.160000
1538.900000
1536.240000
1543.880000
1520.500000
1520.760000
1521.140000
1522.380000
1519.480000
1523.380000
1528.400000
1521.180000
1523.380000
1544.140000
1538.860000
1536.960000
1538.900000
1536.320000
1540.300000
1534.860000
1517.660000
1526.680000
1534.440000
1528.580000
1520.580000
1521.780000
1521.660000
1519.540000
1528.420000
1542.960000
1536.820000
1540.100000
1539.780000
1540.480000
1550.620000
1522.460000
1520.520000
1516.760000
1520.420000
1518.840000
1524.000000
1524.500000
1520.800000
1518.920000
1522.220000
1536.720000
1538.960000
1543.880000
1542.620000
1536.440000
1539.280000
1518.500000
1516.740000
1522.640000
1527.200000
1513.560000
1523.840000
1522.260000
1516.620000
1527.520000
1526.260000
1540.760000
1536.000000
1538.600000
1537.160000
1543.720000
1539.780000
1521.300000
1520.280000
1517.980000
1520.440000
1520.620000
1529.140000
1518.140000
1519.660000
1519.720000
1542.140000
1536.100000
1544.060000
1540.000000
1536.860000
1537.640000
1520.400000
1521.360000
1524.520000
1523.480000
1520.300000
1521.980000
1523.020000
1518.840000
1527.780000
1520.760000
1549.960000
1542.040000
1531.100000
1538.880000
1538.620000
1540.820000
1514.780000
1524.660000
1517.500000
1517.780000
1518.200000
1525.580000
1520.380000
1521.460000
1522.240000
1520.300000
1539.760000
1542.620000
1544.960000
1540.080000
1536.940000
1543.880000
1518.820000
1521.840000
1526.040000
1518.420000
1519.240000
1522.360000
1517.680000
1527.660000
1526.040000
1611.400000
1588.140000
1547.200000
1572.920000
1549.580000
1542.740000
1542.340000
1565.880000
1563.260000
1544.560000
1586.080000
1528.800000
1543.220000
1544.900000
1538.000000
1540.080000
1538.560000
1545.620000
1530.440000
1525.860000
1519.700000
1522.060000
1516.760000
1520.840000
1522.260000
1526.300000
1524.000000
1540.740000
1542.020000
1544.020000
1538.780000
1545.740000
1546.600000
1516.840000
1518.040000
1519.680000
1521.540000
1524.640000
1527.940000
1518.840000
1520.560000
1521.220000
1520.300000
1550.400000
1540.220000
1539.440000
1539.180000
1541.400000
1534.100000
1522.080000
1521.480000
1521.220000
1520.240000
1520.120000
1522.240000
1514.720000
1525.020000
1530.640000
1537.260000
1535.080000
1541.420000
1545.720000
1540.240000
1542.720000
1520.320000
1520.320000
1517.800000
1520.480000
1523.100000
1524.040000
1518.100000
1520.320000
1521.740000
1521.740000
1545.300000
1539.700000
1540.400000
1539.720000
1533.620000
1539.580000
1514.960000
1525.840000
1523.900000
1521.860000
1522.120000
1517.000000
1521.020000
1526.820000
1527.740000
1535.100000
1540.080000
1539.840000
1538.220000
1542.260000
1539.380000
1520.680000
1514.700000
1519.420000
1521.420000
1522.780000
1524.440000
1522.120000
1522.280000
1522.660000
1518.400000
1536.660000
1541.700000
1543.180000
1539.780000
1541.620000
1535.920000
1520.100000
1527.540000
1521.560000
1516.840000
1519.420000
1524.240000
1520.400000
1524.320000
1527.060000
1540.520000
1541.380000
1537.800000
1532.140000
1544.600000
1552.680000
1517.780000
1518.060000
1514.300000
1524.360000
1517.800000
1523.420000
1524.720000
1522.220000
1520.640000
1529.200000
1542.660000
1545.300000
1540.140000
1540.780000
1537.940000
1533.840000
1521.160000
1522.980000
1521.720000
1524.280000
1516.400000
1523.100000
1522.540000
1524.400000
1522.880000
1537.900000
1537.320000
1534.480000
1535.620000
1531.820000
1546.100000
1522.860000
1521.580000
1517.740000
1522.260000
1519.280000
1525.600000
1523.100000
1517.440000
1522.100000
1524.680000
1540.720000
1540.760000
1543.480000
1538.700000
1534.800000
1534.080000
1513.780000
1524.620000
1524.500000
1515.220000
1517.220000
1524.340000
1515.220000
1519.720000
1527.580000
1517.660000
1537.740000
1540.780000
1539.440000
1541.060000
1540.140000
1539.360000
1519.220000
1521.800000
1520.900000
1521.140000
1523.180000
1525.060000
1517.740000
1518.340000
1522.400000
1536.900000
1540.520000
1534.940000
1537.660000
1539.840000
1535.440000
1518.000000
1520.800000
1525.640000
1520.980000
1519.380000
1520.600000
1520.200000
1517.240000
1525.000000
1528.000000
1537.180000
1537.380000
1539.600000
1536.400000
1541.440000
1542.240000
1515.180000
1518.780000
1518.220000
1520.080000
1528.680000
1528.880000
1521.680000
1520.640000
1519.520000
1537.960000
1539.720000
1543.920000
1533.560000
1534.640000
1535.220000
1519.600000
1519.220000
1521.760000
1527.520000
1520.320000
1519.360000
1520.440000
1522.960000
1528.420000
1527.380000
1539.200000
1544.860000
1534.640000
1544.100000
1536.360000
1538.120000
1517.180000
1521.240000
1521.340000
1521.080000
1533.060000
1536.720000
1522.640000
1523.100000
1519.700000
1539.080000
1541.780000
1541.980000
1539.020000
1535.280000
1537.580000
1518.120000
1519.540000
1524.820000
1528.000000
1519.420000
1521.480000
1520.640000
1517.640000
1527.420000
1523.640000
1538.600000
1536.560000
1539.860000
1537.400000
1544.940000
1537.400000
1519.260000
1517.180000
1518.760000
1520.920000
1516.300000
1520.980000
1529.980000
1516.400000
1519.920000
1522.440000
1539.920000
1549.440000
1554.560000
1537.260000
1534.100000
1537.200000
1518.640000
1523.900000
1522.360000
1519.900000
1519.300000
1521.840000
1519.260000
1525.120000
1526.180000
1536.480000
1541.840000
1538.140000
1534.120000
1531.480000
1544.300000
1521.740000
1516.740000
1517.560000
1519.840000
1514.000000
1525.640000
1522.300000
1523.760000
1520.660000
1519.680000
1538.720000
1543.980000
1542.060000
1539.660000
1537.840000
1539.800000
1515.180000
1522.540000
1526.240000
1520.540000
1522.760000
1521.280000
1520.080000
1518.280000
1525.920000
1541.760000
1535.520000
1537.540000
1537.920000
1533.740000
1542.620000
1519.380000
1515.780000
1516.040000
1520.980000
1518.440000
1524.620000
1524.220000
1521.420000
1521.760000
1521.980000
1533.120000
1542.440000
1540.340000
1538.560000
1538.620000
1533.120000
1520.600000
1519.880000
1523.820000
1525.920000
1516.840000
1520.980000
1519.300000
1519.000000
1525.160000
1539.640000
1537.200000
1538.300000
1540.680000
1541.660000
1551.400000
1528.520000
1517.180000
1520.940000
1521.120000
1516.700000
1523.800000
1520.880000
1522.340000
1518.400000
1515.120000
1536.260000
1537.620000
1534.720000
1541.240000
1538.320000
1534.740000
1518.000000
1520.480000
1521.560000
1523.380000
1517.920000
1521.680000
1518.740000
1515.400000
1525.500000
1546.200000
1540.840000
1539.880000
1538.740000
1537.680000
1541.240000
1524.700000
1519.040000
1517.580000
1522.340000
1519.480000
1517.320000
1522.100000
1521.020000
1517.960000
1520.660000
1538.780000
1532.480000
1545.560000
1543.140000
1541.000000
1535.720000
1517.180000
1515.740000
1522.580000
1526.780000
1522.180000
1521.520000
1521.220000
1519.540000
1520.480000
1541.020000
1533.740000
1539.060000
1534.820000
1541.360000
1536.900000
1522.740000
1520.480000
1521.900000
1523.060000
1522.080000
1514.340000
1526.680000
1525.540000
1520.820000
1525.020000
1536.260000
1536.800000
1537.820000
1541.700000
1537.860000
1538.920000
1518.020000
1523.280000
1519.820000
1520.360000
1519.100000
1523.920000
1519.560000
1522.660000
1520.600000
1522.460000
1537.340000
1539.160000
1535.700000
1538.860000
1531.880000
1544.400000
1520.960000
1519.360000
1517.720000
1517.100000
1516.880000
1524.900000
1526.420000
1518.800000
1518.480000
1540.540000
1540.560000
1540.960000
1543.720000
1536.800000
1539.060000
1515.520000
1515.500000
1518.180000
1529.360000
1523.020000
1520.160000
1519.100000
1522.600000
1533.900000
1532.720000
1541.900000
1537.460000
1537.100000
1536.660000
1539.820000
1537.820000
1526.280000
1516.840000
1522.360000
1517.640000
1520.180000
1520.660000
1526.680000
1522.220000
1520.560000
1535.880000
1536.560000
1539.720000
1552.160000
1540.220000
1537.640000
1517.720000
1520.500000
1517.160000
1524.340000
1528.760000
1519.180000
1521.620000
1523.320000
1523.740000
1527.640000
1537.340000
1539.000000
1535.580000
1540.140000
1529.540000
1539.380000
1523.660000
1517.760000
1523.360000
1516.240000
1518.900000
1525.260000
1524.800000
1525.020000
1520.940000
1523.340000
1534.220000
1535.340000
1544.860000
1543.960000
1534.760000
1534.180000
1518.560000
1516.880000
1522.940000
1521.340000
1516.780000
1519.740000
1520.580000
1519.860000
1525.940000
1542.820000
1536.420000
1539.040000
1539.600000
1534.060000
1537.860000
1524.880000
1524.000000
1518.120000
1518.220000
1518.860000
1516.420000
1526.160000
1523.720000
1522.700000
1520.360000
1539.940000
1538.280000
1546.760000
1547.680000
1541.680000
1518.740000
1518.200000
1514.260000
1528.360000
1523.700000
1520.260000
1522.620000
1521.740000
1519.240000
1522.420000
1538.860000
1544.200000
1534.060000
1538.280000
1543.380000
1535.100000
1520.380000
1518.620000
1521.900000
1514.960000
1516.660000
1518.200000
1525.720000
1527.640000
1519.160000
1522.160000
1535.800000
1540.800000
1537.360000
1544.520000
1539.320000
1532.960000
1521.120000
1523.780000
1526.580000
1532.860000
1518.400000
1522.640000
1521.260000
1521.780000
1520.760000
1544.980000
1541.380000
1534.400000
1539.460000
1532.960000
1538.200000
1516.440000
1523.400000
1520.300000
1517.340000
1519.040000
1520.120000
1526.940000
1527.020000
1521.840000
1518.960000
1536.180000
1535.400000
1544.900000
1550.420000
1541.480000
1535.780000
1521.800000
1517.120000
1515.980000
1525.680000
1527.520000
1523.900000
1520.360000
1517.440000
1525.580000
1543.240000
1538.860000
1540.720000
1540.480000
1536.280000
1538.120000
1533.740000
1521.800000
1519.420000
1520.000000
1517.660000
1522.340000
1528.540000
1524.540000
1520.840000
1518.500000
1538.600000
1539.360000
1535.640000
1546.840000
1541.960000
1536.800000
1518.760000
1512.620000
1515.840000
1523.040000
1524.860000
1520.460000
1520.000000
1520.960000
1519.160000
1541.100000
1544.320000
1536.260000
1538.100000
1539.940000
1533.780000
1519.340000
1522.340000
1521.940000
1522.220000
1520.220000
1520.980000
1519.960000
1523.140000
1520.860000
1520.460000
1534.740000
1537.700000
1537.620000
1539.400000
1549.120000
1540.560000
1515.500000
1521.000000
1517.360000
1523.940000
1527.620000
1521.500000
1516.620000
1519.400000
1520.760000
1545.220000
1540.480000
1537.340000
1541.420000
1542.440000
1537.280000
1519.900000
1520.320000
1519.340000
1519.640000
1517.120000
1519.400000
1519.480000
1528.200000
1527.540000
1519.160000
1539.640000
1535.140000
1542.620000
1548.200000
1543.260000
1541.860000
1516.120000
1518.860000
1515.660000
1524.000000
1523.240000
1523.940000
1519.300000
1562.580000
1544.400000
1589.940000
1562.860000
1638.620000
1550.900000
1587.940000
1567.600000
1544.580000
1552.280000
1542.700000
1543.920000
1584.160000
1545.140000
1582.800000
1561.260000
1578.800000
1537.860000
1534.540000
1527.800000
1545.660000
1541.560000
1544.680000
1555.840000
1541.640000
1587.300000
1564.560000
1532.420000
1599.440000
1571.360000
1523.200000
1537.460000
1578.520000
1531.560000
1537.980000
1521.680000
1545.360000
1536.660000
1543.940000
1539.860000
1542.420000
1534.640000
1520.620000
1521.680000
1522.520000
1527.300000
1515.600000
1522.320000
1522.240000
1517.760000
1523.500000
1523.080000
1534.920000
1537.740000
1537.520000
1539.980000
1539.240000
1542.760000
1534.040000
1517.640000
1517.060000
1514.460000
1524.780000
1518.980000
1522.240000
1521.000000
1516.420000
1519.000000
1521.140000
