81.760000
61.900000
55.680000
48.080000
39.140000
34.380000
30.640000
28.740000
29.040000
27.620000
42.359999
36.140000
32.640001
31.720000
29.660000
29.080000
27.700000
28.299999
39.040000
34.280000
32.579999
29.360000
29.920001
27.660000
27.900000
27.220001
37.000000
32.040000
28.899999
27.060000
26.540000
26.160000
26.719999
27.060000
30.200000
28.320001
27.600000
26.860000
25.959999
25.580000
25.680000
25.819999
36.320001
31.760000
29.180000
27.940000
27.020000
27.320000
27.120000
26.540000
37.960000
33.820000
31.040000
30.859999
28.140000
28.260000
26.600000
26.900000
31.020000
29.340000
29.120000
26.620000
26.620001
27.400000
27.500000
26.200000
31.160000
29.280000
27.280000
26.400000
26.120001
26.339999
25.920000
28.160000
32.260000
31.119999
27.680000
27.419999
26.680000
25.900001
25.940000
27.920000
29.159999
28.639999
27.860001
27.080000
26.700000
27.220000
25.980000
31.220000
29.420000
27.520000
28.220000
28.140000
26.319999
26.000000
29.680000
28.639999
28.500000
26.540000
27.020000
25.860000
27.500001
26.460000
31.420000
29.080001
27.460000
27.460000
26.819999
26.760000
25.760000
26.180000
28.560000
28.620000
26.440000
26.260000
26.760000
26.220000
26.459999
26.040001
36.020000
29.620000
29.780000
27.980000
28.220001
27.819999
26.699999
26.120001
25.960000
31.200000
29.600000
27.420000
27.900000
27.880000
27.420000
26.620000
25.900000
32.760000
29.260000
28.340001
26.560000
26.440000
25.400000
26.780000
27.140000
31.140000
30.260000
27.420000
26.960000
26.340000
26.060000
25.340000
25.280000
32.360000
28.919999
27.780000
26.920000
26.200000
26.520000
25.520001
30.160000
28.380000
28.220001
28.179999
27.220000
26.040000
26.000001
26.719999
30.280000
29.420000
27.560000
26.200000
25.939999
27.480001
26.960000
26.339999
27.720001
27.899999
26.640000
25.839999
26.020001
25.520001
25.240000
26.480000
26.260000
30.640000
29.200000
27.100000
25.600000
26.440000
25.740000
24.980000
25.840000
27.840000
27.400000
26.680000
25.959999
25.700000
25.400000
25.140000
24.759999
30.300000
28.100000
26.420000
27.300000
26.480000
26.339999
25.660000
26.080000
27.179999
26.400000
25.880000
26.099999
25.579999
27.400000
27.220001
26.760001
29.860000
28.880000
27.260000
26.820000
25.520000
25.740000
25.099999
26.020000
25.660000
28.020000
26.220000
25.900000
26.320000
25.800000
25.620000
25.300000
25.060000
29.460000
27.900000
27.960001
26.080000
26.959999
25.540000
25.640000
25.040000
26.720000
26.099999
26.240001
26.819999
26.800000
26.540000
25.200000
25.560000
29.220001
27.520000
26.560000
25.739999
26.020000
25.580000
26.800000
25.540000
27.960000
29.040000
27.460000
27.520000
25.400000
25.580000
26.140000
25.440000
26.860000
28.080000
26.520000
26.260001
25.760001
25.400000
24.960000
24.800000
24.920000
29.240000
27.500000
27.220001
26.920000
26.380001
25.860000
25.060000
25.460000
27.900000
28.220000
26.640001
25.500000
26.559999
25.780000
25.699999
26.600000
30.380000
28.360000
26.740000
26.800000
26.520001
24.999999
26.980001
25.960000
26.680000
26.380000
26.360000
26.160000
26.360000
25.220000
25.219999
25.200000
25.620000
34.300000
29.960000
28.080000
27.840001
26.780000
26.579999
25.200000
25.520000
29.700000
27.780000
28.200000
27.640000
27.159999
26.580000
25.660000
29.860000
29.820001
26.620000
26.660000
27.060000
26.120000
25.640000
28.220000
27.120000
27.300000
26.080000
25.719999
25.600000
26.200000
26.040000
28.840001
29.020000
27.560000
25.960000
25.980000
25.620000
26.080000
25.580000
37.720000
28.600000
27.740001
27.420000
26.240001
25.380000
25.640000
25.359999
27.380000
26.360000
27.520000
26.680000
25.840000
24.620000
24.980000
25.339999
30.259999
28.340000
27.440000
26.280000
27.140000
26.420000
26.700000
26.460000
27.880000
25.980000
26.340000
25.640001
25.220000
25.420000
25.580000
27.760000
29.120000
28.960000
27.240001
26.800000
26.320000
26.199999
25.200000
26.200000
25.020001
28.179999
27.020000
26.480000
25.680000
25.480000
25.800000
25.540000
25.380000
26.740000
26.300000
26.040001
27.760000
26.640000
25.820000
25.520000
25.720000
29.600000
28.420000
26.740001
26.260001
25.800000
26.600000
26.460000
25.760000
28.860000
26.840000
25.800000
26.120000
25.360000
25.940000
25.940000
26.640000
29.840000
29.480000
27.420000
26.320000
26.160000
25.220000
25.020000
25.080000
25.360000
27.460000
27.420000
26.380000
26.320000
26.280000
25.760000
25.640001
27.580000
26.280000
25.720000
27.020000
27.000000
25.979999
25.939999
29.420001
28.220001
26.500000
25.740000
25.500000
26.300000
26.900000
26.160000
27.740000
27.300000
26.420000
25.180000
25.620000
24.980000
25.300000
25.760000
29.660000
27.680000
26.780000
26.000000
26.219999
25.260000
24.980000
25.560000
28.580000
27.659999
26.920000
25.800000
25.840000
25.739999
25.620000
25.360000
28.480000
28.080001
26.460000
25.540000
26.020000
25.900001
25.900000
25.160000
27.640000
26.099999
26.160000
26.500000
25.380000
24.820000
26.920000
25.920000
28.260000
28.200000
27.340000
26.280000
25.060000
25.020000
25.220000
24.960000
25.080000
32.420000
28.380000
26.820000
26.360000
26.160000
25.620000
25.400001
24.720000
28.380000
26.799999
27.980000
27.220000
25.760000
25.780000
25.800000
25.720000
29.840000
28.320001
27.340000
26.420000
26.640000
26.339999
26.380000
25.620000
28.180000
28.420000
26.219999
26.440000
25.340000
25.960000
26.099999
26.560000
28.200000
28.760000
27.520000
26.920000
27.240000
25.120000
26.300000
25.500000
42.140000
28.160000
27.160000
26.780000
26.200000
25.859999
25.260000
25.920000
25.440000
30.300000
28.880000
27.799999
26.940000
25.720000
25.640001
25.060000
25.339999
27.380000
26.860001
26.400000
25.920000
24.880000
26.500000
25.920001
25.260000
30.840000
28.760000
27.060000
26.839999
26.020000
25.180000
25.380000
26.540000
27.820000
26.500000
26.880001
26.820000
25.920000
25.880000
26.439999
25.500000
28.840000
28.919999
27.640000
27.280000
27.140000
26.020001
25.660000
25.620000
25.000000
28.100000
26.680000
26.940000
26.240001
25.580000
25.040000
25.260000
29.520000
28.140000
26.580000
25.980000
26.240000
26.260000
25.440000
30.280000
28.540000
26.839999
26.900000
26.199999
25.940000
25.780001
26.240001
29.540000
28.280000
27.559999
26.940000
25.660000
26.060000
25.280000
24.780001
39.960000
27.680000
27.700000
26.180000
26.740000
25.520001
25.660000
25.580000
25.460000
32.540000
28.660000
27.340000
27.500000
26.020001
25.760001
25.500000
25.560000
27.040000
26.640000
26.000000
25.479999
25.600000
26.020000
27.160000
26.260000
29.500000
28.980000
27.380000
26.360000
26.480000
26.360000
25.520000
25.200000
27.520000
26.339999
26.780000
26.040000
25.560000
26.280000
25.880001
25.520000
29.540000
28.880000
28.040000
26.660000
26.180000
25.520001
25.960000
25.780000
26.940000
26.240001
26.160000
25.880000
27.360000
26.780000
26.260000
28.240000
27.860000
26.480000
32.320000
29.159999
27.980001
27.080000
29.140000
30.060000
27.580000
27.079999
26.200000
25.239999
26.540000
25.260000
25.560000
33.200000
28.520000
27.080000
27.260000
26.080000
25.580000
25.219999
24.520000
31.280000
29.300001
29.200000
27.280000
26.500000
26.360000
25.239999
25.580000
29.039999
27.820000
26.460000
25.200000
27.460000
25.979999
25.959999
25.680000
30.999999
27.980000
26.600000
26.500000
26.440000
25.580000
25.700000
25.980000
28.320001
26.860000
27.000001
26.760001
25.340000
25.620000
26.060000
29.080001
28.900000
27.220001
26.180000
27.160000
26.180000
25.400001
24.860000
24.740000
29.019999
27.580000
27.520000
26.100000
26.200000
25.959999
25.120000
25.099999
27.460000
25.760001
26.520001
25.360000
25.640000
26.700000
25.080000
25.680001
32.380001
29.400000
27.600000
27.040000
26.400000
26.300000
24.979999
40.259999
36.540000
32.300000
30.080000
28.159999
26.820000
26.360000
26.580000
35.200000
32.320000
29.940000
28.040000
27.660000
27.640000
26.940000
25.920000
30.300000
27.260000
26.699999
28.680000
27.340000
26.420000
25.920000
25.460000
31.420000
28.480000
27.040000
26.060000
25.960000
26.500000
27.060000
26.679999
28.120000
27.260001
26.740000
26.200000
25.360000
25.440000
25.500000
24.499999
29.759999
28.019999
26.740000
26.360000
25.720000
25.260000
25.240000
25.020000
36.260000
27.760000
28.220001
27.660000
26.620000
26.240001
25.280000
25.260000
25.620000
27.280000
27.260000
25.820000
26.340000
26.560000
25.739999
25.800000
25.479999
30.300001
27.819999
27.600001
26.480000
25.700000
25.340000
27.200000
25.700000
28.100000
27.760000
26.240001
26.080000
25.760000
25.520001
24.980000
25.360000
30.200000
28.260000
27.939999
26.860001
26.860001
26.199999
26.460000
25.640001
41.980000
26.860001
27.020000
26.459999
26.860001
26.120000
25.640001
25.360000
25.360000
29.700000
27.480001
26.140001
26.380000
26.660000
25.400000
25.620000
25.560000
27.560000
27.040000
25.780000
25.800001
25.360000
25.040001
25.860000
26.579999
29.019999
28.539999
27.000000
26.040000
26.420000
25.220000
25.300000
25.680000
26.580000
30.620000
27.820000
26.740000
26.699999
26.400000
25.640001
24.660000
32.140000
30.540000
29.100001
28.520000
27.620000
26.100000
26.699999
25.460000
27.880000
27.060000
26.360000
25.520001
26.180000
25.239999
25.000000
25.260000
29.220000
27.300000
26.440000
26.600000
26.220000
25.540001
25.480000
26.500000
28.200000
26.959999
25.760001
25.900000
25.920000
25.580000
24.759999
24.960000
28.220000
29.460000
28.260000
26.600000
25.660000
25.880000
25.480000
25.560000
24.879999
26.300000
25.960000
26.360000
26.220000
26.320000
26.219999
25.960000
25.320000
28.300000
27.540000
27.120000
26.480000
27.020000
27.000000
26.820000
25.380000
27.040000
26.740000
25.800000
25.260000
24.860000
25.440000
25.220000
25.760001
28.580001
28.280000
26.220000
26.060000
25.180000
25.540000
25.460000
33.900000
27.620000
26.800000
26.960000
25.380000
26.140000
25.820000
25.140001
25.700000
29.260000
27.280000
27.919999
29.100001
28.260000
27.680000
27.280000
27.380000
30.060001
27.620000
26.380001
26.900000
25.720000
26.839999
27.140000
27.520000
30.740000
29.540000
28.140000
26.700000
26.080000
25.580000
25.780000
25.200000
32.740001
29.680000
27.580000
