2.179999
2.459999
2.159998
2.459999
2.300002
2.219997
2.220001
2.160002
2.180003
2.159998
2.200000
2.140000
2.160002
2.119999
2.159998
2.099998
2.140000
2.159998
2.160002
2.179999
2.200000
2.160002
2.140000
2.200000
2.160002
2.140000
2.159998
2.159998
2.179999
2.160002
2.160002
2.160002
2.180003
2.120003
2.180003
2.160002
2.260000
2.140000
2.200000
2.140000
2.159998
2.179999
2.219997
2.119999
2.179999
2.140000
2.140000
2.160002
2.180003
2.139997
2.160002
2.140000
2.140000
2.119999
2.140000
2.140000
2.119999
2.119999
2.100002
2.100002
2.119999
2.140000
2.180003
2.140000
2.160002
2.179999
2.119999
2.160002
2.160002
2.140000
2.160002
2.160002
2.159998
2.119999
2.160002
2.140000
2.119999
2.160002
2.159998
2.140000
2.160002
2.139997
2.160002
2.159998
2.139997
2.140000
2.300002
2.160002
2.160002
2.140000
2.119999
2.160002
2.140000
2.099998
2.179999
2.140000
2.179999
2.140000
2.179999
2.140000
2.140000
2.140000
2.159998
2.140000
2.279997
2.159998
2.160002
2.400000
2.159998
2.099998
2.179999
2.119999
2.180003
2.139997
2.140000
2.160002
2.179999
2.100002
2.139997
2.120003
2.140000
2.140000
2.179999
2.160002
2.159998
2.140000
2.179999
2.179999
2.159998
2.160002
2.140000
2.160002
2.120003
2.160002
2.159998
2.140000
2.159998
2.159998
2.179999
2.160002
2.160002
2.159998
2.119999
2.159998
2.179999
2.119999
2.159998
2.120003
2.119999
2.280001
2.180003
2.139997
2.140000
2.159998
2.140000
2.160002
2.179999
2.099998
2.200000
2.140000
2.140000
2.140000
2.340000
2.139997
2.179999
2.160002
2.140000
2.119999
2.119999
2.140000
2.200000
2.119999
2.159998
2.119999
2.159998
2.139997
2.160002
2.140000
2.140000
2.120003
2.120003
2.140000
2.180003
2.140000
2.200000
2.140000
2.119999
2.119999
2.180003
2.200000
2.160002
2.139997
2.140000
2.200000
2.160002
2.140000
2.160002
2.119999
2.179999
2.140000
2.119999
2.140000
2.100002
2.120003
2.140000
2.140000
2.200000
2.179999
2.140000
2.140000
2.200000
2.099998
2.140000
2.300002
2.159998
2.159998
2.140000
2.159998
2.200000
2.159998
2.140000
2.099998
2.140000
2.159998
2.160002
2.299998
2.179999
2.099998
2.140000
2.140000
2.160002
2.140000
2.140000
2.159998
2.140000
2.119999
2.140000
2.120003
2.119999
2.160002
2.300002
2.079997
2.180003
2.140000
2.159998
2.140000
2.160002
2.140000
2.119999
2.120003
2.160002
2.140000
2.140000
2.140000
2.140000
2.460003
2.159998
2.140000
2.119999
2.120003
2.159998
2.140000
2.160002
2.159998
2.140000
2.159998
2.460003
2.160002
2.140000
2.179999
2.159998
2.160002
2.179999
2.140000
2.140000
2.140000
2.140000
2.139997
2.160002
2.140000
2.140000
2.140000
2.180003
2.200000
2.160002
2.140000
2.140000
2.140000
2.159998
2.099998
2.180003
2.140000
2.100002
2.119999
2.139997
2.160002
2.180003
2.179999
2.519999
2.099998
2.159998
2.599999
2.159998
2.160002
2.159998
2.119999
2.160002
2.119999
2.160002
2.159998
2.140000
2.119999
2.140000
2.119999
2.179999
2.160002
2.140000
2.179999
2.139997
2.160002
2.179999
2.160002
2.180003
2.119999
2.080001
2.139997
2.160002
2.119999
2.140000
2.159998
2.120003
2.160002
2.160002
2.179999
2.159998
2.139997
2.179999
2.119999
2.260000
2.159998
2.419997
2.160002
2.160002
2.140000
2.160002
2.140000
2.160002
2.140000
2.140000
2.160002
2.140000
2.160002
2.140000
2.160002
2.159998
2.160002
2.180003
2.160002
2.159998
2.160002
2.140000
2.140000
2.160002
2.160002
2.119999
2.140000
2.179999
2.119999
2.160002
2.159998
2.140000
2.160002
2.160002
2.159998
2.159998
2.140000
2.160002
2.159998
2.280001
2.160002
2.160002
2.160002
2.179999
2.139997
2.160002
2.120003
2.159998
2.140000
2.140000
2.119999
2.160002
2.140000
2.179999
2.119999
2.179999
2.119999
2.140000
2.140000
2.159998
2.139997
2.140000
2.139997
2.140000
2.160002
2.179999
2.160002
2.179999
2.159998
2.140000
2.140000
2.119999
2.180003
2.160002
2.099998
2.119999
2.140000
2.160002
2.119999
2.179999
2.119999
2.159998
2.119999
2.140000
2.159998
2.160002
2.119999
2.300002
2.160002
2.119999
2.159998
2.159998
2.160002
2.140000
2.160002
2.140000
2.179999
2.280001
2.160002
2.140000
2.159998
2.179999
2.119999
2.159998
2.239998
2.159998
2.100002
2.160002
2.160002
2.159998
2.160002
2.140000
2.179999
2.160002
2.140000
2.140000
2.140000
2.260000
2.140000
2.180003
2.119999
2.140000
2.139997
2.140000
2.099998
2.159998
2.400000
2.179999
2.160002
2.220001
2.400000
2.119999
2.140000
2.140000
2.159998
2.160002
2.160002
2.160002
2.119999
2.140000
2.160002
2.139997
2.100002
2.179999
2.140000
2.159998
2.159998
2.220001
2.139997
2.140000
2.140000
2.140000
2.140000
2.140000
2.140000
2.179999
2.140000
2.179999
2.160002
2.260003
2.159998
2.159998
2.159998
2.140000
2.140000
2.119999
2.119999
2.160002
2.140000
2.159998
2.160002
2.160002
2.380002
2.179999
2.139997
2.200000
2.140000
2.140000
2.119999
2.119999
2.140000
2.140000
2.220001
2.140000
2.140000
2.300002
2.140000
2.180003
2.159998
2.160002
2.140000
2.140000
2.140000
2.160002
2.159998
2.140000
2.119999
2.180003
2.140000
2.140000
2.140000
2.159998
2.140000
2.159998
2.140000
2.179999
2.200000
2.119999
2.100002
2.119999
2.140000
2.100002
2.119999
2.160002
2.160002
2.280001
2.140000
2.140000
2.140000
2.159998
2.140000
2.200000
2.179999
2.160002
2.140000
2.159998
2.160002
2.160002
2.119999
2.140000
2.140000
2.140000
2.100002
2.180003
2.179999
2.159998
2.159998
2.140000
2.160002
2.160002
2.139997
2.160002
2.159998
2.159998
2.160002
2.200000
2.160002
2.140000
2.140000
2.119999
2.119999
2.140000
2.140000
2.140000
2.140000
2.160002
2.100002
2.340000
2.159998
2.139997
2.140000
2.140000
2.140000
2.180003
2.159998
2.159998
2.160002
2.159998
2.140000
2.200000
2.140000
2.140000
2.159998
2.160002
2.159998
2.160002
2.140000
2.119999
2.179999
2.119999
2.160002
2.179999
2.140000
2.140000
2.140000
2.140000
2.119999
2.179999
2.100002
2.100002
2.079997
2.159998
2.140000
2.160002
2.119999
2.179999
2.140000
2.119999
2.160002
2.179999
2.279997
2.140000
2.140000
2.160002
2.159998
2.179999
2.140000
2.200000
2.159998
2.180003
2.099998
2.140000
2.119999
2.179999
2.119999
2.140000
2.160002
2.160002
2.140000
2.160002
2.140000
2.179999
2.140000
2.160002
2.159998
2.160002
2.159998
2.140000
2.140000
2.160002
2.140000
2.160002
2.160002
2.179999
2.140000
2.180003
2.140000
2.140000
2.160002
2.140000
2.119999
2.139997
2.160002
2.400000
2.140000
2.140000
2.159998
2.160002
2.140000
2.159998
2.160002
2.160002
2.140000
2.179999
2.140000
2.119999
2.119999
2.120003
2.140000
2.239998
2.119999
2.179999
2.140000
2.140000
2.139997
2.220001
2.140000
2.140000
2.160002
2.180003
2.179999
2.159998
2.140000
2.160002
2.140000
2.140000
2.119999
2.179999
2.160002
2.140000
2.139997
2.119999
2.119999
2.119999
2.140000
2.160002
2.140000
2.159998
2.159998
2.179999
2.140000
2.140000
2.140000
2.100002
2.159998
2.159998
2.119999
2.160002
2.140000
2.140000
2.140000
2.200000
2.100002
2.160002
2.139997
2.140000
2.159998
2.179999
2.140000
2.179999
2.180003
2.160002
2.159998
2.179999
2.120003
2.159998
2.119999
2.160002
2.140000
2.119999
2.139997
2.100002
2.119999
2.179999
2.140000
2.159998
2.139997
2.180003
2.140000
2.160002
2.179999
2.179999
2.140000
2.140000
2.140000
2.160002
2.119999
2.159998
2.140000
2.200000
2.160002
2.159998
2.160002
2.179999
2.080001
2.159998
2.160002
2.139997
2.320003
2.160002
2.140000
2.160002
2.159998
2.180003
2.119999
2.119999
2.160002
2.100002
2.159998
2.140000
2.160002
2.379999
2.159998
2.179999
2.140000
2.159998
2.119999
2.119999
2.200000
2.140000
2.140000
2.200000
2.139997
2.119999
2.140000
2.260000
2.180003
2.179999
2.140000
2.159998
2.140000
2.159998
2.140000
2.140000
2.140000
2.179999
2.140000
2.160002
2.140000
2.160002
2.099998
2.140000
2.119999
2.119999
2.160002
2.140000
2.140000
2.159998
2.159998
2.140000
2.140000
2.160002
2.160002
2.160002
2.140000
2.179999
2.159998
2.160002
2.100002
2.140000
2.140000
2.160002
2.200000
2.200000
2.159998
2.179999
2.159998
2.300002
2.159998
2.140000
2.159998
2.160002
2.099998
2.100002
2.279997
2.160002
2.159998
2.159998
2.119999
2.100002
2.140000
2.160002
2.160002
2.159998
2.140000
2.160002
2.179999
2.159998
2.140000
2.160002
2.099998
2.159998
2.140000
2.120003
2.119999
2.160002
2.119999
2.159998
2.179999
2.140000
2.179999
2.119999
2.140000
2.160002
2.160002
2.160002
2.200000
2.179999
2.159998
2.139997
2.140000
2.140000
2.140000
2.179999
2.160002
2.179999
2.140000
2.119999
2.140000
2.140000
2.140000
2.140000
2.180003
2.140000
2.159998
2.140000
2.140000
2.160002
2.119999
2.140000
2.180003
2.159998
2.140000
2.140000
2.140000
2.140000
2.159998
2.159998
2.119999
2.119999
2.160002
2.159998
2.140000
2.200000
2.179999
2.159998
2.159998
2.159998
2.140000
2.260003
2.739999
2.380002
2.140000
2.160002
2.140000
2.160002
2.160002
2.180003
2.160002
2.160002
2.140000
2.119999
2.140000
2.160002
2.700001
2.160002
2.200000
2.160002
2.159998
2.159998
2.179999
2.140000
2.140000
2.119999
2.160002
2.160002
2.140000
2.220001
2.119999
2.160002
2.139997
2.140000
2.119999
2.159998
2.160002
2.179999
2.140000
2.159998
2.140000
2.140000
2.119999
2.420001
2.140000
2.159998
2.179999
2.179999
2.119999
2.160002
2.140000
2.140000
2.119999
2.160002
2.159998
2.180003
2.140000
2.140000
2.140000
2.179999
2.140000
2.160002
2.119999
