3.479999
3.355999
3.358000
3.382000
3.356000
3.355000
3.389000
3.359000
3.377000
3.359000
3.398000
3.392000
3.361000
3.401000
3.354001
3.355999
3.356000
3.400001
3.374000
3.358999
3.394000
3.354999
3.372000
3.362000
3.357001
3.372000
3.357001
3.354001
3.362000
3.395000
3.422000
3.357000
3.356000
3.355000
3.354000
3.366000
3.354000
3.354000
3.353000
3.361000
3.386000
3.365000
3.362000
3.416001
3.369000
3.396000
3.385000
3.400999
3.385000
3.397000
3.434001
3.403001
3.402000
3.373000
3.375000
3.388000
3.374000
3.407000
3.399001
3.396000
3.390000
3.380001
3.382000
3.374000
3.376001
3.394000
3.383000
3.376001
3.377000
3.379000
3.393000
3.389000
3.383000
3.376000
3.376000
3.389000
3.399000
3.423000
3.417000
3.364000
3.354000
3.353000
3.386000
3.391000
3.391000
3.409000
3.373000
3.398000
3.359000
3.355000
3.368000
3.366000
3.361000
3.368000
3.385000
3.353000
3.393000
3.368000
3.364000
3.367000
3.355999
3.373000
3.356000
3.355999
3.385000
3.426000
3.363000
3.357000
3.367000
3.372001
3.368000
3.369000
3.391000
3.356000
3.450000
3.357000
3.357000
3.357000
3.361001
3.405000
3.382000
3.384000
3.360000
3.363000
3.411000
3.396000
3.400000
3.407000
3.363000
3.394000
3.400000
3.404000
3.362000
3.357000
3.409000
3.375000
3.396000
3.377000
3.386000
3.364000
3.366000
3.364000
3.386000
3.400000
3.395000
3.378999
3.386000
3.405000
3.405000
3.389000
3.407001
3.386999
3.394000
3.385999
3.385999
3.398000
3.399001
3.382000
3.394000
3.385000
3.386000
3.380001
3.386999
3.382000
3.395000
3.389000
3.395000
3.382999
3.388000
3.402000
3.387000
3.419000
3.395000
3.391000
3.398000
3.381000
3.377000
3.394000
3.373000
3.387000
3.391000
3.376001
3.392000
3.400000
3.393000
3.388000
3.396000
3.383000
3.379000
3.388000
3.415000
3.381000
3.380000
3.412999
3.398000
3.392000
3.384000
3.382999
3.364000
3.361000
3.381000
3.361000
3.373000
3.387000
3.363000
3.366999
3.378000
3.382000
3.369000
3.362000
3.378000
3.381000
3.361000
3.376000
3.371000
3.362000
3.365001
3.362000
3.362000
3.363000
3.410000
3.363000
3.378000
3.360000
3.389000
3.397000
3.408000
3.408000
3.393000
3.383000
3.410000
3.368000
3.380000
3.368000
3.386000
3.394000
3.400000
3.397000
3.374000
3.420000
3.408000
3.401000
3.410000
3.376001
3.386000
3.397000
3.399000
3.400000
3.392000
3.386000
3.393000
3.384000
3.385999
3.397999
3.360000
3.370000
3.362999
3.370000
3.371000
3.364000
3.376000
3.370000
3.364000
3.357000
3.367000
3.369000
3.383000
3.363000
3.362000
3.360000
3.368000
3.363000
3.363000
3.363000
3.396000
3.388000
3.398000
3.370999
3.370999
3.386999
3.370000
3.370999
3.373000
3.378000
3.365000
3.367000
3.366999
3.373999
3.391000
3.367000
3.370000
3.407000
3.415001
3.397000
3.376000
3.370000
3.387000
3.376000
3.358000
3.359000
3.374000
3.371000
3.391000
3.355999
3.393999
3.369000
3.401000
3.361001
3.371000
3.389000
3.354999
3.390000
3.393000
3.393000
3.364000
3.366000
3.361000
3.369001
3.361001
3.389000
3.354999
3.393000
3.361000
3.413000
3.360000
3.370000
3.397999
3.391000
3.378000
3.405000
3.367000
3.365001
3.371000
3.381000
3.413000
3.390000
3.391000
3.387000
3.393999
3.391000
3.393000
3.393000
3.393000
3.383000
3.410000
3.396000
3.378000
3.399000
3.366000
3.397000
3.374000
3.400000
3.373001
3.384000
3.378000
3.379000
3.404000
3.384000
3.370000
3.378000
3.362000
3.397999
3.412000
3.610000
3.386000
3.414000
3.398000
3.366999
3.361001
3.436000
3.398000
3.421000
3.397000
3.384000
3.390000
3.390000
3.377000
3.383000
3.396000
3.397000
3.376001
3.379000
3.390000
3.388000
3.395000
3.383000
3.385000
3.388001
3.373000
3.397000
3.396001
3.380001
3.390000
3.379000
3.393000
3.394000
3.364000
3.364000
3.360000
3.371000
3.355999
3.358999
3.363000
3.361000
3.362000
3.387000
3.363000
3.364000
3.354000
3.361000
3.354000
3.364000
3.358999
3.367000
3.385000
3.366000
3.374000
3.366000
3.362000
3.363000
3.361000
3.364000
3.385000
3.366000
3.365001
3.361000
3.408000
3.404000
3.393000
3.408000
3.395000
3.392000
3.399000
3.369000
3.389000
3.400000
3.387000
3.393000
3.397000
3.401000
3.391000
3.395000
3.397000
3.409000
3.402000
3.405999
3.394000
3.387000
3.411001
3.369001
3.405000
3.377001
3.380000
3.363000
3.363000
3.362000
3.361000
3.358000
3.360000
3.498000
3.372001
3.362000
3.381000
3.361000
3.362000
3.384001
3.357001
3.382999
3.365000
3.408000
3.374000
3.368000
3.356000
3.357000
3.364000
3.369001
3.368000
3.364000
3.374000
3.411000
3.408000
3.399000
3.366000
3.402000
3.397000
3.361000
3.389000
3.365001
3.381000
3.391000
3.353000
3.359000
3.355000
3.385000
3.399001
3.362000
3.364000
3.369001
3.439000
3.373001
3.371000
3.361000
3.412000
3.365001
3.362000
3.405999
3.364000
3.403000
3.355000
3.371000
3.355000
3.368000
3.357000
3.362000
3.394000
3.363000
3.357001
3.385999
3.370000
3.357000
3.362000
3.366000
3.404000
3.387000
3.359000
3.364000
3.411000
3.359000
3.363000
3.360000
3.369001
3.366000
3.376001
3.366000
3.364000
3.362000
3.383000
3.354001
3.370000
3.362000
3.360000
3.355999
3.354000
3.361000
3.359000
3.376000
3.355000
3.354000
3.400000
3.360000
3.355000
3.357001
3.364000
3.357001
3.370000
9.221000
3.365000
3.360000
3.391000
3.396000
3.370999
3.416000
3.354999
3.390000
3.362000
3.392000
3.397000
3.374000
3.382000
3.412000
3.396001
3.374999
3.402000
3.398000
3.407001
3.393999
3.401000
3.373999
3.396000
3.389000
3.390000
3.396000
3.377000
3.397999
3.390000
3.397000
3.374000
3.395000
3.399001
3.393000
3.387000
3.372001
3.418000
3.412000
3.359000
3.422000
3.354000
3.368000
3.355000
3.395000
3.364000
3.378000
3.390000
3.403001
3.360000
3.355000
3.353001
3.358000
3.383000
3.354001
3.365000
3.399000
3.396000
3.432000
3.402000
3.391000
3.389000
3.395000
3.394000
3.385999
3.375000
3.375000
3.385000
3.373000
3.411000
3.386000
3.378000
3.433000
3.383000
3.387000
3.398000
3.397000
3.399001
3.397000
3.384000
3.399000
3.381000
3.390000
3.361001
3.391000
3.411000
3.387000
3.400000
3.414000
3.404000
3.372000
3.430001
3.397000
3.382000
3.393000
3.394000
3.404000
3.387000
3.386000
3.390000
3.395000
3.386000
3.379000
3.391000
3.405999
3.392000
3.386000
3.392000
3.397000
3.404000
3.390000
3.386000
3.378999
3.390000
3.377000
3.405000
3.393000
3.357001
3.355000
3.356000
3.405000
3.398000
3.358000
3.354000
3.358000
3.395000
3.380001
3.393000
3.397000
3.388001
3.354000
3.388001
3.396000
3.393000
3.426000
3.378999
3.402000
3.365000
3.355999
3.354000
3.367000
3.355000
3.359000
3.392000
3.384000
3.368000
3.368000
3.367000
3.393999
3.385000
3.386000
3.358999
3.361000
3.396000
3.359000
3.393000
3.362000
3.363000
3.368000
3.366000
3.362999
3.353000
3.360000
3.401000
3.366999
3.354000
3.355000
3.364000
3.369000
3.357000
3.402000
3.355000
3.354000
3.355999
3.408000
3.353001
3.358000
3.362999
3.400000
3.408999
3.356000
3.366000
3.364000
3.361000
3.382000
3.401000
3.360000
3.357000
3.362000
3.391000
3.358000
3.393999
3.393000
3.630000
3.392000
3.392000
3.395000
3.381000
3.362000
3.440999
3.372000
3.358000
3.393000
3.400000
3.372001
3.355999
3.391000
3.389999
3.390000
3.391000
3.386000
3.385000
3.398000
3.391000
3.381000
3.388001
3.699000
3.414000
3.397000
3.395000
3.384000
3.387000
3.387000
3.386999
3.393000
3.386999
3.380000
3.391000
3.391000
3.393000
3.391000
3.402000
3.401999
3.425000
3.393000
3.404000
3.387000
3.396000
3.390000
3.382000
3.391000
3.389000
3.386999
3.398000
3.400000
3.381000
3.394000
3.399001
3.393000
3.394000
3.421000
3.389000
3.380000
3.375000
3.395000
3.394000
3.396000
3.381000
3.394000
3.393999
3.409999
3.415000
3.380001
3.378999
3.396000
3.390000
3.405000
3.397000
3.391000
3.392000
3.392001
3.392000
3.406000
3.390000
3.386000
3.391000
3.385000
3.388000
3.367000
3.361001
3.366000
3.365000
3.386000
3.398000
3.406000
3.354000
3.362000
3.357000
3.369000
3.413000
3.368000
3.362000
3.354000
3.392000
3.355000
3.393000
3.356000
3.354000
3.354000
3.358000
3.360000
3.355000
3.366000
3.408000
3.354000
3.359000
3.354000
3.407001
3.364000
3.370999
3.359000
3.385000
3.366000
3.362000
3.362999
3.367000
3.362000
3.367000
3.364000
3.368000
3.366999
3.362000
3.369000
3.354001
3.362000
3.381000
3.370999
3.364000
3.362000
3.376001
3.353000
3.358000
3.360000
3.354000
3.367000
3.361001
3.419001
3.355000
3.407000
3.393000
3.381999
3.354000
3.364000
3.428000
3.365000
3.354001
3.355000
3.394000
3.399000
3.400001
3.408000
3.357000
3.362000
3.398000
3.363000
3.355000
3.365000
3.359000
3.395000
3.377001
3.413999
3.399000
3.407000
3.356000
3.360000
3.409000
3.368000
3.360000
3.366000
3.369000
3.367000
3.384000
3.363000
3.356000
3.411001
3.363000
3.365000
3.361000
3.362000
3.360000
3.364000
3.361000
3.362000
3.358000
3.369000
3.357001
3.368000
3.365001
3.354001
3.360000
3.382000
3.387000
3.355000
3.407000
3.375000
3.358000
3.402000
3.405999
3.409000
3.397999
3.401000
3.383000
3.388000
3.372000
3.388000
3.388001
3.382999
3.382000
3.376000
3.386999
3.387000
3.396000
3.352000
3.354000
3.396000
3.386000
3.372001
3.390000
3.421000
3.361001
3.353000
3.357000
3.356000
3.353000
3.377000
3.384000
3.418000
3.401000
3.439000
3.412000
3.374000
3.386000
3.387000
3.402000
3.380001
3.401000
3.403001
3.400000
3.357001
3.359000
3.383000
3.391000
3.373000
3.384000
3.398000
