1.169998
1.118999
0.985999
0.668000
0.680000
0.661001
0.668000
0.640001
0.638001
0.641000
0.638001
0.641000
0.643000
0.650998
0.647001
0.650998
0.647999
0.647001
0.631001
0.640001
0.625998
0.643000
0.641000
0.636000
0.641000
0.645999
0.634998
0.638999
0.647999
0.632003
0.645999
0.666998
0.627998
0.638001
0.647999
0.661999
0.651002
0.645999
0.651002
0.884000
0.633001
0.639997
0.638999
0.650000
0.651002
0.654999
0.638999
0.629999
0.636000
0.641998
0.626002
0.634998
0.646003
0.642002
0.631001
0.636000
0.629000
0.662003
0.660002
0.638999
0.632003
0.636000
0.634000
0.625998
0.649001
0.636999
0.629000
0.634003
0.639003
0.632998
0.643998
0.657998
0.653002
0.624999
0.641998
0.641000
0.638999
0.640001
0.636000
0.639003
0.633001
0.641000
0.636000
0.640001
0.638999
0.645000
0.641000
0.638999
0.794999
0.629999
0.650998
0.650000
0.644002
0.638001
0.634000
0.652999
0.636000
0.664998
0.651002
0.654001
0.636000
0.645999
0.638001
0.972003
0.639997
0.632998
0.645000
0.643000
0.633001
0.627000
0.628002
0.650004
0.634000
0.629999
0.634998
0.648998
0.629999
0.649001
0.624999
0.652999
0.635002
0.654001
0.819001
0.632998
0.641000
0.645999
0.629000
0.799000
0.652000
0.638001
0.633001
0.685997
0.648003
0.644002
0.641000
0.666000
0.631001
0.641998
0.779998
0.631999
0.647001
0.651002
0.643998
0.641000
0.641000
0.627000
0.623003
0.644002
0.790000
0.633001
0.653997
0.657000
0.637002
0.636999
0.652000
0.640001
0.640001
0.634998
0.632003
0.642002
0.636000
0.634998
0.631999
0.636000
0.643998
0.637997
0.637002
0.644002
0.642002
0.631999
0.622999
0.649001
0.634000
0.639997
0.631999
0.635002
0.645000
0.659000
0.627000
0.638001
0.643000
0.641998
0.631001
0.633001
0.623997
0.629000
0.622001
0.634998
0.630002
0.634000
0.634998
0.647001
0.633001
0.650000
0.638001
0.643998
0.622999
0.638001
0.643998
0.638001
0.642002
0.629999
0.628002
0.630002
0.629999
0.634003
0.641000
0.624001
0.627000
0.654999
0.629000
0.661001
0.651002
0.636000
0.653002
0.645000
0.668000
0.643000
0.645000
0.631999
0.629000
0.629000
0.632998
0.632003
0.643000
0.628997
0.792000
0.661999
0.628002
0.641998
0.634998
0.805002
0.639997
0.638001
0.645999
0.639003
0.622999
0.637002
0.620998
0.627000
0.633001
0.643998
0.623003
0.632998
0.636000
0.634000
0.643998
0.647999
0.640001
0.631999
0.636999
0.646997
0.638001
0.642002
0.632998
0.638999
0.631001
0.638999
0.681002
0.638001
0.657998
0.642002
0.623003
0.650000
0.781000
0.666000
0.636999
0.642002
0.628997
0.640001
0.634000
0.668999
0.630002
0.627000
0.652999
0.650000
0.635002
0.638001
0.632998
0.629000
0.641000
0.650998
0.642002
0.631001
0.652000
0.638999
0.627000
0.631001
0.636999
0.654999
0.634998
0.646997
0.643998
0.642002
0.656001
0.663001
0.647999
0.627998
0.637002
0.643998
0.631001
0.654999
0.641000
0.789002
0.624001
0.652000
0.650000
0.629999
0.638001
0.640001
0.623003
0.672001
0.629999
0.645999
0.645000
0.641998
0.648998
0.643000
0.641998
0.631001
0.627000
0.645000
0.633001
0.636000
0.637002
0.629999
0.622001
0.627000
0.634998
0.660002
0.627000
0.637002
0.650998
0.645000
0.681002
0.647999
0.623003
0.651002
0.640001
0.618000
0.637002
1.199998
0.631999
0.631999
0.627000
0.634000
0.641000
0.627000
0.649001
0.621002
0.645000
0.619002
0.634998
0.637997
0.642002
0.647001
0.635002
0.636999
0.657000
0.787999
0.640001
0.627998
0.635002
0.631999
0.631001
0.639003
0.624001
0.647999
0.650000
0.638999
0.629999
0.628002
0.620000
0.650000
0.640001
0.644002
0.663999
0.642002
0.636999
0.637002
0.640001
0.647001
0.659000
0.629999
0.636000
0.645999
0.634000
0.652999
0.637002
0.799000
0.624999
0.634000
0.648003
0.638999
0.636000
0.645999
0.645000
0.623003
0.642002
0.647999
0.634000
0.654999
0.628002
0.645000
0.654999
0.661001
0.634000
0.660997
0.628997
0.638999
0.627998
0.634000
0.637002
0.624001
0.634998
0.637002
0.643998
0.638001
0.639003
0.629999
0.652000
0.647001
0.647001
0.654999
0.641000
0.623003
0.633001
0.634000
0.648003
0.633001
0.625998
0.637997
0.629999
0.650000
0.629000
0.652999
0.626002
0.637997
0.629000
0.631999
0.641998
0.645999
0.630997
0.647001
0.630002
0.638999
0.636999
0.647999
0.631001
0.631999
0.643998
0.636999
0.627998
0.638999
0.630002
0.629000
0.650000
0.659000
0.632998
0.634998
0.646003
0.640001
0.635002
0.622999
0.652999
0.634998
0.641000
0.667997
0.631001
0.645000
0.634000
0.645000
0.643998
0.637002
0.636999
0.639997
0.636000
0.628002
0.638001
0.645999
0.774000
0.647999
0.670001
0.647999
0.636999
0.638001
0.633001
0.955999
0.638001
0.644002
0.661999
0.644002
0.627998
0.660997
0.641000
0.635002
0.636000
0.620000
0.638999
0.647001
0.643000
0.644002
0.632003
0.629999
0.627000
0.640001
0.634998
0.647001
0.638001
0.638999
0.631001
0.644002
0.628002
0.630997
0.638999
0.641998
0.635002
0.631001
0.629999
0.628997
0.629999
0.636999
0.633001
0.634003
0.634998
0.646997
0.632998
0.651002
0.635002
0.634000
0.624999
0.659999
0.642002
0.632998
0.631001
0.631999
0.640001
0.653002
0.634000
0.641000
0.627000
0.640001
0.629999
0.647001
0.645999
0.654999
0.633001
0.636000
0.677999
0.636000
0.652000
0.642002
0.639003
0.641000
0.650998
0.651002
0.636000
0.646003
0.631001
0.649001
0.656001
0.637997
0.637002
0.654001
0.638001
0.630997
0.624001
0.634000
0.798002
0.648998
0.648998
0.630997
0.647001
0.645000
0.637002
0.636999
0.660002
0.645000
0.634000
0.630997
0.625998
0.648998
0.642002
0.652999
0.634000
0.636000
0.641000
0.636000
0.641003
0.638001
0.638001
0.641000
0.634998
0.654001
0.626002
0.646003
0.633001
0.632998
0.647001
0.630997
0.624999
0.657000
0.644002
0.643000
0.627998
0.630997
0.644997
0.643000
0.652000
0.641998
0.642002
0.787999
0.641000
0.629000
0.620000
0.645000
0.634998
0.627998
0.622999
0.645000
0.640001
0.643000
0.649001
0.647999
0.629999
0.647001
0.635002
0.635002
0.650000
0.645999
0.645999
0.639003
0.638999
0.632998
0.632998
0.636000
0.634998
0.629000
0.634000
0.638001
0.635002
0.637997
0.629000
0.634998
0.644002
0.645000
0.638999
0.630997
0.638999
0.641000
0.657000
0.648003
0.636000
0.639003
0.656001
0.645000
0.654001
0.647999
0.627000
0.638001
0.641000
0.643998
0.629000
0.638999
0.650000
0.670999
0.638999
0.647999
0.641003
0.629999
0.624001
0.644002
0.677001
0.640001
0.636999
0.623003
0.637002
0.634000
0.641998
0.806000
0.622999
0.629000
0.640001
0.634000
0.647999
0.638001
0.637002
0.661999
0.635002
1.022004
0.794001
0.663001
0.638001
0.645999
0.628002
0.636999
0.627998
0.629000
0.632998
0.635002
0.631001
0.637997
0.638001
0.636000
0.629999
0.645000
0.634998
0.657998
0.636999
0.642002
0.636000
0.643998
0.631999
0.636999
0.645000
0.647001
0.632998
0.624999
0.811998
0.647001
0.636999
0.637997
0.629999
0.631001
0.629999
0.638001
0.638001
0.663001
0.659999
0.627000
0.643998
0.638001
0.645000
0.657000
0.632998
0.650998
0.634998
0.640001
0.834998
0.647001
0.673000
0.669003
0.627000
0.905000
0.663001
0.650000
0.636999
0.641998
0.629999
0.646003
0.640001
0.659000
0.637997
0.634998
0.813000
0.640001
0.704002
0.663999
0.637002
0.635002
0.625998
0.625998
0.650000
0.643000
0.649001
0.633001
0.643000
0.635996
0.624001
0.643998
0.624999
0.638999
0.638001
0.645000
0.645000
0.631001
0.638999
0.641003
0.651002
0.644002
0.643998
0.640001
0.624001
0.642002
0.627998
0.630997
0.627998
0.631001
0.631999
0.641003
0.647001
0.629999
0.632003
0.659000
0.661999
0.649001
0.652000
0.638001
0.628997
0.639003
0.641003
0.637997
0.625998
0.633001
0.638999
0.636000
0.636999
0.964001
0.641998
0.629000
0.666000
0.627000
0.645999
0.630997
0.646997
0.634000
0.639003
0.622999
0.638999
0.636000
0.673000
0.682998
0.652000
0.675999
0.670001
0.659000
0.659999
0.652999
0.673000
0.682998
0.673998
0.658002
0.852000
0.665002
0.650998
0.629000
0.638001
0.631999
0.647999
0.637002
0.624001
0.633001
0.641998
0.638999
0.626002
0.654001
0.657000
0.680998
0.659000
0.658002
0.680000
0.654001
0.658002
0.655003
0.668999
0.638999
0.654001
0.666998
0.672001
0.658002
0.635002
0.655998
0.663001
0.635002
0.663999
0.653002
0.674002
0.659000
0.682000
0.668000
0.640001
1.072001
0.627000
0.781000
0.632003
0.658996
0.634998
0.633001
0.634998
0.642002
0.644002
0.631999
0.631999
0.627000
0.634998
0.646997
0.631001
0.626002
0.627998
0.640001
0.650000
0.652000
0.638999
0.650000
0.650000
0.638999
0.627000
0.649001
0.650000
0.627000
0.632998
0.666000
0.801001
0.671998
0.647001
0.631999
0.640001
0.636999
0.635002
0.655003
0.635002
0.639997
0.646997
0.638999
0.635002
0.636999
0.653997
0.634000
0.629999
0.640001
0.625998
0.641000
0.654999
0.641000
0.633001
0.629000
0.638001
0.663999
0.643000
0.652000
0.652000
0.634000
0.634000
0.631999
0.647999
0.648998
0.624001
0.807002
0.638999
0.633001
0.640001
0.650000
0.636000
0.634998
0.629999
0.652000
0.652000
0.631999
0.625003
0.631001
0.647999
0.641998
0.654001
0.642002
0.627998
0.640001
0.641998
0.634000
0.641003
0.661001
0.641998
0.647001
0.640001
0.631001
0.627000
0.636000
0.647999
0.630002
0.634000
0.644002
0.636000
0.630002
0.631999
0.636000
0.645000
0.649001
0.631001
0.634000
0.660002
0.626002
0.635002
0.665002
0.636999
0.638999
0.643998
0.645000
0.707999
0.626002
0.641998
0.641000
0.634000
0.633001
0.636000
0.627000
0.641998
0.641998
0.629000
0.634998
0.632003
0.964001
