52.220000
33.020000
23.840000
21.840000
20.860000
26.480000
22.360000
29.880000
24.540000
21.520000
25.880000
21.900000
21.280000
20.360000
20.520000
20.360000
20.180000
20.300000
20.400000
21.580000
21.080000
20.600000
20.480000
20.440000
20.300000
20.260000
21.600000
20.740000
20.660000
21.160000
20.560000
20.360000
20.400000
25.180000
23.020000
21.320000
20.640000
20.560000
20.580000
20.320000
20.440000
20.380000
20.260000
20.400000
20.240000
20.780000
20.440000
20.280000
21.000000
21.160000
20.680000
20.260000
20.320000
20.160000
20.220000
20.480000
20.360000
20.160000
20.280000
20.440000
20.280000
20.560000
20.240000
20.340000
28.120000
20.700000
20.620000
22.640000
21.160000
21.040000
20.720000
20.380000
20.460000
20.260000
20.320000
20.300000
20.220000
20.440000
20.140000
20.240000
20.820000
20.240000
20.380000
21.220000
20.980000
20.600000
20.520000
20.620000
20.480000
20.340000
20.340000
20.620000
20.240000
20.200000
20.360000
20.280000
20.280000
20.220000
20.420000
20.260000
20.360000
20.120000
20.420000
20.340000
20.540000
20.520000
20.500000
20.480000
20.340000
20.320000
20.260000
20.380000
20.260000
20.460000
20.440000
20.380000
20.900000
20.780000
20.880000
20.860000
20.460000
20.860000
20.760000
21.060000
20.880000
21.300000
21.360000
20.580000
20.840000
20.660000
21.060000
20.440000
20.480000
20.640000
20.460000
20.380000
20.460000
20.600000
20.540000
20.660000
21.140000
20.760000
20.920000
21.000000
20.640000
20.740000
20.840000
20.340000
20.500000
20.440000
20.420000
20.280000
20.440000
20.400000
20.380000
20.880000
20.520000
20.740000
20.400000
20.880000
20.820000
20.300000
20.780000
20.440000
20.420000
22.560000
21.240000
20.440000
20.660000
20.260000
20.900000
20.740000
21.060000
20.740000
20.240000
20.340000
20.200000
20.420000
25.520000
22.360000
21.780000
24.080000
22.760000
21.320000
21.140000
21.840000
21.460000
21.260000
20.700000
20.720000
21.120000
20.680000
21.420000
21.300000
20.220000
20.460000
20.500000
22.040000
20.900000
20.840000
21.280000
21.140000
20.880000
20.560000
20.680000
20.620000
20.460000
20.160000
20.360000
20.420000
20.820000
20.500000
20.380000
20.200000
20.780000
21.120000
21.660000
21.060000
20.560000
20.880000
20.600000
20.640000
23.600000
21.180000
20.860000
20.720000
20.840000
20.460000
20.820000
20.260000
21.200000
21.400000
21.120000
21.280000
21.360000
21.980000
21.580000
20.920000
20.640000
21.780000
20.980000
20.980000
20.820000
20.860000
21.040000
28.540000
21.500000
20.480000
21.060000
20.520000
20.720000
20.480000
20.660000
21.000000
21.200000
21.380000
21.180000
21.400000
21.200000
20.880000
20.940000
21.080000
20.900000
20.920000
20.860000
20.580000
20.400000
20.400000
20.500000
20.400000
20.540000
20.420000
20.560000
20.640000
21.060000
20.680000
21.060000
21.360000
21.820000
20.980000
20.320000
20.700000
20.720000
20.300000
20.300000
20.880000
20.160000
20.420000
20.420000
20.380000
20.440000
20.680000
20.680000
20.480000
20.640000
20.480000
20.540000
20.420000
20.580000
20.440000
20.920000
20.260000
20.200000
20.280000
20.200000
20.520000
20.680000
20.200000
20.320000
20.200000
20.580000
20.400000
21.120000
20.360000
20.420000
20.820000
20.600000
20.460000
20.180000
20.400000
20.460000
20.700000
20.360000
20.140000
20.120000
20.220000
20.200000
20.240000
20.180000
20.160000
20.220000
20.560000
20.460000
20.480000
20.500000
20.620000
21.100000
20.880000
20.560000
20.660000
21.240000
21.260000
20.760000
20.820000
20.560000
21.580000
20.660000
20.400000
20.440000
20.220000
21.120000
21.120000
21.080000
21.420000
23.260000
21.240000
20.820000
20.740000
20.500000
20.740000
20.980000
20.740000
21.260000
20.820000
20.720000
21.160000
21.060000
20.900000
20.680000
21.140000
20.780000
21.080000
22.120000
21.420000
20.960000
20.660000
20.460000
20.400000
20.280000
20.500000
20.240000
20.500000
20.320000
20.480000
20.380000
20.760000
20.320000
20.240000
20.880000
20.360000
20.240000
20.740000
20.540000
20.720000
20.660000
20.960000
27.340000
20.940000
20.600000
20.280000
20.500000
20.620000
20.660000
20.780000
20.780000
20.700000
20.960000
21.500000
21.280000
21.160000
21.400000
22.160000
22.080000
21.060000
20.760000
20.580000
20.800000
20.620000
20.660000
20.520000
20.240000
20.620000
20.440000
20.840000
20.560000
20.640000
24.840000
23.240000
21.540000
24.320000
22.000000
20.900000
20.840000
21.080000
20.480000
20.420000
20.460000
20.700000
21.040000
20.680000
20.700000
20.820000
21.300000
21.000000
20.240000
22.540000
20.700000
20.920000
20.800000
21.260000
20.480000
20.260000
20.600000
20.560000
20.460000
20.320000
20.500000
21.260000
20.580000
20.860000
20.480000
20.380000
20.320000
20.320000
20.820000
20.580000
20.820000
20.920000
20.860000
20.420000
20.260000
20.340000
20.960000
20.920000
20.420000
20.300000
20.380000
20.460000
20.280000
20.220000
20.280000
20.260000
20.240000
21.000000
20.480000
20.520000
20.480000
20.920000
20.900000
20.420000
20.660000
20.240000
20.160000
20.240000
20.480000
20.240000
20.440000
20.600000
20.980000
20.860000
20.960000
21.120000
20.760000
21.200000
20.480000
20.640000
20.780000
20.740000
21.120000
20.820000
21.060000
20.800000
20.960000
20.760000
20.740000
20.940000
20.840000
21.920000
21.160000
20.800000
20.380000
20.540000
21.680000
20.540000
20.520000
20.640000
20.440000
20.500000
20.480000
20.440000
20.320000
20.940000
20.840000
20.900000
20.520000
20.840000
20.760000
20.820000
20.880000
21.040000
20.680000
20.840000
20.720000
22.460000
22.300000
21.420000
21.620000
22.260000
21.720000
20.900000
20.800000
21.200000
21.220000
20.720000
20.800000
20.900000
20.740000
20.720000
20.880000
20.860000
21.440000
20.900000
24.580000
23.080000
21.780000
21.020000
20.640000
20.680000
20.640000
20.760000
20.780000
20.800000
21.400000
20.600000
21.040000
21.240000
20.740000
22.100000
21.580000
47.260000
50.760000
52.180000
47.460000
42.580000
43.080000
42.740000
42.320000
40.780000
38.980000
42.000000
40.580000
39.680000
42.780000
30.000000
27.840000
28.440000
24.720000
21.940000
21.100000
21.080000
20.640000
20.780000
20.540000
27.240000
22.680000
21.460000
21.320000
21.240000
20.780000
20.780000
20.180000
22.380000
21.500000
20.640000
21.380000
22.140000
20.900000
21.220000
21.340000
20.780000
20.540000
20.540000
20.720000
20.420000
20.220000
20.440000
22.740000
21.440000
20.780000
20.520000
20.620000
20.420000
21.560000
21.160000
20.740000
20.580000
20.500000
20.300000
20.440000
20.500000
20.280000
20.220000
20.180000
20.160000
20.260000
20.200000
20.180000
20.140000
20.840000
23.860000
25.380000
22.080000
21.500000
22.440000
21.900000
20.580000
20.560000
20.720000
20.240000
20.340000
20.220000
20.300000
20.260000
21.660000
20.360000
20.160000
20.120000
20.420000
21.500000
20.940000
20.340000
20.220000
21.200000
20.780000
20.500000
20.120000
20.320000
20.140000
21.060000
20.480000
20.220000
20.260000
20.360000
20.160000
20.180000
20.200000
20.180000
21.480000
20.820000
20.560000
24.600000
24.680000
22.300000
22.400000
21.720000
21.040000
20.860000
21.220000
21.200000
21.060000
20.940000
20.600000
20.500000
20.540000
20.420000
20.860000
22.900000
21.140000
21.660000
21.140000
23.200000
20.960000
20.920000
20.560000
21.100000
20.920000
20.720000
20.780000
20.400000
20.300000
20.340000
20.500000
20.600000
21.420000
21.080000
21.380000
24.240000
21.980000
21.220000
21.960000
21.160000
21.220000
20.640000
20.520000
20.680000
20.560000
20.540000
21.040000
21.440000
20.800000
20.560000
20.840000
20.500000
20.560000
21.760000
21.400000
20.880000
20.500000
21.900000
20.860000
20.760000
20.740000
20.540000
20.980000
22.840000
21.640000
20.700000
20.640000
20.480000
20.500000
20.400000
20.280000
20.300000
22.060000
20.660000
21.060000
20.200000
21.400000
21.620000
20.620000
20.280000
20.240000
20.220000
20.440000
20.340000
20.180000
20.300000
20.260000
20.220000
20.200000
20.340000
20.260000
24.920000
23.300000
21.140000
20.680000
21.280000
20.940000
20.620000
20.220000
20.120000
20.380000
20.260000
20.200000
20.300000
20.340000
20.300000
20.120000
20.660000
20.560000
20.280000
20.380000
20.340000
20.360000
20.360000
20.520000
20.440000
20.320000
20.200000
20.220000
20.160000
20.120000
20.180000
20.660000
20.420000
20.500000
21.260000
21.020000
25.420000
23.060000
22.240000
21.280000
21.000000
20.620000
20.920000
20.700000
20.920000
20.780000
21.820000
21.020000
20.700000
20.860000
20.520000
20.440000
20.920000
20.620000
20.860000
20.260000
20.780000
21.080000
20.760000
20.700000
20.580000
21.740000
20.840000
20.560000
20.540000
20.560000
20.840000
20.660000
20.700000
20.380000
20.440000
20.360000
20.320000
20.440000
20.860000
20.720000
21.280000
20.820000
20.720000
20.420000
20.660000
20.680000
20.440000
20.360000
20.420000
20.860000
20.300000
20.040000
20.280000
20.360000
20.260000
21.280000
20.800000
20.400000
21.100000
20.860000
20.440000
20.300000
20.200000
20.720000
22.700000
21.100000
20.840000
20.380000
20.320000
20.840000
20.560000
20.500000
21.080000
20.440000
20.400000
20.240000
20.320000
20.180000
22.060000
21.140000
20.460000
20.260000
23.200000
21.880000
20.940000
28.180000
21.160000
25.920000
22.660000
21.260000
20.560000
20.460000
20.620000
20.940000
20.460000
20.700000
23.000000
23.760000
21.100000
20.560000
21.340000
22.960000
20.900000
20.820000
20.560000
20.340000
20.120000
20.220000
20.480000
20.660000
20.300000
20.220000
20.360000
20.380000
20.240000
21.220000
22.000000
20.840000
20.420000
20.420000
24.000000
21.440000
20.500000
20.420000
20.540000
20.320000
20.160000
20.260000
22.080000
20.900000
22.360000
21.400000
20.460000
20.360000
20.320000
21.940000
21.320000
20.680000
20.340000
22.660000
21.120000
20.960000
20.540000
20.420000
20.160000
27.980000
20.960000
20.800000
20.360000
20.280000
20.300000
20.220000
20.360000
23.120000
22.200000
21.320000
20.760000
20.520000
23.900000
21.080000
26.460000
20.440000
20.400000
20.780000
20.500000
20.320000
20.380000
20.200000
20.260000
20.260000
20.160000
20.180000
20.240000
21.020000
20.880000
20.300000
21.000000
23.200000
21.080000
20.460000
20.280000
20.240000
