238.787999
238.848000
239.037000
239.373000
235.696000
237.184000
237.501999
236.879000
237.146000
238.440000
237.052999
238.028000
238.278000
239.564000
239.010000
238.240000
241.427000
238.527000
238.295999
239.571000
238.584000
238.406000
238.179999
237.476001
235.487000
239.949000
237.377000
237.462000
237.082000
241.016000
238.242000
238.761000
236.825000
237.348001
239.428001
239.732000
237.362999
239.940000
240.662999
237.854000
238.925000
238.419000
237.416000
236.470000
236.398000
237.007000
238.151000
241.522999
237.630000
239.263000
239.099001
238.285000
238.637000
236.101000
240.103000
244.539999
237.087000
237.742000
236.382000
239.125000
239.715000
237.798000
238.624000
237.828000
240.197000
237.868000
241.547000
238.344000
239.662000
240.285000
237.477000
237.705001
239.256000
238.169000
239.650000
239.171000
236.777000
243.001000
238.202000
238.432000
236.086000
236.196000
239.050000
238.702000
238.322999
237.968000
238.905000
238.487001
238.210000
238.723000
237.342000
241.936000
237.970000
238.494000
237.289000
239.153000
238.735000
238.361000
238.018000
237.340000
236.962000
238.038001
237.745000
240.382001
239.070999
236.512000
237.420000
239.828000
238.096000
237.247000
238.482000
238.945000
238.000000
241.043000
240.730000
238.960000
238.627000
235.790000
238.543000
238.523000
236.741000
244.510000
237.614000
240.198000
237.320000
238.487000
239.845000
240.032000
238.538000
238.612000
237.935000
238.971000
237.876000
238.690000
237.679000
241.126001
238.308000
239.340000
238.599000
241.900001
238.229000
237.028000
239.067000
235.300000
237.750000
237.485000
238.539999
238.793001
241.207000
239.506000
237.469000
238.233999
238.535000
238.690000
238.425000
238.571000
239.030000
239.795000
239.415000
240.151000
238.212000
240.252000
238.454000
236.544000
237.653000
237.866000
238.599000
240.023000
237.377000
237.834999
239.761000
236.302000
238.279000
238.095000
237.150000
239.821000
238.110000
238.512000
245.221000
239.366001
239.201001
237.384000
237.686000
237.305000
237.633999
238.096000
238.433001
239.006000
237.877000
237.145000
238.483001
237.898000
239.091000
238.965000
237.592000
237.683000
239.084000
239.868999
238.365999
237.025000
238.156000
238.132000
238.918000
238.341000
237.778000
241.908999
236.729001
239.190000
240.232999
237.131000
238.688000
238.943000
236.668000
239.751000
242.229000
237.895001
237.768000
237.884000
238.783000
237.815000
239.760000
238.863000
239.169000
239.188001
238.151000
240.443000
237.714999
242.002000
239.271000
236.939999
237.942000
238.535000
239.476999
240.610000
239.283999
236.076000
240.805000
239.430000
239.155000
238.380999
241.521000
237.383000
240.138000
239.779000
237.162000
238.830000
237.735000
239.179000
236.604000
243.345999
239.810000
236.826000
238.520999
240.949000
239.104000
237.640000
237.519000
242.837000
238.905000
238.849000
239.358000
238.716000
242.395000
236.872000
238.443000
237.043000
238.197000
238.536000
237.343000
238.464001
237.764000
241.366000
238.023000
236.618000
238.796000
239.012999
237.240001
238.539000
236.992000
240.545000
238.539000
237.486000
235.828000
236.260000
239.568000
238.905001
237.803000
237.778001
238.885000
237.838000
238.781000
238.780000
239.223001
240.169000
239.494001
239.445000
238.265000
241.156000
238.437000
238.830000
238.767000
239.601000
238.859000
237.523000
236.963000
239.457999
241.192999
237.850000
239.742000
239.057000
237.957999
239.616000
240.040000
236.562000
239.683000
241.475000
240.342000
236.493000
238.675999
238.465000
238.086000
239.571000
238.155000
237.652999
237.118000
239.156000
238.880000
237.664999
240.649000
239.452000
238.555000
237.369000
238.274000
237.122000
236.770000
236.227000
239.892000
241.167000
238.954000
237.623000
237.883001
242.513000
240.220000
238.134000
238.159000
238.644999
238.267000
237.500000
238.333000
238.456001
241.137001
239.763000
236.921000
239.830000
237.993000
237.706000
236.481000
237.372001
239.134000
240.028000
238.045000
238.027001
239.606000
241.819000
238.959000
237.822001
238.775000
239.270000
236.882000
238.873000
239.601000
237.309000
238.678000
238.556000
237.497000
237.001000
239.600000
237.371000
238.541000
238.143000
242.822000
239.420000
237.893000
236.987000
238.111000
239.425000
237.455999
238.044000
239.266000
240.053000
239.008000
237.936000
238.217001
239.197999
241.309000
239.096000
238.255000
237.223000
239.702000
237.117999
237.897000
238.492000
242.680000
239.364999
237.545000
239.154000
240.005000
243.207000
238.203000
238.382000
237.429000
239.957999
237.565001
237.225999
236.950000
238.543000
240.704000
238.527000
235.961000
238.479000
242.186000
237.853000
239.015000
236.289000
241.162000
239.021000
239.161000
238.645000
240.283000
241.093000
237.105000
237.603000
237.665000
239.226000
239.100000
238.160000
240.982000
247.909999
241.308000
239.248000
236.726000
238.778001
240.840000
236.616000
239.939000
238.495001
238.098000
237.773000
237.968000
238.353000
238.440000
242.164000
238.561000
238.487001
237.269999
240.235000
239.855000
239.855999
237.862000
238.937000
238.687000
237.934000
238.391000
237.722000
242.425000
238.709999
238.400999
236.690000
238.628999
238.503000
237.651000
236.803001
240.788001
240.065000
238.230000
238.129999
236.529000
242.507000
238.855001
237.509999
238.177001
237.053000
239.201000
235.828000
236.986999
237.753000
240.753000
238.397000
238.713000
237.176000
237.915001
240.859000
238.225000
237.223000
236.567999
240.309000
238.442000
238.631000
239.593999
239.363001
241.527000
238.779000
239.827000
238.852000
238.584000
237.328000
239.170000
237.970000
241.695001
238.049000
239.363000
237.436000
238.541001
239.127000
238.165000
237.821000
245.100000
238.260999
238.328000
236.860001
236.541000
240.710000
239.476000
237.819999
237.602000
239.653000
238.535999
236.504001
238.977999
238.132999
242.364000
239.233000
238.018000
237.535000
239.105000
237.949000
237.937000
238.547999
243.905000
238.875001
239.902000
239.586000
239.337000
239.811000
237.461000
238.610000
237.148000
238.203000
238.264000
238.526000
238.466000
237.284000
242.530000
237.042001
237.527000
237.548999
238.167000
236.621000
236.741000
239.544000
236.516000
237.353999
237.510000
238.021000
237.527000
239.608000
236.108000
237.054000
238.116000
239.139000
239.433000
240.300000
236.004000
238.240000
240.389000
239.943000
238.734000
237.587000
238.432000
239.309001
236.287000
239.134000
238.890001
240.355999
237.413000
240.656001
236.253000
240.120000
238.390001
238.126000
236.103000
239.139000
238.131000
237.801000
239.434000
240.456000
240.232000
239.141000
238.344000
238.658000
239.091001
238.150001
239.171000
237.335999
239.241000
239.912000
239.043000
240.045999
239.520000
240.412000
238.239001
238.070000
238.697000
239.937000
239.455000
237.573001
236.791000
240.855000
236.943000
237.798000
236.013001
237.662000
241.855000
240.235999
236.255000
237.821000
238.364999
237.893000
239.062000
235.074000
237.791000
240.287000
238.866000
237.588000
237.973001
238.946000
237.492000
236.624001
237.503000
238.825001
237.744000
238.241000
237.432000
239.224000
239.428000
239.523000
237.784000
239.012000
238.419000
238.204001
239.364000
239.460000
237.559000
241.019000
238.016999
237.465000
238.471000
240.300000
239.322000
238.139000
238.995000
239.755999
239.487000
239.911000
238.504000
237.737999
241.635000
238.118000
238.686000
238.352000
238.420000
238.867000
239.228001
238.732000
241.215000
241.738000
238.032000
236.923000
238.986000
239.449000
238.096000
236.691000
237.894000
238.138000
240.862000
239.691000
239.864999
237.950000
240.790999
238.494000
236.956000
236.815000
239.219000
239.770000
238.906000
237.337000
242.795999
239.069000
237.279000
239.000000
238.008000
239.947001
236.874000
239.097000
237.411000
237.817000
237.872001
236.988001
237.897000
239.096999
238.521000
239.564000
237.703000
238.923000
239.365000
240.581000
237.815000
240.561000
237.897000
236.887001
238.265000
237.981000
238.720000
240.078000
235.842001
239.965000
238.660000
239.931000
236.903000
237.651001
239.054000
238.434000
240.301000
238.799000
236.468000
238.305000
240.126000
237.486000
235.842000
238.979001
239.325999
238.644000
237.934001
237.255000
240.094000
239.741000
238.228000
237.423001
237.939000
241.599999
239.182000
239.550000
239.750000
241.731999
238.384000
237.267000
240.185000
240.786000
240.674000
239.428000
237.948000
237.025000
239.923000
237.052000
236.141001
236.963999
238.773000
241.823000
237.370000
236.936000
236.685000
238.111000
237.990000
237.024000
239.360000
246.650999
238.807000
236.809000
239.649000
237.216000
240.290000
239.999000
238.193001
236.968000
238.813000
239.292000
237.188000
238.763000
236.188000
240.180000
237.228000
238.971001
237.719000
240.782000
239.668000
236.400000
236.380001
238.817000
237.532000
237.608000
238.680000
238.430000
242.394000
238.396000
239.785000
239.758000
240.932000
239.456001
238.020000
237.727000
236.943000
239.296000
239.789000
238.636000
237.779000
238.187000
241.107000
238.852000
239.714000
239.900000
240.239000
238.331000
238.997000
239.180000
240.037000
239.139999
237.908999
238.937000
240.798000
237.899000
238.983000
239.146000
241.137000
238.643000
236.077000
238.469999
238.545001
241.110000
237.957001
239.639000
238.222000
238.763000
241.129000
235.990001
239.361000
238.831000
241.648001
239.389000
238.949999
237.664000
240.032000
240.014000
237.848000
237.662000
237.154000
237.932000
240.289000
237.386000
239.388000
241.189000
237.389999
238.465000
238.299000
238.823000
237.464000
236.851000
239.114000
238.038001
242.880000
238.967001
237.713000
236.565000
240.371000
238.868999
238.785001
239.626001
238.497999
236.830000
238.069000
237.449001
239.267999
242.020000
239.180000
237.744000
237.979000
239.874000
238.358000
237.613000
237.412000
246.575000
242.832000
238.955000
238.061000
236.966000
240.507999
239.281000
241.297000
237.130000
238.502000
239.454000
237.290000
236.440999
236.168000
242.633000
239.793999
238.865000
237.761000
238.054000
241.091000
238.535000
237.420000
238.627000
237.252001
240.053000
237.530000
239.472000
239.636000
238.957000
238.829999
239.952000
239.887999
238.088001
240.090000
238.520000
240.316001
240.452999
239.824000
239.504000
238.800000
237.901000
237.233000
239.251000
238.468001
238.743000
237.222999
238.071000
238.957999
237.326001
241.954000
237.900000
240.883000
237.705001
238.752000
239.436000
239.477000
236.919000
238.718000
240.823000
239.170000
238.794000
236.850000
239.486001
238.279999
236.773000
237.616000
243.090000
241.312000
238.946000
238.614000
237.435999
239.633000
237.662001
236.899000
238.071000
238.382000
239.229999
236.577000
238.286000
237.565000
242.098001
237.523000
239.195000
238.985999
239.825999
237.651000
238.193000
236.080000
238.635000
239.291999
237.155000
237.518000
236.555000
240.759000
236.474000
238.244001
237.260001
239.817000
239.751999
238.637000
236.598000
237.881000
241.593000
237.754000
238.563000
238.522000
239.628000
237.508000
236.811999
238.349000
239.255000
