86.819999
66.280000
47.819998
46.220001
47.820002
43.460000
37.499998
33.199999
30.480001
30.339997
29.300001
28.980002
33.999998
29.759999
29.799998
34.340002
39.699998
34.559999
31.660002
30.740000
32.680001
30.899998
30.159999
29.240001
29.740002
28.220002
32.720000
32.100003
30.239999
31.400003
28.460000
28.999999
28.400000
28.639998
28.159998
28.340001
28.359998
32.480001
30.699998
29.540002
43.219998
34.900002
33.560000
31.180002
29.920001
29.139999
31.460002
28.919999
33.000000
31.259999
28.780002
29.239997
28.200001
29.279999
28.400000
30.860003
28.800000
28.620001
28.260000
31.220000
29.879998
28.320000
28.219998
30.220002
29.040001
28.820001
28.480001
27.859997
28.219998
27.659997
29.279999
28.280001
30.120000
28.379999
28.400000
28.340001
27.900003
28.260000
28.500002
28.100003
33.580001
35.100002
32.120001
29.959999
29.560000
28.740000
28.840002
28.999999
28.240003
37.299998
29.599998
28.880000
31.240001
29.119998
28.820001
29.339999
28.219998
28.420001
29.560003
29.220000
29.039998
28.740000
28.099999
30.180000
29.480003
28.859999
28.519999
29.739998
29.260002
28.320000
28.379999
28.300002
28.320000
27.840000
29.599998
29.120002
28.999999
29.140003
28.340001
28.240003
28.260000
27.659997
27.959999
27.880002
30.159999
32.359999
30.999999
30.859999
29.300001
28.999999
28.420001
28.159998
28.480001
29.479999
29.380001
29.580001
31.059999
30.979998
29.420000
28.800000
28.200001
28.100003
29.540002
28.800000
33.080000
31.319998
29.780000
33.080000
29.460002
29.519998
30.579999
29.980000
28.680000
28.679997
28.219998
28.519999
27.599998
27.739998
31.120002
31.220000
29.500000
29.120002
28.600000
28.760001
28.539997
28.099999
27.980000
28.280001
29.539999
31.339999
29.840000
29.039998
28.079998
27.959999
28.340001
28.439999
27.279999
28.820001
28.019998
28.379999
30.619998
30.160002
29.040001
28.460000
28.460000
28.060000
28.740000
28.579999
29.220000
28.460000
27.999997
31.160001
29.859997
28.519999
29.280003
29.100001
27.940001
27.700000
27.380001
27.380001
27.780000
28.480001
31.420000
29.959999
28.380003
28.080001
28.220002
28.379999
33.259999
31.059999
30.379999
30.260000
30.460000
32.600001
31.020001
30.460000
29.500000
29.119998
29.000003
28.499998
29.179998
28.940003
28.579999
28.700002
32.759998
31.220000
29.059999
28.760001
28.680000
29.279999
28.239999
28.359998
28.560001
27.960002
27.679998
31.039998
30.460000
35.000000
29.840000
28.359998
28.500002
29.179998
28.379999
27.899999
28.260000
27.579997
33.539999
29.360000
29.879998
28.880000
28.039999
27.780000
27.780000
28.360002
27.959999
28.740000
28.239999
30.919999
29.560000
29.160000
28.260000
28.320000
28.439999
27.780000
29.379997
29.039998
28.379999
28.219998
31.500001
29.239997
28.760001
28.100003
34.180000
31.679999
30.859999
29.640000
28.519999
28.420001
27.939998
31.439997
30.520000
30.620001
29.780000
28.420001
28.860003
27.800001
27.800001
27.640000
27.820002
27.860001
31.180002
30.200001
29.440001
29.180001
28.359998
28.099999
27.720001
28.280001
28.279997
30.919999
29.360000
31.080000
29.819999
29.860001
27.880002
28.379999
27.860001
29.379997
28.880000
28.400000
28.280001
28.299998
30.379999
45.940001
39.200000
33.100002
32.680001
30.060001
29.380001
28.440002
27.980000
28.120000
32.380000
38.040001
30.579999
29.360000
28.979998
27.920000
28.260000
27.800001
28.379999
31.020001
29.679999
29.780000
28.840002
28.019998
33.999998
33.920001
31.459998
29.659998
32.639999
30.340001
30.060001
37.159998
29.540002
29.539999
28.560001
28.920002
31.679999
29.740002
29.799998
29.880002
29.119998
28.259996
28.400000
28.819997
28.439999
28.460000
38.580000
31.620000
29.479999
29.279999
28.740000
28.079998
27.720001
29.320002
29.560000
30.559998
29.980000
28.340001
28.360002
28.320000
28.619997
28.060000
29.860001
30.020002
34.400001
36.139999
31.700000
29.620003
29.479999
31.560000
33.519998
30.919999
29.339999
35.420001
32.600001
30.540001
29.560000
28.820001
28.999999
28.800000
29.179998
28.439999
32.520000
30.679997
29.860001
28.600000
29.000003
28.260000
32.960001
32.219999
37.120000
32.880001
31.200003
29.700000
29.080000
29.139999
28.519999
29.260002
28.340001
28.880000
31.280000
30.000001
28.940000
28.299998
31.040002
28.479997
28.820001
28.379999
28.899997
29.880002
29.520001
29.939998
28.859999
28.280001
28.360002
27.880002
27.960002
27.980000
29.560000
28.600000
28.560001
28.299998
27.720001
28.420001
27.840000
28.080001
28.080001
29.180001
28.540000
28.200001
28.280001
27.720001
28.079998
29.360000
29.179998
28.280001
28.099999
28.500002
29.160000
28.019998
28.320000
27.500000
27.759999
27.959999
27.800001
28.579999
28.359998
29.440001
28.360002
27.899999
27.720001
27.500004
33.700000
31.799998
31.560000
30.460000
29.600002
29.420000
29.300001
28.420001
30.479997
30.200001
29.140003
29.819999
28.820001
29.399998
28.260000
27.859997
29.540002
28.659999
28.940000
28.519999
28.420001
30.139998
29.640000
28.460000
29.080000
29.420000
28.159998
28.240003
28.320000
28.639998
30.820001
29.700000
28.759997
28.100003
28.200001
28.360002
28.060000
27.799997
29.119998
32.219999
32.080002
30.579999
29.220000
28.719999
29.180001
28.540000
29.180001
28.779998
31.020001
30.240003
30.080002
29.519998
28.740000
29.599998
29.520001
28.500002
28.500002
28.120000
31.360000
30.420002
29.920001
28.619997
29.380001
28.519999
33.620000
31.119999
29.760003
33.760000
32.700002
29.040001
28.980002
29.339999
28.999999
28.099999
28.000001
28.580002
29.360000
29.539999
32.159999
29.220000
28.860003
28.559998
28.299998
29.020000
28.420001
28.300002
31.360000
28.880000
28.320000
28.379999
34.980003
29.420000
29.179998
28.140001
28.320000
28.680000
30.460000
29.339999
29.819999
28.219998
27.820002
27.880002
28.219998
28.560001
28.460000
31.280000
30.579999
28.820001
28.239999
28.600000
27.640000
28.100003
28.120000
28.540000
28.060000
30.440003
29.339999
29.320002
27.939998
28.300002
29.360000
28.360002
27.800001
31.620000
30.640002
28.740000
28.960001
29.200003
35.640001
32.980002
29.519998
29.100001
28.900001
31.119999
31.099997
30.499998
30.120000
29.180001
29.700000
29.160000
28.400000
28.580002
32.700002
30.520000
30.140001
28.820001
29.220000
28.719999
28.699998
30.159999
29.660001
31.020001
31.020001
29.720001
28.999999
28.600000
29.879998
28.659999
28.379999
28.179999
30.379999
30.460000
29.720001
29.560000
28.579999
28.699998
28.759997
28.200001
29.940002
28.780002
30.020002
28.479997
28.800000
28.100003
28.320000
28.360002
28.060000
29.060002
29.740002
29.640000
28.420001
49.519997
61.299998
45.040000
37.260000
38.280003
33.980001
31.420000
31.639997
30.779999
30.460000
29.100001
34.060001
35.860002
31.420000
30.200001
29.300001
28.900001
31.480003
29.039998
28.340001
31.039998
29.040001
28.500002
27.740002
28.919999
27.939998
29.179998
31.500001
30.379999
28.880000
28.439999
27.580000
27.819999
29.640000
29.420000
28.859999
28.719999
28.559998
28.579999
27.600002
28.740000
28.080001
28.160002
28.719999
29.100001
28.680000
28.439999
29.660001
28.999999
28.260000
28.600000
28.299998
28.519999
29.100001
28.179999
29.059999
28.639998
28.060000
28.460000
28.239999
28.139997
28.000001
29.280003
28.020002
27.880002
27.720001
27.959999
28.360002
27.739998
28.900001
28.800000
29.540002
27.819999
27.780000
28.080001
33.159997
33.360001
30.419998
30.380003
30.159999
29.959999
29.620003
28.920002
28.840002
29.500000
29.179998
29.139999
28.699998
29.139999
32.820001
31.159997
30.660000
29.600002
29.160000
28.320000
28.979998
28.179999
28.559998
28.460000
30.660000
28.680000
28.439999
29.080000
27.819999
27.959999
27.980000
34.800000
28.760001
28.780002
29.680002
28.360002
28.800003
28.600000
29.500000
29.300001
29.539999
28.179999
28.620001
29.479999
28.499998
29.080000
29.380001
29.360000
28.540000
29.340003
28.640002
28.740000
30.200001
29.080000
31.259999
28.740000
28.320003
28.479997
28.699998
28.600000
28.520003
29.119998
29.959999
29.279999
34.779999
31.059999
30.479997
28.379999
28.680000
29.939998
28.340001
30.040000
29.040001
28.740000
28.620001
29.059999
29.360000
30.340001
29.580001
29.100001
27.700000
30.260000
29.479999
28.680000
29.380001
28.440002
29.679999
28.800000
28.320000
27.860001
28.420001
29.719997
29.100001
28.880000
27.879998
28.559998
29.160000
28.560001
28.340001
28.219998
29.720001
29.199999
28.339997
28.480001
27.920000
27.799997
27.460001
28.360002
29.359996
27.920000
27.900003
28.979998
28.699998
27.860001
28.579999
28.859999
28.060000
27.880002
27.840000
28.620001
27.780000
28.500002
28.419998
29.539999
28.639998
27.840000
28.120000
27.560003
32.799996
31.500001
31.239998
30.040000
28.980002
28.540000
29.220000
28.880000
29.820003
29.259998
37.760001
31.760000
31.399999
30.420002
30.279998
29.579997
29.440001
28.479997
28.340001
30.520000
29.500000
28.979998
28.300002
29.640000
28.460000
28.919999
27.899999
27.959999
29.160000
29.920001
29.539999
28.899997
28.540000
28.460000
29.119998
27.899999
29.940002
29.300001
28.060000
28.619997
28.159998
28.320000
28.100003
29.420000
29.240001
29.659998
29.279999
29.400002
28.539997
28.280001
29.879998
27.999997
28.820001
27.799997
29.519998
28.479997
29.320002
28.700002
28.560001
27.959999
28.159998
27.960002
27.900003
29.279999
33.580001
32.139998
30.279998
30.040000
28.680000
28.460000
28.760001
30.579999
28.979998
28.979998
28.540000
28.519999
28.359998
28.400000
28.400000
30.779999
28.440002
29.460002
29.240001
28.580002
28.200001
27.860001
34.399997
28.139997
28.280001
27.660001
29.440001
29.059999
28.400000
29.539999
28.280001
27.780000
28.260000
28.019998
29.380001
29.260002
28.480001
28.039999
27.860001
28.439999
28.680000
27.600002
27.500000
28.700002
28.880000
28.099999
28.460000
28.140001
27.800001
27.879998
29.319998
28.519999
28.540000
32.900002
30.919999
29.819999
28.179999
28.299998
29.300001
28.519999
27.799997
27.640000
30.060001
29.220000
34.880001
32.779999
31.119999
29.640000
29.840000
29.339999
28.279997
30.880000
31.320002
29.080000
28.999999
29.479999
28.540000
28.600000
29.360000
30.260000
29.420000
29.279999
28.720003
28.020002
29.020000
29.860001
28.659999
29.400002
