31.740000
18.480000
15.099999
14.560000
14.180000
14.100000
14.240000
14.180000
14.220000
14.520001
14.219999
14.180000
20.320000
16.620000
14.800000
14.440000
14.320000
14.180000
14.180000
14.260001
14.320000
14.200000
14.300000
14.320000
14.320000
14.400000
14.300000
18.120000
14.980000
14.200000
14.280000
14.200000
14.160001
14.240000
14.160000
14.240000
14.300000
14.000000
14.400000
14.140000
14.200000
14.200000
20.400000
14.760000
14.300000
14.320000
14.120000
14.180000
13.980000
14.200000
14.200000
13.979999
14.020001
14.339999
14.340000
14.320000
14.320000
15.500000
14.320000
14.200000
14.160000
14.000000
14.020000
14.339999
14.199999
15.180000
14.160000
14.320000
14.180000
14.520001
14.140001
14.200000
15.260001
14.520000
14.240000
14.240000
14.180000
14.200000
14.240000
14.339999
15.100000
14.240000
14.140001
14.180000
14.020001
14.300000
14.220000
14.920000
14.660000
14.260000
14.460000
14.320000
14.500001
14.180000
14.280000
14.119999
14.440000
14.240000
14.320000
14.280000
14.280001
14.000000
14.020000
14.180000
14.580000
14.200000
14.200000
14.220000
14.180000
14.160001
13.960000
14.140001
14.000000
14.020001
14.160001
14.240000
14.000000
14.720000
14.100000
14.200000
14.340000
14.120000
14.140001
14.200000
14.200000
14.300000
14.180000
14.180000
14.180000
14.140001
14.140001
14.140000
14.180000
14.160000
14.080000
14.140001
14.160000
14.200000
14.180000
14.300001
14.160001
14.160000
14.120000
14.020001
14.160000
14.020001
14.160000
15.000000
14.180000
14.200000
14.220000
13.980000
14.100000
14.119999
14.180000
14.160001
14.140000
14.140001
14.260000
14.000000
14.400000
14.180001
14.719999
13.960000
14.180000
14.239999
14.180000
14.180000
14.260001
14.120000
14.000000
14.000000
14.280000
14.160001
14.300000
14.119999
14.260000
14.700000
14.280000
14.460000
13.960000
14.020000
14.180000
14.180000
14.180000
14.160000
14.160000
14.119999
14.180000
14.200000
14.160001
14.200000
14.520000
14.000000
14.180000
14.000000
14.220000
14.140000
14.200000
14.100000
14.119999
14.020000
14.140000
14.140001
14.160001
14.260001
14.040000
14.060000
14.200000
14.000000
14.160001
14.239999
14.180000
14.000000
14.180000
15.120000
14.180000
14.180000
14.180000
14.180000
14.200000
14.180000
14.280000
14.160000
14.120000
14.160000
14.060000
14.180000
14.160000
14.300000
13.979999
14.160000
14.160000
14.160000
14.199999
14.220000
14.140000
15.340000
14.839999
14.500001
14.300000
14.160000
14.160000
14.160000
14.140001
14.199999
15.179999
14.140000
13.979999
14.180000
14.180000
14.219999
14.000000
14.040000
14.120000
14.160001
14.200000
13.940000
14.160000
14.140000
14.140001
14.180000
14.080000
14.140001
14.160001
14.020001
14.180000
14.140000
14.219999
14.180000
13.980000
14.160001
14.140001
14.160000
14.120000
14.000000
14.140001
14.000000
14.020000
14.160000
14.200000
14.140001
14.280001
14.920000
14.180000
14.240000
14.140000
14.119999
14.060000
14.280000
14.100000
14.180000
14.120000
14.300001
14.120000
14.200000
14.160000
14.020000
14.020000
14.140000
14.160000
14.140000
14.160001
14.300000
14.140000
14.160000
14.000000
14.180000
15.100000
14.160000
14.200000
14.060000
14.160000
14.700000
14.260000
14.160001
14.200000
14.180000
14.180000
14.000000
14.020000
14.140000
14.140000
14.000000
14.200000
14.180000
14.140001
14.200000
14.000000
14.140000
14.140000
14.160000
14.000000
13.979999
14.180000
13.980000
14.000000
14.180000
14.160000
14.140000
13.979999
14.180000
14.160000
14.720000
14.180000
14.180000
14.180000
13.980000
14.100000
14.180000
13.960000
14.100000
14.180000
14.000000
14.160000
14.140001
14.160000
14.180000
14.140000
14.160000
13.979999
14.099999
14.180000
14.200000
14.160001
14.200000
14.160001
14.119999
14.180000
14.200000
14.180001
13.960000
13.979999
14.560000
14.359999
14.160000
14.140001
14.180000
14.180000
14.140001
14.080000
14.160000
14.160000
14.000000
14.000000
14.160000
14.119999
14.180000
14.119999
14.000000
14.200000
14.180000
14.140001
14.200000
14.180000
14.160000
13.960000
14.100000
14.119999
14.040000
14.080000
14.020000
14.180001
14.860000
14.300000
14.160001
14.100000
14.180000
14.220000
14.220000
14.140001
13.979999
14.220000
14.160000
13.980000
14.180000
14.000000
14.140000
14.140000
13.979999
14.180000
14.180000
14.300000
14.140000
14.180001
14.180000
14.140000
14.140000
14.160000
14.120000
14.340000
14.199999
14.160000
14.280000
14.060000
14.160000
14.000000
14.180000
13.980000
14.160000
13.980000
14.180000
14.160000
14.040001
14.120000
14.180000
14.140000
14.140001
14.479999
14.079999
14.120000
14.160000
14.180000
14.140000
14.180000
14.160000
14.119999
14.140001
14.200000
14.000000
14.140001
14.040001
14.140000
20.000000
14.560000
14.300000
14.280000
14.020000
14.180000
14.119999
14.180000
14.120000
14.200000
14.120000
14.180000
13.960000
14.120000
14.140000
14.160000
14.160000
14.140001
13.980000
13.960000
14.280001
13.940000
14.140001
14.180000
14.119999
14.140000
14.119999
14.180000
14.160001
14.140001
14.100000
14.940000
14.340000
14.040000
13.940000
14.140000
14.160000
14.219999
14.020001
14.140000
14.300000
14.200000
14.140000
13.960000
14.140000
14.120000
14.420000
13.979999
14.200000
14.140000
14.140000
14.180000
13.940000
14.140001
14.100000
14.160000
14.180000
14.200000
14.160000
14.200000
14.120000
14.860000
14.040001
14.180000
14.200000
14.140001
14.340000
13.840000
14.119999
14.180000
14.160000
14.160000
13.980000
14.020000
14.160000
14.180000
13.920000
14.160000
13.960000
13.940000
13.960000
14.200000
14.200000
14.200000
14.180000
14.180000
14.180000
14.200000
14.140000
14.120000
13.960000
14.620000
14.220000
14.160000
14.140000
14.160000
14.180000
13.920001
14.180000
14.100000
13.980000
14.160000
14.119999
14.160000
14.300000
13.960000
14.180000
13.960000
14.200000
13.960000
14.180000
14.100000
14.200000
13.920000
14.200000
14.180000
14.200000
14.180000
14.040001
13.980000
14.100000
14.820000
14.340000
14.119999
14.100000
14.060000
14.280000
14.140001
14.060000
14.180000
13.940000
14.180000
14.200000
14.200000
14.160000
14.160000
14.100000
14.160000
14.160000
14.120000
14.140000
14.180000
14.160000
13.940000
14.160001
13.980000
14.140000
14.140000
14.140000
14.160001
14.180000
14.360000
14.200000
14.119999
14.160000
14.160000
14.000000
14.220000
14.160001
14.199999
14.200000
14.220000
14.020000
14.180000
13.979999
14.180001
13.960000
14.180000
14.160000
14.140000
14.099999
14.160000
14.180000
14.020000
14.180000
14.180000
14.020001
14.180000
14.160001
14.160000
14.180000
14.640000
14.120000
14.200000
14.160000
14.160000
14.020000
13.940000
14.120000
14.119999
13.979999
13.979999
14.140001
14.200000
14.160000
14.220000
14.980000
14.240000
14.200000
14.140001
14.160001
14.140001
14.160000
14.160000
14.200000
14.100000
14.220000
14.160000
14.120000
14.080000
14.200000
14.040000
14.180000
13.960000
14.000000
14.220000
35.140000
18.019999
14.500000
14.320000
14.000000
14.180000
14.200000
14.260000
14.160000
18.780001
14.440000
14.400000
14.380000
14.160000
14.200000
14.140001
14.239999
14.180000
14.060001
14.140000
14.200000
16.500000
14.160000
14.180000
14.219999
14.260000
14.140001
14.180000
14.180000
14.200000
14.160000
14.160000
14.140001
14.320000
14.239999
14.860000
14.579999
15.280000
14.160000
14.140001
14.200000
14.140000
14.180000
13.980000
14.160000
14.140000
14.180000
14.100000
14.160000
14.200000
15.500000
14.260000
14.060000
14.140000
14.200000
14.440000
14.140000
14.080000
14.140000
14.240000
14.120000
14.160001
14.180000
14.320000
18.340000
15.080000
14.520000
14.040000
14.020000
14.300000
14.320000
14.040000
14.120000
14.180000
14.180000
14.119999
14.000000
14.180000
14.320000
14.160000
14.040000
14.160000
14.020000
14.119999
14.300000
14.140000
14.160000
14.160000
14.220000
14.180000
14.160000
15.280000
14.140000
14.160001
13.960000
14.140000
14.160000
14.140000
14.100000
14.160000
14.180000
14.160000
14.220000
14.160000
14.079999
14.200000
14.220000
14.160000
14.000000
14.160000
14.000000
14.099999
14.160000
14.339999
14.120000
14.180000
14.020000
14.000000
14.180000
14.180000
15.300000
14.340000
14.200000
14.180000
14.219999
14.219999
14.160000
14.140000
14.220000
14.119999
15.240000
14.220000
14.300000
14.160000
14.140001
14.080000
14.180000
14.120000
13.960000
14.000000
14.180000
14.120000
14.040000
14.160000
14.140000
14.160000
14.140000
13.979999
14.320000
14.780000
14.280000
14.160000
14.100000
14.140001
13.980000
14.140001
14.160000
14.120000
14.219999
14.140001
14.180000
14.180000
14.180000
14.160000
14.120000
14.140000
13.980000
14.200000
14.120000
14.240000
14.140001
14.000000
13.979999
14.140001
14.060000
14.200000
15.720000
14.560000
14.060000
14.119999
14.140000
14.119999
14.080000
14.200000
14.200000
13.979999
14.200000
14.120000
14.380001
14.160000
14.020001
14.200000
14.180000
14.160000
14.200000
14.000000
14.160000
14.160001
14.160000
13.959999
14.160000
14.160000
14.140000
15.260001
15.180000
14.420000
14.200000
14.120000
14.000000
14.140001
14.160000
14.120000
14.120000
14.119999
14.200000
14.100000
14.200000
14.180000
14.239999
13.979999
14.180000
14.180000
13.940000
14.020000
14.119999
14.160001
15.160000
13.959999
14.140000
14.160000
14.140000
14.140000
14.160000
14.840000
14.320000
14.200000
14.340000
14.140000
13.979999
13.940000
14.160001
14.160001
14.140001
14.140001
14.180000
14.160000
14.160000
14.140001
14.020001
15.120001
15.180000
14.200000
14.199999
14.220000
14.160001
14.300000
14.180000
14.000000
14.140000
14.160000
15.219999
14.440000
14.180000
14.180000
14.020001
13.979999
14.140000
14.180000
14.180000
14.120000
14.200000
14.180000
14.220000
14.240000
14.380000
14.100000
14.140000
14.160000
14.200000
14.120000
14.200000
14.200000
14.000000
14.180000
14.020001
14.200000
14.220000
14.239999
14.180000
14.119999
14.200000
14.140001
14.099999
14.020000
14.100000
13.980000
13.960000
14.160000
14.020001
13.979999
14.180000
14.180000
14.720000
14.199999
14.180000
14.140000
14.200000
14.200000
14.160000
14.099999
14.180000
14.020000
14.200000
13.980000
13.980000
14.080000
14.200000
14.200000
14.100000
14.120000
14.100000
