8.800000
8.779999
8.780001
8.760002
8.780001
8.760000
8.760000
8.779999
8.780001
8.779999
8.780001
8.780001
8.780001
8.760000
8.779999
8.840000
8.800000
8.900002
8.780001
8.780001
8.780001
8.779999
8.780001
8.760002
8.780001
8.779999
8.779999
8.780001
8.780001
8.760002
8.760000
8.780001
8.779999
8.780001
8.760002
8.760000
8.780001
8.760000
8.779999
8.780001
8.760000
8.779999
8.779999
8.779999
8.780001
8.780001
8.760002
8.760000
8.780001
8.780001
8.780001
8.760000
8.760000
8.760000
8.760000
8.779999
8.780001
8.779999
8.780001
8.779999
8.779999
8.760000
8.780001
8.760000
8.760000
8.780001
8.780001
8.760000
8.779999
8.760002
8.760000
8.780001
8.760000
8.779999
17.900001
8.779999
8.760002
8.780001
8.779999
8.760002
8.760000
9.220000
9.019999
8.780001
8.780001
8.760000
8.760002
8.780001
8.760000
8.780001
8.760000
8.780001
8.779999
8.760000
8.780001
8.779999
8.780001
8.760002
8.760000
8.880001
8.840000
8.779999
8.780001
8.800000
8.760000
8.779999
8.760002
8.780001
8.760000
8.760002
8.779999
8.760000
8.760000
8.780001
8.780001
8.779999
8.940000
8.919999
8.780001
8.780001
8.840000
8.780001
8.779999
8.780001
8.779999
8.780001
8.760000
8.800000
8.760000
8.779999
8.840000
8.760000
8.760000
8.780001
8.739999
8.779999
8.780001
8.780001
8.780001
8.760000
8.780001
8.800000
8.760000
8.780001
8.780001
9.040000
8.780001
8.780001
8.760000
8.779999
8.760000
8.779999
8.780001
8.760002
8.760000
8.779999
8.760002
8.780001
8.779999
8.760000
8.940000
8.760000
8.760000
8.760000
8.900002
8.800000
8.780001
8.760000
8.760000
8.760000
8.779999
8.760000
8.780001
8.760000
8.740000
8.779999
8.760000
8.780001
8.780001
8.780001
8.760000
8.779999
8.760000
8.779999
8.760000
8.760000
8.780001
8.760000
8.760000
8.780001
8.760000
8.780001
8.760000
8.779999
8.819999
8.800000
8.760000
8.780001
8.760000
8.779999
8.780001
8.780001
8.780001
8.780001
8.780001
8.779999
8.779999
8.780001
8.780001
8.940000
8.760002
8.859999
8.800000
8.780001
8.780001
8.760000
8.779999
8.780001
8.780001
8.939998
8.760002
8.780001
8.779999
8.800000
8.760000
8.780001
8.760002
8.779999
8.979999
8.800000
8.760000
8.760000
8.780001
8.880001
8.760002
8.780001
8.780001
8.779999
8.780001
8.779999
8.760000
8.779999
8.779999
8.760000
8.780001
8.780001
8.800000
8.779999
8.800000
8.780001
8.840000
8.860001
8.760000
8.760000
8.859999
8.779999
8.780001
8.760000
8.780001
8.779999
8.760002
8.800000
8.760000
8.760000
8.760000
8.760000
8.760002
8.760000
8.760000
8.760000
8.780001
8.779999
8.760000
8.880001
8.780001
8.780001
8.760000
8.800000
8.779999
8.779999
8.780001
8.780001
8.760000
8.780001
8.779999
8.780001
8.760000
8.780001
8.780001
8.779999
8.779999
8.760000
8.780001
8.760000
8.779999
8.760002
8.780001
8.779999
8.760000
8.760002
8.760000
8.760002
8.780001
8.780001
8.779999
8.760000
8.780001
8.760000
8.760002
8.779999
8.780001
8.780001
8.779999
8.760000
8.860001
8.780001
8.780001
8.760002
8.760002
8.760002
8.780001
8.760002
8.760000
8.779999
8.780001
8.760000
8.760000
8.760000
8.779999
8.760000
8.780001
8.779999
8.760000
8.780001
8.779999
8.760000
8.800000
9.019999
8.840000
8.760000
8.920001
8.800000
8.760000
8.780001
8.760000
8.800000
8.760000
8.800002
8.779999
8.919999
8.780001
8.800000
8.960001
8.760000
8.779999
8.780001
8.780001
8.800000
8.780001
8.780001
8.760002
8.779999
8.779999
8.780001
8.800000
8.760002
8.780001
8.780001
8.760000
8.760000
8.800000
8.780001
8.839998
8.800000
8.780001
8.920001
8.760000
8.779999
8.779999
8.780001
8.760000
8.800000
8.760002
8.760000
8.760002
8.800000
8.779999
8.760000
8.779999
8.780001
8.760000
8.760000
8.760000
8.780001
8.760002
8.760000
8.760002
8.760000
8.760002
8.760000
8.760000
8.780001
8.779999
8.800000
8.800000
8.780001
8.779999
8.760000
8.779999
8.780001
8.760000
8.760000
8.780001
8.760002
8.760000
8.779999
8.780001
8.780001
8.779999
8.760000
8.779999
8.800000
8.779999
8.760000
8.780001
8.780001
8.760000
8.760002
8.760000
8.760000
8.760000
8.760002
8.760000
8.780001
8.880001
8.760000
8.760000
8.779999
8.779999
8.780001
8.760000
8.760000
8.760000
8.760000
8.760000
8.780001
8.779999
8.780001
8.780001
8.760000
8.780001
8.780001
8.760000
8.760000
8.780001
8.760000
8.779999
8.760002
8.760000
8.779999
8.760002
8.800000
8.780001
8.780001
8.779999
9.120001
8.800000
8.860001
8.779999
8.980000
8.800000
8.940000
8.779999
8.780001
8.779999
8.779999
8.780001
8.760000
8.800000
8.779999
8.760000
8.760000
8.760002
8.780001
8.800000
8.780001
8.800000
8.760000
8.760000
8.780001
8.760000
8.779999
8.760000
8.800000
8.760002
8.779999
8.760000
8.780001
8.779999
8.780001
8.760000
8.780001
8.760000
8.760000
8.760002
8.760000
8.780001
8.800000
8.780001
8.779999
8.760002
8.760000
8.779999
8.779999
8.760000
8.779999
8.760002
8.760002
8.760000
8.760002
8.780001
8.780001
8.900000
8.780001
8.780001
8.779999
8.760000
8.780001
8.780001
8.779999
8.780001
8.780001
8.760000
8.779999
8.780001
8.760002
8.800000
8.780001
8.760000
8.779999
8.779999
8.780001
8.900000
8.780001
8.760000
8.800002
8.779999
8.779999
8.779999
8.760000
8.780001
8.760000
8.760000
8.780001
8.800000
8.780001
8.760000
8.800000
8.780001
8.780001
8.760002
8.760000
8.760000
8.780001
8.760000
8.780001
8.760002
8.779999
8.760000
8.760000
8.760000
8.779999
8.780001
8.760000
8.779999
8.780001
8.760000
8.780001
8.780001
8.780001
8.760000
8.760000
8.760000
8.780001
8.760000
8.760000
8.760000
8.760000
8.760000
8.780001
8.760000
8.820001
8.760000
9.399999
8.800000
8.760000
8.760000
8.800000
8.780001
8.760000
8.779999
8.800000
8.780001
8.780001
8.760002
8.780001
8.760000
8.780001
8.760000
8.760000
8.780001
9.000000
8.760002
8.760002
8.859999
8.940000
8.820001
8.779999
8.780001
8.780001
8.760000
8.779999
8.780001
8.779999
8.780001
8.780001
8.760000
8.760000
8.760000
8.760000
8.760000
8.800000
8.760000
8.760000
8.780001
8.780001
8.779999
8.780001
8.760000
8.779999
8.760000
8.780001
8.760002
8.780001
8.760002
8.760002
8.760000
8.800000
8.760000
8.760000
8.780001
8.780001
8.800000
8.780001
8.760000
8.840000
8.780001
9.059999
8.779999
8.760000
8.760002
8.760000
8.779999
8.779999
8.780001
8.780001
8.779999
8.760000
8.760000
8.780001
8.780001
8.780001
8.780001
8.780001
8.840000
8.760000
8.900000
8.760000
8.760002
8.760000
8.780001
8.780001
8.760000
8.760000
8.760000
8.760000
8.780001
8.760000
8.719999
8.780001
8.780001
8.780001
8.779999
8.760000
8.780001
8.780001
8.780001
8.779999
8.760000
8.779999
8.779999
8.779999
8.780001
8.760000
8.780001
8.780001
8.760002
8.760000
8.760000
8.760000
8.760000
8.800000
8.780001
8.779999
8.760000
8.779999
8.760000
8.779999
8.780001
8.779999
8.760000
9.160001
8.779999
8.780001
8.760000
8.919999
8.760002
8.780001
8.760002
8.780001
8.760002
8.760000
8.779999
8.780001
8.819999
8.780001
8.760000
8.780001
8.760000
8.760000
8.760000
8.800000
8.760000
8.780001
8.760000
8.800000
8.760000
8.780001
8.780001
8.760000
8.780001
8.760000
8.760000
8.780001
8.800000
8.760000
8.760000
8.780001
8.780001
8.780001
8.760000
8.840000
8.760002
8.760000
8.780001
8.760002
8.760002
8.760000
8.760000
8.780001
8.760000
8.780001
8.760000
8.760000
8.779999
8.780001
8.760000
8.780001
8.760000
8.779999
8.780001
8.760000
8.780001
8.760000
8.780001
8.780001
8.780001
8.779999
8.780001
8.779999
8.760000
8.779999
8.780001
8.779999
8.760002
8.760002
8.780001
8.780001
8.780001
8.760000
8.779999
8.760000
8.760002
8.779999
8.780001
8.779999
8.760000
8.760000
8.760000
8.920001
8.779999
8.760000
8.780001
8.760000
8.760002
8.780001
8.780001
8.779999
8.780001
8.780001
8.760000
8.760000
8.780001
8.780001
8.760000
8.779999
8.780001
8.780001
8.779999
8.760000
8.940000
8.760002
8.760000
8.780001
8.760002
8.779999
8.760000
8.780001
8.760000
8.780001
8.740000
8.780001
8.760000
8.760002
8.780001
8.780001
8.760000
8.780001
8.779999
9.600000
8.760000
8.800000
8.919999
16.540000
8.780001
8.800000
8.760000
8.760002
8.780001
8.779999
8.760000
8.800000
8.780001
8.800000
8.840000
8.839998
8.760002
8.779999
8.760000
8.779999
8.760000
8.780001
8.760000
8.800000
8.780001
8.760002
8.760000
8.780001
8.779999
8.780001
8.760002
8.780001
8.760000
8.779999
8.760000
8.779999
8.760002
8.800000
8.819999
8.760000
8.980000
8.780001
8.779999
8.779999
8.760000
8.800000
8.760000
8.780001
8.780001
8.779999
8.760000
8.780001
8.819999
8.780001
8.779999
8.779999
8.780001
8.780001
8.779999
8.780001
8.760000
8.760002
8.779999
15.699999
8.780001
8.780001
8.780001
8.760000
8.779999
8.780001
8.760002
8.780001
8.760000
8.780001
8.779999
8.780001
8.760002
8.780001
8.780001
8.760000
8.779999
8.780001
8.780001
8.760002
8.760002
8.760000
8.760000
8.760002
8.779999
8.760000
8.760000
8.779999
8.760000
8.779999
8.760000
8.760000
8.779999
8.760000
8.779999
8.760000
8.760002
8.780001
8.780001
8.779999
8.760000
8.760000
8.779999
8.760000
8.760002
8.780001
8.779999
8.800000
8.760000
8.760002
8.760000
8.780001
8.760002
8.779999
8.760002
8.780001
8.780001
8.780001
8.760000
8.760000
8.880001
8.780001
8.780001
9.119999
8.800000
8.779999
8.779999
8.760000
8.780001
8.800000
8.780001
8.779999
8.780001
8.840000
8.800000
8.800000
8.760000
8.780001
8.760000
8.779999
8.779999
8.760000
8.760000
8.779999
8.760000
8.779999
