35.780000
33.520000
33.460001
33.460001
33.439999
33.439999
33.600001
33.800000
33.539999
33.420000
33.480000
33.460001
33.420000
33.439999
33.600001
33.420000
33.600001
33.419998
33.439999
33.420000
33.439999
33.420000
33.439999
33.440001
33.440001
33.420000
33.420000
33.459999
33.460001
33.439999
33.420000
33.420000
33.440001
33.419998
33.439999
33.419998
33.440001
33.679999
33.420000
33.459999
33.439999
33.440001
33.420000
33.480000
33.420000
33.420000
33.480000
33.440001
33.419998
33.420000
33.420000
33.460001
33.459999
33.420000
33.440001
33.460001
33.439999
33.420000
33.480000
33.420000
33.420000
33.439999
33.860000
33.760000
33.520000
33.460001
33.420000
33.559998
33.460001
33.559998
33.520000
33.439999
33.520000
33.560000
33.480000
33.620000
33.420000
33.439999
33.499999
33.720000
33.420000
33.480000
33.660000
33.800000
33.520000
33.520000
33.420000
33.500001
33.420000
33.440001
33.459999
33.460001
33.419998
33.420000
33.460001
33.439999
33.439999
33.440001
33.599999
33.439999
33.439999
33.460001
33.439999
33.520000
33.440001
33.440001
33.439999
33.420000
33.520000
33.439999
33.460001
33.440001
33.440001
33.440001
33.520000
33.439999
33.440001
33.480000
33.420000
33.439999
33.439999
33.420000
33.420000
33.440001
33.439999
33.460001
33.540001
33.460001
33.460001
33.439999
33.460001
41.579999
33.459999
33.420000
33.440001
33.460001
33.420000
33.480000
33.500001
33.480000
33.439999
33.439999
33.420000
33.420000
33.420000
33.420000
33.420000
33.420000
33.440001
33.460001
33.440001
33.439999
33.440001
33.420000
33.420000
33.420000
33.420000
33.440001
33.420000
33.439999
33.459999
33.419998
33.439999
33.420000
33.439999
33.420000
33.420000
33.440001
33.440001
33.480000
33.440001
33.420000
33.439999
33.439999
33.440001
33.439999
33.439999
33.420000
33.420000
33.459999
33.439999
33.440001
33.439999
33.440001
33.439999
33.439999
33.420000
33.439999
33.460001
33.420000
40.340001
33.540001
33.620000
33.500001
33.539999
33.460001
33.420000
41.580001
33.620000
33.679999
33.500001
33.419998
33.460001
33.620000
33.560000
33.539999
33.500001
33.420000
33.440001
33.580000
33.500001
33.460001
33.480000
33.440001
33.500001
33.420000
33.439999
33.460001
33.439999
33.439999
33.439999
40.920001
33.520000
33.420000
33.580000
33.420000
33.500001
41.540001
33.520000
33.439999
33.420000
33.439999
33.439999
33.439999
33.420000
33.419998
33.520000
33.420000
33.440001
33.420000
33.439999
33.439999
33.460001
33.420000
33.439999
33.500001
33.420000
33.480002
33.480002
33.419998
33.420000
33.460001
33.480000
33.420000
33.600001
33.480000
33.460001
33.439999
33.500001
33.460001
33.500001
33.480000
33.440001
33.439999
33.460001
33.439999
33.420000
33.460001
33.480002
33.439999
33.420000
33.439999
33.420000
33.420000
33.439999
33.600001
33.440001
33.440001
33.420000
33.440001
33.420000
33.420000
33.420000
33.500001
33.440001
33.439999
33.439999
33.439999
33.420000
33.439999
33.439999
33.439999
33.420000
33.440001
33.420000
33.420000
33.439999
33.439999
33.439999
33.459999
33.439999
33.420000
33.440001
33.439999
33.420000
33.439999
33.460001
33.420000
33.439999
33.420000
33.420000
33.440001
33.419998
33.459999
33.399999
33.420000
33.460001
33.439999
34.780001
33.639999
46.700001
33.840001
33.540001
33.580000
33.539999
33.480000
33.520000
33.540001
33.599999
33.580000
33.520000
33.520000
33.599999
33.439999
33.580000
33.439999
33.520000
33.420000
33.420000
33.420000
33.540001
33.439999
33.420000
33.480000
41.879999
33.659998
33.440001
33.560000
33.420000
41.460000
33.420000
33.420000
33.439999
33.420000
33.439999
33.420000
33.499999
33.420000
33.539999
33.439999
33.439999
33.440001
33.420000
33.780001
33.439999
33.460001
33.420000
33.420000
33.420000
33.520000
33.439999
33.420000
33.420000
33.480000
33.439999
38.500000
33.439999
33.420000
33.420000
33.420000
33.420000
33.439999
33.620000
33.460001
33.420000
33.439999
33.420000
33.420000
33.420000
33.420000
33.420000
33.459999
33.440001
33.440001
33.700000
33.440001
33.439999
33.420000
33.420000
33.580000
33.599999
33.440001
33.440001
33.420000
33.459999
33.440001
33.540001
33.480000
33.580000
33.420000
33.420000
33.840001
33.439999
33.459999
33.439999
33.420000
33.439999
33.459999
33.419998
33.420000
33.480000
33.439999
33.439999
33.420000
33.439999
33.420000
33.439999
33.419998
33.439999
33.480000
33.439999
33.420000
33.439999
33.420000
33.439999
33.439999
33.440001
33.500001
33.440001
33.420000
33.440001
33.439999
33.420000
33.420000
33.440001
33.439999
34.960000
33.580000
33.520000
33.460001
33.439999
33.520000
33.439999
33.499999
33.460001
33.520000
33.480000
33.500001
33.420000
33.499999
33.599999
33.500001
33.520000
33.639999
33.520000
33.500001
33.460001
33.420000
33.539999
33.439999
33.440001
33.420000
33.439999
33.420000
33.439999
33.460001
33.520000
33.439999
33.459999
33.459999
33.439999
33.460001
33.420000
33.460001
33.600001
33.439999
33.439999
33.900000
33.520000
33.540001
33.439999
33.440001
33.439999
33.420000
33.480000
33.420000
33.520000
33.439999
40.180000
33.459999
33.439999
33.420000
33.420000
33.520000
33.499999
33.440001
33.439999
33.420000
33.420000
33.439999
33.740001
33.620000
33.459999
33.460001
33.439999
33.420000
33.460001
33.460001
33.440001
33.499999
33.420000
33.440001
33.439999
33.420000
33.460001
33.779999
33.460001
33.440001
33.439999
33.520000
33.460001
33.459999
33.540001
33.440001
33.580001
33.439999
33.439999
33.459999
33.440001
33.420000
33.399999
33.460001
33.420000
33.420000
33.420000
33.439999
33.439999
33.439999
33.439999
33.439999
33.420000
33.439999
33.440001
33.440001
33.420000
33.419998
33.420000
33.420000
33.439999
33.420000
33.420000
33.440001
33.439999
33.440001
33.459999
33.439999
33.419998
33.420000
33.420000
33.440001
33.420000
33.439999
33.439999
33.460001
34.299999
33.720002
33.480002
33.599999
33.520000
33.940000
33.499999
33.460001
33.480002
33.419998
33.720000
33.700000
33.499999
33.520000
33.440001
33.760000
33.760000
33.839999
33.620000
33.660000
33.459999
33.459999
33.439999
33.539999
34.200000
33.540001
33.420000
33.459999
33.739999
33.499999
33.439999
33.419998
33.420000
33.539999
33.439999
33.620000
33.499999
33.440001
33.420000
33.480000
33.500001
33.500001
33.419998
33.420000
33.459999
33.679999
33.500001
33.420000
33.559998
33.539999
33.439999
33.520000
33.499999
33.440001
33.420000
33.420000
33.420000
33.439999
33.439999
33.420000
33.419998
33.419998
33.520000
33.499999
33.580001
33.439999
33.459999
33.620000
33.460001
33.419998
33.439999
33.439999
33.460001
33.419998
33.440001
33.600001
33.439999
33.420000
33.440001
33.500001
33.420000
33.440001
33.439999
41.539999
33.439999
33.440001
33.459999
33.460001
33.439999
33.440001
33.480000
33.420000
33.620000
33.460001
33.439999
33.420000
33.420000
33.439999
33.440001
33.439999
33.420000
33.439999
33.800000
33.439999
33.480000
33.440001
33.460001
33.420000
33.439999
38.720001
33.480000
33.420000
33.420000
33.439999
33.460001
33.440001
33.439999
33.439999
33.439999
33.460001
33.420000
33.439999
33.420000
33.439999
33.420000
33.460001
33.420000
33.420000
34.520000
33.700000
33.520000
33.539999
33.620002
33.660000
33.740001
33.500001
33.500001
33.459999
33.439999
33.420000
33.580000
33.520000
33.520000
33.439999
33.620000
33.439999
33.420000
33.520000
33.499999
33.420000
33.420000
33.520000
33.419998
33.439999
33.459999
33.440001
33.439999
33.420000
33.420000
33.500001
33.660000
33.440001
33.439999
33.420000
33.439999
33.420000
33.460001
33.560000
33.520000
33.580000
33.839999
33.500001
33.500001
33.460001
33.499999
33.440001
33.420000
33.439999
33.460001
33.439999
33.420000
33.439999
33.540001
33.439999
33.420000
33.439999
33.480000
33.439999
33.420000
33.419998
33.459999
33.439999
33.480000
33.440001
33.420000
33.439999
33.420000
33.439999
33.439999
33.420000
33.500001
33.559998
33.560000
33.440001
33.460001
33.439999
33.460001
33.480002
33.420000
33.439999
33.420000
33.460001
33.439999
33.439999
33.439999
33.419998
33.460001
33.580000
33.439999
33.420000
33.440001
33.420000
33.440001
33.419998
33.439999
33.420000
33.440001
33.420000
33.440001
33.420000
33.800000
33.420000
33.440001
33.420000
33.419998
33.660000
33.420000
33.439999
33.440001
33.420000
33.480002
33.440001
33.420000
33.420000
33.439999
33.440001
33.420000
33.440001
33.480000
33.820000
33.439999
33.420000
33.460001
33.480000
33.420000
33.439999
34.280000
33.539999
33.720000
33.520000
33.500001
33.499999
33.560000
33.460001
33.580000
41.600000
33.480002
33.439999
33.439999
33.460001
33.439999
33.519998
33.620000
33.460001
33.460001
33.460001
33.539999
33.420000
33.460001
33.420000
33.420000
33.439999
33.420000
33.460001
33.440001
33.499999
33.420000
33.520000
33.439999
33.439999
33.499999
33.420000
33.420000
33.420000
40.420000
33.620000
33.440001
33.520000
33.439999
33.440001
33.460001
33.439999
33.580001
33.439999
33.420000
33.420000
33.440001
33.539999
33.459999
33.480000
33.439999
33.439999
33.420000
33.439999
33.499999
33.460001
33.419998
33.439999
33.439999
33.439999
33.760000
33.460001
33.480000
33.600001
33.420000
40.900001
33.620000
33.439999
33.480002
33.459999
41.560000
33.440001
33.799998
33.420000
33.439999
33.419998
33.420000
33.420000
33.439999
33.459999
33.500001
33.460001
33.420000
33.420000
33.439999
33.440001
33.440001
33.439999
33.480000
33.420000
33.439999
33.459999
33.440001
33.459999
33.460001
33.420000
33.480000
33.420000
33.439999
33.420000
33.480000
33.460001
33.439999
33.439999
33.439999
33.439999
33.439999
33.440001
33.419998
33.439999
33.439999
33.419998
33.439999
33.439999
33.459999
33.420000
33.439999
33.439999
33.420000
33.440001
33.420000
33.420000
33.439999
33.420000
34.280000
33.720000
33.460001
33.600001
33.420000
33.520000
33.539999
33.520000
33.500001
33.420000
33.439999
33.459999
33.500001
33.560000
33.560000
33.420000
33.520000
33.460001
33.540001
33.480000
33.420000
33.459999
33.460001
33.420000
33.500001
33.520000
33.540001
33.500001
33.520000
33.500001
33.439999
33.420000
33.460001
33.420000
33.540001
33.459999
33.500001
33.520000
33.540001
33.439999
33.420000
33.499999
