14.140000
11.059999
9.780000
9.660000
9.480000
9.580000
9.320000
9.380000
9.660000
9.580000
9.680000
9.760000
9.559999
9.640001
9.420000
9.680000
9.440000
9.840000
9.439999
9.800000
9.440000
9.699999
9.500000
9.660000
9.260001
9.860001
9.699999
9.880000
9.839999
9.420000
9.620000
9.459999
9.440000
9.339999
9.660000
9.620001
9.480000
17.940000
9.960000
9.540000
9.680000
9.640000
9.360000
9.600000
9.400000
9.680000
9.760000
9.580000
9.660000
9.420000
9.440000
9.819999
9.680000
9.700000
9.459999
9.620000
9.339999
9.740000
9.540000
9.560000
9.579999
9.800000
9.520001
9.500001
9.680000
9.579999
9.720000
9.500000
9.780000
9.600000
9.460000
9.440000
9.480000
9.600000
9.699999
9.579999
9.660000
9.600000
9.460000
9.580000
9.579999
9.640000
9.540000
9.459999
9.839999
9.580000
9.520000
9.760000
9.340000
9.699999
9.459999
9.660000
9.400000
9.699999
9.460000
9.560000
9.420000
9.660000
9.300000
9.620001
9.459999
16.820000
10.840000
9.540000
9.440000
9.459999
9.700000
9.380000
9.540000
9.720000
9.760000
9.720000
9.540000
9.560000
9.800000
9.480000
9.760001
9.680000
9.640001
9.660000
9.439999
9.680000
9.620000
9.620000
9.440000
9.780000
9.500000
9.720000
9.620001
9.700000
9.480000
9.780000
9.400000
9.620001
9.680000
9.720000
9.960000
9.540000
9.500000
9.699999
9.340000
9.820000
9.679999
9.800000
9.579999
9.720000
9.440000
9.339999
9.620001
9.700000
9.800000
9.580000
9.360000
9.720000
9.600000
9.580000
9.500000
9.660000
9.720000
9.680000
9.500000
9.480000
9.780000
9.600000
9.520000
9.460000
9.540000
9.740000
9.520000
162.359999
12.600000
9.480000
9.380000
9.580000
9.620000
9.740000
9.460000
9.620001
9.600000
9.320000
9.560000
9.660000
9.720000
9.660000
9.579999
9.620000
9.600000
9.400001
9.340000
9.680000
9.600000
9.660000
9.800000
9.740000
9.360000
9.680000
9.559999
9.480000
9.540000
9.400000
9.880000
9.580000
9.400000
9.420000
9.380000
9.560000
9.320000
9.740000
9.600000
9.760000
9.600000
10.040000
9.360000
9.660000
9.560000
9.420000
9.500001
9.580000
9.600000
9.580000
9.680000
10.140000
9.540000
9.420000
9.640000
9.320000
9.559999
9.339999
9.680000
9.600000
9.360000
9.680000
9.520000
9.579999
9.480000
11.080001
9.500001
9.420000
9.480000
9.760000
9.600000
9.680000
9.600000
9.660000
9.480000
9.339999
9.680000
9.680000
9.600000
9.819999
9.500000
9.620000
9.559999
9.640000
9.520000
9.439999
9.600000
9.420000
9.660000
9.420000
9.720000
9.740001
9.480000
9.640000
9.740000
9.459999
9.520001
9.300000
10.079999
9.760000
9.620000
9.660000
9.520000
9.580000
9.760001
9.620000
9.540000
9.720000
9.540000
9.280000
9.620000
9.660000
9.720000
9.640000
9.640001
9.660000
9.300000
9.380001
9.700000
9.600000
9.560000
9.680000
9.640000
9.500001
9.439999
9.360000
9.420000
9.880000
9.699999
10.060000
9.280000
9.420000
9.760001
9.760000
9.560000
9.680000
9.620000
9.740000
9.300000
9.660000
9.459999
9.780000
9.820000
9.480000
9.520000
9.860000
9.420000
9.680000
9.700000
9.460000
9.500000
9.440000
9.680000
9.420000
9.500000
9.640000
9.520000
9.520000
9.640000
9.720000
9.559999
9.640000
9.420000
9.360000
9.360000
9.959999
9.380000
9.319999
9.580000
10.180000
9.780000
9.680000
9.740000
9.440000
9.720000
9.460000
9.900000
9.600000
9.700000
9.459999
9.440000
9.600000
9.520001
9.540000
9.760000
9.620000
9.520001
9.540000
9.780000
9.740001
9.740001
9.780000
9.380000
9.580000
9.500000
9.700000
9.860001
9.540000
9.500000
9.500000
9.440000
9.440000
9.760000
9.380000
9.620000
9.440000
9.360000
9.559999
9.600000
9.640001
9.360000
9.400000
9.680000
9.460000
9.459999
9.480000
9.400000
9.640001
9.660000
9.400000
9.560000
9.579999
9.400000
9.400000
9.540000
9.640000
9.640000
9.660000
9.580000
9.459999
9.600000
9.700000
9.760001
9.540000
9.380000
9.440000
9.459999
9.880001
9.459999
9.640000
9.580000
9.800000
9.339999
9.660000
9.480000
9.440000
9.620000
9.740000
9.540000
9.520000
9.640001
9.720000
9.380000
9.640000
9.620001
9.740000
9.439999
9.740000
9.500000
9.580000
9.500001
9.740000
9.420000
9.620000
9.460000
9.680000
9.580000
9.480000
9.740001
9.620000
9.540000
9.380000
9.500000
9.660000
9.420000
9.420000
9.460000
9.420000
9.880000
9.780000
9.579999
9.380000
9.620001
9.680000
9.260000
9.480000
9.720000
10.200000
9.380001
9.700000
9.580000
9.820000
9.440000
9.680000
9.720000
9.500000
9.640000
9.620001
9.400000
9.360000
9.420000
9.520001
9.420000
9.699999
9.400000
9.600000
9.360000
9.400000
9.420000
9.640000
9.420000
9.880000
9.640000
9.520001
9.480000
9.620000
9.580000
9.640000
9.520000
9.600000
9.480000
9.560000
9.620000
9.960000
9.459999
9.680000
9.300000
9.360000
9.600000
9.699999
9.760000
9.400000
9.460000
9.400000
9.420000
9.520000
9.360000
15.980001
11.220000
9.760000
9.839999
9.620001
9.560000
9.520000
9.380001
9.400000
9.800000
9.520000
9.560000
9.660000
9.720000
9.780000
9.700000
9.700000
9.420000
9.880001
9.480000
9.780000
9.380000
9.600000
9.720000
9.420000
9.700000
9.800000
9.720000
9.660000
9.680000
9.620000
9.500001
9.340000
9.699999
9.360000
9.300000
9.699999
9.600000
9.440000
9.680000
9.640001
9.420000
9.600000
9.680000
9.280000
9.520000
9.480000
9.800000
9.540000
9.780000
9.980000
9.680000
9.540000
9.640000
9.620000
9.700000
9.520001
9.400000
9.740001
9.500000
9.560000
9.540000
9.600000
9.720000
9.740000
9.360000
9.620001
9.320000
48.040000
10.059999
9.700000
9.540000
9.339999
9.720000
9.580000
9.560000
9.380000
9.640001
9.699999
9.740000
9.740000
9.480000
9.580000
9.560000
9.300000
9.500000
9.460000
9.360000
9.459999
9.660001
9.700000
9.400000
9.740000
9.400000
9.580000
9.660000
9.440000
9.360000
9.720000
9.620000
9.620001
9.680000
9.560000
9.720000
9.560000
9.679999
9.500000
9.500000
9.620000
9.600000
9.520000
9.520001
9.640000
9.540000
9.640001
9.360000
9.820000
9.540000
9.380001
9.500000
9.540000
9.740000
9.780000
9.700000
9.520000
9.440000
9.300000
9.540000
9.600000
9.500000
9.660000
9.520001
9.440000
9.740000
9.300000
9.420000
10.299999
9.520001
9.699999
9.520000
9.780001
9.640001
9.560000
9.860001
9.600000
9.480000
9.700000
9.340000
9.700000
9.540000
9.339999
9.380001
9.680000
9.340000
9.660000
9.540000
9.540000
9.420000
9.439999
9.540000
9.360000
9.620000
9.580000
9.460000
9.300000
9.920000
9.680000
9.699999
9.540000
9.560000
9.660000
9.560000
9.620000
9.700000
9.280001
9.320000
10.280000
9.860000
9.520000
9.440000
9.680000
9.339999
9.480000
9.459999
9.560000
9.640000
9.319999
9.600000
9.560000
9.360000
9.520000
9.420000
9.699999
9.280000
9.440000
9.660000
9.380000
9.540000
9.460000
9.960000
9.540000
9.339999
9.640000
9.500000
10.860000
10.060000
9.699999
9.439999
9.720000
9.380000
9.700000
9.620001
9.420000
9.680000
9.520001
9.380000
9.680000
9.579999
9.559999
9.480000
9.400001
9.680000
9.620000
9.700000
9.380000
9.420000
9.320000
9.420000
9.360000
9.500000
9.420000
9.620000
9.320000
9.460000
9.980000
9.400001
9.640000
9.360000
9.520000
9.680000
9.640001
9.900001
9.340000
9.520000
9.640000
9.500000
9.440000
9.500000
9.520000
9.360000
9.500000
9.540000
9.620000
9.720000
9.440000
9.780000
9.640000
9.720000
9.460000
9.480000
9.360000
9.400000
9.720000
9.780000
10.040000
9.400000
9.580000
9.680000
9.560000
9.840000
9.400000
9.420000
10.200000
9.460000
9.640000
9.640000
9.540000
9.440000
9.540000
9.480000
9.380000
9.780000
9.320000
9.900000
9.880000
9.500001
9.580000
9.440000
9.500000
9.660000
9.439999
9.560000
9.340000
9.520001
9.620001
9.800000
9.660000
9.520000
9.579999
9.700000
9.459999
9.680000
9.400000
9.360000
9.860001
9.839999
9.320000
9.660000
9.780000
9.700000
9.580000
9.440000
9.680000
9.579999
9.580000
9.540001
9.339999
9.360000
9.500000
9.699999
9.940000
9.680000
9.640001
9.640000
9.380001
9.500000
9.620000
9.580000
9.660000
9.660000
9.620001
9.560000
9.560000
9.560000
9.660000
9.460000
9.520000
9.480000
9.580000
9.700000
139.440000
12.040000
9.680000
9.500001
9.460000
9.700000
10.180000
9.680000
9.660000
9.620000
9.620001
9.800000
9.640000
9.600000
9.640000
9.540000
9.720000
9.620000
9.420000
9.520000
9.320000
9.540000
9.620000
9.660000
9.520000
9.640000
9.580000
9.680000
9.660000
9.420000
9.360000
9.460000
9.720000
9.680000
9.680000
9.679999
9.660000
9.640000
9.380001
9.439999
9.740000
9.460000
9.420000
9.360000
9.679999
9.660000
9.560000
9.840000
9.540000
9.320000
9.760000
9.360000
9.500001
9.560000
9.500001
9.700000
9.400000
9.840000
9.800000
9.640000
9.740001
9.660000
9.380000
9.679999
9.300000
9.380000
15.920000
10.060000
9.340000
9.559999
9.580000
9.680000
9.500000
9.540000
9.420000
9.780000
9.600000
9.640000
9.340000
9.680000
9.580000
9.440000
9.459999
9.600000
9.580000
9.520000
9.360000
9.540000
9.640001
9.480000
9.600000
9.500000
9.420000
9.620000
9.600000
9.560000
9.580000
9.420000
9.520000
9.579999
9.320000
9.620001
9.740000
9.740001
9.420000
9.480000
9.660000
9.680000
9.540000
9.580000
9.660000
9.720000
9.440000
9.740000
9.600000
9.680000
9.620000
9.580000
9.740000
9.699999
9.400000
9.660000
9.700000
9.660000
9.540000
9.680000
9.500000
9.800000
9.640000
9.620000
9.360000
9.360000
9.600000
9.579999
9.480000
10.340000
9.700000
9.540000
9.540000
9.480000
9.500000
9.339999
9.480000
9.760001
9.420000
9.300000
9.300000
9.500000
9.420000
9.680000
9.340000
9.620000
9.760000
