13.888000
14.006999
14.012001
14.079999
14.022000
14.002000
14.055000
13.956000
13.994000
13.864000
13.959000
13.855000
13.822000
13.818000
13.984000
13.830000
13.822000
13.828000
13.892001
13.830000
13.859000
13.822000
13.832000
13.937999
13.807000
13.867000
13.857000
13.820000
13.820999
13.826001
14.078000
13.815000
13.809000
13.808000
13.840999
14.013000
13.813999
13.860000
13.832000
13.833000
13.799001
13.794000
13.871000
13.858000
13.834000
13.815000
13.847999
13.865001
13.870000
13.815000
13.882000
13.868000
13.804000
13.803000
13.815001
13.825000
13.802000
13.803000
13.808000
13.830000
13.804000
13.811001
13.819000
13.884000
13.902000
13.849000
13.870000
13.880000
14.020001
13.817000
13.821000
13.809999
13.845000
13.905000
13.815000
13.810000
13.790000
13.778000
13.802000
13.799000
13.774000
13.819000
13.985001
13.836000
13.810000
13.796000
13.824000
13.804000
13.842000
13.840000
13.776001
13.804000
13.809000
13.855000
13.842000
13.807000
13.855000
13.819000
13.827000
13.805000
13.826000
13.964999
13.810000
13.812000
13.804000
13.977000
13.796000
13.811000
13.827000
13.897000
13.821000
13.851999
13.819000
13.849000
13.879000
14.081000
13.840000
13.847000
13.819000
13.985001
13.830000
13.805000
13.804000
13.970000
14.038000
14.033000
14.001000
13.979000
14.001000
13.827000
13.809000
13.814000
13.962001
13.858001
13.789000
13.860000
13.825000
13.811001
13.787000
13.824999
13.889000
13.765000
13.800000
13.818000
13.821000
13.832000
13.784001
13.808000
13.768000
13.875999
13.824000
13.864000
13.843000
13.781000
13.801000
13.788000
13.843000
13.804000
14.009000
13.826001
13.799000
13.867000
13.799001
13.822000
13.803000
13.863000
13.822000
13.814000
13.858999
13.843000
13.848000
13.805000
13.798000
13.863999
13.864000
13.776001
13.836999
13.799000
13.800000
14.014000
13.799001
13.791000
13.807000
13.805000
13.814000
13.850001
13.820000
13.906999
13.835000
13.811000
13.831000
13.797000
13.817000
13.782000
13.780001
13.833000
13.867999
13.955000
13.827000
13.809999
13.871000
13.915000
13.822000
14.027000
13.817000
13.835999
13.866000
13.843999
13.795000
13.824000
13.815001
13.972000
13.771000
13.799000
13.835000
13.796001
13.851000
13.796001
13.828000
13.820000
13.819001
13.809999
13.768001
13.836000
13.831001
13.822000
13.809999
13.829000
13.851000
13.855000
13.784000
13.825000
13.842001
13.824999
13.813000
13.904000
13.812000
13.885001
13.849000
13.911000
13.824000
13.846000
13.841000
13.842001
13.849000
13.862000
13.882000
13.846000
13.786000
13.842001
13.855000
13.943000
13.866000
13.851000
13.854000
13.827000
13.806000
13.789000
13.973000
13.873000
13.843000
13.855000
13.805000
13.979999
13.823000
13.815001
13.847999
13.841000
13.820000
13.861000
13.851000
13.813999
13.878000
13.839000
13.819000
13.867000
14.065000
13.846000
13.845000
13.855000
14.100000
13.851000
13.838001
14.067001
13.986000
13.888000
13.911000
13.801000
13.839000
13.807000
13.841000
13.819000
13.812000
13.822000
13.827000
13.888001
13.843000
13.828000
13.828000
13.867999
13.827000
13.872000
13.863999
13.801000
13.800000
13.817000
13.866000
13.812000
13.831000
13.858000
13.807000
13.810000
13.831000
13.835000
13.805000
13.765000
13.817000
13.790000
13.827000
13.790000
13.869000
13.798000
13.834000
13.794000
13.791000
13.813999
13.824000
13.929000
14.053000
13.818000
13.800000
13.799000
13.830000
13.835000
13.820000
13.959000
14.029000
14.204999
13.848000
13.932000
13.786000
13.783000
13.844000
13.830001
13.849000
13.838000
13.813000
13.791000
13.779000
13.810000
13.832000
13.822000
13.793000
13.803000
13.834000
13.792001
13.863000
13.820000
13.810000
13.801999
13.898000
13.856000
13.830001
13.790000
13.812000
13.828999
13.808000
13.759000
13.827000
13.784000
13.840000
13.828000
14.107000
14.039000
13.803000
13.867000
13.966001
14.052000
13.948000
14.008000
14.067000
14.026000
14.057999
13.977000
14.080000
13.851000
13.809999
13.830001
13.867999
13.781001
14.006000
13.825000
13.789999
13.790000
13.842000
13.783000
13.812000
13.832999
13.785999
13.819000
13.830001
13.843000
13.797000
13.771000
13.804001
13.773000
13.764000
14.003000
13.784000
13.855999
13.831000
13.859000
13.780000
13.957000
13.828000
13.851000
13.825000
13.765000
13.836999
13.863000
14.053000
13.800000
14.211999
13.776000
13.800000
13.769000
13.790000
13.788000
13.800000
13.745000
13.780001
13.778000
13.871000
13.809000
13.803000
13.784000
13.824000
13.781000
13.840999
13.825000
13.862000
13.847000
13.808999
13.932000
13.917000
13.823001
13.862001
13.826001
13.839000
13.813000
13.816000
13.921999
13.785999
13.916000
13.796000
13.807001
13.788001
13.945000
13.843000
14.067000
13.898000
13.810000
13.839000
13.797000
13.840000
13.805000
13.856000
13.854000
13.851000
13.840000
13.831000
13.813000
13.808000
13.827000
13.802000
13.816000
13.829000
13.764000
13.800001
14.061000
13.809000
13.796000
13.839000
13.808000
13.831000
13.827000
13.816000
13.814000
13.839000
13.790000
13.780000
13.863000
13.819000
13.964999
14.002999
13.956000
13.967000
13.967000
13.978000
13.956999
14.014999
13.844000
13.902000
13.790000
13.793000
13.780001
13.785999
13.832999
13.789000
13.780001
13.841000
13.814000
13.815000
13.773000
13.799000
13.811000
13.816000
13.851000
13.792001
13.911000
13.805000
13.795001
13.816000
13.805000
13.835001
13.827000
13.878000
13.840000
13.857000
13.793000
13.783000
13.853000
13.832999
13.830000
13.809000
13.957000
13.967000
13.985001
13.935001
13.968000
13.959000
13.997001
13.987000
13.997001
13.929000
13.831000
13.970000
13.771000
14.002000
13.847000
13.846000
13.824000
13.797000
13.848000
13.852000
13.867000
13.959000
13.791000
13.830001
13.841000
13.805000
13.805000
13.803000
13.822000
13.869000
13.851000
13.834000
13.793000
13.816000
13.820000
13.828000
13.866000
13.865000
13.829000
13.820999
13.912000
13.846000
13.942000
13.805000
13.831000
13.838000
13.831000
13.837000
13.769999
13.801000
13.782999
13.807000
13.826000
14.018000
13.875999
13.851999
13.870000
13.847999
13.849000
13.881001
13.897000
13.866000
13.929999
13.861001
13.862000
13.886000
13.921000
13.819000
13.852000
13.879000
13.878000
13.863000
13.874000
13.857000
13.879000
13.938000
13.832999
13.961000
13.882000
14.076999
13.832000
13.893001
13.869001
13.841000
14.006000
13.872000
13.830000
13.869000
13.912000
13.896000
13.856000
13.901000
13.914000
13.862000
13.875999
13.833000
13.882000
13.789000
13.816999
13.812000
13.832000
13.860000
13.827000
14.000000
13.809999
14.006000
13.828000
13.892000
13.920000
13.802000
13.835000
13.848000
13.897000
13.870000
13.740000
13.854000
13.812999
14.076000
13.800000
13.865001
13.792000
13.970001
13.838000
13.843999
13.894000
13.795001
13.769000
13.785000
13.833000
13.902000
13.840000
13.832999
13.832000
13.853000
13.818000
13.834000
13.838001
13.804000
13.803000
13.984000
13.866001
13.851000
13.800001
13.859999
13.800000
13.802000
13.819000
13.768001
13.966001
13.825000
13.838001
13.981001
13.808000
13.812000
13.805999
13.799001
13.820000
13.819000
13.804001
13.949000
13.815000
13.835000
13.820000
13.815000
13.793000
13.812000
13.808000
13.863000
13.796000
13.855000
13.796000
13.826000
13.886000
13.819000
13.834000
13.855999
13.852000
13.820000
13.827000
13.863000
13.819001
13.812000
13.802000
13.912000
13.803000
14.045000
13.881001
13.892001
14.002000
14.149000
13.844999
13.809000
13.852000
13.863000
13.863000
14.041000
13.839000
13.849000
13.824000
13.862000
13.859000
13.779000
14.035000
14.028001
14.005000
13.849000
13.843000
13.923000
13.824000
13.856000
13.850000
14.020000
14.018999
14.007000
13.826001
13.823000
13.813999
13.928000
13.833000
13.814000
13.818000
13.822000
13.851000
13.832000
13.870000
13.787000
13.832000
13.824000
13.858000
13.884000
13.836000
13.842000
13.839000
13.827001
14.024000
13.861000
13.886999
13.817000
13.828000
13.814000
14.012000
13.842000
13.858000
13.861001
13.832999
13.876000
13.859999
13.838001
14.043000
13.823000
13.827001
13.854001
13.802000
13.831000
13.861000
13.825000
13.816000
14.000000
13.881001
13.812000
13.811000
13.793000
13.800000
13.814000
13.802000
13.862001
13.824000
13.838000
13.846000
13.811000
13.906000
13.788000
13.927000
13.839999
13.849000
13.863999
13.811000
13.789000
13.820000
13.828000
13.807001
13.803000
13.831000
13.855000
13.863999
13.811000
13.803000
13.824000
13.882000
13.834001
13.851999
13.843000
13.850000
13.859000
13.763000
13.916001
13.844999
13.831000
13.857000
13.855000
13.856000
13.809000
13.827999
13.846001
14.002000
13.834000
13.829000
13.841000
13.831001
13.820000
13.813999
13.846000
13.813999
13.828000
13.905000
13.911000
13.819000
13.961000
13.813000
14.010000
13.829000
13.847000
13.887000
13.863000
13.838000
13.819000
13.849000
13.860000
13.850000
13.891000
13.840000
13.811001
13.920000
13.793000
13.872000
13.849000
13.878000
13.809000
13.840000
13.884000
13.847000
13.853000
13.760000
13.838000
13.849000
13.830001
13.874000
13.867000
13.940000
13.860000
13.839000
13.837000
14.144001
13.846000
13.847999
13.908001
13.861000
13.919000
13.871000
13.910000
13.782000
13.800000
13.848000
13.838000
13.833000
13.834000
13.930000
13.824999
13.816000
13.798000
13.821000
13.859000
13.832999
13.842000
13.882000
13.820999
13.837000
13.832000
13.890000
13.816999
13.842000
13.972000
13.801000
13.836000
13.873000
13.852000
13.827000
13.809000
13.818000
13.863999
13.894000
13.869001
13.824000
13.825000
13.799000
13.821000
13.845000
13.824000
13.843999
13.834000
13.828000
13.870000
13.780000
14.080999
13.932000
13.858000
13.910000
13.835000
13.826000
13.825000
13.824000
13.812999
13.819001
13.811000
13.819000
13.841000
13.815000
13.818000
13.842000
13.847999
13.786000
13.746999
13.808000
13.764000
13.832000
13.859000
13.807000
13.803001
13.856000
13.859000
13.825000
13.867000
13.798000
13.828999
13.840000
13.817000
13.856000
13.838001
13.842000
13.917000
13.797000
13.819000
13.761000
13.989000
17.608000
13.865001
13.850000
13.819000
13.833000
13.818000
13.870000
13.815000
13.822000
13.813999
13.781000
13.802000
13.842000
13.807001
13.825000
13.801999
13.862000
14.037000
13.844000
13.814000
13.812000
