27.489000
27.476001
27.478000
27.450000
27.461001
27.447999
27.511001
27.472000
27.805001
27.600000
27.513000
27.454000
27.604000
27.513999
27.492000
27.471000
27.433001
27.470999
27.446000
27.516000
27.476001
27.482000
27.794000
27.441001
27.485000
27.457000
27.473999
27.555000
27.832000
27.629999
27.565001
27.478999
27.353000
27.560000
27.438000
27.746000
27.456000
27.589999
27.775001
28.063000
27.523001
27.571000
27.499001
27.537000
27.643000
27.513999
27.659000
27.485000
27.478000
27.890000
27.570000
27.499001
27.466999
27.679999
27.446999
27.470000
27.452000
27.515001
27.446000
27.474000
27.452000
27.554000
27.779001
27.449000
27.544999
27.642000
27.523000
27.395000
27.482000
27.640999
27.550000
27.844000
27.485000
27.489000
27.566000
27.671000
27.573001
27.627000
27.730000
27.618000
27.620999
27.681001
27.776000
27.621000
27.664000
27.749000
27.752000
27.653000
27.863000
27.833000
27.635000
27.646000
27.722000
27.681001
27.756000
27.882000
27.661000
27.747000
27.669000
27.739000
27.531000
27.594000
27.873999
27.636000
27.634000
27.660000
27.522000
27.657000
27.650001
27.714999
27.499000
27.636000
27.700000
27.698999
27.473000
27.601999
27.643001
27.443999
27.471000
27.655000
27.571999
27.775000
27.536000
27.870000
27.763000
27.760000
27.946000
27.619001
27.642000
27.618000
27.652999
27.502000
27.652000
27.611000
27.615000
27.530000
27.662000
27.668000
27.679000
27.662001
27.678000
27.653000
27.473000
27.470000
27.568000
27.760000
27.786001
27.906001
27.869999
27.799000
28.121000
27.585000
27.526001
27.497000
27.615000
27.542000
27.671000
27.520000
27.458000
27.515001
27.465000
27.422001
27.732000
27.499000
27.543000
27.517000
27.549000
27.691000
27.749000
27.775000
27.586999
27.578000
27.612000
27.577000
27.662000
27.638000
27.493000
27.528999
27.531000
27.551000
27.512000
27.534001
27.474000
27.457000
27.616001
27.489000
27.540000
27.443999
27.790001
27.506000
27.621999
27.514000
27.681001
27.709000
27.756000
27.408000
27.470999
27.490000
27.358000
27.520999
27.321001
27.623001
27.492000
27.634000
27.616000
27.513000
27.396000
27.565000
27.444000
27.633999
27.594000
27.565001
27.599000
27.530000
27.575000
27.532000
27.538000
27.637000
27.880001
27.450000
27.431000
27.592000
27.451000
27.442001
27.520000
27.541000
27.584000
27.508000
27.575000
27.512000
27.447999
27.473000
27.431999
27.384000
27.660999
27.474000
27.409000
27.655000
27.461000
27.528000
27.585000
27.443000
27.657000
27.483000
27.570000
27.665000
27.627000
27.658001
27.663000
27.749000
27.733000
27.535000
27.547000
27.449001
27.735000
27.755000
27.659000
27.658000
27.510000
27.945000
27.528000
27.477000
27.722999
27.355000
27.689000
27.535000
27.924000
27.671000
27.578000
27.654001
27.551999
27.378000
27.518000
27.559999
27.548000
27.703000
27.778001
27.589000
27.531000
27.625000
27.486000
27.435000
27.586000
27.679000
27.526000
27.782000
27.654001
27.553000
27.651999
27.640000
27.662000
27.458000
27.655000
27.744999
27.573000
27.527001
27.560000
27.446001
27.515000
27.650001
27.549000
27.418000
27.608000
27.553000
27.406001
27.778000
27.687000
27.521000
27.553000
27.689001
27.577001
27.582000
27.546000
27.411000
27.620001
27.596001
27.539000
27.537000
27.640000
27.669000
27.710000
27.766000
27.713001
27.927000
27.830000
27.653000
27.890000
27.845000
27.680000
27.747001
27.715000
27.797000
27.722999
27.597000
27.561000
27.644000
27.762000
27.626000
27.570000
27.523000
27.454999
27.678000
27.599000
27.537000
27.457001
27.550000
27.770000
27.714999
27.647000
27.524999
27.557001
27.574999
27.464001
27.667999
27.661000
27.740000
27.638000
27.532000
27.602000
27.527000
27.797000
27.563000
27.491000
27.562000
27.399001
27.818000
27.616000
27.656999
27.596000
27.629000
27.945001
27.690000
27.649000
27.708001
27.688000
27.468001
27.658001
27.730000
27.719000
27.600001
27.683000
27.665000
27.613000
27.609000
27.404999
27.422000
27.618000
27.537000
27.507001
27.562000
27.728000
27.722000
27.385000
27.700000
27.811000
27.579000
27.851000
27.613999
27.415000
27.514000
27.499000
27.748000
27.873000
27.621000
27.693001
27.687000
27.716001
27.696000
27.752000
27.821001
27.639001
27.464001
27.779000
28.252000
27.942000
27.465000
27.695000
27.831000
27.520000
27.752000
27.643000
27.615000
27.658000
27.655000
27.740000
27.749000
27.808000
27.713000
27.633000
27.557000
27.645000
27.613000
27.630000
27.642000
27.689000
27.705000
27.664000
27.747001
27.641000
27.614000
27.905000
27.544999
27.975000
27.478000
27.519001
27.457000
27.546000
27.590000
27.530000
27.630000
27.597999
27.671000
27.747000
27.930000
27.635000
27.450000
27.497999
27.647000
27.607000
27.494000
27.858000
27.536000
27.429000
27.611000
27.470000
27.435000
27.675000
28.000000
27.481000
27.458000
27.904999
27.637000
27.551000
27.708001
27.829000
27.505000
27.827000
27.621999
27.410000
27.464000
27.423000
27.789000
27.975000
27.672000
27.713000
27.797000
27.652000
27.516000
27.870000
27.515000
27.786000
27.642000
27.941000
27.513000
27.708001
27.782000
27.578999
27.469000
27.718000
27.514000
27.664999
27.607000
27.603000
27.509999
27.566000
27.605000
27.465000
27.400000
27.472000
27.446000
27.505999
27.500001
27.824000
27.487000
27.737000
27.631001
27.737999
27.550001
27.685000
27.638000
27.494000
27.560000
27.577000
27.655001
27.588001
27.494000
27.704000
27.668000
27.693001
27.664000
27.536999
27.573000
27.772999
27.630000
27.612001
27.852001
27.807000
27.462000
27.805000
27.580000
27.474000
27.464001
27.426000
27.734000
27.658001
27.666001
27.775000
27.721000
27.628000
27.551000
27.414001
27.407000
27.737000
27.619000
27.543000
27.438999
27.446000
27.482000
27.427000
27.513000
27.837000
27.475000
27.686001
27.387001
27.494000
27.562000
27.629000
27.587000
27.458000
27.501000
27.743001
27.554001
27.404000
27.492000
27.447000
27.640000
27.691000
27.611000
27.860001
27.628000
27.826000
27.534000
27.492000
27.461000
27.529000
27.749000
27.659999
27.510000
27.482999
27.587000
27.425000
27.597000
27.567999
27.551000
27.560000
27.432000
27.602000
27.501000
27.466000
27.474000
27.485000
27.523001
27.480000
27.480001
27.474000
27.519000
27.482000
27.711000
27.474000
27.472001
27.666000
27.560000
27.807000
27.553000
27.389000
27.448000
27.499001
27.476000
27.451000
27.897000
27.475000
27.797000
27.461000
27.612001
27.999001
27.656000
27.553000
27.521000
27.508000
27.435000
27.532000
27.515000
27.691999
27.486000
27.505999
27.690000
27.668000
27.726000
27.632000
27.697000
27.813000
27.479000
27.497000
27.582000
27.788000
27.673000
27.502000
27.597000
27.741000
27.671000
27.595000
27.688000
27.560000
27.616000
27.608000
27.770001
27.769000
27.575999
27.655000
27.304000
27.647000
27.565000
27.515000
27.619000
27.457000
27.722000
27.656999
27.425000
27.488000
27.857000
28.078000
27.418000
27.505000
27.481000
27.576000
27.564000
27.640000
27.865999
27.524999
27.685000
27.570000
27.542001
27.395000
27.547000
27.491000
27.505000
27.551000
27.566000
27.441001
27.414001
28.074000
30.729000
27.826000
27.517000
27.579000
27.644000
27.544000
27.975000
27.535000
27.558000
27.848001
27.499000
27.528000
27.558000
27.559000
27.571999
27.569000
27.887000
27.592000
27.722000
27.380000
27.516000
27.484000
30.859000
27.609000
27.800000
27.566000
27.470000
27.531000
27.512000
27.627000
27.462000
27.672000
27.500999
27.427000
27.456000
27.486000
27.478000
27.627000
27.659000
27.874000
27.659001
27.776000
27.728000
27.546000
31.227000
27.730000
27.478999
27.552000
27.497000
27.482999
27.528000
27.526001
27.474000
27.710000
27.630000
27.730000
27.590000
27.578000
27.549000
27.527001
27.476001
27.373000
27.501999
27.522000
27.526000
27.846000
31.065000
27.496000
27.455000
27.556000
27.332000
27.470000
27.671000
27.819000
27.608000
27.343000
27.478000
27.472000
27.466000
27.737000
27.516000
27.759001
27.606000
27.538001
27.542000
27.559000
27.550000
27.498000
27.377000
27.601000
27.502000
27.475000
27.541000
27.573000
27.488000
27.422000
27.686000
27.855000
27.749000
27.514000
27.535000
27.620000
27.688000
27.641000
27.705000
27.627001
27.884000
27.342000
27.907000
27.483000
27.602999
27.433000
27.608001
27.464000
27.570000
27.555999
27.724001
27.551000
27.388000
27.543999
27.444000
27.523000
27.542000
28.064000
27.501000
27.452000
27.539000
27.531000
27.667000
27.464000
27.439000
27.718000
27.365000
27.497999
27.772999
27.473000
27.450001
28.326999
27.805000
27.629000
27.767001
27.526000
27.490000
27.388000
27.512999
27.485001
27.485000
27.534000
28.012000
27.721000
27.768999
27.579000
27.721001
27.369999
27.489999
27.517000
27.534001
27.580000
27.258000
27.461000
27.594000
27.312000
27.526000
27.754000
27.522000
27.458000
27.512000
27.396000
27.670001
27.478000
27.696000
27.474999
27.674000
27.464001
27.484001
27.813000
27.658000
27.488000
27.472000
27.354000
27.482999
27.414000
27.486000
27.512000
27.452000
27.481000
27.437001
27.368000
27.487000
27.451999
27.357999
27.434000
27.404000
27.586999
27.772999
27.489000
27.443999
27.453001
27.727000
27.488000
27.403000
27.674000
27.662000
27.481999
27.436000
27.436000
27.494000
27.380000
27.848000
27.534000
27.559000
27.687000
27.551000
27.927999
27.530001
27.476000
27.712000
27.470000
27.418001
27.619001
27.490000
27.605999
27.578999
27.602000
27.987001
27.561000
27.513999
27.514000
27.488001
27.660000
27.674001
27.471000
27.525000
27.543000
27.352000
27.565000
27.691000
27.509999
27.483000
27.473000
27.539999
27.698000
27.450000
27.672000
27.660000
27.670000
27.683000
27.685001
27.648000
27.775000
27.496000
27.785000
27.595000
27.661000
28.043999
27.725001
27.762000
27.722000
27.747001
27.593000
27.764000
27.632000
27.604000
27.509000
27.575999
27.618000
27.966000
27.847000
28.068000
27.739000
27.497000
27.532000
27.671000
27.683000
27.833000
27.556000
27.671000
27.555999
27.586000
27.585000
27.873000
27.708001
27.558001
27.697000
27.823000
27.636000
27.521000
27.680000
27.504000
27.503000
27.395000
27.478000
27.508999
27.663000
27.539000
27.465001
27.592001
27.663001
27.575999
27.568000
27.592001
27.507000
27.539999
27.566000
27.457000
27.456000
27.589000
27.978000
27.526001
