80.326000
80.988999
79.124000
78.682000
78.589000
77.467000
78.404999
77.424999
77.737000
77.262000
77.316000
77.644000
77.589000
77.475000
77.346000
77.190000
77.291000
77.250999
77.218999
77.179000
77.395000
77.732000
77.167000
77.303000
77.270000
77.283001
77.177000
77.107999
77.153000
77.707000
77.550000
77.821000
77.183001
77.345001
77.163001
77.284000
77.639000
77.187000
77.213001
77.145000
77.608000
77.351000
77.441000
77.153999
77.240000
77.122999
77.116000
77.273000
77.525000
77.578999
77.173000
77.477000
77.662000
77.122000
77.115000
77.250999
77.148001
77.302000
77.133000
77.122999
77.200000
77.181000
77.310000
77.124001
77.109001
77.121000
77.162000
77.275000
77.232000
77.459999
77.194000
77.123000
77.138000
77.131000
77.211000
77.122000
77.210000
77.153999
77.107000
77.144000
77.256001
77.132001
77.145000
77.142000
77.124001
77.183999
77.137999
77.351000
77.198001
77.118999
77.144000
77.144000
77.346000
77.324000
77.209000
77.129000
77.122000
77.134000
77.453000
77.280001
77.129000
77.377000
77.279001
77.137000
77.115000
77.244000
77.242000
77.270000
77.773000
77.999000
77.595000
77.863000
77.466000
77.124001
77.252001
77.283000
77.197000
77.133001
77.355000
77.122000
77.126000
77.388001
77.744000
77.161999
77.133000
188.585000
77.405000
77.209000
77.672999
77.143000
77.200000
77.245000
77.202000
77.313000
77.334001
77.147000
77.211000
77.370999
77.163001
77.205000
77.134000
77.135000
77.206001
77.418000
77.416000
77.250999
77.118000
77.165000
77.304000
77.175000
77.100000
77.141000
77.127000
77.194001
77.123000
77.137000
77.121001
77.120000
77.133001
77.320999
77.110999
77.144000
77.113000
77.222000
77.347000
77.223999
77.124001
77.114000
77.178000
77.226000
77.182000
77.124001
77.137000
77.380001
77.098000
77.170000
77.262999
77.273000
77.227999
77.314000
77.122000
77.183000
77.386000
77.151000
77.121000
77.138999
77.202001
77.133000
77.164999
77.114000
77.116000
77.125000
77.116000
77.189000
77.167000
77.155001
77.121000
77.119000
77.132000
77.139000
77.124000
77.396000
77.269999
77.134000
77.195000
77.190000
77.328000
77.128000
77.242999
77.141999
77.172000
77.200999
77.144000
77.231000
77.128000
77.150000
77.273999
77.134000
77.143000
77.309000
141.329000
77.292000
77.164001
77.121000
77.134000
77.418000
77.126000
77.118000
77.203000
77.136001
77.184000
77.122000
77.115000
77.125000
77.431001
77.122000
77.128001
77.130000
77.118999
77.311000
77.203000
77.159001
77.124001
77.216000
77.130000
77.368001
77.197000
77.117001
77.179000
77.179000
77.140001
77.138000
77.128001
77.122000
77.297000
77.126999
77.182000
77.146000
77.115000
77.156999
77.117000
77.177000
77.123000
77.178000
77.136000
77.119000
77.150000
77.312000
77.131000
77.187001
77.130000
77.126000
77.133999
77.150000
77.131000
77.141000
77.151000
77.133000
77.329000
77.613999
77.157000
77.115000
77.110000
77.211000
77.105000
77.238000
77.137000
77.125000
77.125000
77.130000
77.186000
77.099999
77.121000
77.321000
77.331000
77.134999
77.122000
77.125999
77.134999
77.265000
77.325000
77.129000
77.139000
77.125000
77.137999
77.141000
77.133001
77.120000
77.238000
77.195000
77.155000
77.138000
77.147000
77.281999
77.145000
77.153000
77.358000
77.203001
77.130000
77.117000
77.250000
77.121000
77.178000
77.324000
77.208000
77.118000
77.140001
77.130000
77.123000
77.114000
77.134999
77.175001
77.142000
77.137000
77.145000
77.218000
77.126999
77.133000
77.135000
77.169999
77.173000
77.110999
77.141000
77.111000
77.140000
77.112000
77.206000
77.141000
77.126000
77.126000
77.148000
77.106000
77.114000
77.229000
77.363000
77.150000
77.147000
77.133000
77.120000
77.147000
77.121001
77.123000
77.131000
77.168000
77.295000
77.118000
77.121000
77.139000
77.125000
77.114000
77.137000
77.118000
77.131000
77.257000
77.137000
77.132001
77.130000
77.152001
77.134000
77.123000
77.129001
77.137000
77.272000
77.230000
77.132000
77.122000
77.121000
77.130000
77.134000
77.126999
77.115000
77.144000
82.443000
77.109000
77.147000
77.153000
77.167000
77.145999
77.133001
77.124001
77.142000
77.172000
77.133000
77.125000
77.157000
77.189000
77.138000
77.140001
77.143000
77.137000
77.119000
99.656000
77.134000
77.122000
77.142000
77.204000
77.153000
77.120000
77.114000
77.130999
77.128000
77.122999
77.120000
77.149000
77.137000
77.119000
77.133000
77.174000
77.111000
77.118000
82.012000
77.207000
77.120000
77.137000
77.138000
77.153000
77.134000
77.138000
77.151000
77.133000
77.162000
77.148000
77.130000
77.125000
77.131000
77.130999
77.157000
77.139000
77.113000
77.114000
77.130000
77.242000
77.098000
77.190000
77.123000
77.180000
77.129000
77.175001
77.143000
77.200999
77.118000
77.126000
77.174000
77.141000
77.135000
77.131000
77.123000
77.120000
77.120000
77.369001
77.206001
77.129000
77.125000
77.140000
77.130000
77.116000
77.238000
77.144000
77.116000
77.132001
77.137000
77.123000
77.190000
77.151000
77.215000
77.106000
77.112000
77.219000
77.337001
77.228000
77.129000
77.269000
77.387000
77.241000
77.167000
77.117000
77.230000
77.141001
77.164000
77.133000
77.201000
77.128000
77.131000
77.229000
77.249000
77.211000
77.145000
77.343999
77.508000
77.304999
77.119000
77.118000
77.100000
77.160000
77.161000
77.112000
77.232000
77.120000
77.134000
77.293999
77.114000
77.119000
77.119000
77.121001
77.121000
77.180000
77.108000
77.143000
77.126000
77.126000
77.153000
77.117000
77.121001
77.125000
77.162000
77.110000
77.121000
77.137000
77.148000
77.119000
77.127000
77.120000
77.129999
77.129001
77.124001
77.368000
77.141000
77.157999
77.109000
77.120000
77.131000
77.171000
77.138000
77.131000
77.164000
77.120000
77.129000
77.130000
77.128000
77.189000
77.121000
77.198000
77.158000
77.114999
100.899000
77.129000
77.118000
77.130000
77.142000
77.128000
77.149999
77.170000
77.144000
77.260000
77.276000
77.140000
77.145000
77.132001
77.191000
77.133000
77.147000
77.133999
77.141999
82.462000
77.119000
77.136000
77.122000
77.164000
77.241000
77.126999
77.132000
77.198001
77.131000
77.138000
77.115000
77.153000
77.130000
77.126000
77.126000
77.129001
77.135000
77.137000
77.118000
77.158000
77.149999
77.126000
77.116000
77.334000
77.152001
77.101001
77.203000
77.143000
77.124001
77.126000
77.131000
77.232000
77.130000
77.135000
77.127000
77.125000
77.138000
77.116000
77.322000
77.166000
77.118999
77.126000
77.169999
77.138000
77.119000
77.124000
77.153000
77.116000
77.114000
77.126000
77.143000
77.139000
77.114999
77.127000
77.211000
77.183000
77.144000
77.151000
77.212000
77.130000
77.281000
77.169000
77.155000
77.160000
77.204000
77.253000
77.163000
77.140000
77.122000
77.140000
77.118000
77.182000
77.122999
77.242000
77.138000
77.134000
77.129000
77.480000
77.145000
77.160000
77.153000
77.138000
77.176000
77.130999
77.161000
77.133999
77.255000
77.200000
77.131000
77.130000
77.137000
77.149000
77.152000
77.130000
77.143000
77.126999
77.273000
77.182001
77.204000
77.132000
77.129000
77.122000
77.258000
77.107000
77.144000
77.203000
77.144000
77.166000
77.138000
77.152000
77.187999
77.237000
77.175000
77.136000
77.149000
77.231000
77.490000
77.164001
77.173000
77.152001
77.166000
77.133000
77.181000
77.158000
77.160000
77.136000
77.147000
77.174000
77.125001
77.141001
77.130000
77.113000
77.129000
77.196999
77.139000
77.176000
77.149000
77.209000
77.127000
77.215000
77.179000
77.137000
77.271000
77.132001
77.243000
77.221001
77.125000
77.159001
77.258000
77.114000
77.132000
77.193000
77.178000
77.190000
77.174000
77.469001
77.200000
77.208000
77.254000
77.152000
77.179000
77.198000
77.172000
77.134000
77.148000
77.121001
77.142000
77.140001
77.144000
77.191000
77.202000
77.141000
77.170000
77.279001
82.697000
77.139000
77.206000
77.149000
77.151000
77.167000
77.158000
77.225000
77.131000
77.131000
77.130000
77.160999
77.134000
77.151000
77.200000
77.217000
77.110000
77.203000
77.168000
77.160001
77.350999
77.155001
77.168000
77.160000
77.161000
77.213001
77.160000
77.145000
77.140000
77.126000
77.147000
77.147000
77.155001
77.136000
77.154000
77.137001
77.143000
77.169000
77.121000
77.153999
77.248000
77.117000
77.164000
77.184000
77.117000
77.110000
77.125000
77.164000
77.135000
77.151000
77.157000
77.130000
77.152001
77.130000
77.136000
77.360000
77.132000
77.120000
77.145999
77.513999
77.130000
77.180999
77.193000
77.188999
77.211000
77.174000
77.202000
77.265000
77.144000
77.199000
77.143000
77.163001
77.155001
77.180000
77.133000
77.164000
77.133000
77.153999
77.136000
77.433000
77.238999
77.180999
77.172999
77.227000
77.254000
77.178000
77.143000
77.223999
77.128000
77.323000
77.212000
77.176000
77.151000
77.128000
77.118000
77.134000
77.180999
77.148000
77.349001
77.250000
77.242000
77.133000
77.130000
77.147000
77.129000
77.157000
77.195000
77.235000
77.158000
77.188000
77.128000
77.184000
77.148000
77.148000
77.164000
77.146000
77.175000
77.152001
77.168000
77.132000
77.312000
77.168000
77.138999
77.149000
77.158000
77.165000
77.179001
77.151000
77.187999
77.165000
77.167001
77.160000
77.180999
77.226000
77.133000
77.163001
77.153999
77.350000
77.186000
77.154000
77.254000
77.161000
77.176000
77.159000
77.376001
77.164999
77.190000
77.165000
77.249000
77.175000
77.192000
77.144000
77.155000
77.207000
77.129001
77.136000
77.179000
77.144001
77.172000
77.188000
77.172000
77.167000
77.326001
77.223000
77.187000
77.149000
77.157000
77.210000
77.140001
77.130000
77.138000
77.187000
77.127000
77.205000
77.157000
77.157000
81.573999
77.114999
77.151000
77.150000
77.167000
77.145000
77.137000
77.297000
77.165000
77.214000
77.141000
77.215000
77.155000
77.230001
77.131000
77.156000
77.174000
77.152000
77.169999
77.153000
77.157000
77.160000
77.168000
77.145000
77.151000
77.173000
77.180000
77.141000
77.203000
77.188000
77.138999
77.205000
77.126000
77.177000
77.157000
77.176000
77.144000
77.149000
77.121000
77.361001
77.193000
77.180000
77.184000
77.161000
77.148001
77.179000
77.244000
77.147000
77.203999
77.138999
77.349000
77.153999
77.187000
77.168999
77.140000
77.122000
77.181000
77.132001
77.188000
77.227000
77.122999
77.172000
77.133001
77.144000
77.233000
77.128001
