136.900000
132.800000
132.820000
132.760000
131.780000
131.400000
132.740000
131.600000
132.220000
132.160000
132.720000
130.940000
132.800000
132.660000
132.780000
132.780000
132.020000
132.820000
132.280000
132.280000
131.920000
133.160000
132.740000
132.540000
132.100000
132.780000
127.160000
132.340000
132.420000
131.500000
132.460000
131.380000
132.880000
131.500000
131.040000
132.740000
131.500000
131.340000
132.660000
132.360000
127.160000
132.360000
133.260000
132.300000
131.020000
132.320000
132.020000
132.820000
133.260000
131.320000
132.620000
131.420000
132.700000
132.940000
130.140000
132.360000
140.160000
132.360000
132.120000
132.960000
127.140000
131.820000
132.740000
132.700000
131.500000
131.460000
131.420000
131.420000
131.380000
132.320000
132.380000
132.300000
132.340000
132.440000
131.400000
132.880000
131.440000
130.960000
131.740000
130.480000
132.740000
132.760000
132.260000
132.380000
132.760000
131.440000
133.120000
132.380000
132.740000
138.100000
127.300000
132.420000
133.260000
131.400000
131.460000
132.700000
131.900000
132.660000
132.340000
132.740000
132.700000
132.820000
132.820000
131.440000
132.740000
130.620000
132.740000
121.720000
132.460000
132.420000
132.120000
132.340000
131.460000
132.580000
132.280000
132.680000
126.280000
131.400000
127.280000
132.740000
131.020000
131.360000
131.980000
129.960000
132.680000
132.700000
132.940000
131.500000
131.600000
131.900000
130.700000
132.820000
132.740000
132.120000
133.140000
132.280000
133.220000
133.180000
132.700000
133.160000
131.400000
132.740000
132.680000
132.780000
132.680000
130.860000
132.940000
132.660000
131.700000
130.660000
131.740000
132.660000
130.960000
131.480000
131.180000
139.260000
131.200000
132.420000
126.780000
132.180000
132.200000
132.660000
132.620000
132.760000
132.300000
132.380000
132.760000
132.320000
132.720000
131.360000
132.760000
132.440000
132.340000
132.400000
132.780000
131.500000
130.960000
131.180000
131.220000
132.360000
132.960000
131.440000
132.380000
132.680000
130.720000
132.780000
133.060000
130.860000
137.780000
130.140000
131.440000
132.060000
131.400000
132.740000
132.760000
132.800000
132.100000
132.740000
131.300000
130.120000
131.400000
131.500000
130.520000
132.420000
130.600000
131.420000
132.740000
131.460000
132.360000
132.800000
130.620000
132.400000
132.780000
132.420000
133.720000
131.420000
132.960000
132.320000
132.280000
131.000000
132.960000
136.140000
132.400000
132.740000
132.320000
132.680000
130.200000
132.420000
132.360000
132.280000
131.860000
131.440000
132.740000
132.020000
132.740000
129.840000
132.100000
132.740000
132.340000
132.720000
132.420000
131.480000
132.740000
132.680000
131.140000
132.980000
131.320000
132.060000
131.380000
131.400000
132.320000
132.120000
131.140000
132.020000
137.260000
132.800000
132.280000
129.940000
132.320000
132.200000
131.440000
132.840000
132.720000
132.320000
131.940000
131.500000
132.460000
133.820000
132.440000
131.400000
132.740000
132.800000
133.220000
132.100000
132.720000
132.720000
131.480000
132.720000
132.300000
134.060000
132.220000
130.680000
131.760000
132.700000
130.860000
131.720000
130.660000
137.880000
132.440000
132.860000
132.360000
132.020000
132.740000
132.640000
132.820000
132.740000
132.740000
132.380000
131.520000
130.460000
132.040000
133.880000
132.700000
129.940000
132.280000
132.340000
132.320000
131.800000
131.780000
130.940000
127.280000
132.900000
132.720000
132.280000
131.200000
132.740000
129.880000
132.680000
132.280000
132.300000
134.520000
131.640000
129.900000
132.160000
133.260000
131.300000
131.460000
132.720000
131.840000
131.000000
132.920000
132.860000
130.660000
132.560000
131.480000
131.520000
132.920000
132.340000
131.400000
131.460000
133.140000
133.560000
130.080000
132.460000
132.680000
131.020000
130.940000
131.340000
132.380000
131.520000
132.760000
123.080000
132.420000
135.480000
130.160000
132.720000
132.820000
129.880000
132.740000
132.340000
132.180000
132.320000
132.360000
131.940000
131.940000
132.360000
132.760000
132.880000
132.300000
131.500000
131.460000
132.720000
132.440000
132.640000
132.680000
131.540000
131.440000
132.760000
132.340000
131.400000
132.640000
131.380000
132.880000
133.440000
131.440000
131.560000
137.980000
132.700000
131.100000
127.280000
131.460000
132.320000
131.500000
132.600000
132.440000
132.380000
132.700000
131.260000
132.700000
132.720000
131.320000
131.640000
132.660000
132.580000
131.420000
131.560000
132.780000
132.760000
132.740000
132.800000
131.900000
131.660000
132.580000
133.440000
132.020000
131.800000
132.460000
131.760000
132.240000
138.200000
132.820000
131.400000
133.060000
131.120000
134.100000
132.400000
131.400000
131.100000
126.900000
132.460000
132.200000
132.960000
134.140000
133.880000
131.420000
132.860000
132.440000
132.320000
132.880000
132.080000
130.800000
132.320000
132.380000
132.460000
130.380000
130.480000
134.180000
130.120000
132.560000
132.740000
133.560000
132.280000
138.160000
132.220000
131.420000
132.220000
132.040000
132.300000
131.300000
131.300000
132.880000
131.480000
132.720000
131.520000
130.740000
138.600000
131.520000
132.380000
131.540000
132.380000
131.500000
132.740000
132.700000
132.340000
132.600000
133.100000
132.900000
132.100000
132.740000
131.380000
130.100000
133.420000
132.680000
131.300000
132.380000
132.500000
131.480000
131.380000
131.460000
132.420000
132.980000
130.220000
132.100000
132.400000
129.940000
132.720000
130.960000
131.180000
136.480000
127.240000
129.960000
132.680000
132.460000
132.340000
133.000000
132.440000
131.500000
132.680000
132.320000
131.420000
132.060000
132.360000
133.880000
133.380000
132.420000
131.480000
132.960000
132.440000
131.500000
130.280000
132.760000
132.460000
132.360000
132.300000
133.820000
132.760000
130.620000
132.740000
127.220000
132.360000
132.740000
133.720000
132.760000
130.680000
132.740000
131.320000
132.740000
132.620000
132.700000
132.380000
133.260000
133.720000
132.720000
131.460000
130.100000
132.440000
132.740000
132.380000
132.420000
132.020000
131.440000
132.060000
132.440000
133.260000
131.500000
130.520000
132.760000
132.740000
132.860000
130.480000
132.700000
130.860000
132.740000
130.480000
137.280000
132.880000
132.380000
129.880000
130.520000
132.320000
132.320000
132.740000
123.080000
129.760000
132.080000
132.300000
131.000000
133.700000
132.760000
132.300000
129.860000
132.720000
131.460000
132.780000
139.940000
132.440000
132.740000
132.940000
132.460000
131.020000
131.460000
133.880000
132.720000
130.940000
132.780000
127.180000
131.440000
137.520000
129.900000
132.720000
130.520000
132.280000
132.800000
132.880000
132.660000
132.340000
132.960000
130.960000
130.640000
132.700000
127.220000
132.400000
127.140000
132.700000
131.440000
132.720000
132.400000
140.200000
132.040000
132.720000
131.440000
132.740000
132.280000
132.680000
132.440000
132.760000
132.760000
130.920000
132.720000
131.440000
132.800000
131.640000
133.000000
132.760000
132.200000
132.740000
132.720000
132.480000
131.440000
132.780000
130.620000
132.100000
132.040000
132.760000
132.760000
132.720000
132.720000
131.500000
133.580000
133.160000
132.220000
131.440000
130.960000
132.740000
132.720000
132.020000
131.420000
131.480000
131.460000
131.540000
132.780000
131.440000
127.460000
139.000000
132.820000
131.560000
132.760000
131.120000
132.400000
133.320000
131.900000
132.420000
132.400000
131.380000
127.300000
131.720000
133.700000
131.500000
131.440000
131.580000
132.300000
132.720000
132.740000
132.000000
131.400000
132.340000
132.760000
133.640000
132.320000
132.920000
131.200000
121.720000
132.740000
127.280000
133.260000
132.480000
132.360000
131.320000
132.760000
132.740000
133.180000
132.740000
132.440000
132.760000
132.280000
130.880000
132.780000
130.900000
132.980000
132.980000
132.620000
132.320000
131.420000
132.740000
130.500000
133.260000
140.000000
132.780000
132.380000
132.940000
131.900000
133.840000
132.300000
130.920000
132.920000
132.320000
132.720000
132.740000
131.920000
138.540000
132.980000
132.740000
131.440000
132.460000
134.000000
132.360000
131.340000
132.400000
132.340000
131.420000
132.740000
130.600000
121.720000
130.660000
132.720000
133.280000
130.500000
131.860000
132.280000
137.480000
131.460000
132.340000
132.760000
132.680000
132.280000
132.740000
132.400000
131.480000
130.500000
133.120000
132.680000
131.480000
135.440000
132.380000
132.280000
131.020000
132.280000
132.340000
131.420000
132.140000
131.500000
132.640000
131.320000
131.480000
131.460000
130.140000
132.440000
130.940000
132.280000
133.060000
132.300000
132.760000
138.460000
132.940000
132.280000
134.060000
132.380000
131.480000
130.980000
134.000000
127.140000
127.180000
131.460000
130.660000
132.760000
132.720000
132.360000
130.980000
121.720000
131.940000
131.420000
131.140000
127.180000
132.320000
127.220000
132.880000
133.120000
132.440000
132.680000
132.800000
131.720000
132.360000
131.480000
132.420000
132.740000
137.240000
132.420000
131.440000
132.940000
131.660000
132.420000
131.900000
132.300000
132.320000
132.320000
133.240000
132.280000
132.760000
132.740000
126.360000
131.160000
130.720000
132.180000
129.940000
131.440000
131.160000
134.060000
131.480000
132.280000
131.440000
133.740000
131.500000
130.960000
131.420000
132.660000
131.420000
132.020000
131.440000
134.680000
132.580000
132.340000
132.300000
131.460000
132.020000
132.100000
132.660000
131.740000
132.620000
131.740000
131.000000
132.740000
132.260000
132.980000
132.440000
132.780000
132.760000
132.440000
132.820000
132.740000
131.960000
133.400000
132.320000
132.040000
131.620000
129.860000
132.460000
131.440000
131.880000
131.440000
132.480000
130.620000
135.180000
132.780000
132.420000
132.440000
132.300000
132.360000
132.060000
132.580000
131.480000
132.620000
130.960000
132.740000
132.740000
132.060000
131.300000
132.940000
131.440000
132.960000
131.160000
130.700000
132.780000
130.140000
131.500000
133.480000
131.080000
130.100000
133.720000
132.740000
132.400000
133.720000
127.140000
132.820000
132.340000
140.040000
131.960000
131.500000
132.580000
127.140000
132.700000
131.480000
133.380000
132.780000
131.560000
123.080000
131.120000
133.180000
132.060000
132.020000
132.740000
132.720000
132.760000
132.700000
130.920000
131.120000
130.940000
132.280000
132.740000
132.620000
131.900000
131.740000
132.620000
132.740000
133.120000
131.440000
132.700000
133.180000
133.920000
132.920000
132.280000
131.780000
133.420000
132.800000
132.740000
132.380000
132.700000
121.720000
131.940000
130.920000
132.320000
131.940000
132.700000
132.480000
132.740000
131.400000
132.280000
127.220000
131.520000
132.340000
132.300000
132.320000
132.880000
132.480000
127.140000
134.100000
131.500000
132.320000
132.720000
132.740000
132.220000
135.020000
132.780000
132.760000
132.740000
132.740000
132.700000
132.320000
131.040000
132.420000
133.320000
132.920000
132.900000
126.300000
132.440000
130.700000
132.420000
132.440000
132.340000
132.940000
131.860000
