2.091000
2.125001
2.081001
2.073001
2.080001
2.178000
2.079999
2.072001
2.079001
2.073001
2.078999
2.073001
2.077000
2.072001
2.077000
2.073001
2.080001
2.072999
2.080001
2.072999
2.078000
2.073001
2.080001
2.072999
2.079001
2.073001
2.077999
2.071001
2.078999
2.073001
2.079999
2.073001
2.078000
2.073001
2.080001
2.073001
2.079999
2.072999
2.077999
2.072999
2.079999
2.072001
2.079999
2.073001
2.092000
2.071999
2.077000
2.071999
2.080001
2.071001
2.078999
2.072001
2.079999
2.071999
2.079001
2.072001
2.078999
2.072001
2.080001
2.072001
2.080001
2.070999
2.078999
2.072999
2.079999
2.071001
2.076998
2.072001
2.079999
2.071999
2.077999
2.071999
2.080001
2.071999
2.079001
2.072001
2.080001
2.072999
2.093000
2.072001
2.085000
2.072001
2.080001
2.071999
2.080001
2.071999
2.097001
2.072001
2.094001
2.071999
2.085999
2.086001
2.079999
2.125999
2.077000
2.071999
2.076000
2.072999
2.079001
2.071999
2.080999
2.072999
2.079999
2.072001
2.079001
2.071999
2.079001
2.072999
2.080001
2.071999
2.079001
2.071999
2.078000
2.072001
2.078000
2.115998
2.079999
2.071999
2.080001
2.072001
2.077000
2.071999
2.081001
2.072001
2.076998
2.072001
2.079999
2.071999
2.079001
2.204001
2.081001
2.093000
2.079001
2.072001
2.079999
2.072001
2.078999
2.092000
2.080001
2.092000
2.080999
2.072999
2.079999
2.073001
2.082000
2.071999
2.077999
2.071999
2.079999
2.071999
2.077999
2.071999
2.079001
2.071999
2.080999
2.071999
2.078000
2.071999
2.079999
2.072001
2.080001
2.372999
2.080999
2.074001
2.102001
2.094999
2.101999
2.107000
2.101999
2.073999
2.102001
2.073999
2.092000
2.095001
2.114000
2.074001
2.102001
2.094999
2.103001
2.095001
2.103001
2.073999
2.104001
2.074001
2.103001
2.115000
2.080999
2.073999
2.113000
2.092000
2.091000
2.095001
2.102001
2.094999
2.102001
2.095001
2.093000
2.095001
2.102001
2.095001
2.111999
2.093000
2.082000
2.073999
2.114000
2.096001
2.102999
2.075002
2.101000
2.095001
2.101999
2.096001
2.101999
2.073999
2.117999
2.107998
2.082000
2.076000
2.100000
2.107000
2.082000
2.095001
2.102999
2.095001
2.101000
2.073999
2.334001
2.107000
2.102999
2.095001
2.082000
2.094999
2.103001
2.085999
2.083000
2.096001
2.102001
2.095001
2.102001
2.094999
2.101999
2.094999
2.100000
2.095001
2.082000
2.073999
2.102001
2.096001
2.101999
2.096001
2.102001
2.095001
2.082000
2.095001
2.101999
2.094999
2.102999
2.107000
2.101999
2.075000
2.079001
2.095001
2.102001
2.095001
2.102001
2.094999
2.103001
2.095001
2.102001
2.095999
2.080999
2.094999
2.116000
2.096001
2.092998
2.094999
2.102001
2.074001
2.100000
2.094999
2.101000
2.094999
2.101999
2.094999
2.080999
2.073999
2.101999
2.114000
2.113000
2.095999
2.102999
2.094999
2.102001
2.114000
2.102999
2.095001
2.114000
2.095999
2.079001
2.095001
2.095001
2.094999
2.082000
2.073999
2.100000
2.095001
2.081001
2.094999
2.103001
2.094999
2.102999
2.096001
2.103001
2.095001
2.101999
2.094999
2.101999
2.074001
2.102999
2.094999
2.102001
2.096001
2.102999
2.095001
2.082000
2.096001
2.102001
2.095001
2.104001
2.096001
2.101000
2.074001
2.100000
2.096001
2.102999
2.095001
2.103001
2.094999
2.103999
2.094999
2.101000
2.096001
2.092000
2.094999
2.100000
2.095001
2.079999
2.094999
2.102001
2.073999
2.101999
2.094999
2.102999
2.073999
2.100000
2.094999
2.103001
2.096001
2.082000
2.094999
2.102001
2.094999
2.102001
2.094999
2.081001
2.073999
2.100000
2.094999
2.108000
2.096001
2.093000
2.094999
2.102001
2.094999
2.111999
2.094999
2.080999
2.074001
2.100000
2.093000
2.092000
2.072999
2.079999
2.095001
2.080999
2.086999
2.082000
2.094001
2.104001
2.095001
2.094001
2.113000
2.113000
2.073999
2.103999
2.073001
2.102999
2.073999
2.103001
2.094001
2.083000
2.094999
2.103001
2.095001
2.082000
2.072999
2.100000
2.094999
2.113001
2.093999
2.101000
2.094999
2.103001
2.095001
2.103001
2.095001
2.080999
2.095001
2.079999
2.092998
2.080999
2.075000
2.102001
2.094001
2.103001
2.094001
2.103001
2.094001
2.112001
2.093999
2.101000
2.074001
2.113000
2.094001
2.080999
2.094001
2.115000
2.094999
2.082000
2.072999
2.102999
2.096001
2.101999
2.092000
2.079001
2.092000
2.081001
2.095001
2.081001
2.072999
2.101999
2.095001
2.092000
2.092000
2.092000
2.073001
2.114000
2.113000
2.082000
2.095001
2.102999
2.073999
2.102999
2.072999
2.078999
2.073999
2.103001
2.074001
2.078999
2.072999
2.098000
2.094999
2.114000
2.114002
2.102001
2.074001
2.082001
2.095001
2.102001
2.094001
2.114000
2.115000
2.100000
2.094001
2.102001
2.095001
2.080999
2.095001
2.102999
2.073001
2.101999
2.094001
2.082000
2.073999
2.103001
2.072999
2.103001
2.094999
2.101999
2.094001
2.103001
2.094001
2.101999
2.095001
2.082001
2.094001
2.113000
2.094001
2.101999
2.094001
2.103001
2.073999
2.102999
2.117001
2.082000
2.095001
2.101999
2.094001
2.079999
2.094999
2.103001
2.095001
2.101000
2.094001
2.100000
2.094001
2.102999
2.073001
2.115000
2.072999
2.113001
2.094001
2.101999
2.095001
2.114000
2.113000
2.101000
2.094001
2.102001
2.073999
2.100999
2.094999
2.113000
2.072999
2.083000
2.113000
2.104001
2.093999
2.114000
2.095001
2.151001
2.094999
2.102001
2.114000
2.100000
2.094999
2.115000
2.093999
2.101000
2.094001
2.101999
2.094001
2.102001
2.072999
2.101999
2.094001
2.080999
2.094001
2.081001
2.073999
2.102001
2.094999
2.080999
2.094001
2.100000
2.073001
2.081001
2.093999
2.081001
2.094999
2.102001
2.093999
2.102001
2.073999
2.080999
2.094001
2.092000
2.093999
2.082000
2.094001
2.080999
2.094001
2.101999
2.073999
2.103001
2.073999
2.102001
2.094001
2.208000
2.093999
2.102001
2.072999
2.103001
2.094001
2.103001
2.072999
2.102001
2.073001
2.103001
2.073001
2.103001
2.093999
2.114000
2.072999
2.101999
2.094001
2.103001
2.095001
2.103001
2.094001
2.102001
2.094001
2.102999
2.072999
2.101999
2.094999
2.103001
2.094001
2.102001
2.073999
2.103001
2.094999
2.102001
2.094001
2.103001
2.094001
2.102001
2.093999
2.081001
2.094999
2.100000
2.118001
2.082000
2.113000
2.080999
2.094001
2.116000
2.094999
2.102001
2.075000
2.103001
2.094001
2.102999
2.107000
2.106000
2.093999
2.114000
2.095001
2.101000
2.093999
2.080999
2.095001
2.102999
2.094999
2.082001
2.095999
2.112001
2.095001
2.100000
2.095001
2.100000
2.094001
2.102001
2.072999
2.103001
2.073001
2.102001
2.092000
2.102999
2.093999
2.101999
2.073999
2.101000
2.114000
2.097001
2.095001
2.080999
2.113000
2.114000
2.094001
2.102999
2.094001
2.102001
2.105001
2.100000
2.094999
2.081001
2.114000
2.082000
2.072999
2.103001
2.072999
2.103001
2.072999
2.101000
2.072999
2.104001
2.111999
2.102001
2.072999
2.115000
2.095001
2.103001
2.094999
2.085000
2.092000
2.114000
2.113000
2.114000
2.114000
2.115000
2.073001
2.080001
2.095001
2.101999
2.073999
2.142001
2.095001
2.100000
2.072999
2.100000
2.073999
2.102001
2.074001
2.103001
2.094999
2.102001
2.075000
2.080999
2.095001
2.102001
2.095001
2.100000
2.095001
2.079001
2.094999
2.102001
2.095001
2.101000
2.075000
2.101999
2.073999
2.103001
2.095001
2.102001
2.073999
2.103001
2.073001
2.101999
2.072999
2.102001
2.095001
2.102001
2.095001
2.103001
2.074001
2.079001
2.095001
2.082000
2.160002
2.082001
2.094001
2.102999
2.094001
2.103001
2.072999
2.101999
2.094001
2.103001
2.072999
2.102999
2.094001
2.103001
2.073999
2.102999
2.183000
2.103001
2.093999
2.115000
2.073999
2.094001
2.094001
2.114000
2.094001
2.100000
2.072999
2.103001
2.072999
2.100000
2.094001
2.079001
2.094001
2.103001
2.072999
2.084000
2.094001
2.101000
2.114000
2.103001
2.094001
2.103001
2.093999
2.186999
2.094001
2.081001
2.073001
2.093000
2.073001
2.102001
2.094001
2.103001
2.094001
2.102001
2.095001
2.103001
2.093999
2.080999
2.072999
2.102999
2.106000
2.102999
2.093999
2.103001
2.094001
2.100000
2.095001
2.079999
2.094001
2.101999
2.073999
2.078999
2.093999
2.102001
2.072999
2.101999
2.094001
2.102001
2.073001
2.103001
2.094001
2.103001
2.072999
2.102001
2.094001
2.114000
2.094001
2.081001
2.094001
2.078000
2.094001
2.101999
2.073001
2.102001
2.093999
2.102001
2.094001
2.102001
2.073999
2.102999
2.094001
2.099998
2.095001
2.101999
2.073999
2.101000
2.095001
2.103001
2.073001
2.101000
2.094001
2.082000
2.093999
2.082000
2.094999
2.102999
2.095001
2.101999
2.072999
2.103001
2.095001
2.081001
2.095001
2.103001
2.094001
2.080999
2.073999
2.099998
2.280999
2.101999
2.073001
2.101000
2.094001
2.103001
2.095001
2.099998
2.104999
2.100000
2.095001
2.103001
2.095001
2.079001
2.095001
2.102001
2.094001
2.114000
2.095001
2.102001
2.095001
2.102001
2.094001
2.103001
2.094001
2.102001
2.114000
2.078999
2.072999
2.101999
2.084000
2.101999
2.095001
2.103001
2.093999
2.102001
2.095001
2.103001
2.095001
2.100000
2.094001
2.081001
2.094001
2.448000
2.073999
2.102001
2.074001
2.100000
2.113000
2.101999
2.072999
2.101000
2.095001
2.102001
2.095001
2.100000
2.095001
2.114000
2.114000
2.102001
2.095001
2.082001
2.095999
2.103001
2.094999
2.079001
2.094999
2.114000
2.094999
2.102999
2.095001
2.101999
2.094999
2.081001
2.095001
2.103001
2.073999
2.102001
2.112001
2.100000
2.073001
2.102001
2.094999
2.101000
2.073999
2.114000
2.094001
2.080999
2.094001
2.103001
2.093999
2.082000
2.094001
2.103001
2.095001
2.100000
2.073999
2.082000
2.093999
2.107000
2.073999
2.100000
2.095001
