596.517000
596.443000
596.503000
596.453000
596.523000
596.461000
596.406000
596.278000
596.497000
596.509000
596.113000
596.566000
596.196000
596.313000
596.075000
596.163000
596.134000
603.186000
596.368000
596.054000
596.241000
596.311000
596.109000
596.349000
596.195000
596.075000
596.186000
596.082000
596.200000
596.365000
596.465000
596.198000
596.205000
596.199000
596.404000
596.409000
596.402000
596.467000
596.394000
596.355000
650.560000
596.367000
596.407000
596.193000
596.542000
596.366000
596.205000
596.182000
596.102000
596.157000
596.215000
596.092000
601.832000
596.416000
596.240000
596.223000
596.301000
596.507000
596.364000
596.176000
596.082000
596.185000
596.107000
596.364000
596.369000
596.128000
596.314000
596.241000
596.136000
596.406000
596.363000
596.255000
596.198000
596.552000
596.299000
601.504000
596.296000
596.167000
596.285000
596.169000
596.106000
596.152000
596.264000
596.088000
596.278000
596.455000
596.111000
643.692000
596.315000
596.615000
596.160000
596.200000
596.091000
596.638000
596.214000
596.205000
596.026000
596.228000
596.215000
596.450000
596.111000
596.152000
596.466000
596.309000
596.310000
596.295000
596.359000
596.238000
596.200000
596.279000
601.897000
596.352000
596.196000
596.424000
596.319000
596.297000
596.205000
596.301000
596.295000
596.425000
596.554000
596.223000
596.153000
596.130000
596.271000
596.491000
596.665000
596.261000
596.304000
596.305000
596.191000
596.259000
596.251000
634.004000
596.410000
596.042000
596.097000
596.639000
596.182000
596.385000
596.059000
596.314000
596.235000
596.233000
596.086000
602.480000
596.167000
596.363000
596.224000
596.233000
596.272000
596.101000
596.187000
596.307000
596.232000
596.096000
596.257000
596.543000
596.211000
596.072000
596.271000
596.143000
596.069000
596.123000
596.206000
596.347000
596.292000
596.375000
602.031000
596.206000
596.114000
596.280000
596.445000
596.221000
596.273000
596.151000
596.152000
596.154000
596.219000
596.324000
639.270000
596.148000
596.266000
596.181000
596.169000
596.179000
596.353000
596.317000
596.160000
596.409000
596.034000
596.306000
596.478000
596.297000
596.301000
596.204000
596.074000
596.044000
596.296000
596.124000
596.311000
596.316000
596.183000
602.920000
596.179000
596.168000
596.162000
596.277000
596.373000
596.303000
596.447000
596.230000
596.268000
596.267000
596.160000
602.021000
596.183000
596.308000
596.148000
596.192000
596.186000
596.113000
596.167000
596.218000
596.558000
596.277000
596.618000
596.182000
596.500000
596.319000
596.150000
596.269000
596.244000
596.252000
596.161000
596.236000
596.232000
596.323000
607.046000
596.369000
596.308000
596.354000
596.526000
596.104000
596.093000
596.518000
596.152000
596.262000
596.043000
596.166000
603.251000
596.058000
596.108000
596.290000
596.176000
596.195000
596.283000
596.402000
596.437000
596.282000
596.295000
602.547000
596.226000
596.614000
596.274000
596.159000
596.294000
596.253000
596.092000
596.216000
596.187000
596.287000
596.268000
644.971000
596.187000
596.216000
596.338000
596.201000
596.090000
596.407000
596.264000
596.180000
596.631000
596.228000
596.247000
596.347000
596.102000
596.243000
596.296000
596.384000
596.234000
596.330000
596.281000
596.724000
596.305000
596.156000
602.499000
596.417000
596.311000
596.116000
596.212000
596.387000
596.372000
596.325000
596.224000
596.002000
596.173000
596.355000
601.616000
596.144000
596.433000
596.295000
596.272000
596.307000
596.147000
596.400000
596.576000
596.236000
596.280000
596.483000
596.521000
596.375000
596.145000
596.318000
596.222000
596.240000
596.134000
596.140000
596.402000
596.226000
596.037000
601.777000
596.404000
596.122000
596.274000
596.338000
596.214000
596.518000
596.060000
596.125000
596.410000
596.280000
596.062000
602.657000
596.253000
596.468000
596.092000
596.242000
596.183000
596.265000
596.285000
596.278000
596.323000
596.313000
596.416000
596.416000
596.424000
596.346000
596.052000
596.136000
596.163000
596.212000
596.177000
596.373000
596.418000
596.237000
636.572000
596.318000
596.138000
596.435000
596.387000
596.165000
596.136000
596.350000
596.248000
596.110000
596.259000
596.220000
601.499000
596.430000
596.259000
596.402000
596.169000
596.314000
596.483000
596.265000
596.176000
596.312000
596.316000
602.024000
596.222000
596.307000
596.457000
596.197000
596.153000
596.115000
596.456000
596.034000
596.125000
596.171000
596.149000
601.928000
596.403000
596.310000
596.197000
596.263000
596.369000
596.300000
596.367000
596.306000
596.408000
596.071000
596.154000
620.826000
596.536000
596.271000
596.271000
596.398000
596.336000
596.164000
596.336000
596.502000
596.232000
596.185000
596.479000
596.300000
596.093000
596.157000
596.682000
596.126000
596.277000
596.395000
596.335000
596.296000
596.391000
596.373000
603.018000
596.223000
596.132000
596.131000
596.177000
596.212000
596.300000
596.214000
596.219000
596.413000
596.124000
596.306000
601.095000
596.164000
596.157000
596.074000
596.213000
596.325000
596.273000
596.227000
596.275000
596.301000
596.252000
596.390000
596.189000
596.132000
596.281000
596.089000
596.223000
596.254000
596.304000
596.195000
596.380000
596.133000
596.193000
601.443000
596.233000
596.547000
596.193000
596.540000
596.367000
596.173000
596.126000
596.065000
596.526000
596.075000
596.121000
600.992000
596.269000
596.286000
596.287000
596.218000
596.188000
596.122000
596.210000
596.215000
596.386000
596.270000
596.060000
596.360000
596.172000
596.328000
596.043000
596.102000
596.239000
596.308000
596.164000
596.258000
596.130000
596.346000
645.025000
596.187000
596.101000
596.082000
596.480000
596.093000
596.145000
596.124000
596.197000
596.123000
596.165000
596.241000
602.086000
596.342000
596.492000
596.140000
596.238000
596.177000
596.333000
596.194000
596.137000
596.146000
596.121000
596.433000
596.238000
596.212000
596.476000
596.405000
596.433000
596.292000
596.304000
596.205000
596.523000
596.516000
596.155000
600.842000
596.391000
596.302000
596.122000
596.197000
596.180000
596.250000
596.335000
596.267000
596.238000
596.098000
596.147000
624.845000
596.287000
596.148000
596.199000
596.561000
596.173000
596.052000
596.109000
595.977000
596.225000
596.341000
596.245000
596.249000
596.243000
596.331000
596.146000
596.198000
596.136000
596.222000
596.234000
596.396000
596.357000
596.177000
602.265000
596.170000
596.328000
596.470000
596.208000
596.095000
596.205000
596.263000
596.137000
596.412000
596.106000
596.259000
601.252000
596.312000
596.523000
596.695000
596.238000
596.086000
596.377000
596.385000
596.374000
596.212000
596.146000
596.201000
596.319000
596.287000
596.319000
596.208000
596.355000
596.227000
596.164000
596.258000
596.148000
596.473000
596.282000
602.173000
596.197000
596.239000
596.301000
596.134000
596.158000
596.261000
596.250000
596.213000
596.235000
596.252000
596.238000
601.946000
596.252000
596.425000
596.209000
596.284000
596.533000
596.248000
596.244000
596.573000
596.108000
596.263000
596.246000
596.258000
596.259000
596.135000
596.205000
596.207000
596.314000
596.093000
596.185000
596.221000
596.151000
596.156000
646.736000
596.418000
596.262000
596.262000
596.192000
596.086000
596.041000
596.191000
596.174000
596.198000
596.372000
595.976000
596.419000
596.163000
596.281000
596.243000
596.150000
596.108000
596.245000
596.109000
596.190000
596.326000
596.138000
602.058000
596.503000
596.178000
596.138000
596.251000
596.268000
596.451000
596.164000
596.344000
596.237000
596.280000
596.451000
601.541000
596.372000
596.224000
596.180000
596.080000
596.189000
596.214000
596.359000
596.294000
596.356000
596.377000
596.273000
624.950000
596.323000
596.175000
596.132000
596.432000
596.382000
596.234000
596.213000
596.176000
596.275000
596.269000
601.912000
596.230000
596.300000
596.412000
596.358000
596.225000
596.161000
596.571000
596.172000
596.472000
596.016000
596.084000
601.596000
596.104000
596.092000
596.396000
596.308000
596.323000
596.073000
596.206000
596.425000
596.143000
596.317000
596.376000
601.160000
596.181000
596.248000
596.132000
596.190000
596.146000
596.186000
596.109000
596.422000
596.248000
596.126000
638.780000
596.166000
596.246000
596.120000
596.312000
596.432000
596.140000
596.153000
596.171000
596.202000
596.039000
596.491000
601.168000
596.137000
596.125000
596.107000
596.245000
596.273000
596.136000
596.116000
596.128000
596.321000
596.139000
596.007000
602.339000
596.356000
596.960000
596.099000
596.174000
596.240000
596.413000
596.319000
596.105000
596.097000
596.178000
601.095000
596.216000
596.194000
596.134000
596.097000
596.363000
596.084000
596.034000
596.153000
596.108000
596.207000
596.086000
621.285000
596.331000
596.295000
596.253000
596.236000
596.498000
596.703000
596.216000
596.332000
596.249000
596.159000
596.238000
601.652000
596.392000
596.113000
596.013000
596.304000
596.272000
596.314000
596.351000
596.529000
596.424000
596.106000
596.245000
596.321000
596.494000
596.229000
596.175000
596.441000
596.263000
596.339000
596.358000
596.095000
596.316000
596.075000
601.598000
596.120000
596.172000
596.266000
596.165000
596.635000
596.423000
596.229000
596.168000
596.250000
596.274000
596.066000
636.466000
596.357000
596.218000
596.141000
596.268000
596.360000
596.151000
596.295000
596.180000
596.208000
596.396000
601.626000
596.162000
596.356000
596.158000
596.113000
596.128000
596.204000
596.160000
596.156000
596.192000
596.317000
596.070000
601.721000
596.135000
596.252000
596.163000
596.152000
596.461000
596.228000
596.131000
596.139000
596.134000
596.396000
596.368000
601.479000
596.290000
596.246000
596.208000
596.423000
596.524000
596.251000
596.118000
596.336000
596.093000
596.029000
639.143000
596.168000
596.462000
596.284000
596.270000
596.338000
596.070000
596.383000
596.576000
596.074000
596.122000
596.172000
602.245000
596.051000
596.475000
596.376000
596.454000
596.153000
596.294000
596.174000
596.017000
596.208000
596.127000
596.136000
596.336000
596.140000
596.197000
596.129000
596.138000
596.157000
596.413000
596.186000
596.084000
596.171000
596.350000
601.149000
596.421000
596.312000
596.377000
596.097000
596.317000
596.195000
596.500000
596.172000
596.235000
596.281000
596.351000
628.846000
596.282000
596.710000
596.333000
596.584000
596.291000
596.185000
596.355000
596.221000
596.094000
596.041000
596.262000
596.532000
596.360000
596.260000
596.300000
596.159000
596.476000
596.247000
596.156000
596.149000
596.154000
596.564000
603.005000
596.418000
596.187000
596.452000
596.164000
596.334000
596.237000
596.100000
596.161000
596.225000
596.249000
596.132000
601.217000
596.373000
596.503000
596.247000
596.236000
596.191000
596.167000
596.190000
596.261000
596.251000
596.143000
596.040000
596.240000
596.192000
596.494000
596.165000
596.157000
596.331000
596.114000
596.216000
596.064000
596.256000
596.188000
602.175000
596.150000
596.186000
596.458000
596.325000
596.323000
596.234000
596.199000
596.118000
596.204000
596.167000
596.273000
601.810000
596.131000
596.279000
596.217000
