0.980001
0.879999
0.920001
0.900000
0.920001
0.900000
0.919998
0.900000
0.919998
0.879999
0.919998
0.879999
0.919998
0.879999
0.960000
0.879999
0.920001
0.900000
0.919998
0.879999
0.920001
0.920001
0.919998
0.900000
0.919998
0.879999
0.939999
0.879999
0.919998
0.900000
0.920001
0.900000
0.939999
0.879999
1.059998
0.879999
0.920001
0.879999
1.060002
0.920001
0.919998
0.879999
0.900000
0.879999
0.919998
0.900000
0.920001
0.879999
0.920001
0.879999
0.919998
0.900000
0.920001
0.860002
0.919998
0.900000
0.899997
0.900000
0.920001
0.879999
0.919998
0.879999
0.920001
0.879999
0.899997
0.879999
0.900000
1.040000
0.939999
0.879999
0.900000
0.879999
0.919998
0.879999
0.919998
0.900000
0.920001
0.900000
0.920001
0.900000
0.919998
0.900000
0.920001
0.879999
0.920001
0.880003
0.940003
0.900000
0.919998
0.900000
0.920001
0.879999
0.940003
0.879999
0.919998
0.919998
0.920001
0.900000
0.920001
0.939999
0.939999
0.900000
0.900000
0.859998
0.920001
0.880003
0.900000
0.900000
0.920001
0.879999
0.920001
0.879999
0.919998
0.879999
0.900000
0.900000
0.919998
0.879999
0.900000
0.900000
0.919998
0.900000
0.919998
0.879999
0.920001
0.879999
0.900000
0.879999
0.920001
0.899997
0.920001
1.040000
0.900000
0.919998
0.920001
0.900000
0.919998
0.879999
0.919998
0.900000
0.920001
0.900000
0.939999
0.879999
0.900000
0.879999
0.939999
0.879999
0.919998
0.880003
0.920001
0.879999
0.900000
0.880003
0.919998
0.880003
0.900000
0.879999
0.919998
0.879999
0.900000
0.900000
0.920001
0.879999
0.919998
0.900000
0.920001
0.900000
0.920001
0.879999
0.900000
0.900000
0.919998
0.900000
0.920001
0.880003
0.940003
0.880003
0.939999
0.900000
0.920001
0.879999
0.900000
0.900000
0.919998
0.900000
0.920001
0.900000
0.940003
0.900000
0.920001
0.879999
0.920001
0.879999
0.920001
0.900000
0.920001
0.900000
0.920001
0.879999
0.920001
0.900000
0.920001
0.879999
0.919998
0.880003
0.900000
0.879999
0.919998
0.899997
0.900000
0.879999
0.919998
0.900000
0.939999
0.900000
0.920001
0.900000
0.900000
0.900000
0.900000
0.920001
0.919998
0.920001
0.900000
0.880003
0.900000
0.900000
0.920001
0.900000
1.060002
0.879999
0.940003
0.900000
0.920001
0.879999
0.939999
0.880003
0.900000
0.899997
0.900000
0.879999
0.919998
0.880003
0.900000
0.879999
0.900000
0.900000
0.920001
0.900000
0.919998
0.879999
0.919998
0.900000
0.920001
0.880003
0.919998
0.900000
0.920001
0.900000
0.939999
0.879999
0.920001
0.879999
0.920001
0.880003
0.900000
0.900000
0.900000
0.879999
0.920001
0.879999
0.920001
0.960000
0.900000
0.880003
0.920001
0.879999
0.900000
0.879999
0.920001
0.900000
0.919998
0.900000
0.920001
0.900000
0.899997
0.879999
0.920001
0.879999
0.900000
0.900000
0.919998
0.900000
0.920001
0.899997
0.920001
0.900000
0.919998
0.880003
0.900000
0.879999
0.920001
0.900000
0.919998
0.879999
0.919998
0.899997
0.919998
0.879999
0.919998
0.880003
0.900000
0.900000
0.920001
0.919998
0.900000
0.879999
0.920001
0.920001
0.920001
0.900000
0.919998
1.199998
0.940003
0.879999
0.920001
0.900000
0.939999
0.900000
0.900000
0.920001
1.040000
0.900000
0.920001
0.879999
0.920001
0.900000
0.920001
0.879999
0.900000
0.879999
0.900000
0.879999
0.920001
0.900000
0.920001
0.900000
0.900000
0.879999
0.919998
0.879999
0.920001
0.900000
0.900000
0.879999
0.919998
0.899997
0.919998
0.879999
0.900000
0.879999
0.920001
0.900000
0.900000
0.879999
0.900000
0.879999
0.920001
0.879999
0.919998
0.879999
0.920001
0.879999
0.920001
0.900000
0.939999
0.880003
0.920001
0.900000
0.920001
0.900000
0.900000
0.879999
0.900000
0.879999
0.920001
0.840001
0.920001
0.900000
0.919998
0.879999
0.919998
0.900000
0.920001
0.879999
0.899997
0.879999
0.919998
0.900000
0.919998
0.900000
0.919998
0.900000
0.919998
0.900000
0.920001
0.879999
0.900000
0.879999
0.919998
0.900000
0.900000
0.900000
0.920001
0.879999
0.920001
0.900000
0.920001
0.900000
0.919998
0.879999
0.920001
0.879999
0.919998
0.920001
0.920001
0.879999
0.920001
0.920001
0.920001
0.879999
0.920001
0.879999
0.940003
0.880003
0.900000
0.900000
0.939999
0.879999
0.939999
0.879999
0.900000
0.900000
0.920001
0.879999
0.940003
0.920001
0.900000
0.879999
0.919998
0.900000
0.939999
0.920001
0.919998
0.900000
0.920001
0.879999
0.920001
0.920001
0.920001
0.900000
0.919998
0.939999
0.920001
0.900000
0.920001
0.919998
0.940003
0.879999
0.920001
0.879999
0.919998
0.879999
0.920001
0.880003
0.919998
0.880003
0.939999
0.880003
0.919998
0.900000
0.919998
0.900000
0.919998
0.900000
0.919998
0.900000
0.919998
0.879999
0.920001
0.880003
0.919998
0.880003
0.900000
0.880003
0.919998
0.900000
0.920001
0.879999
0.940003
0.919998
0.920001
0.879999
0.920001
0.879999
0.920001
0.880003
0.900000
0.879999
0.920001
0.900000
0.919998
0.880003
0.919998
0.900000
0.920001
0.879999
0.939999
0.879999
0.920001
0.900000
0.920001
0.900000
0.920001
0.900000
0.900000
0.900000
0.900000
0.900000
0.920001
0.900000
0.920001
0.879999
0.919998
0.879999
0.900000
0.880003
0.919998
0.880003
0.919998
0.879999
0.920001
0.879999
0.920001
0.879999
0.920001
0.879999
0.939999
0.880003
0.940003
0.879999
0.900000
0.900000
0.920001
0.880003
0.879999
0.879999
0.920001
0.900000
0.920001
0.900000
0.920001
0.900000
0.900000
0.900000
0.900000
0.880003
0.919998
0.879999
0.900000
0.900000
0.920001
0.900000
0.900000
0.900000
0.900000
0.879999
0.920001
1.140002
0.920001
0.900000
0.920001
0.900000
0.900000
0.880003
0.920001
0.880003
0.919998
0.900000
0.919998
0.899997
0.919998
0.879999
0.920001
0.879999
0.940003
0.879999
0.919998
0.879999
0.920001
0.879999
0.919998
0.879999
0.900000
0.879999
0.920001
0.900000
0.920001
0.899997
0.920001
0.879999
0.900000
0.879999
0.920001
0.880003
0.920001
0.920001
0.939999
0.900000
0.939999
0.880003
0.920001
0.900000
0.900000
0.879999
0.900000
0.900000
0.919998
0.879999
0.920001
0.879999
0.940003
0.880003
0.900000
0.899997
0.940003
0.879999
0.940003
0.879999
0.900000
0.900000
0.919998
0.900000
0.899997
0.879999
0.920001
0.900000
0.900000
0.920001
0.900000
0.900000
0.899997
0.900000
0.920001
0.900000
0.919998
0.879999
0.919998
0.879999
0.920001
0.859998
0.900000
0.879999
0.919998
0.880003
0.900000
0.879999
0.919998
0.879999
0.900000
0.879999
0.920001
0.880003
0.900000
0.879999
0.900000
0.900000
0.900000
0.879999
0.920001
0.879999
0.920001
0.900000
0.919998
0.900000
0.920001
0.879999
0.900000
0.879999
0.920001
0.900000
0.920001
0.899997
0.900000
0.879999
0.900000
0.879999
0.900000
0.879999
0.919998
0.899997
0.920001
0.879999
0.920001
0.880003
0.919998
0.900000
0.939999
0.879999
0.919998
0.900000
0.920001
0.879999
0.919998
0.880003
0.900000
0.879999
0.900000
0.879999
0.919998
0.879999
0.900000
0.900000
0.919998
0.899997
0.920001
0.900000
0.920001
0.879999
0.920001
0.879999
0.920001
0.879999
0.920001
0.879999
0.919998
0.879999
0.900000
0.900000
0.920001
0.900000
0.900000
0.879999
0.940003
0.880003
0.920001
0.880003
0.939999
0.900000
0.900000
0.879999
0.920001
0.879999
0.900000
0.900000
0.939999
0.900000
0.900000
0.900000
0.939999
0.880003
0.900000
0.879999
0.900000
0.900000
0.900000
0.879999
0.920001
0.879999
0.920001
1.040000
0.920001
0.879999
0.919998
0.900000
0.939999
0.879999
0.920001
0.900000
0.919998
0.900000
0.920001
0.900000
0.920001
0.879999
0.899997
0.900000
0.920001
0.900000
0.960000
0.900000
0.920001
0.879999
0.900000
0.900000
0.900000
0.879999
0.919998
0.879999
0.900000
0.880003
0.920001
0.900000
0.920001
0.879999
0.900000
0.880003
0.980001
0.879999
0.900000
0.880003
0.960000
0.880003
0.920001
0.899997
0.920001
0.879999
0.920001
0.900000
0.900000
0.900000
0.920001
0.879999
0.920001
0.879999
0.919998
0.880003
0.920001
0.900000
0.900000
0.879999
0.900000
0.900000
0.920001
0.919998
0.920001
0.879999
0.920001
0.880003
0.920001
0.879999
0.900000
0.879999
0.920001
0.879999
0.919998
0.879999
0.920001
0.900000
0.919998
0.879999
0.920001
0.879999
0.919998
0.880003
0.919998
0.900000
0.920001
0.879999
0.920001
0.939999
0.919998
0.880003
0.900000
0.900000
0.919998
0.879999
0.900000
0.879999
0.940003
0.879999
0.919998
0.879999
0.919998
0.879999
0.900000
0.879999
0.920001
0.899997
0.900000
0.879999
0.920001
0.900000
0.920001
0.879999
0.900000
0.879999
0.919998
0.879999
0.919998
0.900000
0.919998
0.880003
0.920001
0.900000
0.920001
0.900000
0.919998
1.019999
0.900000
0.879999
0.900000
0.879999
0.900000
0.879999
0.920001
0.880003
0.920001
0.879999
0.920001
0.880003
0.919998
0.900000
0.900000
0.900000
0.900000
0.900000
0.920001
0.880003
0.919998
0.879999
0.919998
0.900000
0.939999
0.900000
0.920001
0.879999
0.900000
0.879999
0.919998
0.900000
0.900000
0.879999
0.940003
0.900000
0.920001
0.900000
0.920001
0.879999
0.919998
0.899997
0.899997
0.879999
0.919998
0.879999
0.940003
0.879999
0.900000
0.879999
0.940003
0.879999
0.900000
0.900000
0.919998
0.920001
0.919998
0.880003
0.900000
0.900000
0.940003
0.880003
0.919998
1.200002
0.939999
0.900000
0.920001
0.900000
0.919998
0.879999
0.920001
0.919998
0.920001
0.879999
0.920001
0.900000
0.919998
0.879999
0.919998
0.879999
0.920001
0.879999
0.920001
0.900000
0.920001
0.879999
0.939999
0.879999
0.919998
0.900000
0.919998
0.879999
0.920001
0.900000
0.900000
0.879999
0.920001
0.879999
0.919998
0.879999
