2.441000
2.438000
2.429000
2.429999
2.427000
2.432000
2.415000
2.431000
2.415000
2.430000
2.415000
2.433000
2.414000
2.414000
2.413999
2.416000
2.414000
2.412001
2.415000
2.413000
2.413999
2.414000
2.415000
2.415000
2.416000
2.414000
2.415000
2.435001
2.414000
2.416000
2.415000
2.435000
2.414000
2.417000
2.415000
2.435000
2.415000
2.414000
2.415000
2.431000
2.414000
2.416000
2.415000
2.413000
2.468000
2.436000
2.415000
2.437999
2.414000
2.433000
2.416000
2.413000
2.415000
2.414000
2.415000
2.436000
2.414000
2.433000
2.416000
2.549000
2.414000
2.441000
2.418000
2.458001
2.415000
2.415000
2.416001
2.416000
2.414000
2.415000
2.416000
2.420001
2.413999
2.459000
2.414000
2.415000
2.463000
2.434000
2.414000
2.432000
2.413999
2.441000
2.415000
2.413000
2.413000
2.433000
2.413000
2.415000
2.413000
2.459000
2.413000
2.413000
2.414000
2.413000
2.435000
2.437000
2.414000
2.415000
2.414000
2.434000
2.414000
2.453000
2.414000
2.416000
2.414000
2.433000
2.414000
2.433000
2.413000
2.484000
2.417000
2.470000
2.413000
2.435000
2.413000
2.439000
2.415000
2.413000
2.417000
2.470000
2.415000
2.433000
2.413999
2.436000
2.415000
2.414000
2.413000
2.493001
2.415000
2.413000
2.415000
2.495000
2.436000
2.436000
2.414000
2.415000
2.417000
2.415000
2.413000
2.416000
2.413000
2.414000
2.413000
2.438000
2.413000
2.455001
2.413000
2.415000
2.413000
2.414000
2.413000
2.433999
2.413000
2.434000
2.413000
2.459000
2.413000
2.433000
2.417000
2.415000
2.414000
2.434000
2.413000
2.416000
2.413000
2.432000
2.415000
2.438000
2.415000
2.413000
2.414000
2.458000
2.413000
2.416001
2.415000
2.415000
2.415000
2.413000
2.413000
2.413000
2.417000
2.431001
2.415000
2.416001
2.417000
2.472000
2.415000
2.415000
2.415000
2.434000
2.415000
2.444000
2.415000
2.413000
2.415000
2.434000
2.415000
2.415000
2.415000
2.415000
2.415000
2.416000
2.415000
2.415000
2.415000
2.491000
2.435001
2.416000
2.413000
2.435000
2.415000
2.435000
2.413000
2.433000
2.413000
2.412000
2.415000
2.471000
2.415000
2.413000
2.415000
2.415000
2.415000
2.493001
2.415000
2.413999
2.415000
2.434000
2.415000
2.436000
2.413000
2.416000
2.415000
2.414000
2.415000
2.436000
2.414000
2.414000
2.413000
2.458000
2.436000
2.453000
2.413000
2.414000
2.415000
2.433999
2.415000
2.432001
2.415000
2.413000
2.417000
2.415000
2.413000
2.415000
2.413000
2.416001
2.413000
2.435000
2.413000
2.436000
2.413000
2.413000
2.415000
2.416000
2.413000
2.415000
2.413000
2.434000
2.413000
2.437999
2.413000
2.413000
2.415000
2.413000
2.415000
2.436000
2.417000
2.413000
2.429000
2.413000
2.413000
2.413999
2.415000
2.413000
2.415000
2.458000
2.415000
2.434000
2.415000
2.433000
2.417000
2.415000
2.415000
2.413000
2.414000
2.433999
2.416000
2.434000
2.414000
2.470001
2.415000
2.415000
2.413000
2.470000
2.417000
2.458001
2.415000
2.413000
2.415000
2.415000
2.413000
2.413999
2.413000
2.422000
2.413000
2.419000
2.413000
2.439000
2.413000
2.415000
2.414000
2.433999
2.413000
2.437000
2.413000
2.414000
2.413000
2.416001
2.413000
2.433000
2.413000
2.415000
2.413000
2.415000
2.413000
2.436000
2.413000
2.433999
2.415000
2.413000
2.413000
2.432999
2.417000
2.434000
2.413000
2.439001
2.416000
2.415000
2.413000
2.414000
2.413000
2.414000
2.413000
2.433999
2.413000
2.434000
2.413000
2.414000
2.413000
8.429000
2.439000
2.414000
2.413999
2.434000
2.415000
2.471000
2.414000
2.416001
2.416000
2.439001
2.415000
2.414000
2.416000
2.437999
2.415000
2.433000
2.430000
2.432000
2.414000
2.435000
2.414000
2.414000
2.414000
2.413000
2.414000
2.440999
2.413999
2.435001
2.414000
2.415000
2.416001
2.435000
2.414000
2.414000
2.414000
2.415000
2.415000
2.414000
2.414000
2.414000
2.416001
2.413999
2.416000
2.416000
2.414000
2.416000
2.413999
2.413000
2.414000
2.416000
2.414000
2.413999
2.418000
2.413999
2.438000
2.442000
2.414000
2.433999
2.415000
2.458000
2.414000
2.442000
2.429999
2.434000
2.413999
2.433999
2.414000
2.416000
2.413000
2.470001
2.414000
2.435000
2.415000
2.464000
2.414000
2.415000
2.416000
2.465000
2.414000
2.413000
2.428000
2.466000
2.414000
2.459000
2.414000
2.414000
2.418000
2.456000
2.432000
2.413000
2.416000
2.458000
2.416000
2.432000
2.415000
2.493001
2.415000
2.418000
2.414000
2.431000
2.414000
2.434000
2.413999
2.470001
2.416000
2.432000
2.414000
2.415000
2.414000
2.432999
2.416000
2.471000
2.414000
2.416000
2.435000
2.416000
2.422000
2.464000
2.416000
2.490000
2.414000
2.412000
2.414000
2.460000
2.413999
2.416000
2.415000
2.413999
2.416000
2.437000
2.416000
2.415000
2.415000
2.413000
2.415000
2.414000
2.415000
2.435001
2.413999
2.433999
2.416000
2.433000
2.417000
2.444000
2.415000
2.430000
2.414000
2.416001
2.414000
2.435000
2.414000
2.435000
2.414000
2.434000
2.415000
2.414000
2.415000
2.413000
2.421000
2.433999
2.415000
2.433999
2.415000
2.435000
2.414000
2.455000
2.414000
2.415000
2.414000
2.432999
2.430000
2.414000
2.414000
2.415000
2.414000
2.415000
2.414000
2.434000
2.415000
2.456000
2.414000
2.458000
2.416000
2.439000
2.413999
2.416000
2.415000
2.464000
2.414000
2.458000
2.429999
2.434000
2.416001
2.460999
2.414000
2.460000
2.413000
2.433000
2.413999
2.467000
2.414000
2.464999
2.428000
2.465000
2.413999
2.413000
2.413999
2.434000
2.414000
2.432000
2.413999
2.415000
2.415000
2.432999
2.414000
2.459000
2.414000
2.442000
2.414000
2.414000
2.416000
2.413000
2.414000
2.416000
2.414000
2.458000
2.414000
2.464000
2.416000
2.414000
2.414000
2.507000
2.416001
2.460000
2.414000
2.413000
2.414000
2.434000
2.414000
2.433000
2.414000
2.433999
2.415000
2.435000
2.415000
2.432000
2.414000
2.415000
2.416000
2.458001
2.414000
2.436000
2.414000
2.433999
2.416000
2.466001
2.414000
2.457000
2.414000
2.433000
2.440000
2.413000
2.414000
2.415000
2.415000
2.433000
2.414000
2.436000
2.413999
2.441000
2.416001
2.435000
2.414000
2.416001
2.414000
2.459001
2.414000
2.435000
2.414000
2.433000
2.413999
2.416000
2.413999
2.435000
2.415000
2.465000
2.414000
2.460000
2.415000
2.435000
2.413999
2.459000
2.414000
2.436000
2.414000
2.436000
2.414000
2.414000
2.414000
2.435000
2.414000
2.433000
2.415000
2.471000
2.433999
2.470001
2.417000
2.455000
2.414000
2.436000
2.413999
2.437999
2.416000
2.493000
2.414000
2.417000
2.433999
2.471000
2.414000
2.413000
2.414000
2.416000
2.414000
2.416000
2.435001
2.414000
2.413999
2.415000
2.416000
2.415000
2.413999
2.415000
2.414000
2.435000
2.415000
2.413000
2.428000
2.412001
2.414000
2.433000
2.414000
2.416000
2.435001
2.465000
2.413999
2.413000
2.435000
2.432999
2.414000
2.433000
2.416001
2.415000
2.414000
2.416000
2.414000
2.489001
2.430000
2.414000
2.414000
2.415000
2.414000
2.433000
2.414000
2.435000
2.414000
2.435000
2.413999
2.442000
2.416001
2.433999
2.416000
2.416000
2.416001
2.464999
2.413999
2.432000
2.414000
2.444000
2.416000
2.434000
2.416000
2.464000
2.414000
2.466000
2.414000
2.439000
2.416001
2.433000
2.416000
2.414000
2.414000
2.435001
2.414000
2.433999
2.416000
2.415000
2.414000
2.433999
2.414000
2.435001
2.416000
2.439000
2.414000
2.465000
2.416000
2.413000
2.414000
2.416000
2.414000
2.413000
2.432000
2.415000
2.414000
2.416000
2.414000
2.414000
2.414000
2.435000
2.414000
2.433000
2.414000
2.458000
2.414000
2.433000
2.414000
2.431001
2.414000
2.498000
2.414000
2.416000
2.414000
2.414000
2.414000
2.415000
2.414000
2.413999
2.413999
2.465000
2.414000
2.485000
2.428999
2.505000
2.436000
2.465000
2.414000
2.414000
2.415000
2.472000
2.414000
2.436000
2.416000
2.415000
2.416001
2.416000
2.415000
2.412000
2.416000
2.464000
2.415000
2.414000
2.414000
2.459000
2.414000
2.414000
2.413999
2.414000
2.415000
2.414000
2.416000
2.493000
2.414000
2.413000
2.413999
2.413999
2.413999
2.466001
2.415000
2.464000
2.416001
2.415000
2.414000
2.414000
2.416000
2.436000
2.414000
2.415000
2.415000
2.415000
2.414000
2.415000
2.415000
2.433999
2.416000
2.436000
2.413999
2.435000
2.414000
2.415000
2.436000
2.435001
2.414000
2.415000
2.414000
2.434000
2.413999
2.433000
2.413999
2.415000
2.414000
2.433999
2.414000
2.459000
2.414000
2.435000
2.415000
2.436000
2.522000
2.433999
2.442000
2.412000
2.417000
2.462000
2.414000
2.416000
2.416000
2.540000
2.414000
2.434000
2.414000
2.413999
2.414000
2.412001
2.414000
2.433000
2.414000
2.434000
2.415000
2.434000
2.416001
2.434000
2.414000
2.432000
2.414000
2.417000
2.416000
2.413000
2.414000
2.436000
2.413999
2.434000
2.416000
2.415000
2.414000
2.438000
2.436000
2.416000
2.430000
2.440999
2.414000
2.414000
2.414000
2.434000
2.414000
2.441000
2.418000
2.458000
2.414000
2.436000
2.414000
2.437999
2.413999
2.434000
2.414000
2.415000
2.429999
2.444000
2.416000
2.413999
2.414000
2.434000
2.439000
2.470000
2.432000
2.435000
2.414000
2.413000
2.436000
2.412000
2.413999
2.458000
2.414000
2.413999
2.435000
2.437000
2.435000
2.433999
2.416000
2.416001
2.416001
2.415000
2.413999
2.416000
2.414000
2.435001
2.413999
2.414000
2.414000
2.417000
2.414000
2.456000
2.430000
2.415000
2.413999
2.413999
2.416000
2.417000
2.429999
2.458001
2.414000
2.434000
2.413999
2.416000
2.414000
2.416000
2.414000
2.487999
2.414000
2.436000
2.416001
2.434000
2.414000
2.435000
2.414000
2.464000
2.433999
2.415000
2.416000
2.414000
2.414000
2.415000
