0.190999
0.176001
0.158999
0.134001
0.143001
0.135001
0.141999
0.134001
0.143001
0.134999
0.141999
0.135999
0.143001
0.140000
0.173001
0.165001
0.174001
0.138002
0.143999
0.135999
0.142001
0.134999
0.141999
0.136999
0.143999
0.137001
0.141999
0.134001
0.144001
0.134999
0.142001
0.135999
0.143001
0.135001
0.142001
0.134001
0.142001
0.166001
0.142999
0.139000
0.142001
0.135001
0.141999
0.163000
0.171000
0.164999
0.142001
0.138000
0.173001
0.138000
0.143001
0.134001
0.142999
0.135001
0.144999
0.134001
0.173001
0.135999
0.141999
0.133000
0.144999
0.140000
0.142001
0.134001
0.141999
0.138000
0.175001
0.164000
0.143001
0.136001
0.144999
0.136999
0.172000
0.139000
0.143999
0.138000
0.142001
0.136999
0.144999
0.164999
0.141999
0.136001
0.142001
0.165001
0.143001
0.137001
0.171000
0.132998
0.171999
0.169000
0.172000
0.168001
0.171000
0.165001
0.174001
0.164999
0.171999
0.164000
0.178000
0.166001
0.172000
0.165001
0.171000
0.163000
0.171000
0.166999
0.171000
0.165999
0.173999
0.167999
0.172000
0.166999
0.173999
0.167001
0.172000
0.166001
0.172000
0.166001
0.172000
0.166001
0.171000
0.167999
0.172000
0.164999
0.171999
0.165001
0.171000
0.163000
0.172999
0.166001
0.173001
0.165001
0.174001
0.164000
0.171000
0.164000
0.171000
0.165001
0.171000
0.165999
0.175001
0.168001
0.174001
0.167001
0.171000
0.164000
0.172000
0.167001
0.173999
0.166001
0.171999
0.164000
0.172000
0.172999
0.175999
0.165001
0.171000
0.166001
0.172000
0.165001
0.175001
0.166001
0.174999
0.164000
0.171000
0.165001
0.172000
0.164000
0.172000
0.165001
0.171000
0.163998
0.171000
0.164000
0.172000
0.165001
0.172000
0.166001
0.172000
0.165001
0.171000
0.165001
0.171000
0.172000
0.171999
0.165999
0.171000
0.164000
0.172000
0.165001
0.172000
0.164000
0.171000
0.166001
0.171000
0.163000
0.173999
0.164000
0.173999
0.167001
0.172000
0.164000
0.173999
0.165999
0.172000
0.164999
0.172000
0.164000
0.174001
0.165001
0.172000
0.165001
0.172000
0.167999
0.171999
0.164000
0.171000
0.164999
0.171000
0.163000
0.173999
0.165001
0.171000
0.164000
0.172000
0.164000
0.172000
0.165001
0.172000
0.166999
0.174999
0.165001
0.172999
0.164999
0.172000
0.163998
0.174001
0.167999
0.174001
0.164999
0.170998
0.163998
0.174001
0.164000
0.171999
0.164999
0.171999
0.167001
0.172999
0.165001
0.171000
0.164000
0.172000
0.165999
0.172999
0.164000
0.172000
0.165001
0.172000
0.164999
0.173999
0.167001
0.172000
0.165001
0.174001
0.166001
0.171000
0.166001
0.173999
0.169000
0.171000
0.165001
0.171000
0.165001
0.173001
0.164999
0.172000
0.167999
0.172000
0.164000
0.171000
0.167999
0.171000
0.164999
0.170998
0.171000
0.171000
0.165001
0.173999
0.164999
0.175999
0.165001
0.171000
0.165001
0.172000
0.165001
0.172000
0.166999
0.171000
0.164000
0.172000
0.169000
0.172000
0.164999
0.171000
0.165001
0.171000
0.164999
0.170998
0.164999
0.174001
0.169000
0.172999
0.166001
0.172999
0.164999
0.173001
0.166001
0.171000
0.167001
0.171000
0.164999
0.172000
0.165001
0.172000
0.165999
0.174999
0.167001
0.172000
0.169002
0.173001
0.164000
0.171000
0.164000
0.172000
0.165001
0.174999
0.165999
0.172000
0.165001
0.171000
0.165001
0.171999
0.164000
0.172000
0.165999
0.171000
0.164000
0.172000
0.164000
0.173999
0.164000
0.172000
0.165999
0.179000
0.163998
0.172000
0.164999
0.173999
0.167001
0.174001
0.164000
0.172000
0.164999
0.174001
0.164999
0.174999
0.163000
0.171000
0.166999
0.171000
0.164000
0.171000
0.166999
0.171999
0.164000
0.144999
0.136999
0.172000
0.165001
0.172999
0.166001
0.172999
0.165001
0.172000
0.165999
0.171000
0.165001
0.171999
0.171000
0.171000
0.164000
0.171000
0.164000
0.172000
0.164000
0.172000
0.164000
0.172999
0.164999
0.172000
0.167001
0.171000
0.166999
0.172000
0.165001
0.172000
0.164000
0.173001
0.166001
0.172000
0.164999
0.174001
0.165001
0.172999
0.165001
0.172000
0.167999
0.174999
0.165001
0.172000
0.166001
0.171000
0.164000
0.171000
0.164999
0.171000
0.165999
0.174001
0.166001
0.172000
0.163998
0.172999
0.166999
0.172000
0.164999
0.171999
0.167001
0.171999
0.171999
0.174999
0.166001
0.171000
0.165001
0.174999
0.165001
0.174999
0.163998
0.175999
0.165001
0.173999
0.164000
0.175001
0.167999
0.171000
0.167001
0.174001
0.166999
0.172000
0.165001
0.174001
0.167999
0.171000
0.165001
0.172000
0.165999
0.171999
0.166999
0.174999
0.165001
0.171999
0.165001
0.173999
0.165999
0.172999
0.168001
0.173001
0.164999
0.171000
0.164000
0.172000
0.167999
0.173999
0.164999
0.172000
0.168001
0.144999
0.136999
0.141000
0.164999
0.144999
0.134001
0.144999
0.136001
0.142999
0.135001
0.143999
0.138000
0.145001
0.136001
0.144999
0.135001
0.141999
0.134999
0.142001
0.136001
0.143999
0.135999
0.142001
0.134001
0.142001
0.136001
0.143001
0.136001
0.143001
0.133999
0.143001
0.139000
0.142999
0.135999
0.142001
0.138002
0.143001
0.135001
0.142999
0.142001
0.144999
0.133999
0.142999
0.139000
0.172000
0.167001
0.141999
0.164000
0.143001
0.134001
0.142001
0.135001
0.144999
0.134001
0.141999
0.165001
0.143001
0.134001
0.144999
0.134999
0.143001
0.165001
0.144999
0.138002
0.142999
0.164000
0.142999
0.134001
0.143001
0.134999
0.142001
0.134999
0.142001
0.132998
0.174999
0.140000
0.143001
0.411000
0.149999
0.133999
0.141999
0.135001
0.141999
0.133999
0.142001
0.134001
0.142001
0.133000
0.142001
0.135001
0.141999
0.133000
0.141999
0.134999
0.172000
0.164000
0.171000
0.166001
0.171999
0.165001
0.171000
0.164000
0.171000
0.164000
0.171000
0.164999
0.171000
0.164000
0.172000
0.165001
0.174999
0.165001
0.172000
0.164999
0.173999
0.166999
0.174001
0.167999
0.174001
0.166001
0.174001
0.165001
0.174001
0.167001
0.178000
0.165999
0.171000
0.164000
0.172000
0.165001
0.171000
0.163998
0.174999
0.167999
0.171999
0.166999
0.172000
0.165001
0.173001
0.164000
0.173001
0.164999
0.172000
0.164000
0.172000
0.165001
0.172000
0.163998
0.172000
0.164999
0.171000
0.164000
0.142001
0.134001
0.142001
0.134001
0.142001
0.134999
0.142001
0.133000
0.142001
0.135001
0.141000
0.134001
0.142001
0.134001
0.142001
0.134001
0.142001
0.134999
0.145001
0.136999
0.142001
0.134001
0.141999
0.133000
0.141999
0.133999
0.142001
0.134001
0.142001
0.138000
0.142001
0.134001
0.142001
0.134999
0.142001
0.133999
0.142999
0.134999
0.142001
0.132998
0.142001
0.134001
0.142001
0.133999
0.141999
0.134001
0.142001
0.133000
0.142001
0.133999
0.142001
0.132998
0.145001
0.134001
0.142001
0.133999
0.144999
0.142999
0.142001
0.136999
0.172000
0.133999
0.142001
0.133999
0.174001
0.135001
0.142001
0.134001
0.144999
0.135001
0.143001
0.134001
0.141999
0.164999
0.143001
0.134001
0.141999
0.134999
0.142001
0.134001
0.171000
0.136999
0.144999
0.134001
0.142001
0.138002
0.144001
0.163000
0.174999
0.136001
0.141999
0.133999
0.142999
0.134999
0.144001
0.134001
0.175001
0.165999
0.143001
0.137001
0.142001
0.165001
0.142001
0.133000
0.143001
0.135001
0.141999
0.136999
0.141999
0.138000
0.142999
0.133999
0.142999
0.164999
0.175001
0.164000
0.172000
0.165001
0.172999
0.163000
0.171999
0.166001
0.171000
0.165999
0.171000
0.164999
0.171000
0.163998
0.172000
0.164000
0.172000
0.164000
0.174999
0.166001
0.171999
0.167001
0.172000
0.164999
0.171000
0.165001
0.172000
0.165001
0.174999
0.168001
0.174001
0.165001
0.173999
0.164000
0.171000
0.166001
0.172000
0.164999
0.171000
0.167999
0.174001
0.164000
0.171000
0.165001
0.172000
0.166999
0.171000
0.165999
0.173001
0.171000
0.173999
0.165001
0.172000
0.165001
0.170998
0.166001
0.174001
0.164999
0.171000
0.164999
0.172000
0.170998
0.171000
0.164000
0.171000
0.164999
0.170998
0.165001
0.174001
0.164000
0.171000
0.167999
0.171000
0.163000
0.172000
0.165001
0.171000
0.164000
0.174001
0.165001
0.172999
0.165999
0.173001
0.166999
0.172000
0.165001
0.171000
0.164999
0.172000
0.164000
0.171000
0.164000
0.171000
0.163998
0.173999
0.165001
0.172000
0.164000
0.171000
0.165001
0.172000
0.137001
0.145001
0.134001
0.142999
0.135001
0.142001
0.134999
0.144001
0.135001
0.143999
0.134999
0.141999
0.135001
0.149000
0.165001
0.141999
0.134001
0.144999
0.165001
0.142001
0.164000
0.142001
0.134999
0.141999
0.134001
0.142001
0.135001
0.143001
0.167001
0.175001
0.136001
0.142999
0.136999
0.142001
0.138000
0.141999
0.133000
0.144001
0.166001
0.141999
0.134001
0.142001
0.134999
0.172000
0.136999
0.142001
0.134001
0.172000
0.136999
0.143001
0.134999
0.144999
0.134999
0.141999
0.137001
0.143999
0.134001
0.144999
0.133999
0.141999
0.133000
0.141999
0.138000
0.143001
0.138000
0.144999
0.134999
0.172000
0.134001
0.142001
0.134999
0.142999
0.164999
0.142999
0.137001
0.174999
0.134999
0.144999
0.135001
0.142001
0.134001
0.142001
0.135999
0.143001
0.135001
0.142001
0.134999
0.141999
0.136999
0.142001
0.134999
0.145001
0.134001
0.142001
0.135001
0.143001
0.133000
0.142999
0.144999
0.144001
0.137001
0.142001
0.139000
0.141999
0.135999
0.142001
0.163998
0.141999
0.134999
0.142001
0.136999
0.141999
0.134001
0.144001
0.139000
0.143001
0.135001
0.142001
0.135001
0.142999
0.136001
0.142999
0.135001
0.147000
0.134999
0.144999
0.135001
0.142001
0.134001
0.142001
0.133999
0.172000
0.138000
0.144999
0.135999
0.142001
0.133999
0.142001
0.135999
0.146000
0.134001
0.142001
0.134999
0.142001
0.134999
0.142001
0.136999
