20.166000
19.750000
20.242000
19.760000
20.161000
20.058000
20.060999
19.731000
19.783000
19.753000
20.153000
20.075000
19.956000
19.723000
19.783000
19.757000
20.200000
19.751000
20.187000
19.774000
20.178000
20.214000
20.161999
20.207000
19.887000
19.781999
20.079000
20.204000
19.942001
19.725000
19.760000
19.715001
20.110000
19.721000
19.943000
19.716999
20.181000
19.761999
19.999000
19.696000
20.195999
19.744000
20.174000
20.063001
20.200000
19.819000
20.220000
19.981001
19.900000
19.742000
20.178000
19.704999
20.194000
20.256001
20.176000
19.725000
20.162000
20.239000
19.923000
20.223000
20.186000
19.743999
20.135000
19.724000
19.904001
19.742000
19.919001
19.730000
20.169000
19.727000
19.805000
20.154000
20.178000
20.090001
20.077000
19.727999
19.929999
19.722000
20.235000
19.714000
20.077000
19.742000
20.121001
19.722000
19.904000
19.726000
20.138000
19.747999
19.921000
19.729001
20.173000
19.719000
20.151000
19.746000
20.246000
20.241000
20.198000
19.727999
20.167000
19.707999
20.161999
19.750000
20.165000
19.716999
19.908000
20.242999
20.136000
19.742000
20.047000
19.704999
20.042000
19.735999
19.906000
19.740000
20.018000
32.477000
20.062000
20.167000
20.032000
19.737001
20.122000
19.709000
20.110999
19.716000
19.975000
19.741000
20.271000
19.715000
19.975000
19.732000
20.100000
19.756000
19.978001
19.741000
20.034000
19.797000
20.124000
19.739999
19.905999
19.757000
20.041999
20.223999
20.111999
20.208000
20.105001
19.738000
19.991999
19.747999
20.114001
19.744000
20.036000
19.735999
20.087000
19.722000
20.012000
19.731000
20.103999
20.119000
19.967000
20.246000
20.044000
20.260000
20.126000
19.727000
20.020000
19.741000
20.031000
19.735000
20.067000
19.740000
20.140001
19.739000
20.136000
19.726001
19.961000
19.752000
20.119000
19.742000
20.124000
19.743000
20.072000
19.744000
19.932000
19.759000
20.093000
19.722000
19.770000
19.738000
20.093000
19.826000
20.099000
19.758000
19.935000
19.726001
19.895000
19.731999
20.079001
19.734000
20.048000
19.743000
19.743999
20.194001
20.127000
19.719000
20.070000
19.753001
20.130000
19.756000
20.139000
19.739000
20.047000
19.731000
19.939000
19.748000
20.106000
19.719000
20.058000
19.738000
20.017000
19.718000
20.113000
19.754000
20.086000
19.714000
20.116000
20.107999
20.049000
19.742000
19.909000
20.105000
20.048000
19.732000
20.135000
19.685000
20.055001
19.764000
20.124000
20.256000
20.113000
19.737000
20.051000
19.778999
20.087000
20.057000
20.085000
19.742000
19.909000
19.766000
20.038000
19.750000
20.102000
19.726000
20.144000
19.730000
20.060000
19.710001
20.024001
20.067999
20.010999
19.718000
20.134000
19.720000
20.060000
19.726001
20.103999
19.743000
20.050000
19.724000
19.740000
19.753000
20.051001
19.753000
20.101000
19.744000
20.078000
19.747000
20.075000
19.725000
20.124000
19.760001
19.928000
20.099000
20.138000
19.721000
20.000000
19.776000
20.125000
19.733000
19.989000
20.068000
20.180000
19.727000
20.149000
19.750000
20.102000
19.724000
19.741000
19.730001
20.176000
19.752000
20.025999
19.744000
20.160000
19.743999
20.173000
19.758000
20.206000
19.730999
20.108000
19.743999
19.964000
19.749000
20.174000
19.792000
20.034000
19.739999
20.081000
19.744000
19.900000
19.749000
20.120000
19.747999
20.129000
19.742000
20.113000
19.721000
19.955000
19.710000
20.121000
19.718001
19.923000
19.749001
20.106000
19.754999
20.133000
19.723000
19.726000
19.733000
19.924000
19.724000
20.123000
19.739000
19.946000
19.743000
20.105000
19.737000
19.939000
19.736000
20.157000
19.760001
20.026000
19.721000
20.099000
19.749000
19.937000
19.722000
20.147000
19.743000
20.134999
19.750000
20.124000
19.715000
19.915000
19.732000
20.102000
19.749001
20.057000
19.730000
19.911001
19.741000
20.047001
19.755000
19.962001
19.730000
19.892000
19.754000
20.059000
19.753000
19.977000
19.998000
834.279000
20.315000
19.784001
20.141999
19.798000
20.086001
19.766000
20.172000
19.809000
20.153000
19.791001
20.150000
19.807000
20.148000
19.744000
19.979000
19.836000
19.760001
19.778999
20.060999
19.813000
20.119000
19.810000
20.120000
19.809000
20.126000
19.807000
19.771000
19.827000
20.121000
19.770000
19.921000
19.787000
20.138000
19.783000
20.049999
19.823000
20.133000
19.769000
20.064000
19.727999
20.208000
19.780000
20.134000
19.819999
19.952999
19.762000
20.079000
19.770000
19.935000
19.783000
20.104000
19.782000
20.109000
19.780000
19.994000
19.799000
20.056000
19.746999
20.064000
19.789000
20.025000
19.772000
19.758000
19.809000
20.153000
19.741000
19.743000
19.789000
20.113000
19.715000
19.943000
19.787000
20.139000
19.749000
19.913000
19.762999
20.048001
19.757000
20.091000
19.793000
19.963000
19.739000
19.734000
19.752000
20.126000
19.745000
20.106000
19.786000
19.889000
19.739000
20.055001
19.789000
19.904000
19.743000
20.126000
19.763000
20.080000
19.757000
20.042000
19.777000
20.126999
19.752000
19.998000
19.804000
20.096000
19.756000
20.082000
19.772000
20.153000
19.769000
19.895000
19.738999
19.778999
19.754999
20.129000
19.766000
20.157000
19.752000
19.773999
19.784001
20.125000
19.730001
20.115000
19.789000
20.039000
19.746000
20.142000
19.787000
20.129999
19.734000
20.112000
19.777999
19.753001
19.740000
20.037000
19.796000
20.107000
19.762000
20.098000
19.796000
19.925000
19.726000
20.039001
19.800000
20.095000
19.761000
20.130000
19.774000
20.020000
19.761000
20.015000
19.782000
20.057000
19.734000
20.118999
19.791000
20.114000
19.739999
20.109000
19.799001
20.130000
19.731000
20.101000
19.799001
20.124000
19.748000
20.021000
19.776001
20.111000
19.754000
19.754000
19.785000
20.019000
19.728000
20.065000
19.795000
20.127000
19.741000
20.147000
19.791001
19.994000
19.745000
20.022000
19.792999
20.125000
19.739000
19.721000
19.816000
20.107999
19.725000
20.116000
19.798000
20.111000
19.760001
19.767000
19.753000
20.106999
19.743000
20.040999
19.780000
19.984000
19.762000
20.120000
19.774000
20.035000
19.762000
19.981000
19.801999
19.731999
19.721000
20.115000
19.803000
20.113000
19.747999
19.920000
19.793000
19.750000
19.761999
20.151000
19.802000
20.114000
19.735000
19.772000
19.778999
20.021999
19.743000
19.714001
19.776001
20.058000
19.758999
20.137000
19.790000
20.049999
19.723999
20.089000
19.734000
19.971999
19.766000
20.101001
19.782000
20.020000
19.813000
25.164000
19.780001
20.161000
19.760001
20.043000
19.792000
20.141000
19.786000
20.003000
19.800000
19.916000
19.747000
19.965000
19.710000
20.156000
19.762000
19.796000
19.772001
20.000000
19.769000
20.148001
20.200000
20.098000
19.737000
20.104000
19.765000
20.102000
19.734000
20.125000
19.789000
20.118000
19.751000
19.773999
19.785000
20.051000
19.725000
20.130000
19.779000
20.094001
19.772000
20.044999
19.805999
20.134999
19.750000
20.144000
19.826001
20.147000
19.784000
19.899000
19.767000
20.083000
19.757000
20.117000
19.739999
20.136000
19.752000
19.744000
19.795000
19.905000
19.774000
19.963000
19.832000
20.175000
19.765001
20.041000
19.761999
20.103000
19.764000
20.134999
19.766000
19.914000
19.742000
19.754000
19.769000
20.147000
19.726000
19.913000
19.797000
20.113001
19.738000
19.918000
19.782000
20.028001
19.725000
20.104000
19.792000
20.041000
19.770000
20.136000
19.796000
20.114000
19.737000
20.047000
19.813000
20.059000
19.753001
19.952999
19.766999
20.098999
19.739000
20.138000
19.770999
19.900000
19.760000
19.766999
19.744000
20.033000
19.763000
19.950001
19.814000
20.105000
19.747000
20.023000
19.779000
20.101001
19.737000
20.109000
19.788000
20.058000
19.742001
20.001000
19.760000
20.134000
19.732000
19.975000
19.795001
20.130999
19.760000
20.156000
19.815001
20.158000
19.785000
20.085000
19.776000
20.027000
19.797999
19.774999
19.757000
20.155001
19.787000
20.097000
19.837000
20.036000
19.766000
19.953000
19.783000
20.132000
19.758000
19.725000
19.788001
19.746000
19.737000
19.759000
19.776001
20.105001
19.722000
20.117001
19.781000
20.094000
19.758000
19.909000
19.782000
19.899000
19.742000
20.124000
19.730000
20.126000
19.731999
20.126999
19.723999
20.109000
19.747000
19.904000
19.790000
19.897000
19.748000
20.047000
19.820000
19.898000
19.738001
20.056999
19.777000
20.019000
19.744000
20.069000
19.791001
20.113000
19.750000
20.111000
19.754000
20.105001
19.746000
19.766000
19.754000
20.127000
19.738000
20.029000
19.755000
20.097000
19.728000
20.033999
19.789999
20.100000
19.727000
19.758000
19.759000
20.044000
19.752000
20.050000
19.770000
19.740000
19.777000
20.070001
19.792000
20.056000
19.740000
19.959000
19.776000
20.031000
19.733001
19.715000
19.772000
20.118999
19.767000
20.014999
19.750000
19.743000
19.750999
20.101000
19.790000
19.934000
19.746000
20.091000
19.799000
20.133000
19.756000
20.055001
19.822000
20.134000
19.754000
20.118999
19.725000
20.033999
19.778000
20.102000
19.800999
20.148001
19.738999
19.745000
19.831000
19.993000
19.734999
20.122999
19.761000
19.952000
19.715000
20.103999
19.753000
20.110999
19.724000
20.138999
19.748000
20.145000
19.763000
19.741000
19.786000
19.781000
19.764001
19.733000
19.770000
19.745000
19.743999
19.785000
19.785999
19.758000
19.745000
19.733000
19.789000
19.739000
19.754000
20.059000
19.777000
19.725000
19.773000
19.720000
19.804000
19.778999
19.797000
19.758000
19.793000
19.747000
19.751000
19.761999
19.811001
19.784000
19.792000
19.735000
19.823001
19.778999
19.735999
19.716999
19.765000
19.732000
19.732000
19.761999
19.783000
19.735000
19.728000
19.907000
19.812000
19.739000
19.765000
19.712000
19.723000
19.716000
19.725000
19.742999
19.789000
19.702000
19.753000
19.737000
19.789999
19.734000
19.739000
19.755000
19.791001
19.731000
19.758000
19.708000
19.809000
19.738000
19.747000
19.732000
19.784000
19.725000
20.146000
19.751000
19.769000
19.710000
19.752000
19.736000
19.789000
19.746999
19.769000
19.789000
19.848000
19.719000
19.739999
20.129001
19.766000
19.800999
19.754999
19.722000
19.783000
19.723000
19.743999
19.738000
19.797000
19.747999
19.738999
19.795000
19.778000
19.769000
19.727999
19.727000
19.779000
19.756000
20.107000
19.713000
19.801999
19.747000
19.803000
19.726000
19.799000
19.734000
19.755000
19.715000
