1029.260000
1046.200000
1047.300000
1047.900001
1047.499999
1028.180001
1044.960000
1047.880000
1042.380000
1045.059999
1030.340001
1046.140000
1028.440000
1049.379999
1036.559999
1046.280000
1063.819999
1033.780001
1027.020000
1028.240001
1047.079999
1046.320001
1028.980000
1028.020000
1031.140000
1049.360001
1027.480001
1029.899999
1030.740000
1028.060000
1046.900000
1028.160000
1028.620001
1029.800000
1048.660001
1047.160000
1027.340000
1029.020000
1026.560001
1048.640000
1028.959999
1029.299999
1029.239999
1028.880000
1049.039999
1030.080000
1028.379999
1028.680000
1043.819999
1043.119999
1029.880000
1030.300001
1029.960001
1048.400000
1029.000001
1029.700002
1027.260000
1027.680000
1048.220001
1030.360000
1027.620001
1028.980000
1044.920001
1049.780000
1028.160000
1028.099999
1026.559999
1048.720000
1028.220000
1048.360001
1029.120000
1029.540000
1029.320002
1044.980001
1027.920000
1030.299999
1030.159999
1029.119998
1051.100001
1030.860001
1028.860001
1029.980000
1043.700000
1047.219999
1028.660001
1029.820001
1029.120000
1050.220000
1031.280000
1028.960001
1028.640000
1029.320000
1048.659999
1029.579999
1027.600000
1026.540000
1045.420000
1050.779998
1029.960001
1030.540001
1030.020000
1044.499999
1027.900001
1029.780000
1030.980000
1030.840000
1049.060000
1027.980000
1042.859999
1030.820001
1028.560001
1030.339999
1031.140000
1050.319999
1034.079999
1027.679998
1030.360000
1042.680001
1042.679999
1029.060001
1028.419999
1029.420001
1052.139999
1027.820000
1025.820000
1030.460000
1029.999999
1044.640001
1028.479999
1031.600000
1038.840000
1064.660000
1052.420001
1042.520000
1034.939999
1031.060001
1049.219999
1029.840000
1030.120000
1030.220000
1027.540000
1048.340000
1028.500000
1027.440000
1028.440000
1048.780000
1046.499999
1026.840001
1027.180001
1029.800000
1048.880000
1031.220000
1030.200001
1027.460000
1030.999999
1047.320001
1027.500000
1029.020000
1029.700000
1049.219999
1049.640000
1027.960001
1027.100001
1028.700002
1043.880001
1028.260000
1026.620001
1029.460000
1031.940000
1051.179999
1029.480001
1034.640001
1031.719999
1042.679999
1046.780000
1026.300000
1026.120000
1030.020000
1045.440000
1028.000001
1026.699999
1027.799999
1027.939999
1043.960001
1027.040001
1029.619999
1029.960001
1030.520000
1046.420000
1029.080000
1028.099999
1030.180000
1046.459999
1028.080000
1027.680000
1028.220000
1029.940000
1048.900001
1028.820001
1030.520000
1030.160001
1029.660000
1045.359999
1029.400000
1027.640000
1031.580001
1050.799999
1030.119998
1031.239999
1029.200001
1028.500000
1046.360001
1030.719999
1029.700000
1029.580001
1028.320000
1050.099999
1027.020000
1029.500000
1028.480001
1043.560000
1032.799998
1028.479999
1028.999999
1030.700000
1047.860000
1029.239999
1026.820000
1035.760000
1044.400001
1027.199998
1031.260001
1027.519999
1030.239999
1046.340000
1029.520001
1028.700000
1025.120001
1045.660000
1042.360000
1030.619999
1026.340000
1028.860001
1050.899999
1030.840000
1033.340000
1029.340001
1028.519999
1045.080001
1026.660001
1027.419999
1028.379999
1046.799999
1047.200000
1030.499998
1030.100001
1028.220000
1044.900000
1028.660001
1027.520001
1027.380001
1026.820000
1046.920000
1029.499998
1029.640000
1027.260000
1043.840000
1045.740001
1030.680001
1026.280001
1029.260000
1045.960000
1028.020000
1027.780000
1027.659999
1031.280000
1043.700000
1027.020000
1028.579999
1028.539998
1027.820000
1043.260001
1030.999999
1026.659999
1028.640000
1045.760000
1030.300001
1029.180000
1027.880000
1029.560000
1045.060001
1028.399998
1029.300001
1029.380001
1031.640001
1046.340000
1027.240001
1029.580001
1030.280000
1046.499999
1028.199999
1029.440001
1028.360000
1027.519999
1045.019999
1031.820001
1027.440000
1028.120000
1030.560000
1045.080001
1027.480001
1027.800001
1030.420000
1045.680001
1045.219999
1029.160000
1029.960001
1027.240001
1051.560000
1030.120000
1030.540001
1027.400000
1028.859999
1045.000000
1027.780000
1029.299999
1026.899999
1048.940001
1049.580000
1029.999999
1030.779999
1028.880000
1047.699999
1031.640001
1029.560002
1029.399998
1029.859999
1049.240001
1032.240001
1031.299999
1027.880000
1046.739999
1046.600001
1028.959999
1030.940000
1030.360000
1050.079999
1027.520001
1029.420000
1028.300000
1044.120001
1026.180001
1028.940000
1030.980000
1030.140001
1046.799999
1027.939999
1030.840000
1027.559999
1041.600000
1043.420000
1033.400001
1027.740000
1028.440000
1046.639999
1027.900001
1026.139999
1028.980000
1029.500000
1044.439999
1029.920001
1029.139999
1027.899999
1047.620000
1049.859999
1030.339999
1028.139999
1029.899999
1044.919999
1029.719999
1028.480001
1028.300000
1031.220000
1048.320001
1028.179999
1029.600000
1029.820001
1046.760000
1026.640000
1029.260000
1028.320000
1030.260000
1046.420000
1026.900001
1027.500000
1029.759999
1050.419999
1029.959999
1026.360000
1028.920000
1033.299999
1045.960000
1031.120000
1027.400000
1024.860000
1026.519999
1050.940001
1030.600000
1032.200001
1028.580001
1046.420000
1029.020000
1028.780000
1030.660002
1031.220000
1048.300000
1029.260000
1025.780000
1029.920001
1029.679999
1045.420000
1030.680001
1027.160000
1028.800000
1050.040001
1052.759999
1030.880000
1028.820001
1027.820000
1045.059999
1030.339999
1028.120000
1027.419999
1029.560000
1048.820000
1031.160001
1025.979999
1028.419999
1044.640001
1043.620000
1030.540001
1028.379999
1029.440001
1047.300000
1028.200001
1027.300000
1028.220000
1028.460002
1043.940000
1028.660001
1029.280001
1031.120000
1045.240000
1047.680000
1028.260000
1031.780001
1028.339999
1045.640001
1029.520001
1027.700000
1028.160000
1028.500000
1045.580000
1028.719999
1031.300001
1030.940000
1045.140000
1044.460000
1027.619999
1029.859999
1030.460000
1046.480000
1033.159999
1027.740000
1028.619999
1028.099999
1046.060000
1030.580001
1030.399999
1028.959999
1030.100001
1046.560001
1030.379999
1026.899999
1027.720001
1048.400000
1048.700001
1048.960000
1038.400000
1025.419999
1042.640001
1030.299999
1042.140000
1049.140001
1028.140001
1044.079999
1028.000001
1043.499999
1039.060000
1067.420000
1051.980000
1049.360000
1028.940000
1029.660000
1045.120001
1027.740000
1028.260000
1027.560001
1028.419999
1044.919999
1026.640000
1030.300001
1026.180001
1044.760000
1049.420001
1027.659999
1029.720001
1026.840001
1047.820000
1029.480001
1030.579999
1028.440000
1027.420001
1043.560000
1027.640000
1030.959999
1027.600000
1048.720000
1048.260000
1028.080001
1026.999999
1028.620001
1044.520000
1028.360000
1026.780000
1028.600000
1028.080000
1045.560000
1030.579999
1027.960001
1030.440001
1046.980001
1047.279999
1029.320000
1029.460000
1031.140001
1049.620001
1028.740000
1027.820000
1026.980001
1027.980000
1043.660000
1028.480001
1029.139999
1028.560000
1049.180001
1048.100000
1030.280001
1027.640000
1030.959999
1046.740001
1032.080000
1027.700000
1028.280001
1029.020000
1045.300001
1031.099999
1027.619999
1026.160000
1025.180001
1046.119999
1033.800000
1025.339998
1030.679999
1047.340000
1029.660000
1030.839998
1027.719999
1027.540000
1046.939999
1028.820001
1028.300000
1029.059999
1028.419999
1045.840001
1030.500000
1029.360000
1029.199999
1047.279999
1030.880000
1027.939999
1029.460000
1025.880000
1048.780000
1028.519999
1027.960001
1028.000001
1027.200000
1041.860001
1028.540000
1027.620001
1028.260000
1049.959999
1046.160001
1025.359999
1027.500000
1031.800000
1045.640001
1030.280000
1030.260000
1028.500000
1026.040001
1046.380000
1031.600000
1030.960001
1034.580000
1066.060001
1052.180000
1052.120000
1032.520000
1029.899999
1046.219999
1027.039999
1027.080001
1028.479999
1028.760001
1044.820001
1027.279999
1030.560000
1027.279999
1046.580002
1048.820000
1027.740000
1032.020001
1027.100001
1048.200000
1027.960001
1025.939999
1031.939998
1030.600000
1048.920000
1028.920000
1028.000001
1031.340001
1047.480000
1046.280000
1029.460000
1029.059999
1028.519999
1047.460001
1028.940000
1026.799999
1027.719999
1029.660001
1046.879999
1029.019998
1030.080000
1030.160001
1047.000000
1051.899999
1027.860001
1031.420000
1027.620001
1043.439999
1027.840000
1028.279999
1027.880000
1028.279999
1045.219999
1031.860000
1026.600001
1029.780000
1044.640001
1048.599999
1028.759999
1028.220000
1028.500000
1047.640001
1030.240001
1027.860001
1027.079999
1029.039999
1043.779999
1029.199999
1026.759999
1033.380000
1049.279999
1048.540002
1028.360000
1028.560000
1029.660000
1044.599999
1029.320002
1029.279999
1026.780000
1028.239999
1051.120000
1030.599998
1028.020000
1027.440000
1029.360000
1045.180000
1028.600000
1031.099999
1026.540000
1045.720000
1028.620001
1028.580001
1027.120000
1025.420001
1047.560001
1030.640000
1030.379999
1027.419999
1029.000001
1047.960000
1030.800000
1027.840000
1029.660000
1044.720000
1029.320000
1030.520001
1028.260000
1028.860001
1048.920000
1028.840000
1031.880001
1029.900001
1028.419999
1048.400000
1027.700000
1031.920001
1026.980000
1048.600001
1048.659999
1030.280001
1027.519999
1029.560000
1046.340000
1029.300001
1029.239999
1028.840000
1031.679999
1049.039999
1031.760000
1029.279999
1027.540000
1048.640000
1029.880000
1029.300001
1028.619999
1029.320000
1045.420000
1031.719999
1029.999999
1027.440000
1028.660001
1048.860000
1028.899999
1028.440000
1028.620001
1046.020001
1026.340000
1031.079998
1030.400001
1031.339999
1047.100000
1029.959999
1029.080000
1027.379999
1028.380001
1044.499999
1026.600000
1028.120000
1028.360000
1049.160000
1049.340000
1029.240001
1030.120000
1030.280000
1046.200000
1029.479999
1030.679999
1028.320000
1046.940001
1027.840000
1030.640000
1028.720001
1030.199999
1046.820002
1028.120000
1029.580001
1029.519999
1046.560001
1047.140000
1029.679999
1028.440000
1028.320000
1045.600001
1031.820001
1030.580001
1029.640000
1050.600000
1048.720000
1028.720001
1031.040000
1029.040001
1043.360000
1030.239999
1027.859999
1027.020000
1028.460000
1049.400000
1029.260000
1027.500000
1031.180000
1043.760000
1046.399999
1032.520000
1028.980000
1030.880000
1048.620000
1026.720000
1030.280000
1029.420001
1030.320000
1046.820000
1031.499999
1026.160000
1029.880000
1051.099999
1047.820000
1028.960001
1025.640000
1030.740000
1045.960000
1030.139999
1028.460000
1030.220000
1029.420001
1051.360000
1027.319999
1029.140001
1028.020000
1048.419999
1050.959999
1028.179999
1031.600000
1028.540000
1049.160000
1028.899999
1026.120000
1029.120000
1028.420001
1047.940001
1024.720000
1030.680001
1031.119999
1047.820000
1048.020000
1026.400000
1028.500000
1029.120000
1042.060001
1030.440001
1027.760001
1029.220000
1028.400000
1051.160000
1029.379999
1029.220000
1027.640000
1045.919999
1043.940000
1029.220000
1027.400000
1029.960001
1050.360000
1028.460000
1029.679999
1030.760000
1026.100000
1044.520000
1025.680000
1028.300000
1026.580000
1026.659999
1047.440000
1028.840000
1028.640000
1026.260000
1047.520000
1028.339999
1029.999999
1027.299998
1028.880000
1047.499999
1035.100000
1028.000001
1031.240001
1031.059999
1043.320000
1030.200001
1031.399999
1027.500000
1046.860000
1032.220000
1031.280000
1031.160001
1029.000001
1048.240000
1029.940002
1029.800000
1030.540001
1029.780000
1046.580000
1027.640000
1030.680001
1027.999999
1050.960001
1028.520001
1029.500000
1028.419999
1029.540000
1043.399999
1029.780000
1029.560000
1026.959999
1029.020000
1047.599999
1027.360000
1026.859999
1028.560001
1048.219999
1045.019999
1028.960001
1029.060001
1028.479999
1047.580000
1026.099999
1028.400000
1027.640000
1028.920000
1045.060001
1026.500000
1032.159999
1030.679999
1049.580000
1046.620000
1028.659999
1030.560000
1028.740000
1047.180001
1029.679999
1031.059999
1029.679999
1032.480000
1046.659999
1026.500002
1027.840002
1027.960001
1045.560000
1046.860000
1028.859999
1024.620000
1026.820000
1049.140001
1030.280000
1028.479999
1028.560001
1034.759998
1066.980001
1051.060000
1037.620001
1027.799999
1049.840000
1050.900001
1038.640000
1046.399999
1033.359999
1045.079999
1033.580000
1045.879999
1032.919999
1048.140001
1061.640000
1036.219999
1028.020000
1028.659999
1048.060000
1056.460001
1029.580001
1028.379999
1028.960001
1049.300000
1032.159999
1026.659999
1029.279999
1031.239999
1045.700001
