0.110000
0.093000
0.077000
0.078000
0.077000
0.077001
0.077000
0.077000
0.077000
0.078000
0.077000
0.078000
0.077000
0.077000
0.077000
0.077000
0.077000
0.078000
0.077000
0.078000
0.077001
0.077000
0.077001
0.077000
0.099000
0.077000
0.077000
0.078000
0.077000
0.077000
0.077000
0.077000
0.077000
0.077999
0.077001
0.077000
0.077000
0.078000
0.077000
0.078000
0.077000
0.078000
0.077000
0.078000
0.077000
0.076000
0.077000
0.077000
0.077001
0.077000
0.077000
0.078000
0.077001
0.078000
0.077000
0.076000
0.077000
0.078000
0.077000
0.078000
0.077000
0.078000
0.077000
0.078000
0.077000
0.077000
0.077000
0.084001
0.090000
0.077000
0.077000
0.078000
0.077000
0.078000
0.077000
0.078000
0.076000
0.077999
0.077000
0.078000
0.077001
0.077000
0.077000
0.077001
0.077001
0.078000
0.077000
0.078000
0.077000
0.077999
0.077000
0.078000
0.077000
0.078000
0.077000
0.078000
0.077000
0.077000
0.077000
0.077999
0.077000
0.077000
0.077000
0.078000
0.077000
0.078000
0.077000
0.077001
0.076001
0.084000
0.090000
0.077000
0.077000
0.077000
0.077000
0.077000
0.077000
0.078000
0.077000
0.078000
0.077000
0.078000
0.077000
0.078000
0.077000
0.078000
0.077000
0.076001
0.077000
0.077000
0.077000
0.077999
0.077000
0.078000
0.077000
0.078000
0.077000
0.078000
0.077000
0.077001
0.077000
0.077001
0.077000
0.078000
0.077000
0.078000
0.077000
0.076001
0.077000
0.078000
0.077000
0.078000
0.097000
0.077000
0.077000
0.078000
0.077000
0.078000
0.077000
0.078000
0.077000
0.077000
0.076000
0.077001
0.077000
0.078000
0.077000
0.078000
0.077001
0.077001
0.077001
0.078000
0.077000
0.078000
0.077000
0.077000
0.077000
0.078000
0.077000
0.078000
0.077000
0.078000
0.077000
0.078000
0.077000
0.078000
0.077000
0.077000
0.077000
0.078000
0.077000
0.078000
0.077000
0.077001
0.077000
0.082000
0.090000
0.077999
0.077000
0.078000
0.077000
0.078000
0.077000
0.077000
0.077001
0.077000
0.077000
0.078000
0.077000
0.077000
0.077000
0.077000
0.077001
0.078000
0.077001
0.077999
0.077001
0.078000
0.077000
0.077000
0.077000
0.078000
0.077000
0.078000
0.077000
0.078000
0.077000
0.077999
0.077000
0.078000
0.077000
0.078000
0.077000
0.077000
0.077000
0.078000
0.077000
0.084001
0.090000
0.077000
0.077000
0.078000
0.077000
0.078000
0.077000
0.078000
0.077000
0.314000
0.077000
0.078000
0.077000
0.078000
0.077000
0.078000
0.077000
0.078000
0.077000
0.078000
0.077000
0.077000
0.077000
0.077999
0.077000
0.078000
0.077001
0.078000
0.077001
0.077000
0.077000
0.078000
0.077000
0.078000
0.077000
0.078000
0.077000
0.078000
0.077000
0.077000
0.077001
0.078000
0.097000
0.077000
0.077000
0.077999
0.077000
0.077000
0.077001
0.078000
0.077001
0.078000
0.077001
0.076000
0.077000
0.078000
0.077000
0.078000
0.077000
0.078000
0.077001
0.078000
0.077001
0.078000
0.077000
0.077999
0.077000
0.077000
0.077000
0.078000
0.077000
0.078000
0.077000
0.077000
0.077000
0.077999
0.077000
0.078000
0.077001
0.078000
0.077000
0.078000
0.077001
0.078000
0.077000
0.108000
0.091000
0.077000
0.077000
0.078000
0.076000
0.077000
0.077000
0.078000
0.077000
0.078000
0.077001
0.077999
0.077001
0.077000
0.077000
0.078000
0.077000
0.077000
0.077000
0.078000
0.077001
0.078000
0.077000
0.078000
0.077001
0.077000
0.077000
0.077999
0.077000
0.078000
0.076001
0.077000
0.077000
0.078000
0.077000
0.077000
0.077001
0.077000
0.077000
0.077999
0.077000
0.085000
0.091000
0.078000
0.077000
0.078000
0.077001
0.078000
0.077001
0.077001
0.077000
0.078000
0.077000
0.077999
0.077000
0.078000
0.077001
0.077000
0.077001
0.078000
0.077000
0.077999
0.077000
0.078000
0.077000
0.077000
0.077000
0.078000
0.077001
0.078000
0.077000
0.078000
0.077000
0.078000
0.077000
0.077000
0.077000
0.077999
0.077000
0.077000
0.077000
0.078000
0.077000
0.077001
0.097000
0.077001
0.077000
0.077000
0.077000
0.078000
0.077000
0.078000
0.077000
0.078000
0.077000
0.078000
0.077000
0.077001
0.078000
0.078000
0.077000
0.077000
0.077000
0.077000
0.077000
0.078000
0.077000
0.077000
0.077000
0.078000
0.077000
0.078000
0.077000
0.077000
0.077000
0.078000
0.077000
0.078000
0.077001
0.078000
0.077000
0.077000
0.077000
0.077000
0.077000
0.078000
0.077000
0.087000
0.090000
0.077000
0.077000
0.078000
0.077000
0.078000
0.077001
0.077000
0.077001
0.078000
0.077001
0.077999
0.077000
0.078000
0.077000
0.078000
0.077000
0.078000
0.077000
0.078000
0.077000
0.078000
0.077000
0.078000
0.077000
0.078000
0.077000
0.078000
0.077000
0.078000
0.077000
0.077000
0.077000
0.078000
0.077000
0.078000
0.077000
0.078000
0.077000
0.078000
0.077000
0.085000
0.090000
0.078000
0.077000
0.078000
0.077000
0.077000
0.077000
0.076000
0.077000
0.078000
0.077000
0.077999
0.077000
0.078000
0.077000
0.078000
0.077000
0.077000
0.077000
0.078000
0.077000
0.078000
0.077000
0.078000
0.077000
0.077000
0.077000
0.078000
0.077000
0.077000
0.077000
0.077000
0.077000
0.077000
0.077001
0.078000
0.077000
0.078000
0.077001
0.078000
0.077001
0.078000
0.097000
0.077999
0.077000
0.078000
0.077001
0.077000
0.077000
0.077000
0.077000
0.077000
0.077000
0.078000
0.077000
0.077999
0.077000
0.078000
0.077000
0.078000
0.076000
0.078000
0.077000
0.077000
0.077000
0.078000
0.077000
0.077000
0.077000
0.077999
0.077000
0.077000
0.077000
0.077000
0.077000
0.078000
0.077000
0.077000
0.077001
0.078000
0.077000
0.078000
0.077000
0.077000
0.077001
0.086000
0.090000
0.078000
0.077000
0.077000
0.077000
0.078000
0.077000
0.076001
0.077000
0.077000
0.077000
0.077000
0.077001
0.078000
0.077000
0.078000
0.077000
0.078000
0.077000
0.078000
0.077000
0.077000
0.077001
0.077000
0.077000
0.078000
0.077000
0.078000
0.077000
0.078000
0.077000
0.077001
0.077000
0.078000
0.077000
0.077000
0.077000
0.078000
0.077000
0.078000
0.077000
0.085001
0.089999
0.078000
0.077001
0.078000
0.077000
0.077999
0.077000
0.077000
0.077000
0.077000
0.077000
0.078000
0.077000
0.077001
0.077000
0.078000
0.077000
0.078000
0.077000
0.078000
0.077000
0.078000
0.077000
0.078000
0.077001
0.078000
0.077000
0.078000
0.077000
0.078000
0.077000
0.078000
0.077000
0.077000
0.077000
0.078000
0.077000
0.077000
0.077000
0.078000
0.077000
0.077999
0.097000
0.077999
0.077000
0.078000
0.077000
0.078000
0.077000
0.078000
0.077001
0.078000
0.077000
0.078000
0.077000
0.078000
0.077000
0.077000
0.077000
0.078000
0.077001
0.078000
0.077000
0.078000
0.077000
0.078000
0.077000
0.078000
0.077000
0.077999
0.077000
0.078000
0.077000
0.077000
0.077001
0.078000
0.077000
0.078000
0.077000
0.078000
0.077000
0.077001
0.077000
0.077000
0.077000
0.085000
0.090000
0.077000
0.077001
0.077999
0.077000
0.078000
0.077000
0.077999
0.077000
0.078000
0.077000
0.078000
0.077000
0.078000
0.077000
0.078000
0.077000
0.077000
0.077001
0.078000
0.077000
0.078000
0.077000
0.077000
0.077000
0.078000
0.077000
0.078000
0.077000
0.078000
0.077000
0.078000
0.077000
0.077000
0.077000
0.078000
0.077000
0.078000
0.077000
0.078000
0.077000
0.085000
0.089999
0.077000
0.077000
0.078000
0.077000
0.078000
0.077000
0.078000
0.077000
0.078000
0.077001
0.077000
0.077000
0.077000
0.077000
0.078000
0.077000
0.078000
0.077000
0.078000
0.077000
0.078000
0.077000
0.078000
0.077000
0.077000
0.077000
0.078000
0.077000
0.078000
0.077000
0.078000
0.077000
0.078000
0.077000
0.078000
0.077000
0.078000
0.077000
0.077001
0.077001
0.078000
0.097000
0.078000
0.077000
0.078000
0.146000
0.078000
0.077000
0.077000
0.077000
0.077001
0.077000
0.078000
0.077000
0.078000
0.077000
0.077999
0.077000
0.077000
0.077000
0.078000
0.077000
0.078000
0.077001
0.077999
0.077000
0.078000
0.077000
0.078000
0.077000
0.078000
0.077000
0.078000
0.077001
0.077000
0.077000
0.077999
0.077000
0.077999
0.077000
0.078000
0.077000
0.078000
0.077000
0.107000
0.091000
0.077000
0.077000
0.077000
0.077000
0.077000
0.077000
0.078000
0.077000
0.078000
0.077000
0.077000
0.077000
0.077001
0.077000
0.078000
0.077000
0.078000
0.077000
0.078000
0.077001
0.078000
0.077000
0.078000
0.077000
0.077000
0.077000
0.078000
0.077001
0.078000
0.077000
0.078000
0.077000
0.078000
0.077000
0.077000
0.077000
0.077001
0.077000
0.078000
0.077000
0.084000
0.090000
0.078000
0.077000
0.078000
0.077000
0.077999
0.077000
0.078000
0.077001
0.078000
0.077000
0.077999
0.077001
0.077000
0.077000
0.077000
0.077000
0.078000
0.077000
0.078000
0.077000
0.077000
0.077000
0.078000
0.077001
0.078000
0.077000
0.078000
0.077000
0.077999
0.077001
0.078000
0.077000
0.078000
0.077000
0.077999
0.077001
0.077000
0.077000
0.078000
0.077000
0.078000
0.097000
0.078000
0.077000
0.078000
0.077000
0.078000
0.077000
0.077999
0.077000
0.078000
0.077000
0.078000
0.077000
0.077999
0.077000
0.078000
0.077001
0.078000
0.077000
0.077000
0.077000
0.078000
0.077000
0.078000
0.077001
0.077000
0.077000
0.078000
0.077000
0.078000
0.077000
0.077000
0.077001
0.077000
0.077000
0.077000
0.077000
0.078000
0.077000
0.078000
0.077000
0.077000
0.077000
0.079000
0.090000
0.077000
0.077001
0.077999
0.077000
0.077000
0.077001
0.078000
0.077000
0.078000
0.077000
0.078000
0.077000
0.078000
0.077000
0.078000
0.077000
0.078000
0.076000
0.077001
0.077000
0.077000
0.077000
0.078000
0.077000
0.078000
0.077000
0.078000
0.077001
0.078000
0.077000
0.077999
0.077000
0.077001
0.077000
0.078000
