4565.960000
4569.320000
4569.220000
4572.980000
4566.980000
4570.780000
4581.400000
4577.080000
4579.340000
4567.820000
4569.420000
4570.280000
4576.940000
4573.880000
4583.740000
4572.080000
4571.000000
4637.640000
4569.220000
4574.800000
4588.480000
4570.020000
4574.500000
4570.580000
4574.560000
4581.820000
4569.380000
4569.040000
4573.280000
4577.240000
4578.120000
4570.540000
4575.840000
4579.720000
4571.420000
4562.700000
4570.040000
4573.520000
4572.880000
4572.440000
4573.820000
4582.920000
4572.980000
4570.280000
4572.140000
4572.020000
4571.700000
4573.980000
4572.160000
4580.600000
4573.780000
4571.240000
4575.360000
4572.040000
4582.660000
4574.600000
4584.240000
4589.060000
4607.280000
4574.600000
4582.060000
4574.540000
4578.120000
4594.080000
4574.180000
4567.320000
4566.940000
4569.760000
4582.520000
4575.680000
4572.120000
4569.040000
4571.620000
4566.880000
4569.960000
4574.760000
4583.620000
4579.440000
4570.380000
4572.380000
4569.080000
4571.720000
4569.920000
4571.160000
4584.540000
4565.100000
4571.680000
4572.300000
4578.520000
4574.620000
4570.280000
4572.340000
4580.900000
4578.180000
4572.660000
4580.100000
4571.320000
4570.900000
4574.780000
4571.520000
4572.220000
4575.920000
4576.700000
4586.900000
4569.740000
4572.980000
4575.400000
4573.000000
4569.540000
4572.360000
4570.520000
4585.860000
4563.840000
4574.600000
4579.580000
4574.020000
4577.560000
4573.080000
4574.020000
4579.580000
4573.800000
4567.840000
4572.040000
4570.540000
4576.560000
4574.780000
4576.540000
4581.780000
4568.940000
4568.840000
4569.420000
4574.260000
4574.900000
4569.880000
4573.540000
4585.100000
4571.120000
4569.740000
4575.400000
4568.980000
4572.000000
4593.420000
4573.260000
4577.680000
4571.120000
4576.180000
4581.680000
4573.620000
4577.680000
4573.500000
4571.660000
4593.480000
4575.020000
4577.120000
4583.080000
4570.700000
4563.600000
4572.660000
4573.560000
4572.020000
4569.280000
4578.820000
4584.680000
4570.280000
4571.100000
4568.980000
4577.160000
4574.140000
4575.240000
4575.160000
4581.720000
4565.920000
4567.020000
4573.420000
4577.040000
4571.060000
4574.660000
4577.820000
4585.520000
4570.720000
4568.260000
4575.500000
4569.480000
4577.840000
4595.580000
4576.220000
4580.540000
4568.520000
4569.600000
4582.560000
4573.220000
4577.800000
4572.840000
4571.100000
4581.760000
4584.680000
4566.560000
4586.360000
4576.620000
4572.520000
4567.560000
4567.200000
4561.540000
4573.720000
4575.420000
4583.860000
4564.680000
4566.360000
4575.760000
4576.620000
4573.140000
4573.240000
4574.440000
4581.880000
4570.300000
4570.840000
4573.780000
4573.080000
4576.100000
4574.560000
4574.020000
4581.160000
4572.700000
4567.560000
4574.860000
4572.060000
4576.080000
4576.740000
4578.100000
4583.160000
4572.840000
4568.000000
4573.160000
4565.680000
4579.560000
4573.120000
4575.320000
4578.540000
4572.040000
4573.600000
4580.380000
4575.400000
4575.540000
4577.360000
4575.060000
4572.280000
4571.060000
4578.060000
4580.740000
4569.400000
4568.680000
4574.920000
4573.740000
4578.360000
4571.560000
4574.980000
4581.340000
4570.780000
4571.400000
4576.860000
4576.420000
4572.160000
4572.700000
4574.160000
4579.740000
4569.560000
4566.560000
4572.200000
4570.980000
4571.960000
4568.880000
4577.700000
4580.660000
4569.180000
4567.200000
4572.940000
4574.220000
4574.780000
4573.360000
4572.060000
4579.360000
4573.060000
4568.980000
4575.360000
4573.800000
4575.460000
4572.800000
4574.280000
4580.680000
4565.100000
4566.020000
4573.800000
4574.940000
4576.480000
4576.120000
4575.420000
4586.820000
4570.680000
4567.800000
4578.900000
4566.380000
4574.600000
4573.620000
4584.240000
4578.520000
4571.320000
4577.380000
4582.480000
4570.260000
4567.680000
4572.920000
4573.900000
4568.780000
4581.680000
4575.980000
4579.840000
4572.900000
4569.960000
4570.480000
4570.140000
4566.240000
4572.740000
4569.380000
4581.540000
4606.700000
4570.900000
4566.400000
4570.500000
4575.920000
4570.760000
4576.300000
4583.820000
4572.860000
4570.360000
4574.060000
4571.680000
4574.980000
4571.660000
4577.200000
4579.420000
4568.460000
4568.060000
4582.700000
4573.680000
4573.780000
4571.600000
4574.100000
4570.640000
4577.200000
4572.940000
4585.360000
4612.300000
4576.260000
4574.680000
4573.860000
4569.200000
4572.920000
4576.940000
4586.880000
4566.040000
4566.900000
4569.920000
4577.520000
4573.740000
4574.420000
4572.900000
4578.560000
4574.440000
4574.680000
4570.840000
4569.720000
4567.720000
4572.860000
4568.280000
4581.380000
4573.720000
4575.340000
4571.100000
4569.340000
4568.700000
4575.480000
4572.720000
4581.580000
4569.800000
4569.500000
4593.380000
4573.600000
4575.500000
4574.180000
4578.000000
4570.620000
4574.920000
4577.880000
4580.400000
4567.120000
4572.200000
4574.300000
4626.720000
4573.700000
4572.520000
4576.380000
4581.920000
4569.140000
4569.960000
4574.080000
4573.680000
4572.060000
4574.140000
4574.680000
4582.960000
4569.800000
4566.220000
4570.080000
4571.920000
4574.080000
4571.660000
4572.780000
4579.740000
4570.580000
4570.460000
4569.360000
4616.740000
4575.740000
4576.080000
4575.180000
4580.300000
4570.560000
4568.360000
4582.460000
4578.120000
4579.740000
4578.700000
4578.020000
4572.540000
4572.600000
4635.620000
4578.440000
4565.760000
4571.340000
4574.080000
4575.700000
4573.580000
4575.080000
4578.000000
4585.640000
4567.300000
4570.140000
4587.140000
4577.160000
4573.100000
4573.680000
4575.580000
4580.360000
4567.080000
4569.160000
4575.840000
4596.140000
4574.200000
4567.440000
4572.760000
4584.300000
4577.320000
4571.520000
4585.800000
4566.360000
4568.740000
4568.240000
4573.040000
4570.460000
4572.960000
4579.880000
4586.180000
4570.800000
4572.340000
4573.520000
4575.840000
4571.260000
4576.780000
4571.080000
4578.620000
4567.200000
4572.660000
4576.060000
4622.280000
4574.220000
4571.080000
4571.200000
4582.740000
4569.960000
4573.300000
4570.380000
4571.800000
4575.060000
4569.760000
4573.080000
4582.960000
4574.940000
4572.120000
4567.360000
4572.440000
4566.340000
4573.100000
4574.100000
4587.600000
4573.920000
4568.820000
4585.280000
4574.180000
4575.240000
4573.200000
4573.160000
4575.200000
4573.500000
4578.360000
4593.560000
4568.400000
4570.040000
4571.580000
4573.060000
4574.980000
4575.520000
4573.300000
4581.600000
4570.080000
4573.800000
4591.060000
4575.000000
4572.360000
4571.180000
4571.840000
4581.780000
4573.660000
4575.980000
4569.340000
4573.200000
4564.860000
4575.760000
4574.500000
4583.560000
4569.580000
4573.160000
4569.560000
4570.380000
4571.500000
4569.200000
4574.920000
4586.100000
4579.680000
4637.860000
4591.580000
4569.880000
4568.580000
4574.800000
4578.260000
4571.880000
4571.640000
4573.480000
4590.800000
4577.060000
4572.720000
4577.380000
4567.000000
4569.780000
4569.000000
4574.240000
4578.080000
4568.880000
4568.980000
4571.060000
4577.500000
4575.120000
4574.340000
4575.700000
4582.580000
4568.680000
4567.680000
4584.500000
4570.080000
4573.980000
4572.040000
4574.220000
4586.640000
4563.800000
4570.000000
4583.740000
4574.360000
4576.520000
4572.520000
4580.920000
4574.900000
4573.340000
4574.480000
4577.520000
4571.660000
4568.200000
4578.200000
4572.800000
4574.240000
4606.200000
4573.180000
4584.400000
4578.360000
4569.380000
4568.420000
4618.340000
4565.820000
4573.980000
4574.460000
4612.440000
4570.180000
4570.920000
4574.040000
4577.660000
4576.860000
4573.900000
4571.260000
4578.620000
4569.620000
4571.340000
4575.060000
4612.020000
4577.380000
4574.460000
4574.620000
4571.340000
4572.060000
4576.020000
4595.600000
4567.600000
4572.180000
4571.420000
4575.660000
4567.620000
4575.020000
4572.820000
4632.460000
4570.140000
4572.580000
4605.300000
4576.220000
4573.940000
4574.620000
4574.980000
4580.420000
4566.680000
4565.440000
4583.020000
4573.660000
4572.880000
4574.720000
4571.220000
4579.380000
4573.000000
4571.660000
4598.040000
4580.080000
4575.780000
4569.060000
4574.080000
4567.420000
4575.160000
4571.860000
4581.480000
4578.620000
4573.280000
4567.880000
4569.660000
4566.580000
4567.600000
4575.500000
4582.860000
4605.840000
4570.260000
4572.880000
4571.720000
4571.740000
4577.560000
4565.260000
4578.800000
4569.160000
4567.360000
4576.960000
4576.920000
4579.420000
4573.020000
4573.200000
4580.780000
4568.740000
4569.080000
4577.360000
4571.780000
4577.480000
4576.140000
4574.140000
4584.760000
4611.080000
4563.900000
4583.440000
4574.800000
4570.540000
4571.300000
4573.100000
4574.460000
4573.400000
4575.780000
4582.340000
4579.840000
4567.860000
4572.280000
4578.600000
4653.640000
4574.960000
4570.740000
4586.760000
4610.780000
4578.380000
4570.280000
4571.600000
4619.260000
4575.940000
4573.060000
4568.740000
4573.880000
4571.380000
4585.640000
4570.780000
4576.720000
4572.660000
4570.800000
4567.480000
4571.360000
4568.960000
4577.480000
4576.560000
4569.380000
4567.820000
4571.840000
4573.540000
4571.420000
4575.920000
4579.320000
4572.600000
4564.940000
4569.540000
4577.440000
4582.700000
4574.420000
4571.880000
4577.860000
4568.440000
4566.020000
4573.800000
4572.560000
4576.700000
4571.920000
4575.420000
4580.320000
4572.300000
4569.040000
4581.940000
4575.740000
4577.600000
4572.820000
4575.600000
4571.780000
4573.680000
4580.160000
4583.020000
4570.260000
4568.820000
4566.120000
4566.540000
4568.240000
4573.740000
4574.360000
4582.720000
4570.080000
4574.480000
4590.340000
4575.760000
4573.920000
4571.120000
4572.120000
4587.000000
4566.160000
4567.080000
4574.660000
4576.020000
4566.220000
4566.380000
4567.480000
4581.840000
4574.360000
4573.160000
4566.020000
4571.600000
4567.560000
4576.500000
4572.640000
4580.300000
4566.380000
4566.980000
4565.500000
4573.520000
4570.580000
4570.160000
4573.040000
4581.960000
4572.220000
4566.920000
4579.720000
4573.260000
4573.980000
4575.660000
4573.200000
4568.960000
4572.080000
4581.480000
4583.520000
4569.320000
4568.380000
4572.760000
4570.100000
4568.500000
4581.820000
4577.200000
4582.680000
4569.200000
4571.920000
4573.860000
4570.840000
4566.960000
4571.220000
4566.140000
4588.100000
4609.960000
4575.200000
4566.560000
4571.440000
4645.000000
4572.200000
4572.920000
4581.140000
4569.880000
4570.840000
4581.800000
4572.040000
4575.840000
4574.260000
4575.320000
4570.200000
4577.840000
4580.020000
4583.940000
4607.720000
4569.160000
4591.860000
4574.700000
4577.560000
4571.620000
4576.440000
4579.860000
4569.460000
4573.420000
4575.180000
4570.100000
4574.340000
4572.200000
4572.200000
4579.780000
4575.020000
4574.280000
4572.160000
4574.980000
4576.940000
4569.940000
4572.680000
4580.320000
4567.740000
4570.220000
4581.860000
4575.880000
4577.180000
4572.040000
4572.080000
4568.380000
4573.660000
4576.780000
4580.500000
4571.260000
4569.700000
4569.260000
4573.560000
4572.020000
4571.140000
4577.080000
4579.560000
4569.740000
4569.980000
4576.220000
4569.880000
4571.460000
4576.680000
4576.200000
4586.140000
4568.240000
4568.280000
4572.260000
4572.040000
4570.600000
4570.320000
4571.320000
4583.600000
4570.920000
4572.580000
4571.600000
4572.500000
4574.240000
4576.460000
4573.940000
4587.320000
4571.420000
4570.500000
4586.500000
4571.600000
4572.940000
4570.780000
4572.720000
4570.600000
4574.060000
4573.020000
4581.360000
4566.540000
4573.300000
4576.120000
4575.040000
4575.220000
4572.900000
4575.100000
4578.000000
4566.240000
4567.100000
4576.060000
4576.360000
4575.200000
4577.240000
4577.100000
4579.180000
4570.360000
4565.440000
4587.360000
4570.340000
4569.520000
4576.360000
4575.120000
4579.260000
4569.660000
4566.840000
4573.640000
4573.800000
4573.380000
4571.780000
4569.800000
4582.960000
4574.440000
4571.700000
4574.020000
4578.600000
4575.400000
4574.060000
4572.440000
4585.140000
4570.140000
4569.240000
4583.220000
4573.060000
4579.320000
4575.540000
4573.020000
4568.300000
4574.580000
4582.420000
4581.420000
4569.460000
4569.540000
4575.460000
4569.420000
4568.100000
4567.840000
4569.340000
4593.360000
4574.280000
4571.240000
4568.940000
4567.100000
4560.500000
4576.080000
4570.720000
4582.200000
4569.700000
