174.580000
142.460000
140.600000
140.200000
139.580000
138.880000
138.900000
138.520000
138.760000
139.100000
139.400000
140.320000
139.020000
138.560000
138.240000
137.280000
138.780000
137.300000
144.580000
137.760000
137.980000
137.880000
138.740000
138.280000
137.760000
137.040000
137.300000
137.820000
137.680000
137.380000
137.860000
138.540000
138.180000
137.860000
138.680000
137.380000
144.700000
137.640000
137.540000
140.080000
139.820000
138.720000
138.880000
137.760000
138.260000
138.600000
138.420000
138.080000
137.920000
137.760000
138.020000
138.120000
137.860000
136.940000
137.440000
148.120000
146.080000
143.840000
143.380000
142.980000
142.540000
143.260000
143.640000
143.360000
142.800000
141.860000
142.640000
143.540000
142.280000
142.920000
142.560000
143.540000
151.440000
142.680000
141.880000
142.220000
142.640000
143.100000
141.880000
142.500000
142.580000
142.560000
142.000000
143.600000
143.860000
143.060000
143.780000
142.380000
142.880000
142.340000
151.640000
141.600000
141.360000
141.400000
141.900000
142.540000
142.620000
142.260000
142.520000
142.700000
142.680000
142.940000
142.160000
142.460000
142.560000
143.700000
142.820000
142.700000
142.120000
142.380000
142.160000
145.020000
143.160000
143.200000
143.480000
142.800000
142.640000
142.700000
143.260000
143.160000
142.740000
142.820000
142.880000
143.540000
142.740000
149.420000
143.840000
142.640000
143.140000
142.540000
143.160000
141.960000
142.020000
141.540000
142.100000
142.840000
142.760000
142.720000
142.760000
143.720000
143.320000
143.560000
142.700000
150.960000
143.340000
142.960000
141.600000
142.820000
142.540000
142.060000
141.760000
141.960000
142.600000
142.640000
142.220000
142.180000
142.500000
142.020000
142.460000
142.700000
142.840000
149.120000
143.000000
142.680000
142.680000
141.940000
144.460000
143.620000
143.400000
143.320000
143.060000
141.940000
143.100000
142.960000
142.820000
142.780000
143.060000
142.760000
142.700000
143.020000
143.080000
142.040000
142.660000
142.260000
141.680000
142.500000
141.820000
141.800000
141.500000
142.260000
142.380000
142.580000
142.220000
141.920000
145.280000
143.160000
148.600000
142.700000
143.060000
142.400000
142.680000
142.580000
142.340000
142.600000
143.000000
142.340000
142.700000
142.680000
142.860000
142.580000
141.860000
142.620000
142.500000
142.300000
163.740000
142.280000
142.080000
142.900000
142.680000
142.780000
143.260000
143.400000
143.080000
141.820000
142.620000
143.820000
142.680000
142.640000
142.500000
143.260000
143.240000
143.240000
180.360000
143.600000
143.840000
143.120000
143.080000
142.560000
143.180000
142.880000
143.180000
142.680000
142.460000
142.860000
142.860000
142.980000
142.360000
142.660000
142.900000
144.420000
143.000000
142.560000
143.080000
142.220000
142.820000
142.380000
142.200000
142.760000
142.500000
142.120000
142.400000
143.120000
142.060000
141.840000
141.460000
142.140000
142.240000
147.340000
142.520000
142.560000
142.760000
141.920000
142.560000
142.160000
142.480000
142.680000
142.720000
144.460000
142.960000
142.740000
142.400000
142.200000
142.280000
141.900000
142.160000
162.060000
142.240000
142.440000
142.420000
142.620000
141.980000
142.660000
142.380000
141.840000
142.360000
142.760000
142.900000
142.860000
142.000000
141.960000
142.440000
141.500000
141.280000
143.280000
144.760000
144.040000
142.760000
143.480000
143.540000
143.240000
143.640000
143.060000
143.220000
142.500000
142.360000
142.740000
141.980000
142.260000
142.220000
142.200000
141.900000
142.440000
141.680000
141.800000
142.140000
142.680000
142.800000
141.520000
142.540000
142.980000
142.700000
142.420000
144.340000
143.320000
142.800000
142.980000
142.960000
143.520000
147.320000
142.740000
142.940000
142.780000
143.100000
142.740000
142.380000
142.700000
142.120000
142.260000
141.960000
142.740000
142.120000
142.800000
142.240000
142.300000
142.320000
142.360000
166.560000
142.680000
142.600000
144.680000
143.140000
142.520000
142.640000
143.020000
142.260000
142.000000
142.840000
142.380000
141.100000
141.480000
142.660000
141.780000
142.220000
142.320000
143.220000
141.880000
143.020000
142.660000
142.680000
142.200000
141.920000
143.080000
142.700000
142.000000
142.320000
142.580000
143.280000
144.280000
142.740000
142.660000
142.560000
142.880000
145.460000
142.200000
142.400000
142.200000
142.900000
142.660000
141.800000
141.800000
142.100000
142.460000
143.000000
142.660000
143.120000
142.960000
143.080000
142.220000
142.000000
148.320000
143.380000
142.560000
142.220000
142.840000
143.640000
143.360000
142.900000
142.840000
142.480000
142.720000
142.260000
142.060000
141.900000
142.100000
142.480000
142.400000
142.320000
166.760000
142.300000
142.140000
141.380000
141.400000
141.520000
141.420000
142.200000
141.820000
141.480000
141.980000
141.580000
141.900000
141.400000
142.340000
144.780000
144.200000
143.680000
143.680000
143.440000
142.740000
143.280000
142.280000
142.460000
142.500000
141.640000
142.540000
141.500000
142.240000
141.860000
142.320000
141.940000
141.300000
141.920000
142.680000
142.320000
142.640000
142.420000
141.580000
142.300000
142.020000
142.280000
143.260000
144.240000
143.200000
141.920000
143.080000
142.760000
142.700000
142.200000
143.200000
142.800000
142.400000
148.060000
142.600000
142.740000
142.720000
142.080000
142.240000
142.620000
142.760000
142.700000
142.640000
142.160000
142.840000
142.140000
142.400000
142.840000
142.540000
141.940000
144.900000
166.480000
142.200000
142.260000
142.000000
142.160000
142.360000
141.820000
141.620000
142.540000
142.420000
142.360000
142.720000
142.260000
142.740000
142.280000
142.280000
142.300000
142.080000
142.420000
142.060000
142.940000
143.460000
142.060000
142.720000
141.780000
142.060000
143.500000
143.900000
143.420000
143.100000
143.000000
143.620000
143.020000
143.160000
143.020000
149.280000
143.220000
142.840000
143.320000
142.840000
142.540000
143.260000
142.100000
142.300000
142.220000
142.120000
142.320000
141.480000
141.840000
142.340000
142.560000
142.200000
143.100000
147.620000
144.060000
142.440000
142.560000
142.380000
142.620000
142.620000
142.780000
142.480000
142.920000
142.340000
142.140000
142.460000
142.800000
142.620000
142.740000
142.600000
142.740000
166.040000
142.700000
142.960000
142.660000
142.800000
142.440000
142.660000
143.260000
142.940000
142.840000
143.120000
144.540000
143.980000
142.900000
143.380000
143.040000
142.520000
142.400000
143.180000
143.280000
143.580000
142.860000
143.140000
143.460000
143.060000
142.660000
142.820000
142.820000
142.580000
142.500000
142.640000
142.380000
142.800000
142.760000
142.500000
149.260000
142.240000
143.160000
144.080000
143.500000
142.600000
142.840000
141.940000
143.220000
142.380000
142.700000
141.860000
141.880000
142.600000
141.880000
142.340000
142.020000
142.220000
151.980000
141.880000
142.860000
142.040000
142.600000
142.300000
142.080000
142.380000
142.580000
141.680000
142.700000
142.160000
142.400000
144.160000
143.160000
143.360000
143.200000
142.580000
165.340000
142.200000
142.960000
142.340000
142.980000
142.460000
143.120000
142.340000
142.500000
142.160000
142.740000
142.960000
142.280000
142.360000
142.560000
141.740000
141.580000
141.980000
142.740000
142.460000
142.660000
142.860000
143.140000
143.480000
143.460000
142.900000
142.560000
143.200000
142.100000
142.540000
143.420000
142.240000
142.560000
142.500000
142.720000
148.780000
142.780000
142.580000
142.960000
142.180000
142.660000
142.880000
142.040000
141.920000
142.620000
142.760000
142.260000
142.560000
141.960000
143.380000
144.360000
143.200000
142.820000
148.540000
142.420000
142.600000
142.700000
142.180000
141.640000
142.500000
142.520000
142.840000
142.540000
142.340000
142.600000
142.580000
143.360000
142.900000
142.340000
142.040000
141.820000
141.840000
142.200000
142.020000
142.000000
141.800000
142.540000
143.120000
144.400000
144.020000
143.240000
142.840000
143.000000
142.780000
142.880000
142.180000
142.260000
142.620000
142.660000
143.940000
141.820000
142.660000
142.760000
142.760000
142.740000
142.720000
142.040000
142.640000
142.500000
141.400000
140.920000
142.140000
140.780000
140.720000
141.520000
144.460000
150.860000
143.160000
142.360000
142.320000
142.700000
143.380000
142.160000
142.320000
142.060000
141.800000
142.560000
142.020000
141.960000
142.160000
142.320000
141.840000
142.600000
142.580000
148.420000
142.380000
141.840000
142.040000
141.720000
142.080000
141.480000
142.660000
143.600000
144.180000
142.660000
142.740000
142.640000
142.460000
142.500000
142.920000
142.680000
142.740000
148.700000
146.540000
145.540000
144.180000
143.420000
143.580000
143.520000
143.280000
143.900000
144.760000
143.740000
143.080000
143.480000
142.840000
143.200000
142.600000
142.880000
153.740000
143.260000
142.900000
142.980000
142.860000
142.980000
143.800000
143.780000
143.040000
142.840000
142.720000
143.100000
142.660000
142.540000
143.040000
143.180000
142.620000
142.260000
149.500000
144.300000
143.640000
142.940000
142.780000
143.100000
143.020000
143.120000
142.700000
143.340000
143.040000
142.180000
142.900000
142.660000
142.580000
142.680000
142.600000
142.340000
143.380000
143.220000
142.380000
142.620000
142.380000
142.160000
142.000000
142.040000
143.000000
142.560000
142.300000
145.020000
143.500000
142.720000
142.680000
142.900000
143.020000
149.000000
142.680000
142.620000
142.500000
142.000000
142.600000
142.520000
142.260000
142.880000
141.980000
142.660000
142.240000
142.000000
142.040000
141.940000
141.980000
142.820000
142.240000
149.240000
142.920000
142.180000
143.640000
144.620000
143.140000
142.680000
143.280000
143.320000
143.240000
142.700000
142.860000
143.140000
143.420000
143.560000
143.040000
143.080000
143.160000
148.120000
143.040000
143.620000
143.420000
142.540000
142.140000
142.120000
141.780000
141.840000
141.780000
142.620000
141.580000
141.640000
144.620000
142.680000
142.800000
142.780000
142.360000
142.400000
142.820000
142.640000
142.820000
141.820000
142.160000
141.980000
141.500000
142.020000
141.240000
142.400000
142.240000
142.080000
142.380000
142.160000
142.220000
142.380000
143.280000
143.220000
142.320000
141.780000
142.840000
142.240000
144.760000
143.800000
143.200000
142.520000
142.240000
142.860000
142.740000
142.740000
142.160000
142.540000
142.620000
142.940000
148.780000
142.000000
142.880000
142.420000
142.700000
142.360000
142.000000
141.840000
142.060000
141.960000
141.880000
142.080000
142.760000
142.480000
142.780000
143.240000
143.500000
143.540000
165.380000
143.820000
143.060000
143.100000
142.820000
142.520000
143.060000
143.020000
142.980000
143.120000
142.880000
142.360000
142.200000
142.620000
142.740000
142.640000
142.520000
142.100000
142.640000
143.340000
142.840000
142.300000
142.080000
142.080000
142.660000
143.960000
142.980000
142.960000
142.720000
141.840000
142.480000
142.440000
142.000000
142.220000
142.260000
148.040000
142.340000
141.940000
142.160000
142.740000
142.520000
