235.488000
228.808000
230.768000
227.882000
229.010000
226.798000
227.243000
227.881000
227.948000
228.381000
227.639001
225.873000
227.938000
228.000000
228.162999
228.426000
227.174001
228.201999
226.447000
226.643001
226.077000
226.396000
228.002000
228.031000
227.353000
226.897000
228.003001
225.954000
225.778000
228.182000
226.141000
227.537000
225.858000
228.651999
225.729000
225.179000
226.682001
233.463000
228.043000
228.502000
227.060000
227.930000
225.566000
227.051000
227.207000
226.292000
225.632000
226.113000
226.505000
227.495000
226.864001
225.907000
233.764000
236.640000
234.442000
233.069999
233.959000
233.036000
233.739000
232.915000
233.184000
232.373000
237.935000
259.779001
269.631000
262.428001
269.861001
270.984001
278.669000
271.643001
230.831000
225.972000
228.023000
226.405000
228.164000
227.745000
228.677999
225.095000
227.675000
229.057000
227.910000
228.967000
226.472001
225.907000
226.315000
224.061999
225.181000
226.922999
225.232000
226.092000
228.045000
227.534000
227.525000
226.129999
227.221000
226.553001
229.499000
228.267000
226.028000
227.679000
226.182000
227.016999
225.586999
226.356000
225.785000
225.197000
227.053001
226.617999
224.260001
227.070999
226.526000
226.265999
225.726000
227.090000
227.886001
226.036000
226.487000
227.503000
226.171000
226.121000
227.964000
226.993999
226.970000
227.888000
228.736000
228.949999
225.972000
224.693000
226.962000
227.134001
227.377000
227.123000
227.626000
226.709000
232.173000
233.244999
232.199000
233.021000
233.631001
232.902001
234.606001
234.370001
232.324000
232.086000
233.194999
262.267000
270.462001
268.143000
270.637999
269.106000
288.791000
270.058000
231.776000
230.095000
227.566000
225.134000
225.562001
224.850000
228.436000
227.155000
228.059000
224.762999
228.007000
227.419999
227.288000
228.193000
225.729000
229.700000
226.878000
225.436000
225.507000
226.019000
226.711000
227.286000
225.665000
227.229000
226.814999
225.141000
227.229000
226.670000
226.775000
226.007000
226.473000
227.852000
227.660000
230.323001
228.205999
228.360000
227.376000
226.383000
226.993000
227.667000
227.232000
227.721999
225.139000
226.932000
226.174000
226.142000
226.310000
225.950000
227.764000
226.431000
228.194000
227.171000
227.223000
226.935999
227.442000
227.768000
227.520999
224.221000
226.385999
230.392001
226.657000
224.338000
226.241000
224.303000
229.499000
231.796999
234.385001
234.568000
232.510000
233.057001
232.732000
233.623000
232.309000
232.319000
229.919001
259.072000
269.646999
269.485001
272.153000
267.987001
280.932000
284.224000
235.367000
228.179000
226.575000
226.519000
225.289000
226.896999
227.601000
225.337001
226.780000
228.157000
227.053001
227.325000
228.001000
228.124000
225.764000
229.416001
227.118000
229.357000
232.091000
227.395000
227.799000
225.015000
226.090000
228.220000
226.094000
227.876000
225.949000
228.270999
226.167000
228.064000
227.584000
227.648000
226.371000
227.014000
226.314001
229.334000
226.157000
227.853999
226.316000
227.553000
226.948000
224.851000
227.628999
226.650001
226.677000
227.162001
226.043999
226.853000
226.114000
226.768999
226.579000
225.202000
227.241000
226.932000
226.668000
227.278001
226.604000
228.203001
227.596000
227.130000
228.050999
227.543999
230.936000
229.069000
229.595000
231.190001
231.342000
233.798000
235.850000
235.677000
234.159000
230.253001
233.376999
230.429000
254.136001
270.088000
267.371001
269.374000
266.520000
283.642001
285.764000
240.334000
228.614000
227.639000
227.320000
226.710000
227.566000
226.716000
225.718000
227.148000
226.618000
227.526000
227.836000
227.370000
227.198000
227.845000
226.396000
225.210000
225.856000
228.173000
226.121000
227.385000
227.686999
227.717000
228.170000
229.558000
226.964000
225.928000
227.926000
225.403000
227.590000
227.171000
228.458000
226.102999
225.558000
226.550001
226.533000
225.561000
228.147000
227.903000
226.068000
226.967000
227.747000
226.235000
227.641000
225.729001
228.139000
227.035000
227.240001
227.103000
226.000000
228.110000
226.800000
226.839000
227.403000
227.829000
227.072000
227.288000
226.361000
228.241000
227.113999
228.025000
229.903000
226.669000
227.140000
231.242000
234.098000
236.065000
235.830000
235.378000
234.305999
229.332000
232.043000
233.236000
231.189000
251.079000
268.252000
267.690000
267.550000
269.495999
283.987000
288.765000
240.912000
230.630000
228.926000
228.840000
225.802000
228.356999
226.820000
227.407000
227.010000
227.973000
227.988000
225.809000
227.696000
227.645000
227.423000
226.683999
227.715001
227.907000
228.496000
226.303999
227.402000
226.767000
226.512000
227.891999
227.761000
226.976000
226.563999
226.263000
228.955000
225.232000
230.623000
224.967999
223.409000
226.075000
226.243000
224.809000
227.757000
227.491001
225.988000
228.495000
227.567000
228.513000
225.981000
227.499000
227.302000
226.965000
225.982999
229.331001
226.950999
229.055000
227.682000
228.048000
229.203000
228.686000
228.010000
225.495000
228.598000
228.344000
228.006000
228.850000
226.992000
227.986000
225.392000
228.198000
231.760999
233.155000
235.525999
231.896000
233.484000
232.964000
232.308000
232.547000
232.772000
231.969000
231.180000
248.529000
269.547000
269.686000
269.405000
268.100001
285.400000
286.299000
237.492000
227.653001
227.946999
229.793000
227.535000
226.039000
227.332001
226.469999
227.642001
227.891000
226.888000
227.261000
227.932001
225.961000
227.491000
226.326000
227.818000
226.659000
227.886001
225.836000
228.082000
226.816000
228.519000
227.657000
228.333999
227.326000
226.653000
227.671000
227.216001
226.838999
227.203000
228.645001
227.108000
227.028999
230.262999
226.705000
226.758000
227.564000
227.031999
227.627000
227.825000
225.810000
227.399000
226.113000
226.598000
226.684000
228.196000
226.498000
226.195000
227.946000
227.605000
226.674999
228.393000
227.201000
229.328000
226.279999
227.140000
227.922000
227.687000
224.642999
226.929001
225.974000
226.647000
226.065001
231.942000
232.787000
234.636000
231.380000
233.891000
234.826000
232.412999
232.519001
229.998000
231.433000
231.215999
256.805000
270.252001
268.642000
270.055000
271.303000
286.531000
280.033001
236.180999
229.331001
227.977999
226.914000
228.166000
228.918000
226.543999
228.433000
227.573000
225.680999
227.638001
225.543000
227.196000
226.684000
226.683000
228.166000
226.286000
226.521000
228.444000
228.704999
226.350000
227.500999
227.345999
228.133000
226.583000
226.775999
226.332000
228.120999
227.784000
225.930000
226.197000
227.301001
227.572001
227.090999
227.118000
228.732000
226.977000
232.637000
227.380999
227.370000
225.599000
227.345999
225.095000
225.787001
227.878000
226.226000
225.170000
225.715999
226.338000
226.593000
226.892000
226.070000
228.090000
226.400999
227.401000
225.341001
227.719000
226.982000
227.818999
226.596000
226.125999
226.101000
227.561001
228.689000
233.185000
233.494000
234.233000
234.547000
234.747000
233.985000
234.390001
233.037000
232.896000
228.825000
250.599000
269.607000
264.932999
270.939000
267.990000
278.523999
284.357000
246.357000
230.060999
227.627000
228.130001
224.532000
227.352000
225.703000
229.021000
226.450999
226.500000
226.391001
227.313000
228.618000
226.792000
227.504999
227.831000
226.159000
227.325000
226.934000
226.185001
229.088000
227.708000
228.489000
228.273000
227.424000
228.290000
227.289001
227.870001
226.714999
227.536000
226.746000
227.927000
226.159000
228.522000
226.799000
227.546000
229.039000
225.554001
227.104000
227.977999
227.046999
226.766000
226.613000
227.402000
229.482000
227.867000
227.046000
228.939000
225.122000
225.611000
227.992000
226.071000
228.045000
226.702000
226.975000
228.129000
228.151999
226.973000
226.473001
226.699000
228.120000
226.870000
226.334000
228.692000
231.562000
235.300000
235.547000
235.500000
234.394999
234.367000
231.442000
233.294000
231.338000
232.213000
249.805000
268.246000
270.253000
271.320000
266.091000
281.196000
287.157000
239.299000
228.413000
229.495000
227.611000
229.252000
230.113000
226.308000
225.449000
226.282001
226.105000
225.907000
226.627000
225.990000
226.725000
226.481000
226.558000
225.283000
227.191000
227.219000
228.838000
226.531000
226.181000
227.558999
229.327000
225.859000
226.457000
225.606000
227.439000
228.177000
226.857000
228.096000
227.062000
227.518000
226.140000
227.980999
226.860001
227.260000
226.412000
227.100001
225.901000
228.047000
227.620000
228.070000
227.329000
228.550000
227.732000
227.964001
227.139000
226.098999
230.800000
226.599000
226.243000
224.723999
227.165000
226.414000
225.363000
225.490000
225.959000
226.088000
228.052000
227.089000
229.284001
226.093001
225.882000
230.033000
233.339000
235.973001
234.376000
233.370000
235.119000
232.526001
233.344000
232.958000
230.172000
245.776000
269.571000
263.492000
265.041000
268.017001
279.222000
286.779000
252.770000
231.062000
229.719000
227.327000
228.505000
228.277000
227.749000
227.068000
227.746001
229.271000
228.500000
226.187000
227.236000
227.210000
225.946000
226.838000
225.627000
225.853000
226.986000
228.575001
227.313000
227.031999
225.888000
225.675001
225.569000
225.275000
226.458000
228.944000
227.751000
225.629000
224.567000
228.390000
227.428000
224.697000
227.041000
225.024000
227.524000
229.491000
229.011999
225.610000
226.845000
226.429000
227.822000
227.931000
227.253000
226.823000
227.382000
226.927000
227.305001
226.077001
227.924000
225.326001
226.086000
231.788000
230.580000
227.089000
226.277000
226.172000
226.496000
226.092000
226.866000
226.973000
224.788000
226.867000
229.260000
233.945999
233.130000
232.586999
233.763000
233.992000
233.810999
232.291000
233.927000
231.741000
229.915000
246.089000
264.632000
268.690000
270.652000
270.566001
274.603000
286.740000
250.610000
230.006000
229.072000
227.033000
227.295000
226.875000
228.421000
226.809000
226.292999
227.791000
227.510000
226.393000
226.249000
227.728000
227.541000
229.330000
225.335999
228.058999
224.613000
227.126000
225.032000
228.526000
227.391000
226.971000
227.600000
228.754000
228.351000
227.953000
225.488000
226.388000
225.219000
225.517000
227.519999
226.393000
228.925000
226.438000
226.950000
228.848999
228.434000
227.145000
227.126000
226.741999
227.203000
227.359001
228.026000
226.334000
228.380000
227.447000
226.523000
225.282000
227.069000
226.764000
226.720000
227.816000
226.558001
226.995000
228.177000
226.403000
232.219000
227.500000
227.563000
226.791000
224.279000
225.967000
228.227000
230.566001
232.758000
235.567000
232.988000
232.461000
232.820000
235.201000
233.315000
232.476000
230.208000
248.963000
269.816000
266.263000
270.009000
267.546000
283.806000
286.394000
244.176000
230.545000
227.163000
228.625000
225.789000
227.937000
228.643000
226.179999
226.514000
226.048000
226.640000
225.841001
225.630000
227.903000
227.348000
226.654001
226.305000
227.856000
227.346000
229.907000
227.848001
225.428000
225.052999
227.398001
225.136001
227.012000
225.813000
227.667999
226.091000
227.662000
227.301001
226.692000
227.351000
