242.543000
241.677000
240.987999
241.256000
240.952999
241.008000
240.997000
241.575000
241.386000
240.870000
240.647000
240.754000
240.651000
240.668000
241.077000
240.606000
240.692000
240.863000
240.954001
240.305000
240.493000
240.681000
240.704000
240.780000
240.009000
240.390000
240.844000
241.629000
240.953000
240.503999
241.063000
241.169999
241.544001
240.776001
240.936001
240.938000
241.303000
240.613000
240.740000
240.919000
240.947001
240.534000
241.203000
240.381000
240.683000
248.658000
240.797000
240.935000
241.069000
241.425000
241.113000
240.765000
241.106000
240.949000
240.607000
240.503000
241.250000
240.966000
241.287000
240.544001
240.750001
240.627000
240.458000
240.646000
247.812000
240.809000
241.258000
240.183000
240.734000
240.770000
241.375000
240.784000
240.524000
240.628000
240.319001
240.418000
241.402999
240.687000
241.584000
240.578000
241.481001
240.619000
241.038000
241.955000
240.922000
240.777000
240.711000
240.307000
240.233000
241.104000
241.289000
240.453000
241.048000
240.755000
240.564001
240.131000
240.590000
240.922000
240.936000
241.042000
241.002000
241.035000
241.211000
240.335001
241.219000
240.889000
241.318000
240.689999
240.854000
240.826000
241.125001
241.524000
241.434000
241.026000
240.471000
240.944000
241.214000
241.098000
240.757001
240.676000
241.265001
240.989000
241.179001
240.345000
240.897000
241.347000
240.598000
240.625000
240.760000
241.130000
240.707000
240.604000
240.018000
240.595000
240.345000
240.711999
240.371000
240.726000
240.386000
249.283000
241.364000
241.407000
240.911000
241.378000
240.294999
240.743000
240.653000
241.030000
241.633000
240.310000
240.796001
240.906000
240.604000
240.866000
241.149000
240.414000
240.949000
240.759999
248.993000
240.811001
241.301999
240.721000
240.824000
240.909000
240.687000
241.210000
240.883000
241.402999
240.678000
241.065000
241.258000
241.272000
241.362000
241.023000
241.254000
240.500000
241.300001
241.563000
240.836999
240.371000
240.916001
240.405000
241.026000
240.968000
241.787000
241.064000
240.842001
240.826000
241.138000
241.051000
240.475999
241.028001
241.383000
240.536000
241.007000
241.195000
241.227000
240.647000
241.289000
240.808999
241.410000
241.266999
240.824999
240.773000
240.721000
240.782000
240.568000
240.437999
240.501001
240.624000
241.166000
240.656000
240.487999
240.735999
248.507001
240.832000
240.239000
240.667000
240.532001
240.073000
240.104000
240.704999
240.720000
240.416000
240.853000
240.705000
240.628000
240.449000
240.519000
240.316000
240.248000
240.393000
240.476000
247.421000
240.747000
240.654999
240.575001
240.756000
240.681000
240.618000
240.883000
240.720000
240.452000
241.140001
240.436000
240.825000
240.550000
240.474001
240.520000
241.122000
240.669000
240.609000
247.569000
240.928000
240.868000
240.316001
240.426000
240.412000
240.379000
240.604000
241.329000
240.505000
240.620000
240.549000
240.672001
240.058000
240.351000
240.720000
240.741001
240.494001
240.851000
240.907000
240.478000
240.388000
240.405000
240.242001
240.275000
240.967000
240.796000
240.548000
241.087000
240.392000
240.472999
240.569000
240.504000
240.731000
241.168000
240.585000
240.671000
240.616000
240.790999
240.612000
240.294000
240.234001
240.374000
240.507000
241.145000
240.385000
240.872000
240.767000
240.441999
240.625000
241.061999
240.598000
240.361000
240.881001
240.653000
240.396000
240.391000
241.361000
240.790000
240.959000
241.357000
240.464000
240.665000
240.788000
240.508000
241.148000
241.091999
240.629001
240.511999
240.436000
240.885001
240.961000
240.995000
240.338000
241.381001
248.597000
241.142000
241.223000
240.635000
240.758999
240.506000
240.382000
240.212000
240.580000
240.274000
240.965000
240.681999
240.968000
240.649001
240.647000
241.091999
240.587999
240.902000
240.582000
246.615000
240.433000
240.644000
240.342000
240.957000
241.253000
240.687001
240.285999
240.583000
240.471000
240.338000
240.618999
240.297000
241.009000
241.150000
240.299000
240.336000
240.554000
240.603000
240.799000
240.273000
240.573000
241.059001
240.747000
240.273001
240.833000
240.580999
240.906000
240.799000
240.538000
240.792000
241.103000
240.995999
241.215000
240.867999
240.913000
240.369000
240.888000
240.677000
240.528001
241.053000
240.669000
240.387999
240.979000
240.081000
240.428000
240.890000
240.296000
240.546999
240.673000
240.071001
240.509000
240.965000
241.153999
241.288000
240.515000
240.294000
241.067000
240.412001
240.626000
240.769999
240.561000
241.682000
240.941999
240.586000
240.858000
241.076000
240.645000
241.200000
241.391000
241.295000
240.637001
240.455000
240.583000
240.492000
247.905999
240.913000
240.668000
240.657000
240.912000
240.788000
240.598001
241.375000
240.768000
241.413000
241.091000
241.100000
240.696000
241.392000
240.703000
241.219000
240.803000
240.791000
240.823000
248.435000
240.831000
240.561000
240.789000
240.556000
240.590001
240.549000
240.493000
240.958001
240.517000
241.727000
240.535000
240.897000
240.901000
240.602000
241.533999
241.068000
240.862000
241.126000
240.711000
240.808000
241.038000
240.956000
240.920000
240.778999
241.107000
241.022000
240.607999
240.772000
240.518000
240.320000
240.603000
240.246000
240.512000
240.999000
241.319001
241.373000
240.771000
240.881000
240.860000
240.726001
240.497000
241.261001
240.839000
240.858000
240.803001
240.799000
240.296000
240.625000
241.031000
241.232000
240.518000
240.335000
240.755999
240.305000
240.683001
240.995000
241.284000
240.643000
240.530000
240.434000
240.812000
241.274000
240.599000
240.977000
240.826000
240.740000
241.260001
240.902000
240.531000
240.437000
240.464000
241.035000
240.936000
241.169000
247.007000
240.903000
240.848000
240.460000
240.405000
240.466001
240.566000
240.649000
240.712000
240.195000
241.608000
240.613000
241.048000
240.597000
240.397001
240.070000
240.427000
240.603000
240.405000
247.706000
241.176000
241.149000
240.554000
240.690000
240.912001
240.741001
240.821000
240.635000
241.134000
240.708999
240.728999
240.860000
241.398000
240.853000
241.185000
240.635999
241.123999
240.704999
248.895000
240.956000
240.743000
240.980000
240.936000
240.547000
241.148000
241.067001
240.383000
240.586000
240.716000
240.866000
240.967000
240.468000
240.765000
240.635999
240.376000
240.649000
240.142000
241.572999
240.518000
240.629001
240.989000
240.636000
240.341000
240.367000
240.192000
241.053000
240.687000
241.253000
240.357000
240.707000
240.490001
240.958000
240.785000
241.028000
240.260000
240.932000
241.130999
240.637000
241.203000
240.363000
241.001001
240.707000
240.761001
240.695000
241.034999
240.604000
240.875000
240.797000
240.762999
240.418999
240.651000
240.996000
240.804001
240.982001
247.816999
241.459000
240.520000
240.825000
240.443000
241.044000
241.087001
240.849000
240.575001
240.795000
241.150000
240.651000
241.044000
240.949000
240.584000
240.831001
240.582000
240.840000
241.130000
246.467000
241.462000
240.646000
240.675000
241.398000
240.672000
240.605000
240.649000
240.396000
240.561000
241.328000
240.707000
240.610000
240.420000
241.020000
240.871000
240.784000
241.118000
240.858000
247.275000
240.528000
240.622000
240.784001
240.659000
241.223999
240.996000
240.164000
240.897000
241.383000
240.339000
241.984000
240.934000
240.669000
240.700000
241.096999
240.112000
241.621000
240.666000
240.940000
241.385001
241.413000
240.901001
240.413000
241.309999
241.642000
241.196000
240.678000
240.621001
241.541000
241.058000
241.083001
240.258000
240.418999
240.594000
240.689000
240.995000
247.864000
241.191000
240.499999
240.640000
241.037000
240.532000
240.910000
241.230000
240.994000
241.022000
240.628000
240.859999
240.783000
240.537000
240.739000
240.544000
240.177000
240.660000
240.457000
247.415000
240.863000
240.289000
240.444999
241.160000
240.403000
240.595000
240.270000
240.858000
240.264000
240.934000
240.594000
240.707000
240.482001
241.135000
240.751000
240.746000
240.604999
240.956000
240.653001
240.375000
240.443000
241.218000
240.629000
240.513000
240.245000
240.731000
240.639000
240.853000
240.941000
240.793000
240.863000
240.727000
240.228000
240.920000
241.456000
240.683000
240.590000
242.055001
241.134000
240.708000
240.465000
240.702000
240.678000
240.362000
240.697999
240.745001
240.281000
240.991000
240.738000
241.028001
241.666000
241.210000
240.652001
240.797999
240.869001
247.372000
241.018999
240.535000
240.891000
240.490001
240.373000
240.247999
241.299000
240.522000
240.839001
240.384000
240.809000
240.947000
240.950000
240.327000
240.603999
240.915000
240.444999
240.724999
247.562001
240.550000
241.011000
240.577000
240.859000
240.637000
240.755999
240.712000
240.746000
240.526000
240.575000
240.785000
240.906000
240.208000
240.830000
240.509000
240.730001
240.641000
241.013001
241.065999
240.776000
240.926000
240.580000
240.666000
240.515000
240.289000
240.667000
240.208000
241.171001
240.802000
240.271000
240.502000
240.429000
240.578000
240.533000
240.733000
240.658999
241.114000
240.926000
240.538000
240.782999
240.293000
240.886000
240.840999
241.048001
240.553999
240.708999
240.769000
240.702000
240.437000
240.865001
240.519000
240.276000
240.535000
240.888000
241.469000
249.595000
240.784001
240.444999
241.076000
240.711000
241.347999
241.012000
241.080999
240.729000
240.358000
240.359000
240.646000
240.842000
241.138000
240.697000
240.559001
240.853000
240.667000
240.766999
247.460000
241.042000
240.719000
240.736000
240.316000
240.583000
240.377000
240.493000
240.847000
240.665000
240.449999
240.242001
240.772000
240.885000
241.032000
240.707000
240.845000
240.837000
240.951000
248.503000
240.425000
240.352000
240.687001
240.499000
240.640000
240.883000
241.921999
241.126000
240.343001
240.254000
241.171001
241.070000
241.344000
240.754000
240.456000
240.724000
241.204000
240.418999
240.704000
240.832000
241.050000
241.117000
240.852000
240.536000
240.995000
240.517000
240.742000
241.087000
240.650000
241.572000
240.628000
241.080999
240.885000
241.056000
240.800000
240.665000
240.577000
240.801000
240.709000
240.655000
240.475000
241.517000
240.690000
241.290000
241.257001
240.947000
241.696000
241.340000
240.783000
240.710000
241.291001
240.821999
240.311000
240.602001
241.111000
248.206000
240.756000
240.425999
240.154000
240.923000
240.499000
240.742000
240.758000
241.025001
240.957000
241.030999
240.631000
241.014000
241.294000
241.000000
240.412000
240.541000
240.855999
240.862000
240.606000
240.977000
241.025999
241.089000
241.158000
241.253000
240.858000
241.370000
240.476000
240.776000
240.706000
241.047000
241.099000
240.710000
240.514000
240.713000
240.768000
241.402000
241.319000
241.304000
240.756000
240.565999
240.743000
240.684001
240.838000
241.019000
240.949000
241.062000
241.053000
240.826000
240.413000
241.189000
241.043000
241.206000
241.168000
240.578000
240.684000
241.001001
241.019000
240.711001
240.657999
241.013001
240.957000
240.685000
240.267999
240.471000
240.777000
240.973000
240.566000
240.922000
241.269000
241.202001
240.691001
