379.630000
379.119000
376.491000
373.920999
373.331000
381.527000
374.183000
372.167000
371.431000
376.391000
374.241000
374.239000
373.422000
373.382000
371.044000
374.071999
373.630000
375.918999
375.004000
373.775000
374.936000
374.748000
375.346000
374.171000
373.913000
373.590000
375.670000
372.050000
372.014999
375.308000
373.071000
372.326000
372.820000
374.631001
374.074999
374.164000
372.170000
374.414000
373.713000
374.792000
385.256000
374.438001
375.531999
371.665999
373.220000
373.810001
373.492000
372.771000
370.794000
373.928000
373.318000
373.934001
374.051999
373.702000
373.587999
372.037000
374.096000
371.805999
372.833000
374.116999
373.387000
372.587000
371.708000
372.436000
373.963000
376.752000
374.797000
373.588000
373.807999
375.988000
372.815000
373.462000
376.280000
371.302000
373.794000
380.043000
375.235000
372.366000
372.770000
375.347000
372.885000
373.950000
370.712000
373.824000
374.198000
374.856000
376.775000
373.404000
375.024000
374.070000
372.230000
375.999000
372.047000
372.473000
375.500999
375.113999
371.290000
372.451000
375.413001
375.282000
374.644999
373.621999
373.878000
372.838000
373.494000
373.884001
378.083000
373.558001
372.219999
372.874999
381.942000
372.265001
373.226000
374.629000
375.686000
374.693001
373.253000
371.835000
373.813000
373.733000
372.910000
371.162999
374.246000
375.890000
374.304000
374.884999
376.969000
372.091000
373.579999
372.734000
372.888000
374.680000
375.125000
371.207000
371.700000
371.479000
372.285999
372.290000
374.896000
372.572000
373.713000
371.956000
378.001000
374.019001
374.402001
382.731000
373.473000
373.479000
372.351000
374.490000
374.905000
372.564000
373.199999
374.382000
373.151000
372.357000
373.312000
374.954000
374.452000
373.819999
372.672000
373.740000
371.528001
373.021999
374.534000
374.912000
376.057000
373.978000
374.041000
373.600000
375.860000
374.508000
374.643000
377.654000
375.390000
373.066000
379.138000
374.178001
376.012000
373.106000
377.251999
372.702000
373.309000
373.125999
374.368000
371.399000
374.123001
373.992000
372.798000
373.761000
373.362000
374.726000
374.631000
374.699000
373.360000
372.381000
374.398000
375.110000
373.276000
371.884000
375.334000
375.425001
372.094001
373.442001
374.675000
372.969001
370.216001
372.732000
373.114000
372.962001
373.660000
379.980000
373.987000
372.906000
373.463999
380.744999
376.118000
372.409000
375.440000
374.628000
375.499000
372.604000
373.245000
372.149000
371.723999
372.576000
374.754000
374.296000
374.326999
374.044000
375.368999
374.025000
372.638000
373.430000
377.490000
373.156000
374.551999
371.965000
371.878000
374.028000
373.038000
372.391000
374.180000
373.205000
370.213000
373.302001
374.416000
375.965000
372.682000
372.266000
371.598001
374.248000
375.357999
371.739000
374.716001
372.345001
374.148000
375.545000
372.620001
372.409999
375.775999
376.000000
373.730000
373.837000
373.341000
372.933000
372.475000
372.200000
372.857001
378.507000
375.889000
376.139000
374.350000
374.766001
374.127001
375.758001
370.855000
373.122999
372.246000
374.729000
373.777000
374.434000
373.964000
373.799999
371.835000
375.093000
371.375999
373.897000
373.094000
375.966000
372.825000
372.648000
382.096999
373.795999
372.848000
372.642000
374.959000
375.006000
374.284000
372.939000
374.923000
374.788000
375.827000
372.655000
373.679000
374.791000
373.572000
375.523000
375.045000
373.001000
372.113000
371.644001
370.536000
372.853000
372.035000
373.894000
374.028000
373.727000
372.461000
371.953000
376.866000
375.118000
373.724000
373.052000
374.465000
374.267000
371.968000
379.965001
374.679999
373.637999
372.692000
372.957000
374.434000
374.533000
376.077000
376.534000
371.669999
373.068000
373.757000
372.053999
372.756001
372.141000
372.258000
372.914000
375.600000
373.523001
377.475999
374.799000
374.966000
372.923000
374.265000
374.008000
373.999001
374.340000
373.978000
376.076000
373.496001
374.265000
380.729000
374.313000
374.451000
373.106000
372.888001
373.240001
375.188000
372.587999
371.590001
373.990000
373.904999
374.261000
373.388000
372.463000
372.637001
374.426000
373.455000
372.673000
373.912000
371.942000
376.381000
373.304999
373.740001
384.409000
373.901000
373.491000
374.616001
374.187999
373.776999
371.969000
373.625000
374.783000
374.753000
372.202000
373.062001
375.290000
373.870000
371.941000
373.660000
375.287999
371.149000
373.831000
374.864000
375.641000
374.160000
373.558001
373.339000
377.146999
373.933000
375.748000
373.854000
374.927000
372.834000
375.803000
383.756001
373.164000
373.554001
373.302000
373.156000
374.304000
375.932000
377.144000
372.410000
371.010000
372.190000
373.056000
373.533000
375.144000
373.879000
376.351000
374.206000
373.091999
371.739000
378.746000
373.818001
374.018000
371.178000
372.256001
374.268000
375.243000
376.532000
372.187001
372.898000
373.288000
372.625000
373.060000
374.470000
373.905000
373.570000
373.277000
372.315000
373.233000
372.947001
373.865000
373.063000
373.540000
370.925001
373.437000
372.806000
375.005000
374.861999
373.278000
372.962000
370.995000
371.848000
373.865000
374.962000
372.796999
371.664000
373.300000
372.715000
371.368000
374.422000
372.713000
372.955000
373.682000
371.267000
373.817000
372.446000
376.204000
374.719000
372.475000
372.297000
374.170000
375.736999
373.488000
374.758000
378.900001
375.064000
373.861000
372.686001
374.277000
372.184000
374.854000
373.411000
370.868000
373.105000
371.995000
373.574000
377.139000
373.489001
373.611000
371.472000
373.184999
372.498000
373.299001
374.100001
374.699000
372.314000
369.871000
371.846000
374.963000
374.816000
371.212000
373.039001
374.029000
373.579999
374.678000
374.035999
374.295000
376.138000
376.197000
372.645999
372.596000
372.491000
373.375000
372.747000
372.051001
371.311001
374.915000
373.733000
376.553000
375.531000
376.832000
376.013000
372.355000
375.527000
375.706000
373.105001
374.003000
373.450001
379.918001
373.638000
375.290000
372.977000
372.658000
372.606000
371.093000
374.248000
374.326000
373.648000
371.173000
371.165000
371.929000
374.447000
373.399000
374.316000
373.790000
376.191000
373.207000
371.145000
374.093000
375.126000
372.488000
374.040000
373.720000
375.488000
373.497999
372.942000
376.373000
378.170000
372.944000
376.868000
375.274000
374.534001
373.451000
380.817000
372.532000
372.315001
375.354000
375.232000
372.649999
371.789999
372.414000
374.713000
373.894000
370.959001
374.080000
374.620999
373.807000
374.726000
378.334000
375.207000
374.917000
372.334000
372.145000
373.422001
373.857999
374.229000
372.738999
374.193001
372.194000
371.815000
373.694000
374.514000
373.796000
372.020000
372.839999
376.834000
375.184000
373.197000
381.006001
374.140000
374.833000
372.988000
373.385000
372.645999
372.161000
374.050001
374.508000
374.564000
374.431999
372.571000
373.842999
372.450001
375.005000
371.868000
374.554000
373.049000
374.507000
386.385000
372.218000
375.914999
374.919000
376.444000
373.855000
376.036000
373.454001
374.258000
372.436000
374.104000
372.845001
373.476000
376.731000
375.661000
371.429000
373.923000
372.521000
373.008001
380.833999
374.272000
373.007000
373.017000
376.685000
375.336000
372.587000
374.080000
374.628000
372.437000
373.126999
375.575000
376.222000
374.605999
373.945001
373.044000
373.402000
372.036000
373.426000
377.022000
374.658000
373.401000
371.168001
381.735000
373.968001
371.925000
372.844000
373.397000
371.726000
374.222000
372.796999
373.535000
372.324999
373.795000
372.719999
375.773001
373.789000
370.846000
375.543999
372.640001
371.801999
374.667000
371.650999
372.579000
374.178000
373.462000
374.117999
374.930000
373.040999
372.576000
373.936000
372.127000
377.126000
371.018000
372.825000
374.563999
373.864000
372.802000
382.391999
375.331000
373.548000
371.765000
368.900000
373.574001
374.088000
372.065000
373.281999
373.505000
372.157999
372.516001
373.128000
373.982999
374.102999
376.058000
374.593000
373.153999
371.577000
372.318000
375.253000
374.366000
373.813000
376.343000
373.959000
372.970000
374.075999
371.543000
374.580000
372.212000
373.892000
374.371000
377.005001
375.305000
372.091999
381.433000
371.210000
373.415000
372.887000
375.622000
372.636000
373.277000
372.661999
374.329000
373.129000
370.984999
371.154000
374.361000
372.519000
374.008999
372.477000
372.672000
371.607000
371.349000
371.517001
376.008000
373.277000
375.198000
374.114000
375.490000
374.233000
373.071000
373.885000
372.618000
374.727000
372.940999
372.943000
376.092000
373.597001
371.369000
375.790000
374.111000
374.371000
373.467000
373.335999
373.469000
373.613000
384.585001
376.285001
374.180000
372.112000
376.002001
372.920000
373.933000
374.918001
374.278000
374.217000
373.623000
374.246000
374.524000
373.347000
373.343999
375.658000
376.053000
370.332000
373.471000
373.145999
374.814001
373.862000
376.207001
375.154999
375.136999
373.721000
372.293000
373.465000
374.380000
374.047001
372.118000
371.716000
372.668000
374.670000
371.426000
371.751999
374.855001
371.684000
373.880000
375.634000
372.376000
372.980000
373.172000
375.583000
374.489999
372.734000
372.916999
374.311000
372.762000
370.574000
373.289000
376.841000
376.303000
374.363000
382.129000
371.103000
372.543000
371.435000
376.711000
372.262999
372.386000
374.253000
372.981001
372.321000
374.873000
373.839000
374.485000
372.820999
372.694000
373.590000
373.439000
373.718000
374.099000
372.624001
373.776000
373.391000
373.293000
370.331001
372.091000
374.616000
374.962999
372.904001
372.800000
373.885000
375.002000
375.917000
376.259000
372.246000
372.768001
378.772000
373.458000
372.296000
372.347999
368.855000
375.047999
373.291000
374.011000
375.329000
375.572000
374.407999
372.175000
374.274001
374.187000
374.828000
373.380000
374.376000
373.349001
373.854000
372.674000
375.007000
373.452000
372.385999
373.991000
375.603000
375.282000
371.175000
373.393000
374.121999
373.021999
372.825000
372.721000
376.403000
373.318000
374.227000
383.959000
373.030000
373.488001
373.864001
370.449000
372.208999
374.302000
375.292000
372.551000
373.449000
378.168000
374.644000
373.652000
373.525000
374.132000
373.196000
374.430001
373.983000
372.734000
373.588000
373.358000
374.288000
373.158000
373.446000
376.203000
372.572000
372.807000
373.203000
374.213000
371.799001
373.296000
373.690000
378.399001
373.859000
371.983000
380.264999
372.325000
372.402000
372.746000
372.871000
373.160000
372.974999
372.160001
372.273000
373.922000
371.525000
372.750000
375.789000
373.502000
373.679000
373.860000
371.677000
372.289999
375.286000
371.098001
376.470000
375.023000
372.157000
373.992000
376.263000
374.222000
373.386000
370.868000
374.597999
373.663000
374.738000
375.312000
375.175999
374.380000
375.267000
378.567000
376.066000
372.740000
372.680000
374.041000
371.596999
375.067000
374.155999
377.479999
373.757000
373.076000
373.757000
373.619000
373.120001
373.435000
372.296999
372.562001
372.267000
372.374000
373.724001
374.701000
373.545000
374.450000
374.632999
