251.525000
250.862001
251.599000
251.959001
250.596000
251.042000
251.370000
250.903000
250.289001
255.672000
250.711001
251.051000
251.348000
251.261001
250.425000
251.120000
251.289000
251.659000
250.504000
251.445000
251.029001
250.301000
251.421000
251.770000
250.333000
251.638000
251.068001
250.107001
250.753000
251.013000
250.422000
250.556001
251.731000
250.054999
250.564001
251.381000
251.073999
251.163000
250.844000
250.878000
250.428000
251.355000
240.508000
250.685000
250.307000
251.791000
250.996000
250.512000
250.825000
251.866000
251.546999
251.089000
251.058999
250.377000
250.518000
250.996000
251.243000
251.047000
255.330000
251.162000
250.120000
250.690000
250.632999
251.020000
250.585999
251.247001
250.806999
250.702000
250.984000
251.449000
250.700001
249.980000
250.130001
250.847001
251.031999
251.449999
251.092999
251.213999
251.060000
251.685000
251.970001
250.865000
252.057000
252.018000
251.702000
251.738001
251.462000
251.183000
251.676001
251.012000
250.890000
251.542000
251.274000
251.250001
251.687001
251.485000
251.062000
251.467001
251.143000
251.962001
252.185000
251.140000
251.155999
252.145000
252.137000
251.455000
252.034000
250.672000
250.870001
250.495001
251.253000
250.976000
252.112000
251.033001
250.363000
251.868000
251.763000
250.565000
251.759000
251.394000
251.074000
250.789001
250.769000
250.596001
251.785999
251.292001
250.520000
251.706000
254.081001
250.781000
250.796000
250.652000
250.263001
251.178000
251.692000
249.927999
251.206000
252.065999
250.967000
250.546000
251.461000
251.676000
250.753000
250.895000
254.102000
250.021000
250.340000
250.916000
250.550000
250.323000
250.834000
251.222000
251.313000
251.081999
251.387999
251.502000
251.152000
252.120000
250.359000
251.367000
250.685000
250.969999
250.502000
250.592000
251.134000
251.064000
250.689000
250.678000
250.533001
250.694000
250.583000
251.192000
250.589000
250.704000
250.760000
250.976000
250.321000
251.868000
250.807000
250.649000
250.778000
250.785000
250.464000
251.241000
250.592000
250.445000
251.113000
250.518000
251.582000
250.181000
251.297000
250.930000
251.308000
251.317000
251.371000
251.003000
251.007000
250.595001
251.200000
249.839000
251.103000
251.252000
250.092000
255.163000
250.839000
250.893000
250.956000
250.623001
251.201000
251.266001
251.270001
250.899000
251.179000
250.765000
254.604000
251.441000
250.771000
249.920000
251.045000
251.083000
251.670999
251.641000
251.267999
250.744000
250.770000
251.213000
250.523000
251.157000
250.868999
250.345999
251.077000
251.188000
251.639000
251.861000
251.443000
251.010000
250.619999
250.290000
251.278000
250.651999
251.923000
251.488000
252.292000
250.565000
250.839001
251.654000
250.081000
251.039000
250.545001
250.619001
250.555000
250.138000
249.340001
250.413000
252.206000
251.021001
250.428000
250.500999
251.334000
251.286000
250.799000
250.302000
250.137000
250.171000
251.192000
250.824000
251.087001
250.217000
249.660000
250.926999
251.436000
250.076000
250.734000
256.350000
250.158000
251.267999
251.079000
250.480000
251.141000
251.241000
250.108000
250.735000
251.336000
250.981000
254.509000
250.738000
251.045000
251.348000
251.137000
250.468000
250.739001
251.363000
250.777000
251.286000
251.155999
251.126000
251.002001
250.806000
250.122000
251.085000
250.730000
250.512999
251.965000
251.195000
250.393000
250.760000
251.254000
251.355000
250.921000
249.605999
250.347001
250.026000
250.608000
250.029000
251.254000
250.622000
251.544000
251.234001
251.345000
251.031999
251.434000
250.992999
250.458000
251.621000
250.971000
252.049000
251.366000
250.558999
251.122001
250.767999
250.470000
250.515000
251.317000
250.761000
251.032000
251.415000
251.230001
251.794999
251.806000
245.419000
251.606000
251.645000
250.674000
251.022000
251.125000
251.388000
250.974000
251.463000
250.859000
251.203001
254.896000
250.677000
251.020000
250.400000
250.883000
249.979001
250.533000
250.777001
250.222000
250.833000
250.676000
250.490000
250.555000
251.550999
250.972000
250.849000
250.680001
250.825000
250.831001
250.429000
251.593000
251.598000
250.950000
250.949000
250.808000
251.796000
250.804001
250.066000
250.461000
250.426000
251.664000
250.709000
251.110000
250.966000
250.676000
250.973000
251.696000
250.259001
250.907999
251.125000
251.418000
251.175000
250.808000
250.801000
250.459000
250.693000
250.986001
250.030000
250.562000
250.212001
250.732000
251.062999
251.830000
250.748000
251.592000
242.201000
252.060000
250.693000
250.980999
251.615000
251.069000
251.940000
250.930000
250.337000
250.202000
250.355000
250.583000
250.109999
250.786000
250.931000
250.387000
254.566000
250.762001
251.079000
250.596000
250.965999
250.835001
251.227000
251.067000
251.839001
250.890000
250.752000
255.754000
250.796000
250.820001
250.414000
250.636000
251.079001
250.305000
251.201000
251.286000
250.948000
251.634000
251.047000
251.401000
250.949000
250.973000
250.482000
250.216000
250.727000
250.700000
250.813999
250.411999
250.739001
251.434000
250.488000
250.581000
251.449000
251.370000
250.414000
251.057999
251.223000
251.115000
251.573000
250.195000
254.602000
250.913001
251.509001
250.816000
250.487000
251.179000
250.559000
250.565000
251.067000
251.368000
251.549999
251.334000
250.083000
250.818000
251.834000
250.517000
251.351000
249.890000
250.882001
251.444000
251.380000
251.721000
251.437000
250.671000
250.825999
250.561000
251.995000
251.036000
251.250000
251.523999
250.149000
250.941000
251.711001
251.655000
251.084000
250.779000
250.264999
250.522001
250.857000
251.108000
251.252000
250.582000
250.994001
251.404000
252.113000
250.854000
251.655000
250.581999
251.247000
250.628000
251.007999
251.182999
250.823000
250.463000
251.512000
253.900000
250.998000
250.522000
251.878999
251.167000
251.730000
250.862001
251.217999
251.173000
250.997000
250.849000
250.297000
250.409000
251.497000
250.795000
250.349000
250.012000
250.557001
250.709000
251.111000
251.386000
251.395000
250.530000
251.178000
251.315000
251.879999
250.705000
251.343000
252.152001
250.525001
251.171000
250.390000
254.518000
251.218000
250.648000
250.736000
250.994001
250.903999
251.235999
251.180001
251.426000
251.301000
250.558000
251.469000
250.523000
251.689000
251.267999
250.619000
250.245000
251.920001
250.404000
250.984000
251.011000
250.732000
251.506000
250.367001
250.344000
251.583001
251.210000
251.181000
251.263000
251.079000
250.554999
250.160000
250.032000
250.639999
250.894000
250.213000
250.392000
250.802000
250.434000
250.437000
250.376000
250.210000
249.945000
251.285000
256.530000
249.968000
251.147000
251.169000
250.591000
251.031999
250.646000
251.192000
250.838000
251.081000
250.534000
250.561999
251.771000
250.832000
250.725000
251.504000
250.786999
250.843000
250.901000
251.041001
251.143000
250.238000
251.269001
250.859000
251.608000
250.445000
250.318000
251.240000
250.453000
250.811000
250.871000
250.515000
251.453999
250.568001
252.191000
251.096000
250.772000
250.769001
251.661000
250.310000
250.792000
250.728000
251.136000
251.476999
250.949999
250.862000
250.720000
251.041000
250.904000
251.517001
251.825000
250.707000
251.127000
250.690999
250.353999
251.153000
251.175000
251.208000
250.509000
251.284000
250.820001
250.656000
250.323000
251.044000
250.303000
251.821999
251.199000
251.723000
251.050000
250.628000
250.569000
250.736000
250.492000
250.640000
250.582000
254.675000
250.812000
251.316000
251.393001
250.303000
250.795000
250.560000
250.972000
250.232999
251.090000
250.847001
250.597000
250.486000
251.672000
251.499000
250.385000
250.986001
251.545001
250.674000
250.647000
250.924000
250.527000
251.447001
250.587000
251.658000
250.419000
250.286001
250.155000
250.283000
251.385001
250.972000
250.712000
251.721000
250.507000
250.483000
250.882000
251.261000
251.172001
251.291000
251.320000
250.875000
251.576000
250.312001
250.409000
251.559000
251.257000
251.098000
251.873001
250.585999
251.313000
250.924001
250.845999
251.470000
251.629001
250.612000
250.505000
250.988000
250.875000
250.487000
251.052001
250.264999
251.530000
250.080001
250.823000
250.906000
250.517000
250.867000
250.524000
250.505000
251.769000
251.290000
250.405000
250.760000
251.339000
250.657000
250.509000
250.118000
250.760000
250.911000
250.733000
250.813000
250.909000
250.778001
250.111000
250.645000
250.561000
254.863000
250.563000
250.952000
251.281000
251.654000
250.038001
251.041001
250.887000
251.236000
250.289000
251.576000
250.845000
250.159000
250.237999
250.352000
250.617000
254.188000
251.088001
251.037000
250.864000
250.726000
250.256000
250.771000
251.145001
251.477000
251.068001
251.161000
250.470000
250.338000
250.534000
250.398000
250.618000
250.407999
252.028001
251.482001
250.676000
251.322000
251.532000
250.842000
250.897000
250.735001
250.367001
251.371000
250.903000
250.871000
250.806999
251.336999
250.801001
251.812000
251.406000
251.513001
250.612000
251.097000
251.669000
250.667000
250.675000
250.032000
249.808000
250.640000
250.543000
250.789001
251.309000
251.638000
250.816001
250.809000
251.434000
251.320000
250.853000
251.558000
250.722000
250.965999
250.854000
250.457000
250.973000
251.104999
255.310001
251.211000
251.012000
250.335000
251.537000
250.892000
250.779999
251.069999
250.968999
250.667000
251.006000
250.570000
251.657001
251.427000
250.329000
250.528000
253.994000
250.305000
250.681000
250.065000
250.375001
250.485000
250.844000
251.162000
250.729000
251.093000
250.650000
250.149000
250.031999
250.721999
250.591000
250.268999
253.850000
251.199000
250.495000
250.897001
250.463000
251.361000
250.660000
250.746001
249.805001
251.017000
250.552000
252.102000
250.391000
250.227000
250.490000
251.207000
254.623001
251.007000
250.945000
250.468000
250.860000
250.523999
250.663999
250.761000
250.126000
250.339000
250.111000
251.311000
250.899000
251.838000
250.968000
251.176000
250.852000
250.708000
250.553000
251.120999
251.143000
251.511000
251.397000
251.633001
250.418000
250.875000
250.779000
250.897001
250.524000
250.120000
250.957000
251.353000
251.688000
250.590000
250.694999
250.337000
250.268000
250.574000
251.610000
251.316000
250.402001
251.540000
250.904000
250.298000
252.121001
250.886000
250.587000
250.775000
250.846000
250.353000
251.568000
250.823000
251.518000
250.597999
251.256000
250.282000
250.756000
250.630001
250.325000
243.165000
251.048001
249.967000
250.370000
250.727001
250.739000
250.520000
250.917000
250.747000
250.442000
250.391000
250.813000
251.267000
250.953000
250.551000
250.599000
254.807000
251.626000
249.907000
251.438000
250.281000
250.405001
250.833000
251.089999
250.947000
251.189999
251.280000
250.119000
250.466000
252.089000
252.124000
250.805001
251.108000
250.382001
250.546000
250.107001
250.473999
251.007999
250.112000
251.548001
250.386000
251.377000
250.860000
250.523000
251.417000
251.130000
251.945999
250.306000
250.831000
250.563000
250.626000
250.979000
250.689000
250.789000
250.596000
250.617000
251.979999
250.723000
250.341000
250.632999
252.327000
