60.355000
60.252000
60.183000
60.206000
60.205000
60.233000
60.199000
60.342000
60.178000
60.202000
60.178000
60.173000
60.138999
60.208000
60.138999
60.178000
60.404000
60.049000
60.063999
60.178000
60.183000
60.045000
60.082001
60.181000
60.036000
60.227000
60.042000
60.167000
60.076000
60.047000
60.043001
60.052000
60.222999
60.062001
60.055001
60.062000
60.062000
60.215000
60.220000
60.029000
60.075001
60.074000
60.068999
60.049000
60.211000
60.210001
60.045999
60.073000
60.036000
60.049000
60.050000
60.199000
60.197000
60.040999
60.058000
60.070000
60.222000
60.028000
64.006000
60.058000
60.177000
60.056000
60.050000
60.036001
60.218000
60.230000
60.325000
60.231000
60.374999
60.218000
60.357001
60.355000
60.316999
60.184000
60.319000
60.177000
60.384000
60.375000
60.172000
60.072999
60.385999
60.169000
60.076999
60.072000
60.374000
60.069000
60.056000
60.169000
60.055000
60.045000
60.063000
60.173000
60.165000
60.041999
60.203999
60.245000
60.073000
60.175000
60.074000
60.163000
60.038000
60.040000
60.438001
60.227000
60.080000
60.079000
60.384000
60.037999
60.076000
60.391000
60.081000
60.074001
60.052999
60.054000
60.076000
60.268000
60.052999
60.040000
60.084000
60.050000
60.101001
60.325000
60.201000
60.312000
60.431000
60.177000
60.314000
60.198000
60.067000
60.188000
60.195000
60.205000
60.145000
60.227000
60.155000
60.175001
60.380000
60.356000
60.172000
60.152001
60.169000
60.307000
60.200000
60.168000
60.190000
60.204000
60.339000
60.056000
60.182000
60.078000
60.035000
60.045999
60.054000
60.158000
60.045000
60.222000
60.074000
60.045000
60.053000
60.032999
60.043000
60.076000
60.033000
60.055000
60.210000
60.039000
60.076000
60.044000
60.200000
60.045999
60.252000
60.075000
60.071000
60.456000
60.027000
60.049000
60.040000
60.036000
60.217000
60.320000
60.172000
60.171000
60.176000
60.196000
60.349000
60.183000
60.159000
60.171000
60.211000
60.219000
60.075000
60.194000
60.185000
60.174000
60.351000
60.196000
60.170000
60.075000
60.091000
60.066001
60.177000
60.057000
60.168000
60.205000
60.187000
60.193000
60.050000
60.046000
60.094000
60.052000
60.071000
60.287000
60.071000
60.077000
60.079000
60.077000
60.067000
60.055001
60.050000
60.044000
60.260000
60.053000
60.078000
60.055001
60.081000
60.223999
60.215000
60.052000
60.043000
60.037999
60.071001
60.217000
60.067000
60.053000
60.036000
60.067000
60.045000
60.035000
60.050000
60.040999
60.067000
60.071001
60.045000
60.067000
60.045000
60.323000
60.159001
60.180000
60.172000
60.167001
60.197000
60.166000
60.223000
60.167000
60.169999
60.187001
60.072000
60.057000
60.046000
60.064000
60.359000
60.025000
60.062000
60.041999
60.143000
60.217001
60.210000
60.031000
60.069000
60.038000
60.029999
60.032000
60.037000
60.028000
60.036000
60.316000
60.198000
60.174000
60.067001
60.020001
60.030000
60.028000
60.374000
60.172999
60.028000
60.164999
60.029999
60.028001
60.051000
60.031001
60.037999
60.168000
60.149000
60.147000
60.201000
60.175001
60.201000
60.163001
60.350999
60.314000
60.157999
60.330000
60.150000
60.314000
60.241000
60.051000
60.025999
60.060000
60.203000
60.027000
60.171000
60.328000
60.326000
60.320999
60.175000
60.162000
60.171000
60.342000
60.164000
60.147000
64.704000
60.188000
60.165000
60.324000
60.138000
60.177000
60.187000
60.318001
60.180000
60.175001
60.163000
60.200000
60.165000
60.344000
60.145000
60.173000
60.189000
60.174000
60.182001
60.132001
60.197000
60.172000
60.071000
60.055000
60.082000
60.045000
60.076999
60.051001
60.179000
60.048000
60.223999
60.223000
60.078000
60.050000
60.044000
60.053000
60.052000
60.168000
60.052000
60.090000
60.256000
60.279001
60.050000
60.169000
60.075000
60.366000
60.027000
60.045000
60.068000
60.039000
60.042000
60.173000
60.153000
60.355000
60.346999
60.336000
60.385000
60.152000
60.188000
60.349001
60.149000
60.342000
60.188000
60.179001
60.318000
60.225001
60.333000
60.073000
60.170000
60.214000
60.322000
60.352000
60.151001
60.166000
60.678000
60.144001
60.354000
60.165000
60.169999
60.199001
60.210001
60.173000
60.134000
60.202000
60.343000
60.164000
60.339000
60.207999
60.136000
60.170000
60.403001
60.058000
60.043000
60.045000
60.184999
60.047000
60.076000
60.066001
60.040000
60.203000
60.072000
60.043000
60.228000
60.035000
60.041000
60.152000
60.237000
60.071000
60.347000
60.195000
60.194000
60.166000
60.187000
60.199999
60.346000
60.161000
60.204000
60.210000
60.336000
60.319000
60.386000
60.160000
60.149000
60.611000
60.312000
60.170000
60.354000
60.450001
60.174000
60.146000
60.162000
60.332000
60.516000
60.169000
60.198001
60.203000
60.176000
60.333000
60.545000
60.141000
60.204000
60.207000
60.188999
60.324000
60.375000
60.343000
60.381000
60.368000
60.288000
60.043001
60.210001
60.050000
60.083000
60.042000
60.045999
60.208000
60.257999
60.189000
60.202000
60.355000
60.403001
60.526000
60.196000
60.061000
60.071001
60.035000
60.163001
60.098000
60.060000
60.044999
60.206001
60.073000
60.035000
60.483000
60.255000
60.209000
60.067000
60.051000
60.161999
60.045000
60.169000
60.205000
60.165999
60.046000
60.036000
60.064999
60.068000
60.041000
60.258000
60.179001
60.352000
60.358000
60.294000
60.058000
60.244000
60.171001
60.032000
60.041000
60.044001
60.034000
60.328000
60.351000
60.035001
60.223999
60.039000
60.034000
60.186000
60.044999
60.091000
60.068000
60.212000
60.061000
60.269999
60.179001
60.206000
60.104000
60.072999
60.121999
60.048000
60.051000
60.192000
60.049000
60.074000
60.067000
60.072999
60.231999
60.027000
60.045999
60.094000
60.032001
60.043000
60.071001
60.036000
60.171001
60.351000
60.350000
60.384000
60.078000
60.337001
60.223999
60.070000
60.160000
60.227000
60.045999
60.034000
60.045000
60.046000
60.029000
60.327000
60.144000
60.167000
60.177000
60.194000
60.157000
60.176000
60.165999
60.176000
60.263000
60.025000
60.317000
60.183000
60.176000
60.348000
60.203000
60.183001
60.034000
60.072999
60.251000
60.370000
60.170000
60.227000
60.141999
60.222999
60.192000
60.180000
60.188000
60.354000
60.167001
60.159000
60.312999
60.192000
60.044000
60.360000
60.031001
60.046000
60.049000
60.029999
60.037000
60.196000
60.317000
60.348000
60.350999
60.367000
60.179000
60.330000
60.312000
60.186001
60.144000
60.314000
60.139000
60.202000
60.162000
60.167000
60.151001
60.169000
60.207000
60.151000
60.206000
60.174000
60.173000
60.145000
60.323000
60.068000
60.214000
60.229000
60.369999
60.188000
60.325000
60.073000
60.169999
60.371000
60.277000
60.039000
60.227000
60.045000
60.027000
60.096000
60.339999
60.063999
60.046000
60.087000
60.030000
60.041999
60.083000
60.066001
60.066000
60.098000
60.054000
60.190000
60.040000
60.066001
60.075000
60.132001
60.038000
60.190001
60.040000
60.242999
60.334000
60.071000
60.171001
60.070001
60.311000
60.037000
60.043001
60.152001
60.065000
60.043001
60.045999
60.068000
60.045999
60.046000
60.162000
60.046000
60.212000
60.336000
60.177000
60.180000
60.155001
60.172000
60.320000
60.162000
60.173000
60.498000
60.342000
60.174000
60.345001
60.134999
60.216000
60.149999
60.156001
60.181000
60.196999
60.203000
60.168001
60.273000
60.013000
60.078000
60.075000
60.050000
60.048999
60.040000
60.046000
60.082001
60.223999
60.173000
60.361001
60.195000
60.158000
60.180000
60.199000
60.457000
60.322000
60.174000
60.166000
60.169000
64.653000
60.215999
60.223000
60.219999
60.212000
60.238000
60.217000
60.257000
60.230001
60.214000
60.032000
60.066001
60.203000
60.151000
60.171001
60.184000
60.356000
60.184000
60.358000
60.236000
60.211000
60.182001
60.345000
60.183000
60.183000
60.465001
60.188000
60.178000
60.335000
60.181000
60.201000
60.354000
60.167000
60.232000
60.206000
60.183001
60.180999
60.353000
60.383000
60.558000
60.175000
60.183000
60.178000
60.258999
60.176000
60.341000
60.161000
60.180000
60.172000
60.410000
60.440999
60.233000
60.202000
60.212000
60.395001
60.489999
60.360000
60.206001
60.351000
60.240000
60.176000
60.199001
60.082000
60.086000
60.065000
60.333000
60.044999
60.168000
60.044000
60.230000
60.066001
60.475000
60.044001
60.035000
60.080000
60.215000
60.173000
60.176000
60.210000
60.163000
60.174000
60.199000
60.200000
60.178000
60.181000
60.249000
60.050000
60.047001
60.169000
60.144000
60.187999
60.178000
60.174000
60.206000
60.165999
60.148000
60.150000
60.153000
60.210000
60.186000
60.042000
60.056000
60.052000
60.169000
60.355000
60.060000
60.206000
60.187000
60.354000
60.339000
60.330001
60.184000
60.320999
60.346000
60.181000
60.172000
60.151001
60.173000
60.357000
60.325000
60.323000
60.185000
60.204000
60.044000
60.068000
60.042000
60.068999
60.239000
60.222999
60.221000
60.200999
60.066000
60.052000
60.094000
60.072000
60.163000
60.065000
60.366000
60.227999
60.195000
60.374000
60.383000
60.218000
60.205000
60.204000
60.208000
60.208000
60.203000
65.588000
60.225000
60.210000
60.203000
60.213001
60.209000
60.195999
60.357000
60.176000
60.378000
60.206001
60.236000
60.514000
60.357000
60.377000
60.345000
60.387000
60.362000
60.374000
60.358000
60.534000
60.201000
60.269000
60.215000
60.169000
60.040999
60.045000
60.034000
60.222000
60.221001
60.036001
60.086001
60.070000
60.240000
60.071000
60.217000
60.033000
60.174000
60.040000
60.033000
60.048000
60.252000
60.164000
60.341001
60.056999
60.098999
60.183000
60.085000
60.165999
60.052000
60.039000
60.071000
60.064000
60.071000
60.048000
60.107000
60.205000
60.198001
60.208000
60.210000
60.236000
60.220000
60.346999
60.170000
60.247000
60.047000
60.037000
60.236000
60.184999
60.035001
60.034000
60.086000
60.057000
60.055000
60.054000
60.169000
60.051001
60.084000
60.035000
60.047000
60.185000
60.176000
60.179001
60.208000
60.193000
60.314000
60.353000
60.345000
60.180000
60.374000
60.315000
60.347000
60.327000
60.346000
60.457001
60.502000
60.164999
60.322000
60.185000
60.346000
60.240000
60.190000
60.194001
60.366000
60.350000
60.170000
60.270000
60.052000
60.044999
60.178000
60.047000
60.066001
60.461000
60.225001
60.040000
60.252000
60.045999
60.173000
60.174000
60.180000
60.165000
60.238999
60.166000
60.252000
60.209000
60.353000
60.208000
