36.240000
35.939999
35.980001
35.840001
35.719998
36.079999
36.419999
36.200000
35.739999
35.800001
36.379999
36.400001
35.920000
36.520001
35.780001
36.020000
36.020000
36.420001
35.960000
36.240000
36.340000
36.599999
36.780002
36.560001
36.200000
35.720000
35.980001
36.400001
36.079999
35.820000
36.660001
36.080001
36.760001
36.400000
36.400000
36.739999
36.380000
36.140000
35.999998
36.220001
36.100000
37.319999
36.219999
36.300000
36.379999
37.179999
35.880001
36.840001
36.240000
36.039999
36.899999
35.840001
36.440000
36.300002
35.960000
36.040001
36.260001
36.240000
36.099998
36.179999
36.259999
36.000000
35.699999
35.940001
36.840001
36.300000
35.900000
36.319999
35.820000
36.140000
36.540000
36.080001
36.140000
36.080001
36.040001
36.300000
35.720000
36.200000
35.680000
36.459999
36.279999
36.540000
36.620000
35.920002
36.060000
36.340000
36.160000
36.259999
36.380000
35.899999
35.760000
36.040001
35.900000
35.740001
36.560001
35.820000
35.799999
35.680000
36.359999
35.960000
35.980001
36.080001
35.799999
35.920000
36.040001
35.960000
35.860000
35.780000
35.960000
35.760000
36.020000
36.140000
35.879999
36.359999
36.080001
35.900000
36.460001
35.820000
36.400000
36.039999
35.639999
43.120001
35.840001
36.020000
36.080001
35.780000
36.060000
35.879999
36.380000
35.780000
35.860000
36.240000
36.060000
36.179999
36.300000
36.400000
36.499999
36.360001
35.820000
36.060000
36.060000
35.859998
35.939999
35.799999
36.220001
36.380000
36.520001
35.960000
35.860000
36.180001
36.160000
36.359999
35.780000
36.480000
35.920000
36.179999
35.960000
35.999998
35.700001
35.960000
36.240000
35.820000
36.020000
35.979999
35.999998
35.780000
35.879999
36.100000
36.520001
35.980001
36.180001
35.960000
36.499999
36.280001
36.300000
35.840001
36.400001
36.760001
36.620000
36.180001
36.380000
35.720000
36.100000
35.759998
35.920002
36.440000
35.799999
36.459999
35.820000
36.300000
35.780000
36.380000
35.800001
36.280001
35.920000
35.780000
36.219999
36.040001
35.660001
35.820000
35.920000
36.340000
36.180001
36.259999
36.340000
35.939999
36.340000
35.700001
36.400000
36.060000
36.020001
35.920002
36.100000
36.060000
36.320001
36.300000
35.900000
35.720000
36.380000
36.380000
36.280001
36.200000
35.879999
35.780000
36.340000
35.800001
36.100000
36.400001
35.840001
35.720000
36.259999
35.920000
36.020001
36.220001
36.400000
36.079999
36.300000
36.020000
36.400000
35.740001
36.020000
35.759998
35.979999
36.380000
36.579998
36.140000
36.340000
35.920000
36.319999
36.140000
36.279999
36.179999
35.839999
35.799999
36.139999
35.940001
36.100000
36.200000
43.439999
36.340000
35.839999
36.020001
35.920000
36.440000
36.160000
36.279999
36.160002
36.240000
35.940001
35.899999
36.420001
36.200000
36.280001
36.240000
36.620000
36.120001
36.020000
36.320001
36.259999
35.920000
36.000000
36.219999
36.079999
36.400000
36.060000
37.060000
36.240000
36.380000
35.839999
36.140000
36.079999
35.820000
36.160002
36.400000
36.200000
36.200000
35.839999
36.419999
36.220001
35.720000
35.880001
36.320001
36.220001
37.000000
35.660001
36.060000
36.120001
36.640001
36.200000
35.879999
35.799999
36.660001
35.960000
35.780001
36.179999
36.280001
36.440000
35.940001
35.880001
35.600001
36.259999
36.440000
35.820000
36.259999
36.120001
36.420001
35.800001
35.960000
35.860000
35.699999
35.840001
36.580000
36.119999
36.359999
36.040001
35.960000
36.280001
35.780001
36.080001
35.860000
36.200000
35.860000
36.280001
36.360001
36.739999
35.640001
35.699999
36.060000
36.220001
36.220001
36.039999
36.040001
36.340000
36.359999
35.799999
35.940001
35.879999
35.799999
36.040001
36.100000
35.720000
36.240000
36.340000
36.259999
36.200000
36.140000
35.720000
36.540002
36.419999
36.140000
36.700001
36.319999
36.039999
35.540000
36.380000
36.080001
36.240000
36.280001
35.540000
36.060000
35.900000
36.180001
36.739999
35.840001
35.840001
36.459999
35.820000
36.459999
36.419999
36.020000
35.720000
35.680000
36.540000
35.740001
36.000000
35.780000
35.920000
36.420001
36.400000
36.459999
36.960000
36.140000
36.960000
35.960000
36.460001
35.920000
36.440002
36.180001
35.899999
36.119999
36.640001
36.300000
35.720000
36.300002
35.920000
35.739999
36.440000
36.319999
36.459999
36.200000
36.380000
36.220001
36.620000
35.780000
35.660001
35.780000
35.780000
36.340000
36.120001
36.559999
36.240000
35.760000
36.780000
36.420001
35.720000
36.100000
36.139999
36.499999
36.580000
35.960000
36.280001
36.500001
45.900000
36.319999
35.900000
36.280001
35.800001
36.300000
36.200000
36.020000
36.320001
36.139999
36.020000
35.900000
36.440000
35.920000
36.600001
36.000000
35.800001
36.319999
35.739999
36.300000
35.780000
35.960000
35.879999
36.460001
36.100000
35.879999
36.219999
36.300000
36.280001
36.139999
35.680000
35.940001
35.680000
35.739999
36.279999
35.960000
36.259999
35.699999
36.140000
35.739999
36.260001
35.920002
36.119999
36.359999
35.880001
36.180001
135.460000
36.200000
36.319999
35.820000
36.100000
35.820000
35.879999
35.960000
35.680000
35.879999
35.700001
36.280001
36.160000
36.279999
36.020000
36.120001
35.760000
35.760000
36.300000
36.120001
35.820000
36.140000
36.479998
36.200000
36.239998
36.140000
35.840001
35.960000
36.020000
36.160000
36.079999
36.280001
36.580000
35.739999
35.820000
35.880001
36.279999
36.400000
35.800001
35.939999
36.040001
35.900000
36.139999
35.620000
35.979999
42.560000
35.979999
35.680000
36.380000
36.160000
36.079999
35.860000
37.079999
36.259999
36.060000
35.920000
36.039999
35.820000
36.080001
35.600001
36.360001
35.960000
35.780000
36.040001
35.839999
36.140000
36.280001
35.739999
35.979999
35.940001
35.839999
36.219999
36.300000
35.920000
35.740001
35.960000
35.900000
36.220001
35.940001
36.060000
35.899999
36.079999
36.200000
35.799999
36.440000
36.499999
36.160000
35.820000
36.020000
35.860000
35.780000
36.440000
36.300000
36.900001
36.380000
36.020001
35.800001
36.580000
36.640001
36.020000
35.760000
35.900000
36.100000
36.020000
36.060000
36.319999
36.259999
35.920002
36.259999
36.119999
36.200000
36.020000
36.280001
36.140000
35.739999
36.160000
36.240000
36.380000
36.020000
36.000000
36.240000
36.060002
36.400000
36.400000
36.140000
36.139999
35.860000
36.499999
36.039999
36.119999
35.899999
36.079999
36.039999
36.160000
36.240000
36.060000
42.579999
36.459999
36.380000
35.920000
35.820000
36.100000
36.420001
36.400000
36.200000
36.300000
35.780000
35.699999
36.480000
36.160000
36.100000
36.320001
36.380000
35.800001
36.400000
35.860000
36.200000
36.340000
35.960000
36.160000
36.640000
36.079999
36.680000
36.860000
36.260001
36.220001
36.140000
36.219999
35.780000
35.940001
36.319999
35.739999
36.400001
36.140000
36.039999
36.340000
36.079999
35.960000
36.040001
36.279999
36.440000
36.020000
83.520001
36.200000
36.219999
36.540000
35.879999
35.839999
35.780000
36.140000
36.039999
35.820000
35.960000
36.100000
36.400000
35.939999
36.100000
36.179999
35.999998
35.900000
35.600001
36.180001
36.319999
35.980001
36.020000
36.380000
36.379999
35.940001
36.499999
35.960000
36.380000
36.459999
36.259999
36.499999
35.979999
36.300000
35.780001
36.140000
36.180001
36.140000
36.160000
36.040001
36.040001
36.120001
36.359999
35.900000
36.140000
35.940001
41.880000
36.139999
36.100000
36.219999
36.119999
36.160000
35.799999
36.440000
36.180001
35.799999
36.000000
36.020000
36.160000
36.220001
36.359999
35.860000
36.280001
36.320001
36.480000
36.020001
36.140000
35.800001
35.760000
36.560001
36.259999
36.359999
36.179999
36.079999
35.860000
35.840001
36.540000
35.820000
36.440000
36.000000
36.020000
36.020000
35.839999
36.100000
35.939999
35.840001
36.480000
36.079999
36.400000
36.140000
35.720000
36.459999
74.800000
35.780000
35.800001
35.739999
36.499999
37.160000
35.920000
35.700001
36.020000
35.839999
35.900000
36.060000
36.000000
35.940001
36.219999
36.039999
35.859998
36.060000
36.060000
36.000000
35.739999
36.180001
35.840001
35.979999
36.000000
36.079999
36.359999
36.520001
36.520001
36.140000
35.900000
36.020001
36.300002
35.960000
36.120001
35.659999
36.560001
36.419999
35.999998
35.540000
36.219999
36.259999
36.100000
36.120001
35.800001
36.079999
35.900000
35.980001
35.900000
36.320001
36.420001
36.119999
35.879999
36.339998
37.300000
36.420001
35.979999
35.960000
35.920002
36.040001
36.319999
35.960000
36.040001
36.160002
35.939999
36.160000
36.200000
35.839999
36.559999
36.359999
35.879999
36.240000
35.680000
36.400001
36.100000
36.080001
36.000000
36.180001
36.340000
36.280001
36.140000
36.180001
36.219999
36.039999
35.840001
35.780000
36.259999
35.799999
36.280001
36.240000
36.180001
36.259999
45.219999
36.239998
35.659999
36.440000
35.740001
35.980001
36.140000
35.960000
36.160000
35.900000
35.899999
35.900000
36.140000
36.519999
35.900000
36.000000
35.920000
36.380000
36.280001
36.060000
35.960000
36.379999
36.319999
35.760000
35.999998
37.219999
36.440000
36.420001
35.879999
36.600001
36.300000
35.920000
36.340000
36.459999
36.140000
36.300000
36.079999
36.300000
36.000000
35.899999
36.660001
35.979999
35.939999
35.760000
36.240000
35.840001
72.939999
36.400000
36.020000
36.060000
35.920000
35.980001
35.700001
36.420001
36.540002
36.340000
36.160000
36.000000
35.900000
36.160000
35.840001
35.920000
36.100000
36.100000
36.380000
35.840001
36.200000
36.120001
36.280001
36.300000
35.940001
36.140000
35.780001
36.260001
36.120001
35.620000
35.939999
36.040001
36.360001
35.780000
36.160000
36.620000
35.820000
35.880001
36.340000
36.220001
35.979999
35.720000
35.760000
35.820000
35.900000
35.739999
42.260000
36.219999
36.079999
36.640001
35.960000
36.300000
36.540002
35.899999
36.020000
35.699999
36.319999
35.980001
35.940001
36.039999
36.400000
36.180001
35.960000
36.140000
36.040001
35.920000
35.720000
35.840001
35.780000
36.120001
36.000000
36.060000
36.400000
36.020001
36.239998
36.040001
36.440000
35.860000
36.540000
35.980001
35.960000
36.060000
36.020001
35.879999
36.280001
36.240000
36.620000
35.940001
36.119999
36.240000
35.800001
35.740001
86.879998
35.960000
36.100000
35.900000
35.980001
36.240000
36.340000
36.120001
