10075.972999
10048.968000
10032.973001
10032.808000
10042.002000
10041.540001
10040.430000
10043.599000
10040.212000
10037.726000
10039.543999
10043.014999
10041.569000
10030.142000
10036.845999
10033.878999
10045.581998
10038.192000
10043.329000
10033.914000
10034.542000
10038.938999
10042.669000
10032.277001
10038.242999
10044.056000
10042.273000
10042.955000
10039.725998
10028.943000
10037.692001
10032.357000
10038.641999
10040.366001
10041.032001
10036.867999
10033.338999
10042.321000
10033.735000
10035.948999
10034.877000
10030.636000
10037.726000
10037.495000
10031.999001
10053.655999
10035.379000
10029.465999
10031.468000
10055.885000
10038.731001
10038.872000
10037.388999
10047.543000
10029.691000
10041.133000
10043.529000
10032.807000
10032.573000
10041.702000
10040.677000
10031.288000
10036.312999
10039.895000
10041.165000
10039.871000
10036.353000
10031.480001
10030.268000
10034.848001
10037.898000
10033.018000
10036.090000
10038.125001
10041.100999
10030.074999
10039.112000
10037.808001
10037.668999
10031.041000
10032.764001
10034.814000
10034.215001
10032.127000
10033.511000
10030.660000
10038.743999
10042.909000
10032.693999
10032.159999
10049.366001
10028.965000
10034.227001
10040.934000
10034.263000
10040.534999
10036.008000
10036.636000
10038.038000
10035.817001
10069.239000
10033.921001
10037.732000
10041.310001
10044.789001
10038.541000
10032.055000
10041.419001
10041.978000
10029.677000
10040.778000
10042.005001
10042.947000
10040.720999
10034.771001
10032.047002
10039.229000
10035.269000
10038.401000
10046.439001
10043.452999
10038.594000
10035.039000
10039.068999
10038.192000
10030.178001
10032.222001
10038.515000
10031.483000
10037.777001
10031.303000
10031.070000
10041.639999
10042.296002
10053.494001
10044.933999
10047.126001
10035.425000
10037.223000
10041.487999
10035.356998
10032.835001
10040.022001
10031.144999
10040.916001
10038.253000
10041.329000
10044.934999
10039.528001
10037.396999
10039.133001
10044.404000
10037.708001
10033.127001
10036.660001
10036.675001
10033.907998
10037.206000
10041.105000
10040.448999
10031.846000
10044.950001
10033.583000
10032.906000
10041.615000
10035.157999
10043.573000
10030.130999
10028.811000
10034.701999
10044.183001
10037.013000
10041.135000
10036.235001
10032.841999
10043.070000
10032.031000
10032.947000
10033.278000
10040.352000
10033.110000
10045.109000
10028.041000
10029.890001
10038.337000
10034.962000
10036.652001
10037.597999
10041.127000
10035.848001
10034.793001
10041.857999
10033.706000
10046.746999
10036.713000
10029.921999
10027.843999
10037.327999
10033.799000
10033.385001
10036.094001
10037.394000
10031.043001
10039.811000
10039.604999
10034.991000
10040.190998
10040.031001
10034.954999
10030.927001
10032.972999
10043.937000
10053.653000
10039.124001
10030.634001
10034.955001
10039.757999
10038.595000
10038.206000
10031.868001
10034.953000
10034.477999
10035.333000
10031.164000
10042.127000
10043.184999
10036.613999
10039.414002
10031.767001
10031.010000
10037.632000
10035.396000
10039.483000
10074.692000
10034.440000
10030.276000
10036.870999
10035.251001
10035.211001
10037.101001
10039.311999
10037.870999
10028.501000
10043.353999
10038.501000
10031.753000
10067.407001
10036.594000
10033.628000
10030.322999
10042.721000
10031.681001
10047.772000
10043.788001
10034.042999
10035.675000
10041.425999
10041.890999
10031.725001
10031.353999
10030.701000
10037.824001
10035.746999
10035.240000
10045.262000
10039.903000
10083.558999
10038.885999
10037.605999
10034.454999
10035.203001
10042.722000
10034.203000
10041.556999
10025.924001
10037.612999
10038.151000
10059.228001
10030.989001
10037.943000
10039.195001
10033.361001
10034.115000
10036.909001
10047.821000
10031.114001
10033.603001
10039.383000
10042.052999
10031.083999
10034.161000
10042.527001
10030.606000
10041.850999
10043.210000
10039.385000
10046.069000
10031.806000
10035.332000
10073.053000
10033.775000
10059.584999
10043.539001
10036.237000
10038.579000
10044.933001
10039.227000
10034.833001
10034.874000
10031.413000
10038.466001
10033.945002
10032.945001
10044.688001
10032.717001
10039.905000
10034.040999
10040.647000
10038.361000
10048.552999
10045.481000
10034.529001
10035.111999
10029.755000
10030.341001
10041.803999
10028.423000
10034.312999
10026.061000
10035.576001
10035.314001
10030.063001
10031.939000
10034.728000
10031.637000
10034.361001
10035.907000
10035.087001
10031.609999
10033.536000
10026.068000
10031.173000
10051.021999
10034.815000
10037.873000
10032.964000
10033.373000
10041.578000
10034.107000
10033.575000
10036.558000
10037.455000
10033.849999
10038.649000
10043.591000
10030.374000
10032.032000
10027.092999
10024.816999
10031.045999
10025.495000
10041.318001
10033.093000
10035.628000
10036.323000
10035.077000
10039.902000
10033.283001
10033.808999
10044.834999
10033.482000
10030.112000
10045.838999
10032.867000
10031.073999
10041.878000
10056.232000
10041.634999
10037.016999
10038.542001
10039.759001
10048.967000
10036.864001
10036.479000
10039.984001
10042.933000
10032.752000
10032.965999
10033.616999
10035.502002
10032.922000
10034.969000
10033.525001
10043.439001
10038.083998
10038.383000
10036.379000
10038.623000
10037.874000
10068.567000
10040.940000
10038.975999
10043.277001
10033.572000
10036.043001
10032.926999
10035.438001
10055.110000
10041.103000
10037.495999
10041.871998
10037.573000
10039.909000
10043.829000
10047.079999
10036.946999
10035.041001
10034.410000
10032.420000
10034.620000
10034.175001
10036.509000
10039.885001
10045.615001
10038.658001
10049.444001
10035.665000
10039.803999
10039.670000
10032.281000
10043.787001
10034.729000
10072.838001
10050.186999
10042.159999
10037.195001
10037.977999
10040.908001
10043.636000
10043.269999
10031.955000
10045.220001
10030.946000
10039.051000
10030.965999
10028.704999
10030.189998
10032.009000
10028.264999
10025.750000
10024.723001
10026.339000
10026.391001
10029.747000
10027.186001
10025.806999
10022.293000
10034.817999
10024.534000
10028.882001
10027.628001
10026.146000
10028.502000
10029.260000
10028.880998
10026.415000
10032.667000
10037.645001
10027.925000
10028.927000
10034.203000
10029.687000
10030.525999
10028.591000
10036.381001
10037.134999
10031.090999
10027.382001
10030.383000
10029.231999
10029.173000
10043.788999
10038.022000
10027.858000
10031.626999
10026.529999
10028.847000
10027.907001
10027.624000
10031.397000
10032.412000
10030.613001
10029.328000
10029.147001
10029.519001
10032.167999
10038.273999
10039.027000
10035.182001
10031.918000
10034.444001
10039.322000
10029.976999
10031.716000
10033.236001
10033.828000
10049.433000
10041.169001
10032.980001
10030.989001
10037.830999
10044.174001
10031.608000
10036.110999
10037.278000
10045.392001
10036.812000
10029.328000
10027.167000
10035.090001
10031.949000
10029.693000
10029.014001
10033.320000
10032.597000
10037.686000
10031.884000
10032.034000
10030.384000
10032.458000
10032.617001
10032.879001
10033.746999
10033.635002
10041.604999
10030.337999
10036.751000
10042.975999
10031.390000
10037.688000
10030.731000
10035.651000
10036.217999
10040.312001
10036.255000
10069.867000
10037.558001
10029.898999
10039.639000
10035.597999
10038.974000
10033.753000
10040.979000
10033.760000
10038.768999
10033.627000
10034.767000
10047.005000
10029.175000
10028.037999
10032.196000
10036.344999
10034.825001
10036.169000
10036.875000
10032.472000
10037.453001
10033.176001
10031.873999
10035.287000
10031.213000
10053.527001
10030.446999
10040.116001
10031.840000
10038.216999
10038.702000
10033.987999
10037.355000
10027.913999
10030.042000
10044.401001
10028.104000
10036.799999
10033.797000
10035.792001
10031.210000
10030.402001
10032.266000
10028.796999
10034.271000
10032.697001
10036.201000
10035.525000
10030.853001
10032.543000
10027.091000
10031.463999
10031.618001
10030.239999
10033.843001
10030.487999
10071.805999
10034.900999
10028.483000
10031.183999
10027.536999
10028.000001
10030.521000
10032.355001
10031.802000
10030.061999
10032.966999
10036.241999
10036.479000
10040.471999
10040.949000
10036.067000
10033.586001
10030.335000
10042.664001
10038.609000
10029.260000
10038.585000
10040.083000
10033.342000
10031.926000
10035.976000
10034.497000
10031.439999
10034.915000
10032.352999
10030.402999
10031.418001
10035.418998
10038.624000
10036.069000
10033.078000
10033.448000
10037.695000
10035.168000
10041.066999
10032.135000
10045.442000
10030.578999
10033.620000
10037.178000
10034.543000
10043.050000
10037.547000
10035.815001
10032.476000
10041.061999
10034.596000
10035.078999
10030.178001
10037.928998
10039.190000
10053.720001
10043.920999
10035.257000
10042.734001
10035.034999
10037.308000
10035.859000
10035.683999
10041.199001
10039.602000
10037.435001
10042.711001
10046.581000
10035.958000
10044.044001
10036.425000
10039.176000
10032.394001
10030.537000
10034.108000
10036.503000
10048.648000
10049.947999
10052.646998
10033.976000
10038.251000
10034.365000
10034.845000
10036.711000
10038.758000
10039.054999
10041.356999
10035.155999
10031.893000
10032.455999
10042.505000
10035.921000
10033.070000
10036.834000
10040.842000
10038.259000
10037.125999
10048.684999
10035.722999
10042.124001
10040.829999
10046.460001
10033.527000
10039.863000
10039.680000
10077.260001
10041.754000
10032.920999
10038.006000
10036.756000
10037.104001
10049.933000
10043.582998
10050.308000
10039.300000
10038.606001
10033.802001
10039.564000
10043.025998
10036.539000
10037.244001
10045.875000
10041.685000
10038.858000
10037.936000
10034.620000
10041.154001
10034.061000
10044.788999
10034.169000
10042.231001
10033.792000
10038.127000
10040.565999
10041.118000
10042.328000
10037.691001
10034.368999
10027.772000
10040.792001
10037.426000
10036.466999
10048.285000
10042.980000
10039.648000
10037.051000
10036.129000
10042.828999
10039.222999
10043.840000
10035.557002
10039.550999
10038.897000
10054.060001
10039.943000
10034.875000
10037.599001
10037.742998
10042.833000
10068.456000
10035.317000
10045.440001
10043.000001
10043.118998
10038.929000
10115.178000
10126.000000
10124.025000
10127.644001
10129.101001
10121.099999
10148.824999
10129.888998
10121.177001
10127.322000
10126.594000
10133.408999
10128.805000
10128.450001
10125.197999
10135.646999
10134.133002
10122.839998
10121.677000
10140.543001
10125.373000
10124.176001
10117.407000
10113.833999
10112.205999
10111.052999
10113.120999
10146.997999
10114.590000
10112.188999
10108.543001
10117.187001
10112.267999
10129.717998
10112.811999
10115.150999
10113.381000
10118.666999
10119.821001
10112.387002
10121.434001
10116.805000
10121.581001
10113.529000
10114.445999
10118.089000
10115.026999
10117.348000
10113.449000
10115.254000
10112.806000
10120.245999
10118.611000
10117.701000
10112.027001
10116.694001
10116.377000
10111.240000
10115.202000
10109.788001
10150.113000
10124.826001
10116.765000
10114.027999
10110.724000
10117.552999
10114.504000
10113.369999
10112.884000
10022.221999
10021.935001
10025.099998
10020.795999
10024.924999
10020.243000
10019.042999
10022.805000
10024.921998
10023.225999
10025.622999
10022.697000
10026.630001
10023.403000
10024.954999
10020.483000
10018.011000
10020.208001
10028.405000
10030.994000
10022.980001
10023.340000
10024.297001
10031.562001
10025.075002
10024.513999
10023.318999
10019.714000
10025.691001
10025.141001
10024.064001
10019.448001
10029.017001
10022.336001
10057.243001
10021.935999
10027.715001
10026.154000
10019.470001
10025.924001
10024.373000
10023.240000
10025.661001
10023.041001
10018.929999
10021.550000
10027.276000
10023.658000
10026.331000
10025.495000
10019.307999
10030.741001
10028.038999
10026.586998
10026.774000
10030.625001
10025.969001
10027.341001
10027.748000
10033.873999
10025.816001
10026.637999
10023.497000
10024.860000
10035.222001
10029.350000
10024.464000
10029.286999
10025.316000
10028.898999
10025.173999
10024.852000
10025.216000
10029.134000
10018.486001
10024.813000
10027.326999
10025.463000
10041.122001
10025.042001
10042.964000
10029.749000
10022.714000
10025.938001
10029.815000
10018.384000
10025.095999
10029.060001
10023.658000
10022.971999
10026.792999
10026.366999
10022.617999
10027.248001
10024.003999
10028.441999
10032.515999
10025.644001
10029.669000
10021.103999
10023.236999
10025.277000
10017.569000
10026.564000
10021.290001
10030.257000
10021.807000
10023.121001
10021.506000
10024.413001
10022.738000
10034.092002
10023.221001
10021.710999
10020.315001
10018.926000
10015.090000
10021.365000
10015.364999
10023.433000
10020.809000
10021.547999
10020.000000
10022.846000
10051.167000
10018.712999
10020.679999
10018.754000
10023.322999
10021.887001
10021.367000
10025.917999
10019.337000
10022.355000
10015.741000
10019.948000
10018.699000
10024.736999
10019.238999
10018.568000
10018.481001
10016.976001
10022.936000
10020.718999
10018.672999
10020.671999
10022.079000
10023.077000
10026.549999
10024.158001
10027.371000
10035.403000
10022.591000
10025.046999
10035.951000
10022.512000
10028.418999
10015.369000
10017.016999
10019.519001
10029.385000
10023.403000
10026.200999
