16.180000
7.120000
6.200000
6.220000
6.340000
6.440000
6.200000
6.180000
7.260000
6.360000
6.800000
6.200000
6.540000
6.520000
6.200000
6.400000
6.420000
6.220000
6.240000
6.200000
6.200000
6.300000
6.240000
6.180000
6.180000
6.400000
6.200000
6.200000
6.200000
6.200000
6.480000
6.460000
6.180000
6.420000
6.480000
6.220000
6.580000
6.220000
6.240000
6.380000
6.360000
6.360000
6.180000
6.340000
6.200000
6.360000
6.340000
6.420000
6.220000
6.380000
6.220000
6.260000
6.420000
6.240000
6.520000
6.220000
6.220000
6.220000
6.200000
6.180000
6.380000
6.220000
6.240000
6.660000
6.420000
6.200000
6.180000
6.340000
6.220000
6.320000
6.180000
6.380000
6.340000
6.440000
6.200000
6.300000
6.220000
6.400000
6.240000
6.240000
6.380000
6.280000
6.220000
6.220000
6.200000
6.220000
6.180000
6.180000
6.180000
6.360000
6.280000
6.320000
6.220000
6.220000
6.220000
6.380000
6.220000
6.240000
6.280000
6.240000
6.200000
6.220000
6.320000
6.300000
6.400000
6.200000
6.180000
6.300000
6.200000
6.420000
6.200000
6.220000
6.360000
6.240000
6.220000
6.220000
6.360000
6.180000
6.400000
6.400000
6.220000
6.400000
6.400000
6.420000
6.200000
6.220000
6.300000
6.200000
6.400000
6.640000
6.340000
6.680000
6.500000
6.680000
6.600000
6.520000
6.360000
6.460000
6.580000
6.180000
6.520000
6.640000
6.320000
6.320000
6.320000
6.640000
6.380000
6.260000
6.280000
6.400000
6.500000
6.500000
6.160000
6.480000
6.420000
6.500000
6.360000
6.500000
6.400000
6.480000
6.340000
6.340000
6.340000
6.400000
6.180000
6.400000
6.200000
6.240000
6.460000
6.220000
6.380000
6.520000
6.540000
6.220000
6.240000
6.200000
6.420000
6.200000
6.180000
6.520000
6.460000
6.400000
6.220000
6.360000
6.480000
6.560000
6.360000
6.240000
6.300000
6.220000
6.220000
6.240000
6.200000
6.600000
6.360000
6.400000
6.200000
6.400000
6.800000
6.900000
6.540000
6.540000
6.360000
6.580000
6.220000
6.560000
6.180000
6.340000
6.340000
6.400000
6.340000
6.600000
6.500000
6.640000
6.340000
6.540000
6.360000
6.440000
6.360000
6.340000
6.240000
6.380000
6.380000
6.240000
6.340000
6.200000
6.520000
6.420000
6.360000
6.340000
6.200000
6.360000
6.180000
6.360000
6.360000
6.340000
6.220000
6.200000
6.320000
6.200000
6.220000
6.220000
6.800000
6.280000
6.220000
6.340000
6.380000
6.200000
6.180000
6.500000
6.220000
6.200000
6.400000
6.500000
6.420000
6.480000
6.180000
6.860000
6.680000
6.460000
6.280000
6.200000
6.240000
6.340000
6.540000
6.960000
7.040000
6.940000
6.400000
6.460000
6.180000
6.340000
6.220000
6.400000
6.300000
6.420000
6.360000
6.580000
6.460000
6.500000
6.480000
6.380000
6.340000
6.180000
6.220000
6.520000
6.500000
6.340000
6.220000
6.200000
6.360000
6.200000
6.460000
6.220000
6.360000
6.340000
6.320000
6.220000
6.400000
6.200000
6.240000
6.240000
6.300000
6.340000
6.200000
6.380000
6.500000
11.500000
6.420000
6.360000
6.220000
6.240000
6.180000
6.360000
6.260000
6.340000
6.440000
6.220000
6.300000
6.220000
6.220000
6.340000
6.220000
6.220000
6.380000
6.220000
6.180000
6.180000
6.220000
6.200000
6.200000
6.260000
6.200000
6.220000
6.180000
6.340000
6.200000
6.180000
6.220000
6.220000
6.220000
6.240000
6.360000
6.400000
6.200000
6.200000
6.220000
6.360000
6.180000
6.200000
6.240000
6.400000
6.280000
6.180000
6.180000
6.400000
6.260000
6.320000
6.260000
6.180000
6.340000
6.240000
6.160000
6.360000
6.360000
6.180000
6.200000
6.220000
6.200000
6.200000
6.400000
6.180000
6.360000
6.220000
6.320000
6.300000
6.200000
6.340000
6.400000
6.220000
6.360000
6.220000
6.220000
6.400000
6.200000
6.220000
6.200000
6.180000
6.300000
6.220000
6.540000
6.460000
6.180000
6.180000
6.460000
6.340000
6.240000
6.520000
6.360000
6.200000
6.200000
6.500000
6.420000
6.340000
6.200000
6.340000
6.340000
6.280000
6.220000
6.200000
6.200000
6.200000
6.200000
6.200000
6.200000
6.280000
6.300000
6.180000
6.260000
6.180000
6.320000
6.200000
6.200000
6.220000
6.360000
6.240000
6.340000
6.200000
6.380000
6.400000
6.320000
6.220000
6.200000
6.260000
6.280000
6.440000
6.200000
6.200000
6.220000
6.260000
6.240000
6.200000
6.380000
6.220000
6.180000
6.200000
6.220000
6.280000
6.200000
6.360000
6.200000
6.200000
6.240000
6.400000
6.200000
6.320000
6.300000
6.380000
6.200000
6.220000
6.220000
6.300000
6.340000
6.360000
6.200000
6.220000
6.220000
6.400000
6.220000
6.320000
6.380000
6.160000
6.380000
6.220000
6.200000
6.200000
6.380000
6.240000
6.320000
6.200000
6.360000
6.300000
6.220000
6.220000
6.180000
6.280000
6.200000
6.180000
6.200000
6.200000
6.180000
6.200000
6.240000
6.280000
6.340000
6.220000
6.340000
6.360000
6.220000
6.320000
6.200000
6.220000
6.540000
6.220000
6.520000
6.220000
6.380000
6.300000
6.200000
6.260000
6.240000
6.220000
6.220000
6.200000
6.360000
6.360000
6.240000
6.400000
6.340000
6.180000
6.380000
6.200000
6.220000
6.220000
6.260000
6.160000
6.220000
6.260000
6.240000
6.360000
6.220000
6.220000
6.300000
6.380000
6.220000
6.220000
6.200000
6.380000
6.200000
6.180000
6.240000
6.220000
6.160000
6.180000
6.500000
6.200000
6.180000
6.380000
6.280000
6.280000
6.180000
6.200000
6.360000
6.320000
6.180000
8.820000
6.500000
6.520000
6.660000
6.260000
6.320000
6.820000
6.480000
6.500000
6.180000
6.400000
6.500000
6.360000
6.500000
6.200000
6.220000
6.500000
6.220000
6.180000
6.520000
6.360000
6.400000
6.180000
6.220000
6.460000
6.540000
6.440000
6.200000
6.220000
6.500000
6.420000
6.220000
6.400000
6.340000
6.360000
6.180000
6.220000
6.280000
6.400000
6.380000
6.380000
6.320000
6.360000
6.480000
6.200000
6.220000
6.360000
6.340000
6.200000
6.280000
6.360000
6.360000
6.480000
6.360000
6.320000
6.360000
6.240000
6.200000
6.200000
6.200000
6.220000
6.380000
6.280000
6.220000
6.840000
6.480000
6.400000
6.360000
6.160000
6.200000
6.360000
6.180000
6.200000
6.340000
6.220000
6.220000
6.200000
6.320000
6.160000
6.200000
6.200000
6.340000
6.200000
6.220000
6.220000
6.200000
6.400000
6.220000
6.240000
6.360000
6.200000
6.220000
6.180000
6.340000
6.200000
6.200000
6.320000
6.340000
6.200000
6.360000
6.400000
6.260000
6.200000
6.240000
6.380000
6.200000
6.380000
6.220000
6.300000
6.200000
6.180000
6.260000
6.440000
6.200000
6.220000
6.200000
6.240000
6.340000
6.280000
6.180000
6.400000
6.360000
6.220000
6.200000
6.200000
6.420000
6.200000
6.240000
8.160000
6.980000
6.640000
6.220000
11.700000
6.360000
6.480000
6.640000
6.360000
6.540000
6.740000
6.660000
6.320000
6.340000
6.460000
6.380000
6.640000
6.220000
6.220000
6.520000
6.200000
6.460000
6.200000
6.480000
6.200000
6.320000
6.360000
6.520000
6.400000
6.200000
6.380000
6.380000
6.400000
6.340000
6.340000
6.340000
6.400000
6.420000
6.420000
6.420000
6.500000
6.220000
6.320000
6.220000
6.360000
6.200000
6.240000
6.220000
6.420000
6.220000
6.280000
6.360000
6.360000
6.200000
6.220000
6.220000
6.340000
6.320000
6.180000
6.500000
6.340000
6.200000
6.340000
6.260000
6.720000
6.240000
6.320000
6.200000
6.200000
6.400000
6.200000
6.180000
6.220000
6.400000
6.240000
6.200000
6.340000
6.220000
6.400000
6.380000
6.220000
6.400000
6.180000
6.220000
6.200000
6.420000
6.280000
6.220000
6.220000
6.300000
6.380000
6.300000
6.220000
6.200000
6.320000
6.300000
6.340000
6.280000
6.200000
6.400000
6.200000
6.300000
6.220000
6.220000
6.280000
6.200000
6.220000
6.200000
6.260000
6.200000
6.200000
6.220000
6.360000
6.420000
6.360000
6.220000
6.420000
6.220000
6.260000
6.200000
6.320000
6.240000
6.200000
6.220000
6.320000
6.160000
6.180000
6.320000
6.260000
6.360000
6.180000
6.280000
6.220000
6.180000
6.380000
6.400000
6.220000
6.200000
6.220000
6.200000
13.180000
6.340000
6.180000
6.180000
6.220000
6.340000
6.280000
6.220000
6.340000
6.220000
6.180000
6.340000
6.260000
6.180000
6.180000
6.200000
6.400000
6.340000
6.200000
6.320000
6.420000
6.220000
6.240000
6.380000
6.180000
6.360000
6.280000
6.220000
6.160000
6.300000
6.360000
6.220000
6.220000
6.200000
6.260000
6.220000
6.260000
6.260000
6.200000
6.260000
6.360000
6.160000
6.220000
6.180000
6.280000
6.300000
6.140000
6.240000
6.200000
6.220000
6.220000
6.200000
8.000000
7.020000
6.620000
6.340000
6.500000
6.200000
6.340000
6.700000
6.280000
6.380000
6.360000
6.580000
6.520000
6.380000
6.360000
6.360000
6.200000
6.560000
6.360000
6.220000
6.200000
6.340000
6.480000
6.280000
6.540000
6.700000
6.220000
6.660000
6.340000
6.200000
6.540000
6.360000
6.220000
6.420000
6.380000
6.320000
6.200000
6.180000
6.200000
6.200000
6.340000
6.380000
6.200000
6.500000
6.200000
6.360000
6.380000
6.400000
6.560000
6.220000
6.420000
6.320000
6.240000
6.340000
6.380000
6.220000
6.520000
6.500000
6.200000
6.320000
6.180000
6.380000
6.340000
6.240000
6.780000
6.340000
6.240000
6.200000
6.220000
6.220000
6.220000
6.200000
6.400000
6.340000
6.340000
6.220000
6.440000
6.220000
6.220000
6.220000
6.420000
6.380000
6.220000
6.360000
6.420000
6.320000
6.260000
6.280000
6.200000
6.220000
6.340000
6.680000
6.380000
6.240000
6.420000
6.340000
6.200000
6.340000
6.220000
6.240000
6.180000
6.240000
6.240000
6.240000
6.400000
6.200000
6.200000
6.200000
6.220000
6.200000
6.380000
6.200000
6.360000
6.400000
6.200000
6.380000
6.180000
6.380000
6.340000
6.340000
6.340000
6.180000
6.220000
6.200000
6.200000
