0.161001
0.139999
0.141000
0.127000
0.141000
0.131000
0.127999
0.127000
0.128000
0.127000
0.128000
0.127000
0.128000
0.127000
0.130000
0.127000
0.128000
0.127001
0.128000
0.127000
0.128000
0.127001
0.127999
0.127000
0.128000
0.127000
0.128000
0.127000
0.128000
0.127000
0.132000
0.127000
0.132000
0.127000
0.128000
0.127000
0.128000
0.127000
0.128000
0.127000
0.128000
0.127000
0.128000
0.127000
0.147999
0.127001
0.128000
0.127000
0.126000
0.132000
0.128000
0.128000
0.128000
0.146000
0.131000
0.127000
0.128000
0.128000
0.128999
0.128000
0.127000
0.128999
0.129000
0.128000
0.127001
0.128000
0.129000
0.128000
0.128000
0.127001
0.128999
0.129000
0.129000
0.127000
0.128999
0.128000
0.129000
0.127000
0.128000
0.130001
0.128000
0.127000
0.129000
0.128000
0.131001
0.128000
0.127000
0.128000
0.127000
0.127000
0.133000
0.128000
0.129000
0.127000
0.129000
0.127000
0.129000
0.127000
0.128000
0.127000
0.127000
0.128000
0.128000
0.127000
0.127000
0.127000
0.127000
0.127000
0.129000
0.127000
0.128000
0.127999
0.127000
0.128000
0.129000
0.129000
0.129000
0.155000
0.129000
0.127000
0.128999
0.129000
0.129000
0.127000
0.128000
0.127001
0.128000
0.127999
0.127001
0.127999
0.127000
0.127000
0.127000
0.128000
0.127001
0.128000
0.131000
0.128000
0.129000
0.128000
0.127000
0.127000
0.144999
0.128999
0.129000
0.374000
0.128999
0.128999
0.128000
0.127000
0.128999
0.127000
0.128000
0.127000
0.129000
0.127000
0.129000
0.127001
0.129000
0.127001
0.129000
0.128000
0.129000
0.127000
0.128000
0.127000
0.128000
0.132000
0.129000
0.130001
0.128000
0.127000
0.127000
0.127000
0.128999
0.127000
0.128000
0.127000
0.133000
0.128000
0.127000
0.129000
0.128000
0.128000
0.128000
0.128000
0.128000
0.127999
0.128000
0.128000
0.128000
0.127999
0.128000
0.128000
0.126000
0.128000
0.128000
0.128000
0.126000
0.130001
0.128000
0.128000
0.127000
0.132999
0.127000
0.129000
0.128000
0.129000
0.126000
0.128000
0.127000
0.128000
0.128000
0.128000
0.128000
0.128000
0.126000
0.129000
0.128000
0.128000
0.126000
0.138000
0.126000
0.128000
0.128000
0.128999
0.126000
0.128000
0.128000
0.128999
0.127000
0.128000
0.130000
0.128000
0.131000
0.129000
0.126000
0.128000
0.127000
0.128000
0.126000
0.128000
0.130001
0.133000
0.128000
0.128000
0.128000
0.128000
0.127000
0.128000
0.128000
0.129000
0.128000
0.128999
0.128000
0.128000
0.128000
0.128000
0.128000
0.128000
0.128000
0.128000
0.128000
0.134000
0.128000
0.127999
0.128000
0.131001
0.127000
0.128000
0.128000
0.128000
0.126000
0.131000
0.128000
0.128000
0.128000
0.128000
0.127999
0.128000
0.128000
0.128000
0.128000
0.128000
0.128999
0.128000
0.128000
0.128000
0.128000
0.132000
0.126000
0.127000
0.128000
0.127000
0.128000
0.127000
0.126000
0.127000
0.128000
0.127000
0.128000
0.127001
0.128000
0.127000
0.128000
0.128000
0.129000
0.128000
0.146001
0.127000
0.127000
0.127000
0.128000
0.127000
0.128000
0.127001
0.128000
0.128000
0.128000
0.127000
0.127000
0.127001
0.128000
0.147000
0.128000
0.138000
0.127000
0.127000
0.127001
0.127001
0.127000
0.127000
0.127000
0.129000
0.128000
0.127000
0.128000
0.127000
0.128000
0.127000
0.126000
0.127000
0.128000
0.127000
0.128000
0.127000
0.128000
0.127001
0.128000
0.127000
0.128000
0.127000
0.128000
0.127000
0.127999
0.127000
0.128000
0.127001
0.130000
0.127000
0.128000
0.132000
0.146000
0.127000
0.127000
0.131999
0.128000
0.154000
0.128000
0.127000
0.126000
0.128000
0.128000
0.128000
0.127001
0.127000
0.126000
0.127001
0.165001
0.127001
0.130000
0.127001
0.126000
0.128000
0.128000
0.127000
0.127000
0.127000
0.128000
0.127000
0.128000
0.128000
0.126000
0.128000
0.127000
0.128000
0.127001
0.127000
0.146000
0.127000
0.128000
0.127000
0.130000
0.127000
0.128000
0.127000
0.128000
0.127000
0.128000
0.127000
0.130001
0.127000
0.126000
0.127000
0.128000
0.154000
0.152000
0.127000
0.127001
0.127000
0.127001
0.127000
0.128000
0.127000
0.128000
0.128000
0.127000
0.127000
0.127000
0.127000
0.132000
0.127000
0.128000
0.127000
0.128000
0.128000
0.127000
0.128000
0.128000
0.127000
0.128000
0.127000
0.129000
0.128000
0.126000
0.127000
0.127001
0.128000
0.126000
0.128000
0.128000
0.127000
0.144999
0.128999
0.128000
0.127001
0.128000
0.127001
0.128000
0.127000
0.127000
0.128000
0.128000
0.127000
0.127001
0.127000
0.128000
0.155000
0.126000
0.127000
0.128000
0.128000
0.127000
0.127000
0.127001
0.128000
0.127000
0.127001
0.128000
0.128000
0.126000
0.128000
0.128000
0.128000
0.128000
0.129000
0.127000
0.127001
0.128000
0.173001
0.126000
0.127000
0.128000
0.129000
0.126000
0.127001
0.164000
0.127000
0.127000
0.127001
0.130000
0.127000
0.127000
0.127000
0.128000
0.127000
0.128000
0.127000
0.128000
0.128000
0.128000
0.127000
0.126000
0.128000
0.126000
0.128000
0.127001
0.127001
0.127000
0.127000
0.126000
0.127000
0.127000
0.127000
0.128000
0.127000
0.126000
0.127000
0.127000
0.127000
0.128000
0.127000
0.128000
0.127000
0.128000
0.127000
0.127000
0.127000
0.128000
0.127000
0.128000
0.128000
0.172000
0.128000
0.128999
0.127000
0.128000
0.127000
0.127001
0.128000
0.127999
0.127000
0.127999
0.127000
0.129000
0.127000
0.128000
0.128000
0.126000
0.127000
0.128000
0.127001
0.128000
0.127000
0.127000
0.128000
0.126000
0.128000
0.126000
0.128000
0.128000
0.127000
0.163999
0.128000
0.167000
0.127000
0.153000
0.132000
0.126000
0.127000
0.128000
0.127000
0.128000
0.127000
0.127000
0.128000
0.127001
0.128000
0.126000
0.128000
0.126000
0.127000
0.126000
0.127000
0.127000
0.128000
0.127999
0.128000
0.126000
0.127000
0.128000
0.127000
0.128000
0.127000
0.127000
0.127000
0.167000
0.127000
0.128000
0.127000
0.126000
0.129000
0.126000
0.127000
0.126000
0.127001
0.128999
0.128000
0.126000
0.127000
0.128000
0.127999
0.129000
0.128000
0.128000
0.127000
0.128000
0.127000
0.128000
0.127000
0.128000
0.127001
0.127001
0.127001
0.128000
0.127000
0.128000
0.127001
0.128000
0.127000
0.128000
0.127001
0.127000
0.127000
0.126000
0.126000
0.126000
0.127000
0.128000
0.127000
0.126000
0.127000
0.128000
0.127001
0.128000
0.127000
0.128000
0.127000
0.132000
0.127000
0.128000
0.127000
0.128000
0.128000
0.128000
0.153000
0.128000
0.127001
0.127999
0.127999
0.128000
0.127001
0.127000
0.127000
0.128000
0.127000
0.127000
0.127000
0.127001
0.127000
0.130001
0.128000
0.129000
0.127000
0.127000
0.128999
0.128000
0.127000
0.128000
0.127000
0.127001
0.127001
0.130000
0.127000
0.128000
0.129000
0.128000
0.127001
0.126000
0.127000
0.127999
0.127000
0.128000
0.128000
0.130000
0.128000
0.126000
0.128000
0.128000
0.127000
0.128000
0.127001
0.128000
0.127000
0.127000
0.127000
0.128000
0.127001
0.128999
0.127000
0.128000
0.127001
0.128000
0.127000
0.127000
0.127000
0.128000
0.129000
0.128000
0.127000
0.127000
0.127000
0.127000
0.127000
0.127000
0.128000
0.126000
0.127000
0.128000
0.128000
0.126000
0.127000
0.126000
0.128000
0.128000
0.128000
0.128000
0.127000
0.128000
0.127000
0.127000
0.127000
0.128000
0.146001
0.127000
0.128000
0.128000
0.127000
0.127000
0.127001
0.128000
0.127001
0.128000
0.127000
0.127000
0.129000
0.127000
0.128999
0.128000
0.127001
0.128000
0.133000
0.127999
0.127000
0.126000
0.127000
0.128000
0.127001
0.127000
0.127001
0.127000
0.127000
0.128000
0.127000
0.128000
0.127000
0.166000
0.128000
0.128000
0.127000
0.128000
0.127000
0.128000
0.127000
0.126000
0.128000
0.128000
0.127000
0.126000
0.166001
0.126000
0.128000
0.127999
0.127999
0.126000
0.129000
0.126000
0.128999
0.146000
0.128000
0.128000
0.128000
0.127000
0.128000
0.126000
0.128999
0.128000
0.128000
0.128000
0.128000
0.126000
0.128000
0.126000
0.128000
0.128000
0.128000
0.127000
0.128000
0.128000
0.128000
0.128000
0.128000
0.128000
0.128000
0.129000
0.128000
0.128000
0.128000
0.128000
0.128999
0.127999
0.130001
0.128000
0.128000
0.127000
0.128000
0.128000
0.128000
0.126000
0.127999
0.126000
0.129000
0.126000
0.129000
0.130001
0.128000
0.128000
0.128000
0.127001
0.128000
0.128000
0.127999
0.127000
0.133000
0.129000
0.128000
0.127000
0.130000
0.129000
0.129000
0.129000
0.129000
0.128999
0.128000
0.128000
0.130001
0.129000
0.128000
0.128999
0.129000
0.131000
0.128000
0.129000
0.130000
0.142000
0.128000
0.127000
0.128000
0.127000
0.128999
0.126000
0.129000
0.127000
0.128000
0.126000
0.131999
0.126000
0.129000
0.127999
0.129000
0.126000
0.128000
0.128000
0.128000
0.126000
0.128000
0.127000
0.128000
0.128000
0.128000
0.127000
0.128000
0.127001
0.128000
0.131000
0.128000
0.153000
0.128000
0.128000
0.132999
0.127001
0.129000
0.127001
0.129000
0.128000
0.128000
0.128000
0.132999
0.127000
0.128000
0.128000
0.129000
0.127000
0.130000
0.128000
0.128000
0.128000
0.128000
0.131000
0.128000
0.127000
0.128000
0.127000
0.129000
0.126000
0.172000
0.128000
0.128000
0.128000
0.128000
0.128000
0.128000
0.127000
0.128000
0.126000
0.128999
0.126000
0.128999
0.126000
0.131001
0.128000
0.128000
0.126000
0.128000
0.126000
0.128000
0.128000
0.132000
0.128000
0.128000
0.128000
0.128000
0.126000
0.129000
0.128000
0.128000
0.128000
0.128000
0.128000
0.128000
0.128000
0.128000
0.128000
0.128000
0.127000
0.128000
0.127000
0.128000
0.126000
0.128999
0.126000
0.155000
0.129000
0.129000
0.127001
0.128000
0.129000
0.128000
0.128000
0.128000
