338.680001
331.479998
345.239999
330.019999
328.880001
328.380000
328.259999
328.280000
328.259999
328.240000
328.219999
338.239999
329.380000
328.620000
328.220000
328.340000
328.119999
328.140000
328.340000
328.520000
328.120001
335.740000
328.760000
328.360001
328.199999
328.100000
328.220000
328.260001
328.240000
328.159999
335.680000
328.420000
328.600001
328.240000
328.320000
328.460000
328.280000
328.240002
328.539999
328.340001
335.220000
328.320000
328.580000
328.340001
328.520000
328.340000
328.240000
328.080000
328.340001
328.359999
328.280000
328.320000
328.380000
328.439999
328.180000
328.240000
328.520000
328.580000
328.300001
335.160000
328.380000
328.240000
328.240000
328.180000
328.220000
328.240000
328.320000
328.259999
328.220000
338.560000
335.940000
330.180001
329.499999
328.880001
328.760000
328.260001
328.220000
328.360001
338.220000
330.699999
328.960000
328.520000
328.980001
328.480000
328.480000
328.240000
328.119999
337.900002
328.760000
329.100002
328.240000
328.220000
328.320000
328.340000
328.260001
328.620000
328.639999
335.179999
328.439999
328.240002
328.300001
328.620000
328.080000
328.440001
328.299999
328.440001
335.360000
328.420000
328.580000
328.340000
328.520000
328.340000
328.800000
328.260001
328.380000
328.760000
334.780000
328.939999
328.199999
328.180000
328.340000
328.340000
328.340000
328.160001
328.359999
328.500001
328.580000
328.580000
328.240000
328.359999
328.320000
328.240000
328.180000
328.260001
328.120001
334.319999
328.320000
328.160001
328.140000
328.180000
328.260001
328.160001
328.340001
328.359999
328.220000
335.680000
328.420000
328.280000
328.280000
328.180000
328.220000
328.260001
328.520000
328.259999
332.759999
328.540001
328.280000
328.359999
328.240000
328.080000
328.460000
328.240000
328.219999
328.459999
335.320000
330.140000
328.460000
328.499999
328.580001
328.580001
328.219999
328.460000
328.320000
328.259999
328.280000
328.320000
328.240002
328.399999
328.120001
328.380000
328.440001
328.319998
328.219999
335.659999
328.639999
328.539999
328.280000
328.080000
328.120001
328.520002
328.199999
329.939999
329.620000
328.500001
328.260001
328.440001
328.340001
328.340000
328.320000
328.240000
328.320000
328.080000
335.940000
328.480000
328.199999
328.240000
328.240000
328.180000
328.120001
328.240002
328.320000
328.140000
335.520001
328.359999
328.220000
328.080000
328.380000
329.020001
328.420000
328.640001
328.360001
335.160000
328.220000
328.299999
328.420000
328.679999
328.400001
328.359999
328.400001
328.180000
328.580000
333.260000
328.340000
328.500001
328.520000
328.140000
328.220000
328.199999
328.380000
328.620000
328.420000
328.319998
328.320000
328.240000
328.320000
328.100001
328.180000
328.320000
328.299999
328.180000
336.619999
328.360001
328.240000
328.260001
328.199999
328.380000
328.199999
328.260001
328.219999
328.299999
335.899999
328.399999
328.540001
328.240000
328.119999
328.340001
328.180000
328.240000
328.280000
333.200000
328.480000
328.359999
328.219999
328.380000
328.220000
328.180000
328.600001
328.259999
328.520000
335.819999
328.420000
328.499999
328.340000
328.180000
328.199999
328.159999
328.220000
328.240000
328.120001
328.360001
328.300001
328.240000
328.220000
328.199999
328.500001
328.259999
328.199999
328.199999
335.139999
328.340001
328.320000
328.240000
328.180000
328.240000
328.539999
328.240000
328.439999
328.199999
332.800001
328.320000
328.220000
328.240000
328.359999
328.240002
328.420000
328.100001
328.319998
335.460000
328.340000
328.120001
328.340001
328.260001
328.120001
328.340000
328.220000
328.140000
328.240000
332.760001
328.240000
328.720000
328.320000
328.240000
328.420000
328.300001
328.380000
329.260001
328.860000
329.280000
328.580000
328.299999
328.340000
328.259999
328.359999
328.359999
328.080000
328.180000
334.759999
328.240000
328.420000
328.199999
328.420000
328.520000
328.180000
328.240002
328.120001
328.359999
335.560000
328.240000
328.420000
328.480000
328.119999
328.159999
328.219999
328.240000
328.200001
334.600000
328.100000
328.359999
328.320000
328.320000
328.220000
328.380000
328.220000
328.720000
328.300001
334.940000
328.280000
328.180000
328.080000
328.240002
328.120001
328.180000
328.180000
328.240000
328.320000
328.299999
328.240000
328.140000
328.120001
328.160001
328.240000
328.240000
328.299999
328.360001
335.340001
328.639999
328.200001
328.140000
328.120001
328.240000
328.560000
328.199999
328.360001
328.240000
335.520001
328.199999
328.320000
328.240000
328.320000
328.180000
328.299999
328.460000
328.320000
335.440001
328.260001
328.360001
328.119999
328.240000
328.120001
328.360001
328.180000
328.860000
328.720000
334.860001
328.520000
328.520000
328.220000
328.240000
328.220000
328.439999
328.220000
328.280000
328.240000
328.300001
328.580000
328.540001
328.120001
328.340000
328.320000
328.280000
328.420000
328.539999
335.279999
328.259999
328.440001
328.359999
328.280000
328.280000
328.180000
328.499999
328.199999
328.260001
335.700002
328.440001
328.180000
328.360001
328.439999
328.340000
328.220000
328.240000
328.220000
333.020002
328.560000
328.340000
328.700000
328.359999
328.599999
328.459999
328.180000
328.220000
328.100001
335.519999
328.259999
328.340000
328.539999
328.240002
328.220000
328.260001
328.500001
328.400001
328.320000
328.220000
328.299999
328.340000
328.340000
328.260001
328.420000
328.340000
328.180000
328.340000
335.200001
328.879999
328.120001
328.660000
328.240000
328.260001
328.219999
328.260001
328.240000
328.340001
333.020000
328.360001
328.240000
328.240000
328.220000
328.200001
329.080001
328.920001
328.299999
335.860001
328.240002
328.340001
328.320000
328.839999
328.180000
328.259999
328.240000
328.340000
328.299999
333.400000
328.320000
328.259999
328.180000
328.539999
328.120001
328.359999
328.280000
328.100000
328.360001
328.260001
328.340001
328.320000
328.359999
328.860000
328.280000
328.560000
328.219999
328.259999
334.960001
328.459999
328.080000
328.340000
328.320000
328.180000
328.240002
328.600001
328.299999
328.159999
335.659999
328.400001
328.120001
328.180000
328.299999
328.260001
328.620000
328.080000
328.220000
333.120000
328.220000
328.259999
328.220000
328.360001
328.180000
328.260001
328.320000
328.260001
328.219999
335.500000
328.240000
328.600001
328.140002
328.440001
328.240000
328.440001
328.320000
328.240000
328.280000
328.100000
328.320000
328.500001
328.340001
328.080000
328.539999
328.360001
328.320000
328.340000
335.659999
328.340000
328.340000
328.360001
328.320000
328.740001
328.220000
328.580000
328.220000
328.540001
334.140001
328.460000
328.600001
328.260001
328.100000
328.240000
328.319998
328.159999
328.460000
336.320000
328.860000
328.319998
328.819999
328.340000
328.399999
328.259999
328.320000
328.180000
328.180000
334.880000
328.720000
328.240000
328.220000
328.260001
328.419998
328.100000
328.480002
328.280000
328.280000
328.160001
328.340000
328.280000
328.320000
328.140000
328.080000
328.240002
328.480000
328.280000
334.640000
328.240000
328.320000
328.240000
328.720002
328.439999
328.280000
328.240000
328.779999
328.220000
335.300000
328.240000
328.220000
328.280000
328.220000
328.420000
328.380000
328.080000
328.180000
333.240001
328.200001
328.200001
328.320000
328.140000
328.080000
328.260001
328.820001
328.340000
328.720000
335.560000
328.240002
328.380000
328.220000
328.260001
328.320000
328.340000
328.499999
328.240002
328.240000
328.180000
328.480000
328.380000
328.219999
328.900000
328.540001
328.679999
328.360001
328.360001
334.720001
328.180000
328.320000
328.140002
328.359999
328.280000
328.439999
328.439999
328.220000
328.360001
328.199999
328.359999
328.299999
328.140000
328.100000
328.079998
328.140000
328.260001
328.240000
335.860001
328.520000
328.180000
328.760000
328.260001
328.520000
328.200001
328.120001
328.340000
328.140000
335.220002
328.240000
328.340000
328.220000
328.679999
328.320000
328.360001
328.320000
328.240000
335.720001
328.560000
328.220000
328.439999
328.320000
328.660000
328.359999
328.580000
328.219999
328.280000
334.880000
328.340000
328.620000
328.320000
328.240000
328.159999
328.140000
328.779999
328.100000
328.240002
328.639999
328.140000
328.140000
328.260001
328.320000
328.580001
328.320000
328.199999
328.220000
333.120000
328.180000
328.340001
328.319998
328.280000
328.320000
328.340000
328.299999
328.280000
328.300001
335.539998
328.199999
328.240000
329.140000
328.420000
328.500001
328.259999
328.320000
328.360001
335.780000
328.860000
328.199999
328.240002
328.240000
328.480000
328.320000
328.300001
328.480000
328.560000
333.699999
328.520000
328.420000
328.340000
328.320000
328.260001
328.340000
328.560000
328.120001
328.300001
328.360001
328.580000
328.200001
328.259999
328.199999
328.299999
328.639999
328.439999
328.420000
336.000001
328.120001
328.180000
328.359999
328.220000
328.220000
328.180000
328.420000
328.240002
328.399999
333.099999
328.340001
328.359999
328.380002
328.420000
328.320000
328.340000
328.360001
328.500001
335.540000
328.199999
328.180000
328.359999
328.080000
328.180000
328.340000
328.340000
328.319998
328.259999
333.300000
328.220000
328.200001
328.340000
328.220000
328.180000
328.320000
328.340000
328.219999
328.599999
328.259999
328.199999
328.179998
328.259999
328.240000
328.840001
328.340000
328.280000
328.420000
333.139999
328.220000
330.060000
328.900000
328.460000
328.199999
328.240000
328.220000
328.100000
328.180000
336.640000
328.240000
328.180000
328.480000
328.240000
328.219999
328.259999
328.119999
328.100000
333.180001
328.520000
328.220000
328.340000
328.380000
328.380000
328.180000
328.340000
328.499999
328.320000
336.220000
328.680001
328.520000
328.480002
328.640001
328.599999
328.220000
328.380002
328.660000
328.199999
328.220000
328.100000
328.380000
328.660000
328.220000
328.360001
328.220000
328.240000
328.320000
335.880000
328.260001
328.280000
328.320000
328.140002
328.220000
328.260001
328.320000
328.100000
328.320000
334.700001
328.439999
328.199999
328.220000
328.260001
328.219999
328.199999
328.340001
328.400001
335.419999
328.340000
328.220000
328.240000
328.180000
328.240000
328.399999
328.620000
328.220000
328.340000
333.200000
328.340000
328.319998
328.240002
328.220000
328.159999
328.319998
328.380000
328.320000
328.100001
328.240002
328.840001
328.220000
328.240000
328.240000
328.180000
328.200001
328.480002
328.360001
334.280001
328.820001
328.240000
328.140000
328.340000
328.399999
328.500001
328.320000
328.360001
328.460000
335.600000
328.300001
328.560000
328.320000
328.280000
328.320000
328.380000
328.220000
328.340000
333.180001
328.319998
328.119999
328.340001
328.539999
328.240000
328.119999
328.240000
328.340000
328.260001
335.659999
328.340001
328.120001
328.140000
328.219999
328.080000
328.460000
328.240000
328.219999
328.180000
328.220000
328.439999
328.420000
328.140000
328.180000
328.120001
328.080000
328.480002
328.340000
334.819999
328.240000
328.380002
328.240000
328.280000
328.280000
328.539999
328.420000
328.400001
328.400001
333.200000
