1.108000
1.084000
1.071000
1.078000
1.069000
1.079000
1.063000
1.072000
1.066000
1.068001
1.064000
1.069000
1.060000
1.067000
1.065000
1.062999
1.066000
1.075000
1.064000
1.069000
1.065001
1.069000
1.061000
1.070000
1.065000
1.064000
1.069000
1.070000
1.062999
1.093999
1.060000
1.072001
1.070000
1.068000
1.062000
1.063000
1.062000
1.067000
1.067000
1.071000
1.062000
1.071000
1.062000
1.068001
1.065000
1.069000
1.062999
1.068000
1.064001
1.067000
1.074000
1.068001
1.064001
1.066000
1.067000
1.066000
1.065000
1.060001
1.065000
1.062999
1.066000
1.065000
1.065001
1.069999
1.069999
1.065999
1.092000
1.064000
1.069000
1.065000
1.069000
1.064000
1.068000
1.067000
1.066000
1.063000
1.069999
1.066000
1.062000
1.071000
1.071000
1.065000
1.065000
1.064000
1.068000
1.063000
1.065000
1.060000
1.067000
1.068000
1.066000
1.064000
1.069000
1.069999
1.064001
1.064000
1.066000
1.062999
1.066000
1.070000
1.062999
1.065001
1.064000
1.061000
1.067000
1.067000
1.061001
1.067000
1.068000
1.068001
1.067000
1.067000
1.072000
1.070000
1.064000
1.063000
1.065000
1.062999
1.068000
1.068000
1.066000
1.064000
1.064000
1.069000
1.081000
1.067000
1.064000
1.064000
1.065000
1.062000
1.062000
1.068000
1.061000
1.066000
1.067000
1.064000
1.067000
1.061000
1.061001
1.065000
1.065000
1.061000
1.067000
1.063000
1.063000
1.067000
1.062000
1.070000
1.065000
1.072000
1.064000
1.062000
1.062999
1.067000
1.059000
1.064000
1.070000
1.071000
1.083000
1.069000
1.065000
1.072001
1.062999
1.057000
1.068001
1.089000
1.062000
1.069000
1.062999
1.067000
1.065000
1.064001
1.064001
1.067000
1.071000
1.068001
1.071000
1.065000
1.067000
1.065000
1.065001
1.060000
1.062999
1.077000
1.067000
1.068000
1.070000
1.067000
1.065000
1.088000
1.066000
1.067000
1.068000
1.071000
1.068001
1.072000
1.062000
1.068000
1.065000
1.062000
1.073000
1.065000
1.066000
1.065000
1.065000
1.067000
1.065000
1.065000
1.069000
1.071000
1.067000
1.093000
1.069000
1.064000
1.061000
1.065000
1.074000
1.062000
1.064001
1.069000
1.062999
1.065999
1.063000
1.065000
1.072000
1.072001
1.073999
1.071000
1.065999
1.068000
1.064000
1.068001
1.063000
1.069000
1.068000
1.062000
1.060000
1.072000
1.063000
1.071000
1.069000
1.069000
1.064000
1.072000
1.065999
1.070000
1.066000
1.066000
1.072000
1.065000
1.068000
1.068001
1.066000
1.066000
1.064000
1.078000
1.060000
1.067000
1.062000
1.065999
1.069000
1.084000
1.073000
1.070000
1.069000
1.065000
1.069000
1.068000
1.065000
1.070000
1.090000
1.062000
1.063000
1.069000
1.068000
1.073000
1.063000
1.065000
1.066000
1.062000
1.063000
1.072000
1.062999
1.065999
1.067000
1.060000
1.068000
1.066000
1.068001
1.065000
1.064001
1.067000
1.066000
1.069000
1.064000
1.062000
1.066000
1.058999
1.065000
1.071000
1.065000
1.070000
1.067000
1.066000
1.070000
1.069000
1.061000
1.062000
1.061000
1.062999
1.069000
1.064000
1.061001
1.069000
1.064000
1.062999
1.061000
1.064001
1.065999
1.066000
1.061000
1.069000
1.065000
1.070000
1.069000
1.068000
1.067000
1.064000
1.069000
1.069000
1.064001
1.067000
1.067000
1.088000
1.069000
1.065999
1.064000
1.067000
1.061001
1.066000
1.062000
1.068000
1.065000
1.074000
1.068001
1.062000
1.062000
1.066000
1.064000
1.073000
1.069000
1.072001
1.064000
1.065000
1.065000
1.062000
1.069000
1.073000
1.065000
1.064001
1.061000
1.065999
1.065000
1.065000
1.066000
1.070000
1.067000
1.057001
1.060000
1.088999
1.065000
1.071000
1.062999
1.067000
1.062999
1.064000
1.065000
1.062999
1.069000
1.069999
1.067000
1.069000
1.080001
1.062000
1.066000
1.068000
1.067000
1.066000
1.068000
1.061000
1.067000
1.069000
1.073000
1.070000
1.063000
1.065000
1.064001
1.070000
1.062999
1.079000
1.061000
1.099000
1.066000
1.072000
1.069000
1.061000
1.066000
1.076001
1.068000
1.068000
1.065000
1.066000
1.065000
1.065000
1.060001
1.066000
1.062000
1.066000
1.065000
1.067000
1.069999
1.068000
1.062999
1.070000
1.062999
1.070000
1.068000
1.065000
1.064001
1.066000
1.067000
1.070000
1.065000
1.070000
1.065000
1.064000
1.068001
1.071000
1.069000
1.073000
1.061000
1.069999
1.067000
1.065000
1.070000
1.065000
1.065999
1.073000
1.065000
1.060001
1.069000
1.064000
1.069000
1.070000
1.069999
1.062999
1.072000
1.065000
1.063000
1.068000
1.069000
1.067000
1.066000
1.073000
1.065000
1.065000
1.062000
1.061000
1.069000
1.071000
1.068000
1.065000
1.065000
1.062999
1.069000
1.076000
1.068000
1.058999
1.914000
1.089000
1.068000
1.067000
1.065000
1.069999
1.066000
1.091000
1.065999
1.065000
1.099000
1.067000
1.067000
1.070000
1.067000
1.069000
1.061000
1.062999
1.083001
1.066000
1.067000
1.068000
1.060000
1.068000
1.059000
1.088999
1.065000
1.066000
1.061000
1.071000
1.068001
1.069000
1.068000
1.063000
1.072000
1.073000
1.065000
1.068000
1.062000
1.065999
1.060001
1.068001
1.067000
1.104000
1.067000
1.068001
1.068000
1.075001
1.064000
1.075001
1.064000
1.104000
1.068001
1.070000
1.062999
1.065000
1.065000
1.064000
1.063000
1.069000
1.061000
1.062999
1.067000
1.067000
1.065000
1.069000
1.069000
1.065000
1.066000
1.069000
1.066000
1.063000
1.068000
1.076000
1.066000
1.066000
1.064001
1.081000
1.064000
1.068001
1.072000
1.070000
1.066000
1.070000
1.065000
1.065999
1.070000
1.067000
1.064000
1.066000
1.071000
1.070000
1.067000
1.064000
1.062999
1.069000
1.064000
1.070000
1.067000
1.071000
1.062999
1.070000
1.068000
1.070000
1.063000
1.065999
1.070000
1.065001
1.067000
1.069000
1.068000
1.062000
1.061000
1.088000
1.066000
1.071000
1.064001
1.063000
1.065000
1.062000
1.068000
1.072000
1.082000
1.067000
1.064001
1.066000
1.069999
1.071000
1.064000
1.067000
1.062000
1.061000
1.066000
1.063000
1.071000
1.069000
1.067000
1.072000
1.069000
1.064000
1.061000
1.061000
1.067000
1.067000
1.065000
1.065000
1.059000
1.069000
1.068000
1.066000
1.063000
1.071000
1.057999
1.072001
1.066000
1.071000
1.062000
1.065000
1.059000
1.063000
1.062000
1.067000
1.070000
1.066000
1.065000
1.072000
1.064001
1.067000
1.066000
1.061000
1.065000
1.068000
1.069999
1.067000
1.067000
1.070000
1.068000
1.067000
1.067000
1.065000
1.064000
1.070000
1.066000
1.069000
1.065000
1.067000
1.066000
1.065001
1.066000
1.061000
1.064000
1.066000
1.068001
1.062999
1.068000
1.067000
1.065999
1.067000
1.062000
1.065999
1.070000
1.065999
1.064000
1.072000
1.072000
1.065000
1.065000
1.067000
1.066000
1.072000
1.065999
1.065999
1.064000
1.064001
1.064001
1.067000
1.065000
1.064001
1.066000
1.074000
1.071000
1.061999
1.065000
1.070000
1.067000
1.066000
1.059000
1.063000
1.065000
1.067000
1.056001
1.066000
1.065000
1.063000
1.065000
1.066000
1.062000
1.071000
1.062000
1.069000
1.066000
1.067000
1.067000
1.064001
1.061000
1.067000
1.088001
1.067000
1.066000
1.061999
1.065000
1.066000
1.068000
1.065000
1.067000
1.067000
1.069000
1.064000
1.059000
1.068000
1.062999
1.071000
1.065000
1.065000
1.068000
1.067000
1.065001
1.070000
1.062999
1.065000
1.066000
1.066000
1.066000
1.066000
1.064001
1.060000
1.067000
1.067000
1.070000
1.067000
1.066000
1.065000
1.063000
1.061000
1.057999
1.066000
1.066000
1.074000
1.067000
1.066000
1.069999
1.070000
1.063000
1.066000
1.063000
1.068000
1.063000
1.072001
1.069000
1.076000
1.069000
1.070000
1.065000
1.065999
1.068000
1.064000
1.069000
1.070000
1.071000
1.069000
1.061000
1.065999
1.061000
1.063000
1.072000
1.066000
1.072000
1.070000
1.065000
1.065001
1.061000
1.065000
1.066000
1.086000
1.067000
1.067000
1.062999
1.088000
1.063000
1.064000
1.062000
1.064000
1.068000
1.061000
1.071000
1.065000
1.072001
1.061000
1.064001
1.069000
1.064000
1.067000
1.062999
1.063000
1.067000
1.068001
1.067000
1.061999
1.073000
1.072000
1.067000
1.071000
1.103000
1.066000
1.064000
1.067000
1.068000
1.062000
1.065000
1.073000
1.066000
1.061000
1.066000
1.069000
1.064000
1.059000
1.068001
1.088000
1.074000
1.069000
1.062000
1.068000
1.065000
1.064000
1.064000
1.073999
1.067000
1.062999
1.064000
1.068000
1.068001
1.068000
1.070000
1.072000
1.065000
1.104000
1.087000
1.069000
1.061000
1.064001
1.064000
1.064000
1.067000
1.067000
1.069999
1.063000
1.072001
1.073000
1.068001
1.063000
1.069000
1.069999
1.063000
1.069999
1.061999
1.091001
1.068000
1.065999
1.066000
1.069000
1.064000
1.071000
1.064000
1.069000
1.064001
1.066000
1.070000
1.068001
1.070000
1.061000
1.065000
1.068000
1.075000
1.074000
1.071000
1.072000
1.062000
1.068000
1.062000
1.062999
1.066000
1.068000
1.067000
1.064001
1.069000
1.072000
1.068000
1.069999
1.068001
1.087000
1.064000
1.065000
1.061000
1.069000
1.071000
1.061000
1.091000
1.074000
1.069000
1.064000
1.065000
1.103000
1.064000
1.067000
1.066000
1.064000
1.062000
1.060000
1.073000
1.064000
1.066000
1.070000
1.064000
1.068001
1.069000
1.072000
1.068000
1.064000
1.064000
1.063000
1.071000
1.067000
1.067000
1.059000
1.065999
1.063000
1.062000
1.071000
1.065999
1.070000
1.067000
1.066000
1.062999
1.073000
1.066000
1.066000
1.066000
1.066000
1.064000
1.071000
1.068001
1.069000
1.065999
1.068000
1.070000
1.065000
1.064000
1.063000
1.064000
1.068000
1.066000
1.065000
1.068000
1.069000
1.068000
1.070000
1.069000
1.068001
1.068000
1.062000
1.062000
1.070000
1.066000
1.071000
1.062000
1.065000
1.065001
1.065000
1.062000
1.077000
1.065000
1.072000
