25.291000
26.081000
22.674000
22.876000
22.453000
23.173000
23.765000
23.757000
22.697999
23.019000
22.728000
22.760999
22.644000
22.538001
22.895999
23.027000
22.481000
22.608000
23.004999
22.577999
22.980000
23.343000
22.849999
22.908000
23.338000
22.605000
23.260000
22.809000
22.942000
23.518000
23.015000
22.442000
23.006000
22.847001
24.414000
22.729999
22.851000
23.630000
23.201000
22.674000
23.286000
22.389000
23.123000
23.076000
22.566000
23.123000
22.964001
22.861000
22.842000
23.216000
23.171000
23.236000
23.186000
23.160000
22.826000
22.646000
23.298000
22.812000
22.409000
22.789001
22.391000
26.958000
23.611000
23.427000
23.089000
23.290000
23.362000
23.217999
22.819000
22.899000
23.333000
23.043000
22.839000
22.895999
23.233999
22.963000
23.029000
22.768000
23.270000
23.357000
23.000999
23.181000
23.028000
23.088001
23.611000
22.968001
22.857999
22.803000
23.503001
24.265000
23.666999
22.611000
23.571000
23.184000
23.122000
23.603000
22.792000
23.180000
23.315000
22.554999
22.547000
22.985000
22.536000
23.180000
22.821000
23.296000
23.182000
22.697000
22.875000
22.555000
22.743000
23.059000
23.545000
23.029000
23.273000
23.265000
23.497000
23.609000
23.040000
22.899000
23.401001
23.792000
23.001000
22.830000
22.543000
22.199000
22.476000
23.252000
22.527999
22.655000
22.197000
22.088001
22.717999
22.244001
21.864000
22.901000
22.076000
22.141000
22.373999
22.694000
22.453000
22.747000
22.286000
22.586999
23.173000
22.413000
22.204001
23.290000
23.693000
23.175000
22.041000
22.990000
22.709000
22.520000
22.886000
23.085000
22.884000
22.634000
22.554000
22.217000
22.417000
22.267000
23.279000
22.883000
22.468000
22.582000
22.475000
22.115000
22.185001
22.541001
22.936000
22.559999
22.963000
23.150000
22.497999
22.407999
22.328000
23.002000
23.087000
22.841000
22.903000
22.868999
22.899000
22.702999
22.078999
22.726000
22.021000
22.354000
22.558999
22.426000
22.798000
22.573000
21.881000
22.465001
22.449000
22.502000
22.826000
22.379000
22.311999
26.996000
23.494000
23.125000
23.153001
23.329999
22.657000
22.544000
23.030001
22.482000
22.976000
22.710000
22.234000
22.981000
22.458000
22.559000
23.052000
23.056000
23.229000
22.430999
22.605000
22.307000
21.992000
22.662001
22.564000
22.617999
22.180000
22.071999
22.081000
22.992000
22.292000
21.978999
22.363001
22.276000
21.852001
22.206999
22.355000
22.506000
22.857000
22.533000
22.650001
22.324000
22.645000
23.028000
22.619000
22.115000
21.926000
22.233999
22.151000
22.651000
22.597000
22.270000
22.700000
22.516999
22.878000
22.589000
22.642001
22.978000
22.648999
21.904000
22.449000
22.523000
22.633000
22.174000
22.728000
22.309000
22.884000
22.609999
22.252000
22.230000
22.711000
22.381000
22.549001
22.126000
22.158000
22.393000
22.269000
22.500000
22.319000
23.021000
22.150001
22.173000
22.247001
22.085000
22.714000
23.136000
22.597000
22.508000
22.907000
22.500000
22.764000
22.701000
22.940001
23.039999
23.266000
22.814999
22.600000
23.334000
23.124000
22.357999
22.942000
22.359000
22.938999
22.508999
22.238000
21.973000
22.443000
22.896999
22.510001
22.642001
22.702000
21.870000
22.661000
22.824001
22.449001
22.133000
22.412000
22.113000
22.106000
22.854000
22.659000
22.229000
22.468000
23.120000
22.096000
22.312000
22.416000
22.733999
22.414000
22.730000
22.511000
22.883000
22.506000
22.396999
22.598000
22.222000
23.511000
22.593999
22.774000
22.348000
22.779000
23.066999
22.936000
23.054000
23.118000
22.485000
22.984000
22.572001
22.675000
23.444001
23.012000
23.045000
22.582999
22.670001
23.232000
22.756999
22.968000
22.720000
22.926000
22.546000
22.634001
22.825000
22.713000
22.749000
22.929000
22.815000
22.326999
22.695000
22.904000
22.461999
22.737000
22.390000
22.428000
23.600999
23.205000
22.834999
23.154000
23.453000
23.055000
22.667000
22.880000
22.401000
22.883000
22.515000
22.625000
23.114000
22.903000
22.305000
22.678000
22.783000
22.582000
22.463000
23.034000
22.490000
22.709000
23.670999
22.625000
22.352000
22.837999
22.685000
22.766000
22.771001
22.261000
22.367000
22.752000
22.668000
22.329000
22.413000
21.920000
22.750000
22.189000
22.249000
22.267001
22.015000
22.320000
23.033000
22.341000
22.391001
22.231000
22.846000
22.447000
23.527999
23.242000
22.235000
22.426001
22.334999
22.330000
22.061001
22.844000
22.119001
22.284999
22.035000
22.419000
22.265000
22.643999
22.667000
22.549000
22.202999
22.114000
22.294000
22.544000
22.864000
22.638000
22.620000
22.291000
22.747001
22.487000
22.404999
22.279000
22.651999
22.792000
22.558000
22.185000
22.277000
22.342999
22.710999
22.086999
22.151000
22.543000
22.490000
23.220999
22.709001
22.850000
22.642001
22.179000
22.212000
22.547000
22.438000
22.688000
22.708000
22.503000
22.545001
22.501000
22.511000
22.692000
22.842000
22.700000
22.584000
23.782000
22.202000
22.514000
22.632000
22.797000
22.391001
21.912999
22.469000
21.957000
22.612000
22.305001
22.589000
22.283000
22.075000
21.982000
22.621999
22.180000
22.053000
22.022000
22.632000
22.200000
22.268000
22.090000
21.786000
22.320000
22.520000
21.870000
22.337000
21.850000
22.374000
22.510000
22.204001
22.227000
22.308000
21.880000
22.522001
21.821000
22.260000
22.149000
22.087000
22.448000
22.286000
22.380999
24.083001
22.020000
22.491000
22.883000
22.840000
22.145000
22.134000
22.291000
21.894000
22.140000
22.487001
21.910000
22.420000
22.155999
21.815999
22.224001
22.043999
22.347000
22.104000
22.027000
21.958000
22.036000
21.631000
22.181000
22.231000
21.740000
21.825000
21.854000
21.789000
22.472000
22.247000
21.799000
22.061000
21.810000
21.744001
21.844000
22.059000
21.940000
21.821001
22.471000
22.932000
22.919000
22.457000
21.996000
22.182999
24.548001
22.051999
22.179000
22.165000
22.018000
21.771001
22.112000
22.205001
21.961000
21.830000
22.661000
22.117999
22.744000
22.440000
21.907999
22.436000
22.327000
22.388999
22.220001
22.115000
22.508000
22.399000
22.804000
22.603000
22.665000
23.038000
22.194000
21.900000
22.247000
21.938000
22.345999
22.441000
22.212000
21.992000
22.247001
22.300000
22.853999
22.357000
21.489000
22.136000
22.401000
22.473000
22.590999
22.411000
22.456000
22.802000
22.158000
21.490000
22.105000
22.333000
22.014000
22.248000
22.313001
22.367000
22.494000
21.879000
22.541001
22.072000
22.117999
22.421001
22.555000
22.502000
22.875000
22.776000
22.512000
22.552000
22.506000
22.798000
23.024000
22.501000
23.062000
22.899000
22.848001
22.853000
23.027000
22.958000
22.531000
22.909001
23.496000
22.922000
23.735000
22.902001
22.822999
22.929000
22.921000
22.880000
22.744999
22.483000
22.423999
22.790000
22.853000
23.232999
22.933001
22.985999
22.722000
22.488000
22.293000
22.488000
22.488001
23.160000
22.784000
22.448000
23.086000
22.517000
23.038999
22.450000
23.153000
22.004000
22.818999
22.946999
22.772999
22.477000
22.806999
22.821999
22.368000
22.181000
22.379001
22.491001
22.150001
22.842000
22.738000
22.401000
23.159000
22.422000
22.004000
22.136000
22.012000
22.667999
21.956000
22.266001
21.884000
22.556000
22.262000
22.673001
22.969000
22.333001
23.011000
22.650000
22.312000
22.410001
22.398000
22.687000
22.388000
22.342000
22.417000
22.519000
23.167000
22.508999
22.045000
22.220000
22.600000
22.257000
22.602000
22.879000
23.242000
23.007000
23.112000
23.375001
22.868000
23.198000
23.449000
22.262000
23.002000
23.023000
22.763000
22.950000
22.764999
21.987000
22.520000
22.954999
22.518000
23.115000
22.586000
22.592000
22.753000
22.415000
22.790001
22.555000
22.540000
22.435000
22.047000
21.686000
22.044000
22.144000
22.263000
22.138000
22.187000
22.763000
22.606000
22.392999
22.244000
22.350000
22.146000
21.903000
21.993000
22.051999
22.008000
22.510001
22.301000
22.228000
22.164000
21.997000
21.932000
21.989000
22.427000
22.290000
22.120000
21.767000
22.048000
21.995000
22.229000
21.742000
22.174001
22.039000
22.638001
22.302000
22.892999
21.536000
22.439000
21.716000
22.110000
21.416000
22.213000
22.338000
22.104001
22.105000
22.135001
22.223000
22.073000
22.348000
21.950000
21.798001
21.810000
22.328001
22.314000
22.503000
21.890000
22.078000
22.151000
22.087000
21.703000
22.375000
21.800000
23.999000
22.719000
22.136000
21.914001
21.872000
21.899000
21.776000
22.647000
21.988000
22.038001
21.696000
22.571000
22.297000
22.551999
22.024000
22.651000
22.291000
22.259000
22.568000
22.311999
22.300000
22.256000
22.369000
22.119000
21.869000
22.452001
22.194999
22.743000
22.895000
22.317000
22.266000
22.373000
22.189000
22.124000
22.314000
22.506000
22.272999
22.810000
21.917000
22.793000
22.517000
22.496000
22.352000
22.476000
22.124000
22.392000
22.310000
21.839000
21.738000
21.873000
22.036000
21.817001
21.873000
21.952000
21.704000
21.815000
21.724001
22.030001
21.731000
22.473000
22.044000
21.946999
21.921000
22.067000
21.682999
22.144000
22.158000
21.805000
22.028000
22.531000
21.872999
21.972001
22.365000
21.829000
21.749999
22.144000
23.247000
22.552000
21.944000
22.340001
21.996000
22.153000
21.544999
22.704001
22.323000
21.860000
22.358000
22.205000
22.408000
22.096001
22.771000
22.188000
21.906000
21.887000
22.398001
22.503000
22.088001
22.395000
22.218999
22.123000
22.350000
22.340001
22.043000
22.112001
22.121000
22.355000
22.071000
22.450000
22.108000
21.949000
22.122000
21.904000
21.835000
22.034000
22.369999
22.475000
22.057000
22.112000
22.253999
22.507000
22.625000
22.690000
22.286000
22.351000
22.161000
22.201000
22.164000
22.007001
22.057000
22.095000
21.906000
21.669000
21.809001
22.159999
21.755000
21.854000
21.725001
21.833001
22.159999
22.502000
21.820000
22.370000
22.144000
22.147000
21.873999
21.493000
22.086000
21.597000
21.790000
22.212000
22.012000
21.905000
21.917000
22.131001
21.743000
21.677000
21.813001
21.956000
22.286000
21.764000
22.095000
22.728000
22.103000
22.466999
22.013000
21.598000
22.422000
22.390001
22.599000
21.987000
22.224000
21.486000
22.055000
21.931000
22.125999
22.026000
22.093000
22.260000
22.233000
21.998000
22.127000
21.856001
21.997999
22.500000
22.206000
22.045000
22.143001
22.054000
22.466000
22.189000
22.818000
22.357999
21.997000
