90.059999
61.000001
45.480002
39.279997
36.660001
35.380002
34.660000
45.599997
39.299998
35.500001
34.819998
45.339998
37.699997
36.460001
35.480000
35.480000
35.420001
35.259999
34.979999
35.120003
34.940001
34.720000
36.379997
41.760001
35.540000
34.720000
34.279998
34.460001
42.460002
36.120001
36.199998
34.600001
34.799997
34.359999
34.680001
35.019998
35.120003
36.219999
34.760002
33.880003
34.299999
34.820002
35.300002
33.599999
35.799999
34.419999
34.759998
34.460001
33.700000
33.780001
34.940001
35.039999
35.200000
35.659999
34.240000
34.860000
34.019999
34.199998
34.260001
39.460000
35.620000
34.740001
33.360001
33.900000
34.340002
33.340003
34.739997
34.080002
35.860002
34.800000
38.259998
42.480003
35.620000
34.499999
35.960000
33.500001
37.540004
34.180000
35.100002
34.079999
34.540001
34.140002
34.720000
34.440003
35.300002
33.760000
35.399999
34.540001
34.779999
33.259999
33.859998
35.939999
33.059999
34.159999
35.919998
33.380002
34.880001
34.939997
35.180002
33.740003
35.220001
33.840001
34.520000
36.300000
33.599999
37.920002
35.540003
33.700000
36.740001
34.760002
35.280000
33.380002
34.639999
39.099999
36.539998
35.039999
33.920001
33.679999
33.820000
35.340000
35.179999
35.120003
33.500001
34.500003
34.720000
34.380000
36.819998
33.379998
34.920000
35.259999
35.680000
34.380000
33.840001
34.359999
34.419999
35.020001
34.240000
35.119999
34.060001
33.300001
36.940001
33.160001
34.240000
34.979999
34.380000
35.680000
34.920000
33.760000
36.180001
33.939999
34.720000
34.700003
35.060000
33.939999
35.580002
36.120001
40.339999
37.200000
34.940001
34.580000
34.220003
34.220003
33.340000
34.720000
34.720000
36.740001
34.920000
35.760000
34.679998
33.620000
35.800003
34.059998
34.940001
35.940003
34.820002
34.060001
34.419999
34.560002
33.660002
33.080000
34.839999
34.600001
34.499999
34.620002
37.379999
34.540001
34.680001
34.060001
35.000000
34.720000
33.719998
34.500003
35.119999
33.679999
36.520001
33.360001
36.660001
35.100002
37.719999
36.079999
34.319997
34.299999
33.900000
34.920000
35.200000
35.960000
35.280000
34.860000
33.319999
34.499999
35.760000
34.800000
34.359999
33.239998
33.259999
33.840001
33.119999
34.860000
33.800002
34.219999
34.180000
34.380000
34.440000
34.200002
35.319999
34.159999
35.719998
33.699997
34.759998
35.020001
34.259997
34.700003
35.659999
35.620000
34.259997
36.039997
33.700000
34.899998
35.319999
34.839999
40.640000
38.580000
35.999998
35.520002
34.819998
34.260001
34.019999
36.380000
34.019999
35.440002
35.700001
34.220003
41.419998
33.740003
33.379998
34.959998
37.179999
36.920000
35.119999
35.579998
34.019999
35.239998
34.619998
34.019999
33.900000
34.520000
34.380000
35.859998
34.860000
33.800002
36.580000
36.219999
35.040002
33.760000
35.900000
34.540001
33.920001
34.940001
35.739999
32.960001
36.600001
35.140000
35.480000
33.859998
38.860001
36.300000
34.240000
36.479998
35.399999
34.680001
34.339998
34.119997
33.940002
35.540000
33.420000
35.260003
34.699999
35.320003
36.060002
34.500003
34.320001
35.360001
34.839999
34.220003
36.100000
33.820000
35.939999
33.639997
34.420002
34.580000
34.979999
34.320001
34.159999
33.280000
35.280000
34.740001
36.540002
35.440002
34.860000
35.840001
33.099998
35.439998
35.540000
33.220001
35.459999
35.080001
36.939997
37.480000
35.459999
34.219999
33.480003
34.540001
33.780001
34.080002
34.560002
34.419999
34.860000
34.419999
35.220001
34.339998
34.680001
33.860002
73.900003
51.519997
41.479997
37.159998
35.700001
34.920000
36.760002
37.600003
35.159998
35.200000
33.660002
34.339998
33.999998
33.300001
34.520000
37.040003
34.980003
34.660000
33.900000
34.660000
35.340000
37.659999
33.980001
34.880001
33.679999
33.860002
35.120003
40.239997
36.120001
35.039999
37.500001
35.840001
34.580000
34.419999
33.299997
35.020001
34.660000
33.859998
35.680000
34.279998
34.540001
33.519998
41.040000
34.380000
34.340002
34.660000
34.819998
35.879999
33.799998
34.080002
33.580001
34.399997
36.319997
34.860000
40.940002
35.239998
33.559997
36.739998
34.380000
34.480002
34.360003
34.899998
34.280002
34.699999
35.620000
35.900000
33.939999
33.620000
33.820000
34.180000
38.779996
35.540000
33.880003
34.700003
34.540001
34.400001
34.680001
34.580000
36.640003
35.159998
34.139998
34.959998
34.340002
34.419999
33.239998
35.599999
33.480000
34.960002
34.279998
32.979999
35.719998
34.800000
33.480000
34.040000
35.540000
34.800000
33.640001
33.420000
35.299998
34.580000
35.360001
33.240002
34.180000
36.079999
34.980003
33.999998
36.060002
35.519999
34.440000
34.480002
34.440000
37.220001
38.360000
36.300000
34.120001
34.559999
34.079999
35.540000
34.920000
34.820002
34.900002
35.140000
34.260001
33.400003
35.140000
33.059999
34.740001
34.600001
33.839997
36.740001
34.839999
34.259997
35.100002
34.500003
34.880001
33.780001
34.160003
34.580000
35.220001
33.960000
35.259999
34.920000
34.660000
33.940002
34.320001
34.219999
33.999998
34.019999
34.340002
34.359999
35.919998
34.820002
34.680001
34.539998
34.899998
37.960000
35.399999
36.180001
33.599999
36.260001
34.740001
34.240000
34.879997
35.000000
34.159999
34.600001
35.419997
35.420001
34.180000
34.479998
34.880001
35.480000
35.200000
36.180001
36.219999
34.299999
34.620002
34.200002
33.979997
34.240000
34.539998
32.800000
33.799998
34.359999
35.440002
34.519996
34.680001
33.940002
34.440003
35.739999
37.219997
34.920000
34.740001
34.000002
34.320001
35.639998
35.280000
36.780000
37.740000
36.580000
34.980003
34.559999
34.240000
33.599999
33.900000
34.580000
33.660002
34.540001
34.219999
34.640003
35.340000
34.660000
35.319999
35.460003
36.339998
34.219999
35.700001
34.459997
34.740001
35.779998
33.900000
33.740003
34.539998
42.640001
37.499998
34.959998
35.739999
33.360001
33.799998
34.260001
35.859998
34.540001
34.159999
35.020001
34.219999
33.500001
35.280000
33.760000
33.940002
34.140002
37.220001
36.460001
36.759999
34.499999
35.259999
35.579998
34.699999
36.459997
35.700001
34.160003
35.300002
35.419997
35.419997
34.240000
34.339998
33.760000
34.400001
35.140000
34.720000
34.940001
34.760002
34.739997
34.819998
33.059999
34.419999
33.980001
35.840001
34.419999
34.560002
33.920001
32.840002
34.540001
36.640000
36.460001
35.360001
34.619998
34.800000
34.720000
35.080001
34.460001
34.680001
34.200002
33.700000
37.680000
37.540000
34.699999
35.259999
34.240000
34.720000
35.480000
34.040000
33.760000
35.879999
33.620000
34.120001
33.800002
33.560000
34.260001
34.540001
35.119999
33.320002
34.240000
34.340002
35.219997
34.320001
33.879999
35.060000
34.459997
34.300003
34.220003
34.000002
35.760000
34.580000
35.299998
34.720000
34.260001
34.019999
34.720000
35.480000
34.819998
37.680000
41.299999
36.059998
35.440002
33.920001
33.919998
39.460000
37.239999
34.260001
35.239998
33.940002
33.779997
35.000000
36.780000
34.660000
35.739999
34.860000
34.279998
34.299999
36.240000
35.080001
35.640001
33.700000
35.980001
35.200000
34.779999
34.280002
34.940001
35.720002
34.180000
34.060001
35.340000
34.240000
34.000002
35.659999
35.840001
33.900000
34.219999
35.259999
36.800001
34.240000
33.239998
35.360001
33.080000
35.179999
36.120001
33.580001
34.499999
38.240001
36.440000
35.600003
34.319997
35.240002
34.420002
33.580001
34.539998
34.699999
33.299997
35.900000
35.039999
35.680000
35.179999
34.299999
33.720002
33.799998
33.500001
34.260001
33.379998
35.299998
35.100002
33.679999
33.980001
34.279998
34.299999
34.920000
35.299998
34.079999
34.079999
33.039998
34.060001
34.219999
36.520001
34.320001
35.259999
34.359999
34.299999
32.940000
36.740001
34.479998
34.240000
32.980002
40.539999
36.720000
35.260003
33.700000
34.600001
34.860000
34.960002
34.120001
33.820000
33.700000
34.899998
33.980001
35.259999
35.240002
34.060001
33.920001
34.319997
40.999997
35.320003
37.179999
33.799998
34.800000
33.380002
33.539999
33.620000
34.880001
36.420003
35.680000
33.780001
36.179997
33.599999
35.060000
35.719998
36.160000
34.400001
34.540001
34.180000
35.859998
34.479998
35.440002
36.759999
34.059998
36.499999
38.360000
35.420001
34.199998
35.680000
35.680000
35.280000
34.860000
35.320003
34.019999
33.480000
33.620000
35.079997
34.940001
33.980001
34.899998
34.680001
34.240000
34.839999
34.420002
34.180000
35.080001
34.080002
34.380000
34.220003
34.660000
35.500001
34.479998
36.060002
32.760002
33.799998
34.039997
33.980001
33.300001
33.980001
34.180000
35.840001
34.119997
35.859998
33.880003
34.800000
35.680000
35.360001
37.760001
35.099998
36.380000
33.820000
35.760000
34.040000
34.139998
35.440002
34.380000
34.419999
34.599997
34.079999
36.139999
34.080002
34.880001
34.019999
35.140000
33.900000
34.620002
33.920001
35.080001
33.420000
34.800000
34.440000
36.659997
36.200002
36.180001
34.059998
36.640000
35.080001
34.860000
33.620000
34.839999
33.220001
33.440001
33.799998
36.600001
34.200002
36.320001
34.560002
33.740003
33.900000
34.180000
37.319999
34.880001
34.320001
33.840001
34.320001
35.760000
34.280002
33.640001
34.560002
47.440000
43.000001
38.140003
34.600001
34.979999
34.120001
35.480000
34.380000
33.580001
34.259997
35.399999
34.580003
35.559997
35.080001
35.560001
35.519999
34.839999
36.300000
35.340000
34.260001
34.400001
33.060003
34.760002
36.760002
35.080001
34.499999
34.079999
36.279999
34.359999
34.419999
34.359999
33.919998
33.459999
34.400001
41.020002
35.919998
34.880001
35.179999
35.640001
33.939999
35.540000
34.580000
34.460001
36.000002
33.599999
35.399999
36.180001
34.680001
34.020003
35.300002
33.720002
35.319999
34.940001
33.920001
34.679998
34.979999
34.079999
36.760002
34.660000
36.319997
35.960000
35.040002
34.539998
35.239998
35.240002
35.979997
36.599997
34.120001
33.459999
35.900000
36.580000
37.519999
34.280002
33.640001
33.919998
35.039999
38.440000
35.620000
35.220001
34.580000
34.600001
36.359999
34.419999
33.980001
34.080002
35.440002
34.920000
35.460003
33.820000
34.280002
34.019999
35.259999
34.200002
35.980001
36.040001
35.659999
33.679999
34.299999
34.560002
33.979997
33.900000
34.219999
32.680001
34.299999
34.580000
34.480002
33.760000
34.960002
34.860000
41.540001
