11.080001
10.940000
10.900000
10.919999
10.980001
10.880001
10.920001
10.760000
10.960001
11.160001
10.739999
11.040000
10.760000
10.740001
10.779999
10.760000
10.779999
11.000000
10.660000
10.919999
10.940000
11.120001
10.740001
11.020001
11.119999
11.120001
10.760000
10.739999
10.779999
11.040000
10.760000
11.380000
10.900000
11.019999
10.740001
10.739999
10.960000
11.079999
11.180000
10.960000
10.960000
11.120001
11.080001
11.120001
10.860000
11.059999
10.720000
10.680001
11.019999
11.000000
10.840001
11.059999
11.100000
10.980001
11.100000
11.080001
11.059999
11.080001
11.000000
10.960000
10.960000
11.040000
10.860000
10.699999
11.040000
10.979999
11.100002
10.760000
11.100000
11.080001
11.140000
10.660000
10.960000
10.979999
10.580001
10.960001
11.080001
10.960000
11.019999
10.679999
10.700000
10.679999
10.900000
10.960000
10.679999
11.059999
11.079999
10.979999
11.000000
11.020001
10.960000
11.000000
11.000000
10.920001
10.700000
10.839999
11.080001
11.000000
11.000000
11.000000
11.060001
10.940000
10.580000
11.100000
11.060001
10.900000
11.060001
11.040000
11.019999
10.940000
11.059999
11.039998
10.900000
10.679999
10.559998
10.860000
11.060001
11.000000
10.980001
10.700000
11.100000
10.960000
10.679999
11.020001
10.880001
10.840001
10.980001
10.860000
10.939999
11.299999
10.980001
11.080001
11.040000
10.639999
10.720000
10.720002
10.699999
11.040000
10.699999
11.100000
10.720000
11.059999
10.920001
10.660000
19.960001
11.019999
11.019999
11.000000
10.720000
11.040000
10.699999
10.820001
10.640001
10.700000
10.679999
10.979999
10.660000
10.960000
10.700000
11.180000
11.080001
11.119999
11.020001
11.080001
11.080001
10.919999
10.679999
10.860000
11.060001
11.019999
10.960000
11.100000
11.100000
10.919999
10.699999
10.980001
11.040000
10.960000
11.000000
10.800000
10.940000
11.060001
11.120001
10.660000
10.679999
10.620000
10.940000
10.700000
10.839999
10.700000
10.700000
10.680001
10.880001
10.960000
10.960000
10.920001
10.700000
10.700000
10.940000
11.059999
11.040000
10.880001
11.059999
11.059999
10.919999
11.120001
10.960000
11.039998
10.720000
10.640001
10.979999
10.700000
11.000000
11.040000
10.920001
11.019999
11.000000
10.860000
11.040000
11.019999
10.860000
10.979999
10.720000
11.059999
11.040000
10.960000
10.720000
10.960000
10.940000
10.659998
10.680001
11.079999
10.960001
10.919999
10.700000
11.040000
11.059999
11.059999
11.020001
10.700000
11.040000
10.620000
10.700000
10.720000
10.660000
10.860000
10.680001
10.660000
11.040000
10.679999
10.699999
10.979999
11.020001
10.980001
10.919999
10.680001
11.040000
10.500001
10.900000
10.879999
10.679999
10.700000
10.879999
10.980001
10.900000
10.679999
11.040000
11.040000
10.979999
11.079999
10.860002
11.119999
10.900000
10.500001
11.000002
10.840001
11.039998
10.699999
11.000000
11.000000
10.699999
10.960001
11.059999
10.700000
10.960000
10.900000
10.940000
10.860000
10.980001
11.040000
10.919999
11.019999
18.800000
11.000000
11.019999
10.900000
10.700000
10.939999
10.679999
10.700000
10.960000
10.679999
10.960000
10.940000
11.040000
10.499999
11.000000
10.679999
11.000000
10.920001
11.040000
10.700000
11.120001
11.080001
10.900000
10.979999
10.700000
10.860000
11.079999
10.900000
11.100000
10.900000
10.860000
10.799998
10.700000
10.980001
11.040000
11.140000
11.019999
10.480002
11.059999
10.960000
11.079999
10.820001
10.920001
10.979999
11.020001
10.879999
11.059999
10.919999
10.860000
11.100000
11.140000
10.659998
10.760000
10.960000
10.980001
10.940000
10.700000
11.100000
10.700000
11.100000
10.720000
11.059999
10.900000
11.059999
11.140000
10.979999
10.699999
10.840001
10.940000
11.000000
11.060001
11.020001
11.100000
11.040000
11.019999
11.079999
10.699999
10.660000
10.679999
11.019999
10.960001
11.019999
11.019999
10.940000
10.980001
10.800000
10.700000
11.120001
11.059999
10.919999
10.919999
10.979999
10.960000
10.939999
10.820000
10.800000
10.760000
10.920001
10.960001
10.900000
10.840001
10.879999
10.720000
11.080001
10.800000
10.860000
11.080001
11.100000
11.020001
10.680001
10.919999
10.960000
11.100002
10.880001
11.040000
11.040000
10.960000
10.919999
10.980001
11.059999
10.700000
11.040000
10.700000
11.100002
10.720000
10.980001
10.680001
11.040000
10.980001
11.100000
11.120001
10.679999
11.040000
11.020001
10.720002
10.820000
10.860000
10.919999
10.660000
10.900000
11.080001
11.060001
10.700000
10.700000
10.900000
10.980001
11.000000
10.860000
10.960000
11.080001
10.860000
10.679999
10.840001
11.059999
10.679999
10.820001
10.700000
10.860000
10.700000
10.880001
10.900000
10.820000
10.940000
10.660000
11.100000
10.660000
11.059999
10.640001
10.839999
10.860000
10.960000
10.860000
10.620000
10.660000
10.740001
10.560000
10.720000
10.900000
10.720002
10.839999
10.700000
11.059999
10.980001
10.720002
10.939999
11.059999
10.720000
11.000000
10.939999
11.020001
11.080001
10.919999
11.120001
10.860002
10.980001
10.680001
10.880001
10.720000
10.699999
10.760000
10.940000
11.100000
10.700000
11.219999
10.940000
10.979999
10.960001
10.679999
10.940000
10.860000
10.720000
10.880001
10.940000
10.900000
10.879999
10.940000
10.879999
11.040000
10.640001
10.860000
10.700000
11.000000
11.100000
10.679999
11.100002
11.060001
10.700000
10.860002
10.679999
10.900000
10.880001
10.879999
10.919999
11.000000
10.700000
10.700000
10.900000
11.059999
11.119999
11.220001
12.020001
11.059999
10.720000
10.900000
10.720000
11.100000
10.679999
10.960001
19.499999
11.280000
10.839999
11.180000
11.079999
11.039998
10.520000
10.900000
10.840001
11.000000
10.919999
10.720000
10.980001
11.059999
10.700000
10.960001
10.960000
10.940000
11.039998
10.960000
10.680001
10.720000
11.040000
11.000000
10.900000
11.019999
10.660000
11.000000
10.679999
11.019999
11.119999
10.680001
10.919999
10.960000
10.720000
10.700000
10.939999
10.680001
10.960000
10.679999
10.860000
11.000000
10.820001
10.620000
10.840001
10.840001
10.580001
10.919999
10.879999
11.019999
11.019999
10.660000
11.080001
10.940000
10.700000
11.040000
10.700000
10.840001
11.160001
10.979999
11.060001
11.100000
10.980001
10.880001
10.979999
11.119999
10.700000
10.700000
11.059999
10.660000
10.660000
10.980001
10.779999
10.820001
10.919999
10.900000
11.120001
10.699999
10.919999
10.979999
10.960000
10.860000
11.059999
11.059999
11.040000
10.700000
10.699999
10.499999
10.960000
10.979999
11.059999
10.660000
10.940000
11.100000
10.640001
10.860000
10.960001
10.980001
11.020001
11.019999
10.919999
10.679999
11.100002
11.019999
10.720000
10.960001
10.700000
10.679999
10.700000
11.140000
10.699999
10.979999
10.700000
11.020001
10.720000
10.660000
11.080001
10.720000
10.699999
11.020001
10.700000
10.979999
10.720000
10.700000
10.720000
10.680001
10.700000
11.020001
10.700000
11.020001
10.679999
11.180000
10.940000
11.140000
11.100000
10.839999
10.900000
10.860000
10.640001
10.900000
11.080001
11.020001
11.059999
10.720000
10.979999
11.040000
10.960000
10.940000
11.019999
10.800000
11.040000
10.679999
10.679999
10.939999
11.040000
10.640001
10.920001
11.020001
10.980001
10.679999
11.019999
10.699999
10.900000
11.140000
11.119999
10.960001
11.019999
11.140000
10.880001
10.960001
11.059999
11.100002
10.839999
10.919999
10.860002
10.880001
11.119999
11.000000
10.900000
10.879999
10.520000
11.040000
10.900000
11.060001
10.920001
11.120001
11.019999
11.000000
11.020001
11.100000
10.640001
10.979999
10.880001
11.100000
10.720000
10.700000
11.140000
10.940000
19.060001
10.700000
10.960000
10.900000
11.060001
11.080001
11.060001
10.940000
10.699999
10.900000
10.979999
11.080001
10.879999
10.840001
10.620000
10.500001
11.040000
10.699999
10.680001
10.900000
11.080001
10.679999
10.660000
10.699999
10.700000
10.980001
10.960001
11.019999
10.940000
10.639999
10.939999
10.680001
11.080001
10.840001
10.699999
10.880001
10.919999
10.720000
10.900000
10.480000
11.360001
10.679999
10.960000
10.879999
11.080001
10.900000
11.059999
10.500001
10.939999
10.660000
10.820000
10.680001
11.079999
10.980001
10.679999
10.480000
11.000000
10.660000
11.059999
11.000000
10.880001
10.720000
11.119999
11.000000
11.120001
10.940000
11.040000
11.020001
11.000000
11.119999
10.580001
11.080001
10.660000
10.660000
10.960000
10.679999
11.080001
10.960000
11.080001
10.679999
10.960000
10.660000
11.040000
10.860000
11.019999
10.660000
10.720000
10.680001
10.940000
10.680001
11.000000
10.979999
10.700000
10.680001
10.700000
10.679999
11.120001
10.679999
10.860002
11.100000
11.000000
11.020001
11.000000
10.660000
10.980001
10.700000
11.040000
10.980001
11.000000
10.760000
10.940000
10.960000
10.700000
10.679999
10.960000
10.720000
10.699999
10.660000
11.020001
10.980001
10.980001
10.960000
10.679999
10.840001
10.680001
11.119999
10.960001
10.660000
11.000000
11.060001
10.940000
10.900000
10.960000
10.960000
10.860000
10.679999
11.040000
10.840001
11.059999
11.000000
10.879999
10.979999
11.040000
10.839999
10.699999
11.059999
10.960000
10.960000
10.900000
10.720000
10.739999
10.920001
10.679999
10.900000
10.900000
11.040000
11.080001
10.979999
11.120001
10.860000
10.980001
10.900000
10.940000
10.979999
11.119999
11.040000
10.879999
10.700000
10.920001
10.720000
10.880001
10.980001
10.679999
11.079999
10.900000
11.000000
10.860000
10.680001
11.000000
11.019999
10.559998
11.000000
10.919999
10.879999
10.700000
11.000000
11.040000
11.080001
10.880001
10.919999
11.059999
11.000000
10.679999
10.960000
10.960000
10.920001
10.720000
11.100000
10.900000
11.120001
11.120001
10.680001
11.040000
10.960000
10.860000
10.940000
11.039998
11.000000
10.699999
11.119999
10.699999
10.740001
10.960000
10.660000
10.939999
10.480000
10.700000
10.860000
11.080001
10.920001
10.700000
11.000000
10.700000
10.860000
10.900000
10.860000
10.720000
10.900000
10.919999
10.639999
10.920001
10.679999
11.020001
10.979999
10.960000
11.060001
10.919999
11.020001
10.700000
10.960000
11.259999
11.080001
10.700000
11.019999
10.700000
11.140000
10.879999
10.960000
11.100000
10.760000
10.860000
11.040000
10.700000
11.059999
11.040000
10.699999
10.699999
10.940000
10.939999
11.100000
11.159999
10.980001
