15.229000
15.342999
15.346999
15.501000
15.242000
15.220000
15.242000
15.237999
15.345000
15.270000
15.242000
15.236000
15.238000
15.206000
15.405999
15.322000
15.211000
15.419001
15.317000
15.291000
15.441000
15.318001
15.323000
15.591000
15.621000
15.451000
15.576000
15.991000
15.678000
15.949000
15.564000
15.528000
15.802000
15.311000
15.312000
15.459999
15.537000
15.569000
15.449001
15.455999
15.445000
15.725000
15.233000
15.506000
15.824000
15.905000
15.644000
15.419999
15.658000
15.768000
15.611000
15.853999
15.799000
15.661000
15.653000
15.618999
15.787000
15.589000
15.746000
15.862000
15.799999
15.461001
15.768000
15.338000
15.628001
15.759001
15.638000
15.531000
15.672000
15.672000
15.503000
15.283000
15.272999
15.289000
15.396000
15.283000
15.153000
15.310000
15.304000
15.281000
15.455000
15.407000
15.296000
15.309000
15.286000
15.160000
15.303000
15.319000
15.289000
15.319000
15.583000
15.616001
15.707000
15.522000
15.585001
15.714999
15.578000
15.447000
15.481000
15.459000
15.475000
15.711000
15.335000
15.548000
15.346000
15.582000
15.295000
15.575000
15.455000
15.350000
15.607000
15.713000
15.291001
15.714001
15.593000
15.590000
15.465001
15.628000
15.324000
15.614999
15.333001
15.676000
15.422000
15.429000
15.540000
15.676000
15.809000
15.192000
15.418000
15.712000
15.327000
15.332000
15.838000
15.856000
15.834000
15.747000
15.328000
15.574000
15.842999
15.583999
15.590000
15.589000
15.547000
15.710000
15.587000
15.546000
15.584000
15.586000
15.580000
15.734000
15.590000
15.552999
15.711000
15.592000
15.667000
15.573000
15.591000
15.822000
15.708000
15.594000
15.545000
15.707000
15.310000
15.662000
15.450000
15.498000
15.277999
15.442000
15.633999
15.474000
15.212000
15.549000
15.573000
15.573000
15.342000
15.768001
15.656000
15.346999
15.536000
15.720000
15.464000
15.275001
15.285000
15.569001
15.311001
15.592000
15.567000
15.324000
15.620001
15.424000
15.505000
15.676000
15.287000
15.420000
15.602999
15.574000
15.481000
15.476000
15.649000
15.556000
15.461000
15.551999
15.344000
15.447000
15.450000
15.434000
15.446000
15.463000
15.577001
15.449000
15.451999
15.578000
15.482000
15.336000
15.420000
15.728001
15.575999
15.411000
15.322000
15.334000
15.285000
15.675000
15.313000
15.404000
15.731000
15.345001
15.288000
15.435000
15.311000
15.340000
15.192000
15.310001
15.570001
15.833001
15.588000
15.325000
15.694000
15.453001
15.288000
15.296999
15.258000
15.423000
15.314000
15.289000
15.286000
15.706999
15.706000
15.588000
15.574999
15.579000
15.660000
15.539001
15.518000
15.497000
15.520000
15.218000
15.280999
15.534000
15.346000
15.323000
15.340000
15.355000
15.458000
15.465001
15.340000
15.440000
15.730000
15.574000
15.707000
15.710000
15.628000
15.594000
15.768001
15.650000
15.647000
15.491000
15.611000
15.555000
15.532000
15.481001
15.406000
15.522000
15.447999
15.404000
15.570000
15.427999
15.433000
15.668000
15.434000
15.527000
15.442000
15.568000
15.536000
15.545000
15.463000
15.660000
15.454001
15.707000
15.213000
15.452000
15.446000
15.670000
15.573001
15.457000
15.679999
15.566000
15.705001
15.669000
15.831000
15.574000
15.543000
15.717000
15.596000
15.541000
15.717000
15.709000
15.598000
16.008000
15.667001
15.736001
15.799000
16.013000
15.912000
15.669000
15.668000
15.628001
15.477000
15.569000
15.798000
16.088000
15.907000
15.380001
16.100001
15.876001
16.000000
16.000000
15.749000
16.042001
15.738000
15.997000
15.898000
16.182000
16.081000
16.092000
16.238000
15.961000
15.996000
16.035000
15.987000
15.888001
16.028000
16.135000
16.127000
15.839000
15.934001
16.066000
15.936000
16.115000
16.111000
15.989001
16.119001
16.145000
16.133999
15.736000
15.968000
15.916000
15.915000
15.686000
15.785000
15.835000
15.749000
15.719000
15.645999
15.611000
15.715000
15.759000
15.767000
15.757000
15.799000
15.836000
15.676000
15.778000
15.813001
15.951000
15.959000
16.043000
15.910000
16.131000
15.535000
15.963000
16.066000
15.845000
15.923000
15.659000
15.884000
15.790001
15.598000
15.907001
15.896000
15.834000
15.896000
15.723000
16.148000
15.898000
15.730000
15.708000
15.648000
15.772000
15.604000
15.533000
15.719000
15.795000
15.728000
15.850000
15.856001
15.593000
15.895001
15.566000
15.548000
15.452000
15.962000
15.599000
15.808000
15.403001
15.690000
15.439000
15.876000
15.820000
16.053000
15.708000
15.575000
15.773000
15.625000
15.582001
15.838000
15.804000
15.885000
16.422000
15.764001
15.564000
15.566000
15.675999
15.633000
15.571000
15.904000
15.674000
16.013000
15.923000
15.668000
15.665000
15.565000
15.706000
15.670000
15.714000
15.440000
15.725000
15.551000
15.801000
15.672999
15.590000
15.436999
15.810000
15.850000
15.657000
15.642000
16.018000
15.885000
15.849000
15.710999
15.702000
15.653000
15.573000
15.795000
15.670000
15.691000
15.571000
15.569001
15.641000
15.538000
15.585000
15.528000
15.456000
15.567000
15.616001
15.626000
15.469000
15.406000
15.653000
15.658000
15.512000
15.772000
15.779000
15.929000
15.707999
15.568000
15.761000
15.628000
15.927001
15.606000
15.834000
15.606999
15.597000
15.736001
15.458000
15.620000
15.657000
15.741000
15.708000
15.524001
15.619000
15.462000
16.097000
15.998000
16.165000
15.775000
15.805000
15.951999
15.615000
15.776000
15.728001
15.880000
15.709001
15.871000
15.559000
15.736000
15.738000
15.855000
15.788000
15.616000
15.761000
15.848000
15.753000
15.574001
15.831999
15.552999
15.674000
15.908000
15.964000
15.730999
16.063000
16.014000
16.073001
15.954999
16.009999
15.934000
15.854000
15.987000
16.003001
15.885999
15.883001
15.982999
16.151000
16.042000
15.954000
16.130000
15.858000
15.958000
15.830000
15.603000
15.856000
15.783000
15.637000
15.659000
15.713000
15.672999
15.768000
16.038000
15.954000
15.815000
15.982999
15.742000
15.836000
15.630000
15.710000
15.797000
16.136000
16.056000
16.024000
15.687000
15.873000
16.158000
15.763001
15.791000
15.814000
15.686000
15.939000
15.454000
16.034001
15.812000
15.703000
15.819000
15.569001
15.575000
15.338999
15.578000
15.990000
15.923000
15.690999
16.071999
15.606999
15.556000
15.566000
15.819999
15.550000
15.862000
15.858999
15.633000
15.666000
15.632000
15.772999
15.970000
15.679000
15.923000
15.536000
15.675999
15.745000
15.827000
15.543000
15.685000
15.623000
15.544000
15.902000
15.842000
15.730000
15.760000
15.704000
15.632001
15.655000
15.812000
15.870000
15.900000
15.896000
15.758000
15.745000
15.711999
15.843000
15.811999
15.747000
15.633000
15.606000
15.311001
15.436999
15.546000
15.513000
15.408000
15.548999
15.580000
15.447000
15.311000
15.429000
15.417000
15.412000
15.730000
15.329001
15.536999
15.445000
15.285000
15.313000
15.413000
15.579999
15.560000
15.435000
15.292999
15.327999
15.759001
15.319000
15.697000
15.425000
15.458000
15.432999
15.680000
15.307000
15.325000
15.639000
15.667000
15.324000
15.608000
15.582999
15.326001
15.325000
15.411000
15.578000
15.585000
15.866000
15.691000
15.727000
15.686000
15.751000
15.658000
15.455999
15.486000
15.556000
15.574000
15.689000
15.640999
15.577001
15.672999
15.714000
15.544000
15.490000
15.792999
15.412000
15.759000
15.415000
15.664000
15.550001
15.704000
15.546001
15.567000
15.716000
15.608001
15.318000
15.432000
15.701001
15.620001
15.594000
15.559000
15.672000
15.557000
21.281000
15.634000
15.463000
15.676000
15.551000
15.319000
15.829001
15.868000
15.792000
15.806000
15.618000
15.680000
15.591000
15.662000
15.656000
15.810001
15.443000
15.650000
15.659000
15.575999
15.625000
15.707000
15.575999
15.852000
15.878000
15.742000
15.635001
15.844000
15.844001
15.575999
15.704000
15.765999
15.574999
15.520000
15.724001
15.768000
15.531001
15.558000
15.478000
15.788000
15.451000
15.662001
15.591000
15.567000
15.726999
15.528000
15.730000
15.447000
15.421000
15.410000
15.701001
15.610999
15.546001
15.682001
15.816000
15.839000
15.916000
15.722000
15.961000
15.469000
15.857000
15.979000
15.826000
15.592000
15.707000
15.795000
16.067000
16.121000
15.579000
15.901000
15.840000
15.747000
15.880000
15.723000
15.937001
15.984000
15.815999
15.749999
15.687999
15.964000
16.018000
16.103000
16.043000
15.974999
16.127000
15.968000
15.997999
16.012000
16.087000
16.027000
15.997000
15.362000
15.961000
15.877000
15.689000
15.578000
15.676999
15.950000
15.811000
15.918000
15.964000
15.948000
15.890000
15.953000
15.827000
15.824000
15.860000
16.005000
15.874000
15.726000
15.873999
15.868001
15.997000
15.851000
15.797000
15.840000
15.849000
15.961000
16.208000
15.858999
15.881999
15.822000
15.716000
15.973000
15.955000
15.813000
15.900000
15.937001
15.602000
15.646000
15.883000
15.682001
15.808000
16.018000
15.765000
15.743000
15.811000
15.787000
15.631000
15.695000
15.752000
15.709000
15.765000
15.742000
15.725000
15.848000
15.714000
15.713000
15.596000
15.738999
15.676999
15.666001
15.593000
15.757000
15.574001
15.817000
15.592000
15.621000
15.603000
15.567000
15.660000
15.682001
15.792000
15.697001
15.678000
15.696000
15.617999
15.690000
15.649000
15.715000
15.646000
15.582000
15.632000
15.671999
15.557000
15.738999
15.999000
15.879001
15.684000
15.730000
15.791000
15.780999
15.760000
15.521999
15.683000
15.733000
15.535001
15.606000
15.701001
15.658000
15.667000
15.342000
15.672000
15.531000
15.611000
15.527001
15.761000
15.743000
15.593001
15.605001
15.598000
15.581000
15.629999
15.612001
15.695999
15.609001
15.712000
15.719000
15.756000
15.897000
15.650000
15.680999
15.830000
15.670000
15.634000
15.559000
15.442000
15.405000
15.546000
15.540000
15.615000
15.563000
15.410000
15.473000
15.655000
15.364000
15.564000
15.569000
15.829000
15.737000
15.470000
15.773000
15.858999
15.822001
15.880001
15.775000
16.018000
15.950001
15.753000
15.450000
15.611000
15.449000
15.737000
15.664000
15.605000
15.666000
15.648001
15.696000
15.753999
15.625000
15.679000
15.715000
15.448000
15.733999
15.639000
15.649000
15.738000
15.461000
15.590000
15.789000
15.842000
15.597000
15.753000
15.796999
15.435000
15.695000
15.603000
15.643001
15.819000
15.613999
15.744001
15.680000
15.640000
15.745000
15.448000
15.675000
15.773000
15.935000
15.768000
15.876000
15.687000
