1.020000
1.062999
1.038999
1.014000
1.016000
1.015000
1.016000
1.012000
1.017000
1.015000
1.016000
1.014000
1.018001
1.017000
1.018000
1.015000
1.018001
1.042000
1.018000
1.017001
1.017000
1.020000
1.019000
1.016000
1.015999
1.017000
1.013000
1.013000
1.014000
1.014000
1.016000
1.030000
0.999000
1.008000
1.013000
1.038000
1.015000
1.016000
1.016000
1.013000
1.055000
1.017000
1.015000
1.013000
1.020000
1.044000
1.044000
0.999000
1.044000
1.013000
1.009000
1.014000
0.997000
1.047000
1.015000
1.013000
1.017001
1.013000
1.017000
1.011999
1.014000
1.013000
1.015000
0.994001
1.017001
1.013000
1.015000
1.017001
1.015000
1.013000
1.016000
1.013000
1.017000
1.015000
1.326000
1.013000
1.013000
1.013000
1.017001
1.016000
1.015000
1.007000
1.015999
1.008000
1.013000
1.012000
1.015999
1.014000
0.996999
1.013000
1.015999
1.210000
1.015000
0.995000
0.995001
1.015000
1.014000
1.013000
1.015000
1.014001
1.014000
1.010000
1.017000
1.014000
1.007000
1.010999
1.015000
1.013000
1.014000
1.014000
1.015000
0.995000
1.015000
1.013000
1.015999
1.013000
1.014000
1.011000
1.008000
1.014000
1.014000
1.011000
1.188001
1.013000
1.014000
1.011000
1.014000
1.007000
1.014000
1.011000
1.016000
1.014000
1.014000
1.013000
1.189000
1.014000
1.014000
1.010000
1.015000
1.014001
1.015000
1.013000
0.994001
1.096999
0.994000
1.035000
1.015999
1.045000
1.013000
1.011000
1.017000
1.015000
1.014000
1.013000
1.044000
1.012000
1.015000
1.012000
1.176001
0.994000
1.016000
1.011999
1.015000
1.011999
1.015000
1.011999
1.015000
1.012000
1.015000
1.015000
1.015999
1.014000
1.015000
1.011999
1.011000
1.184000
1.015999
1.018001
1.008000
1.013000
1.015000
1.016000
1.018000
1.013000
1.015000
1.014000
1.008000
1.013000
1.015000
1.014000
0.998000
1.012000
1.018000
0.995000
1.078000
1.018000
1.013000
1.013000
1.018000
0.994000
1.014999
1.013000
1.014000
1.014000
1.019000
1.015000
1.018000
1.017000
1.015000
1.019000
1.016000
1.016000
1.014999
1.015999
1.014999
1.044000
1.167000
1.013000
1.015000
1.009000
1.013000
1.169001
0.995000
1.014000
1.006000
1.013000
1.015000
1.013000
1.165001
0.995000
1.015000
1.165000
1.013000
1.014000
1.010000
1.038000
0.995000
1.017001
1.007999
1.014000
0.995000
1.014000
1.009000
1.014000
0.995000
1.072000
1.011000
0.996000
0.994001
0.995000
0.994000
0.995000
0.995000
0.995000
1.044000
1.028000
1.007999
0.995000
0.995000
1.045000
1.015000
1.014000
1.016000
1.185000
1.013000
1.008000
0.995000
0.994000
0.994000
1.014000
1.018000
1.014000
1.014000
1.011000
1.016000
1.012000
0.995000
1.007000
0.994000
1.008000
0.994001
1.015000
0.994001
1.013000
1.014000
1.014000
1.016000
1.013000
1.013000
1.012000
1.015000
1.013000
1.013000
1.012000
1.015000
1.013000
1.018000
1.014000
1.017000
1.008000
1.007000
0.994000
1.014001
1.013000
1.013000
1.012000
1.014000
1.014001
1.013000
1.170000
0.994000
1.013000
1.014001
1.013000
0.995000
1.013000
1.013000
1.011999
1.016000
1.013000
1.013000
1.013000
1.015000
1.006001
0.994000
0.994000
1.020000
1.007000
0.995000
1.013000
1.014000
0.994000
1.014000
0.994001
0.998000
0.994001
1.012000
1.013000
0.994000
1.013000
1.013000
1.013000
1.186000
1.013000
0.995000
0.994000
1.014000
1.019000
1.015000
1.015000
1.015000
1.013000
1.014000
1.019000
1.018000
1.013000
1.014000
1.186999
1.017000
1.013000
1.014000
0.994001
1.018001
1.018000
1.169000
0.996000
1.017001
1.182000
1.014001
1.014000
1.017000
1.184000
1.014000
1.019000
1.015000
1.014000
1.015000
1.015000
1.166000
1.005000
1.015000
0.994000
1.014000
1.014001
1.015000
1.010001
1.015000
1.014999
1.010000
1.015000
1.017000
1.013000
0.995000
1.011000
1.014000
1.018000
1.018999
1.015000
1.021000
1.018000
1.016000
1.014000
1.015000
1.013000
1.015000
1.011000
0.994001
1.011999
1.014000
0.994000
1.013000
0.994000
1.014000
1.013000
1.166000
0.995000
1.015000
1.014001
1.015000
1.023000
1.014000
1.014000
1.014000
1.015000
1.015000
1.012000
1.015999
1.015000
1.015000
1.014000
1.018000
1.014000
0.995000
1.013000
1.187000
0.996000
0.995000
1.014000
1.014000
1.177000
1.014000
1.004000
1.013000
1.014000
1.018000
1.012000
1.010000
1.190000
1.015000
1.014001
1.023000
1.045000
1.014000
1.017001
1.017000
1.037000
1.013000
0.996000
1.016000
1.016000
1.188000
1.009000
1.016000
1.182999
0.995999
1.015000
1.170000
0.995000
1.185000
0.995000
0.995000
1.005000
0.995001
1.007000
0.995000
1.007000
1.007000
1.016000
1.014000
1.013000
1.013000
1.014000
1.011000
0.995000
1.013000
1.015999
1.042000
1.013000
1.014000
1.015000
1.017001
1.013000
1.014000
1.018000
1.015999
1.005000
1.182000
1.015999
1.014001
1.006001
1.014001
1.089000
1.014001
1.015000
1.015000
1.013000
1.047000
0.995000
1.015999
1.007000
0.994000
0.995000
0.994000
0.995000
0.994000
1.013000
1.008000
1.011000
1.015000
1.015999
0.995000
1.013000
1.015000
1.014000
1.014000
1.016000
1.014001
0.995000
1.014000
1.011999
1.014000
1.012000
1.018000
1.014000
1.008000
1.015000
0.994001
0.999000
0.997000
0.995000
0.994000
0.994000
0.995999
0.996000
0.994001
1.011000
1.015000
1.004000
1.015000
1.012000
1.015000
0.995001
1.059000
1.014000
1.015000
1.014000
1.015000
1.006000
1.015000
1.013000
1.013000
0.995000
1.008000
1.181000
1.014000
1.014000
1.015000
1.190000
1.013000
1.036000
1.015000
1.016000
1.015000
1.013000
1.600000
1.015000
1.065000
1.014000
1.007000
0.996000
1.013000
0.995000
1.014000
1.014000
1.015000
1.045001
1.014000
1.009000
1.013000
1.015000
1.044000
1.015999
1.014001
0.995001
1.014000
1.016000
1.008000
1.016000
1.007000
1.015000
1.013000
1.017000
0.994001
1.057001
1.012000
1.017000
1.013000
1.015000
0.994000
1.017000
1.016000
0.995001
1.019000
1.045000
1.014000
1.015000
1.013000
1.020000
1.013000
1.015000
1.018000
1.018000
1.014000
1.036000
1.005000
1.018000
1.008000
1.015000
1.013000
1.017001
0.995000
0.997000
0.995000
1.017000
1.009000
1.009000
1.015999
1.016000
1.014000
1.016000
1.012000
1.018001
1.006000
1.015000
1.011999
1.017001
1.012000
1.016000
1.013000
1.017001
1.013000
1.015000
1.012000
1.017000
1.013000
1.078000
0.996000
0.997000
1.007000
1.010000
0.995001
0.996000
1.014000
1.017000
1.013000
1.016000
0.995000
1.017000
1.038000
1.015999
1.014001
1.016000
0.995000
1.017001
1.014000
1.050000
1.011999
1.017001
1.014000
1.018000
1.013000
1.017001
1.014000
1.016000
1.013000
0.998000
1.015000
1.017001
0.995000
1.017000
1.014001
0.996000
1.013000
0.996000
1.014000
1.015999
0.995000
0.997000
1.014000
0.996999
0.996000
1.017001
1.018001
1.017001
0.996000
0.996000
1.046999
1.015999
1.014000
0.996000
1.013000
1.016000
1.007000
1.044000
0.994000
1.016000
0.994000
1.016000
0.995000
1.016000
0.995000
1.016000
0.995000
1.016000
0.995000
1.015000
0.995000
0.995001
0.995000
0.995000
0.994000
0.996000
1.013000
1.016000
1.013000
1.016000
1.014000
1.015000
0.994000
1.016000
1.013000
1.015000
1.006001
0.995001
0.995000
0.995000
1.006001
1.009000
0.994000
1.045000
0.995000
0.996000
0.996000
1.009000
0.995000
1.011000
0.999000
1.018000
1.017000
0.995999
1.007999
0.995000
0.995000
1.011000
1.006000
0.996000
0.995000
0.996000
0.995000
1.018000
1.009000
0.996000
1.017001
1.009000
1.007999
0.996000
1.021000
0.996999
0.996000
1.017000
1.013000
1.017001
0.995000
0.996000
0.995000
0.995999
1.020000
0.995000
1.029000
1.017000
1.015000
1.017001
1.017000
0.996999
1.016000
1.016000
0.995000
1.009000
0.996000
1.017001
1.013000
1.017001
1.018000
1.017000
0.995000
1.019000
0.995001
1.017001
1.027000
1.015000
1.013000
1.015999
1.014001
1.015000
1.013000
1.016000
1.014000
1.015000
0.996000
0.995001
0.994000
1.015000
1.015000
1.008000
1.019000
1.015000
1.013000
1.009000
1.014000
1.017001
1.012000
1.016000
1.013000
1.024000
1.014000
1.020000
1.009000
1.016000
1.013000
1.192001
1.008000
1.015999
1.013000
1.020000
0.994001
0.995000
1.178000
1.192000
1.013000
0.996000
1.007999
1.009000
1.014000
1.015000
1.045000
1.016000
1.014000
0.994000
0.994001
1.015999
0.995000
1.012000
0.995000
1.017000
1.013000
1.017001
1.014000
0.996000
1.006000
1.193000
1.015000
1.017000
1.013000
1.017000
1.014000
0.997000
1.007000
1.022000
1.014001
1.017000
1.013000
1.015000
1.015000
1.019000
1.011999
1.019999
1.015000
1.017000
1.013000
1.017000
1.015000
1.024000
1.016000
0.999000
1.014000
1.018000
1.013000
1.017000
1.015000
1.019000
1.014000
1.019000
0.995000
1.012000
1.015000
1.017001
1.014000
1.023000
1.014000
1.018999
1.014000
1.017000
1.189000
0.995999
1.013000
1.015999
1.044000
1.017001
1.013000
1.016000
1.013000
1.017000
1.013000
1.016000
1.013000
1.015000
1.013000
1.015000
1.013000
1.017000
0.994000
1.016000
1.012000
1.017001
1.013000
1.016000
1.012000
1.019000
1.005000
0.996000
0.994000
1.010000
1.005000
0.996000
1.012000
1.017000
1.013000
1.015999
1.013000
1.016000
1.013000
1.015000
1.013000
1.017001
1.013000
1.015000
1.013000
1.017001
1.186000
1.015000
1.013000
1.010000
1.018000
1.019999
1.014000
1.010001
1.185000
1.015000
1.013000
1.013000
1.017000
1.015000
1.166000
1.015000
1.014000
1.016000
1.015000
1.015000
1.017000
1.017001
1.013000
1.015000
1.311000
1.015999
1.013000
1.015000
1.014000
1.016000
1.040000
1.015000
1.011999
1.015999
1.014000
0.995000
1.015000
1.015000
1.018001
1.022000
1.014000
0.995001
