16.480000
8.500000
6.600000
6.340000
6.220000
6.260000
6.360000
6.140000
6.180000
6.160000
6.220000
6.200000
6.160000
6.340000
6.200000
6.320000
6.200000
6.300000
6.160000
6.180000
6.200000
6.180000
6.160000
6.180000
6.160000
6.340000
6.180000
6.360000
6.200000
6.380000
6.180000
6.220000
6.460000
6.160000
6.260000
6.180000
6.180000
6.200000
6.280000
6.200000
6.180000
6.200000
6.200000
6.440000
6.180000
6.280000
6.200000
6.180000
6.200000
6.180000
6.240000
6.160000
6.180000
6.280000
6.960000
6.320000
6.180000
6.180000
6.400000
6.220000
6.300000
6.240000
6.180000
6.320000
6.200000
6.200000
6.140000
6.340000
6.240000
6.380000
6.180000
6.240000
6.200000
6.340000
6.220000
6.180000
6.160000
6.180000
6.160000
6.240000
6.180000
6.400000
6.320000
6.300000
6.180000
6.220000
6.380000
6.180000
6.340000
6.160000
6.180000
6.220000
6.320000
6.180000
6.180000
6.160000
6.380000
6.340000
6.180000
6.180000
6.280000
6.160000
6.180000
6.360000
6.260000
6.180000
6.320000
6.200000
6.220000
6.180000
6.180000
6.240000
6.180000
6.180000
6.180000
6.240000
6.300000
6.200000
6.180000
6.160000
6.160000
6.360000
6.340000
6.180000
6.360000
6.200000
6.260000
6.320000
6.180000
6.180000
6.220000
6.380000
6.200000
6.320000
6.140000
6.220000
6.200000
6.400000
6.180000
6.180000
6.160000
6.260000
6.280000
6.180000
6.320000
6.160000
6.240000
6.200000
6.160000
6.340000
6.240000
6.180000
6.320000
6.220000
6.380000
6.180000
6.200000
6.380000
6.300000
6.180000
6.320000
6.220000
6.220000
6.300000
6.380000
6.320000
6.160000
6.180000
6.180000
6.180000
6.180000
6.180000
6.160000
6.220000
6.320000
6.340000
6.320000
6.240000
6.260000
6.180000
6.180000
6.160000
6.180000
6.300000
6.200000
6.380000
6.160000
6.200000
6.360000
6.180000
6.220000
6.520000
6.240000
6.180000
6.400000
6.160000
6.180000
6.140000
6.340000
6.180000
6.140000
6.180000
6.300000
6.180000
6.160000
6.160000
6.360000
6.360000
6.400000
6.180000
6.160000
6.200000
6.200000
6.200000
6.380000
6.180000
6.360000
6.680000
6.460000
6.360000
6.280000
6.260000
6.340000
6.180000
6.160000
6.280000
6.220000
6.320000
6.180000
6.320000
6.200000
6.320000
6.280000
6.200000
6.300000
6.180000
6.160000
6.200000
6.320000
6.320000
6.200000
6.200000
6.160000
6.160000
6.240000
6.160000
6.240000
6.320000
6.180000
6.220000
6.160000
6.220000
6.200000
6.200000
6.180000
6.400000
6.320000
6.200000
6.400000
6.380000
6.320000
6.360000
6.200000
6.360000
6.220000
6.300000
6.180000
6.200000
6.160000
6.180000
6.220000
6.340000
6.260000
6.200000
6.340000
6.180000
6.280000
6.300000
6.180000
6.180000
6.200000
6.200000
6.220000
6.180000
6.180000
6.200000
6.200000
6.340000
6.200000
6.380000
6.200000
6.280000
6.200000
6.340000
6.320000
6.340000
6.340000
6.160000
6.200000
6.200000
6.380000
6.360000
6.220000
6.200000
6.160000
6.400000
6.180000
6.180000
6.400000
6.180000
6.380000
6.340000
6.180000
6.160000
6.200000
6.360000
6.320000
6.380000
6.400000
6.180000
6.180000
6.260000
6.280000
6.300000
6.180000
6.240000
6.180000
6.160000
6.200000
6.340000
6.180000
6.320000
6.200000
6.380000
6.220000
6.300000
6.200000
6.160000
6.180000
6.220000
6.180000
6.380000
6.200000
6.200000
6.220000
6.220000
6.360000
6.240000
6.180000
6.280000
6.180000
6.360000
6.160000
6.180000
6.280000
6.180000
6.180000
6.360000
6.300000
6.180000
6.180000
6.160000
6.180000
6.160000
6.180000
6.160000
6.200000
6.200000
6.160000
6.160000
6.280000
6.200000
6.260000
6.180000
6.480000
6.160000
6.160000
6.180000
6.240000
6.260000
6.160000
6.300000
6.160000
6.220000
6.220000
6.200000
6.180000
6.200000
6.300000
6.180000
6.180000
6.340000
6.360000
6.160000
6.400000
6.180000
6.280000
6.160000
6.320000
6.240000
6.160000
6.380000
6.160000
6.160000
6.220000
6.180000
6.160000
6.200000
6.180000
6.180000
6.320000
6.320000
6.160000
6.280000
6.200000
6.280000
6.220000
6.320000
6.380000
6.360000
6.140000
6.340000
6.220000
6.360000
6.200000
6.180000
6.320000
6.400000
6.180000
6.180000
6.180000
6.400000
6.340000
6.160000
6.160000
6.220000
6.320000
6.200000
6.320000
6.360000
6.180000
6.340000
6.380000
6.300000
6.180000
6.160000
6.340000
6.240000
6.340000
6.340000
6.180000
6.340000
6.180000
6.360000
6.200000
6.340000
6.340000
6.340000
6.260000
6.200000
6.200000
6.200000
6.280000
6.160000
6.180000
6.380000
6.280000
6.340000
6.280000
6.180000
6.160000
6.220000
6.340000
6.200000
6.180000
6.220000
6.180000
6.200000
6.380000
6.200000
6.320000
6.560000
6.280000
6.180000
6.340000
6.160000
6.200000
6.180000
6.380000
6.220000
6.200000
6.200000
6.340000
6.280000
6.280000
6.300000
6.180000
6.180000
6.380000
6.200000
6.200000
6.180000
6.180000
6.200000
6.160000
6.160000
6.240000
6.240000
6.180000
6.180000
6.320000
6.340000
6.220000
6.180000
6.180000
6.320000
6.220000
6.260000
6.180000
6.200000
6.360000
6.180000
6.380000
6.200000
6.180000
6.220000
6.340000
6.160000
6.200000
6.260000
6.180000
6.200000
6.200000
6.260000
6.160000
6.160000
6.200000
6.160000
6.380000
6.180000
6.140000
6.340000
6.300000
6.220000
6.200000
6.280000
6.300000
6.200000
6.220000
6.180000
6.180000
6.180000
6.180000
6.200000
6.200000
6.180000
6.180000
6.180000
6.380000
6.200000
6.180000
6.180000
6.180000
6.180000
6.220000
6.160000
6.300000
6.220000
6.200000
6.200000
6.180000
6.180000
6.200000
6.280000
6.200000
6.200000
6.160000
6.180000
6.300000
6.360000
6.180000
6.380000
6.160000
6.260000
6.180000
6.180000
6.320000
6.300000
6.160000
6.220000
6.300000
6.200000
6.200000
6.180000
6.200000
6.220000
6.180000
6.340000
6.160000
6.200000
6.320000
6.140000
6.260000
6.160000
6.160000
6.180000
6.160000
6.200000
6.180000
6.180000
6.200000
6.300000
6.180000
6.360000
6.380000
6.340000
6.160000
6.160000
6.260000
6.220000
6.220000
6.220000
6.200000
6.320000
6.140000
6.180000
6.200000
6.180000
6.180000
6.180000
6.220000
6.180000
6.300000
6.180000
6.340000
6.200000
6.180000
6.180000
6.200000
6.200000
6.160000
6.160000
6.160000
6.200000
6.200000
6.340000
6.180000
6.180000
6.400000
6.280000
6.220000
6.200000
6.180000
6.260000
6.200000
6.180000
6.360000
6.180000
6.200000
6.340000
6.180000
6.160000
6.180000
6.360000
6.180000
6.360000
6.160000
6.180000
6.160000
6.220000
6.300000
6.340000
6.160000
6.180000
6.340000
6.180000
6.200000
6.180000
6.200000
6.180000
6.220000
6.180000
6.200000
6.340000
6.200000
6.240000
6.360000
6.180000
6.180000
6.400000
6.200000
6.380000
6.220000
6.280000
6.340000
6.180000
6.200000
6.360000
6.200000
6.160000
6.200000
6.380000
6.200000
6.200000
6.340000
6.340000
6.360000
6.360000
6.160000
6.320000
6.240000
6.320000
6.300000
6.180000
6.380000
6.220000
6.160000
6.180000
6.200000
6.300000
6.180000
29.780000
6.200000
6.240000
6.200000
6.180000
6.160000
6.340000
6.220000
6.160000
6.180000
6.180000
6.340000
6.380000
6.380000
6.180000
6.180000
6.280000
6.320000
6.220000
6.300000
6.260000
6.260000
6.140000
6.180000
6.160000
6.160000
6.320000
6.260000
6.240000
6.200000
6.260000
6.180000
6.220000
6.280000
6.180000
6.200000
6.380000
6.160000
6.320000
6.320000
6.180000
6.360000
6.180000
6.220000
6.200000
6.340000
6.220000
6.280000
6.200000
6.240000
6.240000
6.260000
6.160000
6.360000
6.200000
6.180000
6.160000
6.280000
6.200000
6.380000
6.200000
6.180000
6.180000
6.300000
6.240000
6.200000
6.380000
6.300000
6.200000
6.260000
6.160000
6.180000
6.320000
6.260000
6.340000
6.340000
6.180000
6.200000
6.180000
6.320000
6.200000
6.180000
6.220000
6.380000
6.180000
6.400000
6.360000
6.160000
6.220000
6.240000
6.200000
6.160000
6.180000
6.200000
6.380000
6.240000
6.180000
6.180000
6.200000
6.180000
6.180000
6.180000
6.180000
6.200000
6.180000
6.360000
6.160000
6.160000
6.400000
6.220000
6.200000
6.320000
6.300000
6.200000
6.200000
6.200000
6.180000
6.300000
6.200000
6.360000
6.380000
6.220000
6.220000
6.200000
6.180000
6.180000
6.280000
6.200000
6.360000
6.180000
6.320000
6.200000
6.260000
6.160000
6.320000
6.180000
6.200000
6.320000
6.200000
6.200000
6.160000
6.220000
6.380000
6.180000
6.160000
6.360000
6.260000
6.280000
6.220000
6.180000
6.380000
6.180000
6.180000
6.200000
6.180000
6.160000
6.180000
6.180000
6.180000
6.360000
6.180000
6.340000
6.160000
6.180000
6.180000
6.160000
6.200000
6.220000
6.360000
6.380000
6.300000
6.180000
6.180000
6.180000
6.200000
6.200000
6.180000
6.160000
6.160000
6.360000
6.360000
6.160000
6.200000
6.220000
6.240000
6.340000
6.180000
6.160000
6.200000
6.280000
6.160000
6.260000
6.220000
6.220000
6.200000
6.240000
6.320000
6.400000
6.160000
6.300000
6.360000
6.320000
6.180000
6.220000
6.200000
6.180000
6.240000
6.320000
6.160000
6.180000
6.160000
6.280000
6.200000
6.320000
6.320000
6.200000
6.420000
6.180000
6.160000
6.240000
6.180000
6.180000
6.180000
6.180000
6.160000
6.220000
6.180000
6.200000
6.200000
6.220000
6.240000
6.180000
6.320000
6.180000
6.200000
6.360000
6.180000
6.140000
6.180000
6.320000
6.340000
6.380000
6.380000
6.360000
6.240000
6.340000
6.200000
6.180000
6.200000
6.360000
6.160000
6.200000
6.180000
6.220000
6.340000
6.260000
6.160000
6.220000
6.180000
6.180000
6.300000
6.180000
6.360000
6.180000
6.180000
6.340000
6.300000
6.320000
6.280000
6.200000
6.180000
6.160000
6.200000
6.280000
6.160000
6.180000
6.200000
6.300000
6.220000
