19.632000
19.190002
19.183997
19.194998
19.255999
19.207001
19.188002
19.175999
19.037999
19.160002
19.179001
19.191999
19.209001
19.189999
19.200001
18.978000
19.161999
19.198000
19.143000
19.154001
19.161999
19.189000
19.164000
19.383002
19.168001
19.037001
19.041002
18.860999
18.827002
18.831000
19.021001
18.850002
19.014001
18.837001
19.023001
18.840998
18.859997
19.014001
18.998999
18.991999
18.987000
18.968001
18.975001
18.823002
19.007999
18.796001
18.966999
18.987000
19.002002
18.962998
19.126002
18.916000
19.122001
19.256998
18.997002
18.986002
18.974997
18.842001
18.993001
18.996000
19.047000
18.987000
19.016001
18.808000
18.851001
19.033000
18.989999
18.814001
18.987998
18.796999
18.982999
19.236002
19.014001
18.847000
18.844999
18.996000
18.854000
18.982001
19.011002
18.846001
18.985003
18.826000
19.000001
18.815000
18.982999
18.810000
19.033000
18.975999
18.991999
19.030999
19.033998
19.113000
19.017000
18.819999
19.028999
18.859997
18.989999
19.011002
18.902000
18.847998
18.868003
18.833999
19.021999
19.037999
19.019999
18.824998
18.840000
18.816002
18.816002
18.830001
18.978000
19.014999
19.001003
19.040000
18.872000
18.869001
18.973000
19.035000
18.978998
19.017000
19.203998
19.319002
19.198000
19.040000
18.867001
19.035000
19.773003
19.018002
18.897999
19.035999
18.994000
19.056000
19.050002
19.081000
18.892001
18.892001
18.909000
19.024998
18.970001
18.854000
18.937998
18.821999
19.074000
19.183997
19.641999
20.723000
21.511003
20.590998
19.724999
20.002000
20.055998
19.732997
20.943999
20.466000
19.696999
19.636001
19.523002
19.430000
19.301999
19.351002
19.301999
19.381002
19.305997
19.327000
19.125003
19.304998
19.327000
19.368000
18.989999
19.005001
19.193999
19.006997
19.009002
18.987998
19.031998
19.001000
18.998001
18.991001
19.008998
19.001998
18.987000
19.012000
18.997002
19.145999
18.975001
18.978998
19.028999
18.980000
18.994998
19.016001
19.046001
18.981997
19.028001
18.975001
18.982999
18.988002
19.007999
19.027002
18.975001
18.978003
18.978000
18.996000
19.059002
19.009002
18.980999
18.980000
18.966999
18.988997
18.997002
18.994000
19.016001
19.033998
19.002002
19.095000
19.040000
24.781998
19.278001
18.987998
19.334998
19.152999
19.175999
19.032001
19.127000
19.134000
19.138001
19.106001
19.087996
19.131999
19.146003
19.040000
19.109998
19.042000
19.340001
19.044999
19.081999
19.126002
19.201998
19.044999
19.126002
19.116998
19.068997
19.095000
19.098002
19.090999
19.126002
19.086998
19.104999
19.081000
19.078001
19.090001
19.159000
19.020002
19.261003
19.081999
19.021999
19.056000
19.069001
19.131001
19.106001
19.182000
19.088000
19.072000
19.155998
19.049000
19.384000
19.125998
19.411001
19.299999
19.053001
19.156002
19.212000
19.242998
19.017000
19.161999
19.033998
19.149002
19.203000
19.024000
18.978000
19.161999
18.991999
19.001998
19.055001
19.174002
19.054998
19.055001
19.042000
19.051999
19.079998
19.087002
19.060001
19.048002
19.054003
18.994000
19.023001
19.017998
19.093998
19.074000
19.083999
19.075003
19.042000
19.069999
19.164000
19.023001
19.087002
19.203998
19.200999
19.243002
19.207999
19.164000
19.243997
19.216001
24.909001
19.148000
19.036002
19.246999
19.062001
18.890999
19.033998
19.050002
19.056998
19.053999
19.037999
19.213002
19.074000
19.176997
19.089002
19.258000
19.147001
19.219000
19.201003
19.207001
19.005999
19.203998
19.018002
19.262999
19.212000
18.978000
19.095000
19.039001
19.065000
19.096997
19.061998
19.048002
19.090999
18.855002
19.040000
18.828001
18.987000
18.803000
18.975001
19.032001
19.281998
19.017998
19.297998
18.824000
19.060001
18.794000
18.985000
18.801000
18.980000
19.189000
19.333001
19.012000
18.998001
19.018002
19.003998
18.967003
18.975999
19.000001
19.001998
19.005001
19.130003
19.014001
18.992998
18.979002
18.840000
18.987000
19.011002
18.994998
18.980000
19.003000
18.805999
19.080002
18.982001
18.983997
18.994000
19.009002
19.004002
19.014999
18.981002
19.002002
18.995002
18.986002
18.862002
19.024998
19.028001
19.001000
18.861998
18.966999
18.992998
18.980000
18.980000
18.835999
18.986002
18.993001
18.984001
18.993001
19.023001
24.468999
19.060001
19.201003
19.134000
19.017998
19.145001
18.996999
19.021001
18.967003
19.006003
19.137997
18.976003
19.168001
18.989000
18.998999
19.000001
19.074999
18.994000
19.028999
18.996000
18.982999
18.984001
18.807001
19.009002
18.968001
19.013003
19.044999
19.128002
19.006997
18.964998
18.888000
19.019000
18.996000
18.996000
19.039001
19.173998
19.205000
19.197002
19.168001
19.053999
18.874001
19.370999
19.104999
19.198000
19.241001
19.241001
19.189000
19.237999
19.018002
19.265998
18.890001
19.322000
18.927000
19.049998
19.060999
19.088998
18.985003
19.242000
19.080002
19.075003
19.107997
18.867999
19.035000
19.067001
19.046001
19.037999
18.826000
19.009002
19.044999
19.262999
19.190002
19.271001
20.197000
19.482002
19.275997
19.800000
19.673999
19.148003
19.378003
19.205000
19.524001
19.295000
19.086000
19.529000
19.184001
19.607998
19.210998
18.989999
19.118000
19.095000
19.204002
19.377999
19.197002
19.120000
18.997002
19.021001
18.994000
19.262001
19.060999
19.346002
18.898997
19.108001
18.867999
18.861003
18.809002
19.047000
18.890999
18.844999
18.987000
18.819001
18.984001
18.959001
18.810000
18.955000
18.991001
18.867999
19.001000
18.971998
19.078001
18.939000
18.826000
18.998001
19.056000
19.016001
18.789999
18.812001
18.997002
18.872000
18.821001
19.111000
19.159999
19.040998
18.987998
19.164000
18.973999
19.134998
18.974002
18.998999
19.191999
19.009002
19.168001
18.962000
19.053999
19.001000
19.007999
19.489001
19.430000
19.486003
19.051000
19.259002
19.104000
19.196000
19.244000
19.272000
18.996000
19.219998
19.019999
19.221000
19.000001
19.168999
19.091003
19.279998
19.007001
19.216001
19.196000
18.995002
19.207001
19.256998
19.226000
19.196998
19.067999
19.179001
19.008998
19.180000
19.046001
19.253001
19.256998
19.146003
19.198999
19.424997
19.226000
19.216999
19.561000
19.322999
19.343000
19.653000
19.492000
19.699998
19.670002
19.498002
19.452997
19.319002
19.329999
19.462999
19.183002
19.180000
19.148998
19.221000
19.136000
19.242000
19.176997
19.206002
19.148000
19.212998
19.131999
19.148000
19.141000
19.145999
19.115001
19.131001
19.322000
19.192997
19.129999
19.210000
19.127000
19.156002
19.162998
19.159000
19.211002
19.278001
19.152001
19.136999
19.284997
19.145001
19.304000
19.211002
19.106001
19.092999
19.113000
19.268002
19.142002
19.102000
19.129999
19.120999
19.140001
19.107997
19.131001
19.207001
19.269001
19.325003
19.127000
25.012001
19.223999
18.975001
19.171998
19.490000
18.971000
19.072998
19.078001
19.324001
19.120000
19.198000
19.064002
19.082002
19.010000
19.080002
19.065998
19.012999
19.249000
18.980000
18.973000
19.031998
18.980000
19.016001
19.045003
19.025002
19.059002
19.009002
19.128002
19.019999
19.027002
18.991001
19.017000
18.968001
19.020002
18.798001
18.978998
18.979002
19.003000
19.150000
19.016001
19.067001
19.000001
19.021999
18.989000
19.134998
18.983997
19.030999
18.973000
19.005001
19.367002
19.304998
19.145999
19.105002
19.159000
19.208003
19.258998
19.060001
19.051999
19.149002
19.030001
19.053999
19.040998
18.902000
19.118000
18.900998
19.138001
19.067001
19.056000
19.082002
18.997002
19.379999
18.888000
19.224998
18.926997
19.086998
19.069001
19.095000
19.161999
19.068997
19.112002
19.065998
19.083999
19.092999
18.877000
18.991999
18.978000
18.989000
18.842999
19.002002
18.846001
19.043997
19.024003
19.012000
18.888999
19.451004
19.333001
19.259002
19.871000
19.118000
19.621000
19.251999
18.890999
19.600999
19.022003
19.018002
19.058000
19.042999
19.182000
19.017000
19.018002
19.017998
19.035000
19.024000
19.012000
18.835999
19.053001
19.019999
18.832002
18.987998
18.824998
18.990003
19.019999
18.810999
19.003998
18.809002
19.020002
18.870000
19.030999
18.831003
19.007999
19.019000
18.811002
18.998001
18.807001
18.990003
18.964000
18.804003
18.993001
18.994000
18.821001
18.843003
19.035000
18.840998
18.829003
19.058000
19.362997
19.464001
19.049000
19.068997
19.088998
18.906999
19.094002
19.088998
19.274998
19.084003
19.065998
19.013997
18.886000
19.074000
19.079000
19.135002
19.045003
18.980000
19.032001
18.876001
19.051999
19.061003
19.069001
18.929001
19.050002
18.864997
19.060001
19.103996
18.886000
19.020002
18.986002
19.098002
19.058999
18.888999
19.056000
18.888999
18.922001
18.909000
18.947002
18.943999
19.284002
18.890999
18.902998
18.936999
19.276999
18.895000
19.042000
18.863000
18.865000
19.219000
18.840998
19.454002
19.007999
19.027997
19.008998
18.824998
18.982001
18.984001
19.005999
18.821001
18.998001
18.820003
19.017003
19.107003
19.446999
18.863998
19.154001
19.102003
18.812001
19.088000
18.875998
19.107997
19.021999
19.043002
19.044001
19.079000
18.874999
19.030001
19.175000
18.858001
19.047003
19.024998
19.140001
19.168999
18.998999
18.894002
18.901002
19.136000
19.106001
18.902000
19.017998
19.079000
19.026998
19.109998
19.003000
19.127999
19.164998
19.391999
18.941998
19.086000
19.020002
18.887997
18.981997
18.843003
19.065000
18.821001
19.260000
18.869001
18.989999
18.849000
19.047000
18.824998
19.094002
18.836997
19.024998
18.816002
19.145001
19.042000
19.177001
19.136999
19.203000
19.181997
19.125998
19.127999
19.106001
19.116998
19.136000
19.207999
19.193001
19.195002
19.138999
19.154999
19.177999
19.138999
19.157000
19.215997
19.229002
19.201003
19.174002
19.244000
19.264001
19.184999
19.499999
19.132998
19.198999
25.835000
19.086998
19.063000
18.858001
19.306999
18.894002
19.167997
19.028001
19.219998
19.184001
19.088000
19.056000
19.073997
19.118000
19.256998
19.088998
19.401997
19.066002
19.145999
19.027002
19.056000
19.051000
19.289002
19.227002
19.347999
19.361001
19.285001
19.255999
19.249000
19.350000
19.147001
19.083999
19.064002
19.062001
19.395001
19.100003
19.172002
19.092001
19.060999
18.858001
19.013003
19.157000
18.887002
18.858999
19.040998
19.017000
19.051000
18.964000
19.142002
19.368999
19.359000
19.168001
19.173000
19.163001
19.026000
19.173998
19.155998
19.185998
19.177001
19.189999
