1.038000
1.043000
1.049000
1.042000
1.029000
1.029000
1.030000
1.026000
1.046000
1.049000
1.058000
1.055000
1.055000
1.044000
1.052000
1.053000
1.036000
1.060000
1.034000
1.032000
1.039000
1.011000
1.050000
1.057000
1.035000
1.049000
1.046000
1.046000
1.061000
1.012000
1.050000
1.046000
1.057000
1.051000
1.048000
1.012000
1.052000
1.039000
1.038000
1.053000
1.037000
1.041000
1.049000
1.057000
1.012000
1.057000
1.047000
1.052000
1.030000
1.039000
1.055000
1.048000
1.039000
1.036000
1.052000
1.036000
1.049000
1.026000
1.043000
1.041000
1.055000
1.035000
1.042000
1.020000
1.051000
1.028000
1.040000
1.050000
1.047000
1.034000
1.039000
1.071000
1.050000
1.041000
1.046000
1.052000
1.045000
1.036000
1.043000
1.042000
1.044000
1.055000
1.019000
1.060000
1.059000
1.042000
1.010000
1.039000
1.037000
1.038000
1.047000
1.023000
1.035000
1.047000
1.056000
1.045000
1.053000
1.027000
1.030000
1.047000
1.027000
1.044000
1.051000
1.036000
1.033000
1.029000
1.050000
1.061000
1.063000
1.042000
1.035000
1.036000
1.053000
1.039000
1.034000
1.059000
1.011000
1.074000
1.053000
1.059000
1.051000
1.058000
1.040000
1.048000
1.017000
1.042000
1.048000
1.050000
1.049000
1.047000
1.030000
1.065000
1.024000
1.038000
1.046000
1.039000
1.032000
1.019000
1.054000
1.046000
1.048000
1.041000
1.012000
1.045000
1.022000
1.021000
1.032000
1.056000
1.057000
1.035000
1.074000
1.033000
1.041000
1.033000
1.025000
1.032000
1.026000
1.058000
1.031000
1.044000
1.032000
1.051000
1.029000
1.042000
1.054000
1.054000
1.035000
1.042000
1.050000
1.050000
1.029000
1.043000
1.045000
1.054000
1.062000
1.061000
1.036000
1.028000
1.034000
1.035000
1.044000
1.058000
1.041000
1.041000
1.057000
1.049000
1.046000
1.046000
1.069000
1.029000
1.051000
1.041000
1.040000
1.051000
1.024000
1.053000
1.040000
1.034000
1.055000
1.038000
1.063000
1.069000
1.053000
1.053000
1.027000
1.064000
1.046000
1.031000
1.047000
1.050000
1.053000
1.022000
1.051000
1.041000
1.056000
1.042000
1.035000
1.047000
1.048000
1.059000
1.028000
1.051000
1.038000
1.038000
1.026000
1.034000
1.040000
1.019000
1.045000
1.045000
1.063000
1.068000
1.055000
1.031000
1.047000
1.063000
1.052000
1.047000
1.027000
1.037000
1.045000
1.049000
1.050000
1.054000
1.048000
1.051000
1.045000
1.031000
1.047000
1.041000
1.062000
1.050000
1.038000
1.036000
1.070000
1.034000
1.065000
1.063000
1.034000
1.050000
1.044000
1.055000
1.039000
1.061000
1.062000
1.048000
1.073000
1.036000
1.053000
1.029000
1.060000
1.063000
1.052000
1.047000
1.047000
1.035000
1.048000
1.034000
1.065000
1.055000
1.038000
1.047000
1.074000
1.054000
1.034000
1.040000
1.031000
1.059000
1.028000
1.061000
1.046000
1.039000
1.077000
1.037000
1.040000
1.056000
1.045000
1.045000
1.059000
1.044000
1.039000
1.039000
1.050000
1.035000
1.063000
1.025000
1.015000
1.040000
1.038000
1.040000
1.041000
1.033000
1.042000
1.031000
1.041000
1.070000
1.045000
1.033000
1.045000
1.036000
1.044000
1.049000
1.031000
1.062000
1.063000
1.045000
1.034000
1.036000
1.053000
1.036000
1.055000
1.059000
1.018000
1.038000
1.045000
1.051000
1.062000
1.045000
1.027000
1.052000
1.050000
1.054000
1.043000
1.046000
1.056000
1.044000
1.045000
1.022000
1.031000
1.031000
1.052000
1.009000
1.052000
1.045000
1.033000
1.050000
1.047000
1.038000
1.046000
1.027000
1.009000
1.051000
1.046000
1.046000
1.033000
1.034000
1.035000
1.036000
1.033000
1.041000
1.060000
1.065000
1.066000
1.063000
1.064000
1.063000
1.029000
1.054000
1.040000
1.048000
1.024000
1.044000
1.053000
1.038000
1.064000
1.039000
1.051000
1.026000
1.051000
1.051000
1.006000
1.043000
1.050000
1.023000
1.052000
1.057000
1.064000
1.046000
1.043000
1.050000
1.042000
1.037000
1.038000
1.033000
1.058000
1.067000
1.054000
1.038000
1.031000
1.063000
1.053000
1.060000
1.051000
1.047000
1.044000
1.062000
1.042000
1.043000
1.068000
1.056000
1.046000
1.050000
1.024000
1.040000
1.056000
1.040000
1.057000
1.041000
1.066000
1.058000
1.049000
1.041000
1.013000
1.048000
1.028000
1.065000
1.042000
1.017000
1.026000
1.036000
1.043000
1.045000
1.064000
1.043000
1.056000
1.045000
1.048000
1.032000
1.049000
1.050000
1.037000
1.036000
1.040000
1.061000
1.044000
1.059000
1.057000
1.018000
1.031000
1.033000
1.037000
1.063000
1.064000
1.036000
1.056000
1.036000
1.053000
1.048000
1.051000
1.058000
1.050000
1.042000
1.032000
1.040000
1.055000
1.056000
1.031000
1.025000
1.052000
1.051000
1.060000
1.045000
1.039000
1.048000
1.042000
1.023000
1.052000
1.048000
1.049000
1.026000
1.040000
1.045000
1.047000
1.038000
1.040000
1.057000
1.034000
1.042000
1.034000
1.039000
1.032000
1.035000
1.051000
1.296000
1.034000
1.030000
1.033000
1.037000
1.046000
1.031000
1.037000
1.029000
1.023000
1.057000
1.033000
1.058000
1.037000
1.049000
1.038000
1.062000
1.041000
1.055000
1.033000
1.052000
1.045000
1.066000
1.054000
1.063000
1.044000
1.032000
1.040000
1.054000
1.043000
1.054000
1.027000
1.062000
1.054000
1.038000
1.038000
1.045000
1.054000
1.064000
1.042000
1.055000
1.050000
1.034000
1.064000
1.046000
1.052000
1.045000
1.061000
1.024000
1.047000
1.042000
1.045000
1.041000
1.037000
1.036000
1.054000
1.036000
1.049000
1.036000
1.027000
1.046000
1.055000
1.035000
1.051000
1.059000
1.046000
1.054000
1.039000
1.047000
1.045000
1.053000
1.048000
1.042000
1.047000
1.062000
1.035000
1.038000
1.057000
1.051000
1.035000
1.032000
1.063000
1.043000
1.032000
1.045000
1.059000
1.044000
1.021000
1.040000
1.055000
1.034000
1.048000
1.049000
1.058000
1.042000
1.042000
1.033000
1.052000
1.057000
1.036000
1.051000
1.047000
1.052000
1.043000
1.043000
1.047000
1.036000
1.055000
1.040000
1.029000
1.043000
1.046000
1.056000
1.049000
1.070000
1.042000
1.025000
1.040000
1.028000
1.031000
1.055000
1.060000
1.055000
1.041000
1.061000
1.053000
1.060000
1.043000
1.065000
1.026000
1.039000
1.047000
1.055000
1.036000
1.050000
1.040000
1.035000
1.053000
1.060000
1.030000
1.061000
1.064000
1.051000
1.043000
1.040000
1.050000
1.013000
1.038000
1.042000
1.043000
1.034000
1.037000
1.049000
1.029000
1.045000
1.046000
1.072000
1.042000
1.041000
1.067000
1.053000
1.024000
1.050000
1.036000
1.037000
1.073000
1.047000
1.058000
1.043000
1.045000
1.046000
1.034000
1.044000
1.038000
1.030000
1.038000
1.041000
1.057000
1.042000
1.057000
1.042000
1.030000
1.053000
1.057000
1.038000
1.046000
1.032000
1.014000
1.036000
1.054000
1.054000
1.054000
1.054000
1.046000
1.042000
1.065000
1.038000
1.042000
1.051000
1.062000
1.041000
1.045000
1.034000
1.010000
1.038000
1.030000
1.054000
1.054000
1.024000
1.052000
1.047000
1.059000
1.065000
1.057000
1.045000
1.057000
1.042000
1.003000
1.045000
1.059000
1.046000
1.057000
1.041000
1.080000
1.066000
1.055000
1.039000
1.037000
1.051000
1.039000
1.025000
1.023000
1.051000
1.036000
1.063000
1.038000
1.054000
1.055000
1.060000
1.036000
1.023000
1.026000
1.053000
1.041000
1.061000
1.050000
1.060000
1.040000
1.045000
1.044000
1.035000
1.010000
1.033000
1.042000
1.040000
1.042000
1.022000
1.056000
1.034000
1.032000
1.048000
1.066000
1.028000
1.043000
1.061000
1.054000
1.061000
1.064000
1.064000
1.058000
1.042000
1.054000
1.049000
1.066000
1.032000
1.042000
1.038000
1.061000
1.036000
1.040000
1.049000
1.059000
1.026000
1.052000
1.044000
1.040000
1.059000
1.046000
1.023000
1.054000
1.034000
1.048000
1.063000
1.035000
1.061000
1.070000
1.037000
1.045000
1.037000
1.045000
1.045000
1.035000
1.039000
1.029000
1.075000
1.035000
1.043000
1.051000
1.023000
1.037000
1.065000
1.045000
1.041000
1.040000
1.038000
1.039000
1.049000
1.035000
1.056000
1.070000
1.035000
1.047000
1.025000
1.044000
1.056000
1.041000
1.055000
1.065000
1.041000
1.037000
1.029000
1.014000
1.045000
1.033000
1.032000
1.041000
1.052000
1.032000
1.034000
1.051000
1.042000
1.034000
1.032000
1.048000
1.043000
1.039000
1.051000
1.029000
1.052000
1.049000
1.050000
1.074000
1.050000
1.041000
1.043000
1.040000
1.040000
1.053000
1.050000
1.040000
1.023000
1.043000
1.036000
1.032000
1.055000
1.053000
1.051000
1.062000
1.030000
1.052000
1.031000
1.040000
1.040000
1.059000
1.050000
1.053000
1.022000
1.047000
1.033000
1.040000
1.044000
1.061000
1.034000
1.043000
1.057000
1.042000
1.040000
1.044000
1.037000
1.031000
1.035000
1.025000
1.040000
1.052000
1.072000
1.036000
1.044000
1.028000
1.066000
1.065000
1.050000
1.035000
1.030000
1.034000
1.057000
1.050000
1.046000
1.047000
1.034000
1.021000
1.036000
1.044000
1.032000
1.051000
1.053000
1.051000
1.050000
1.046000
1.034000
1.036000
1.035000
1.029000
1.045000
1.037000
1.030000
1.034000
1.057000
1.027000
1.054000
1.042000
1.039000
1.045000
1.044000
1.041000
1.047000
1.036000
1.028000
1.056000
1.043000
1.029000
1.072000
1.034000
1.040000
1.048000
1.046000
1.057000
1.040000
1.062000
1.054000
1.055000
1.048000
1.034000
1.010000
1.035000
1.029000
1.045000
1.060000
1.051000
1.038000
1.043000
1.036000
1.069000
1.032000
1.052000
1.056000
1.038000
1.039000
1.043000
1.038000
1.054000
1.052000
1.052000
1.068000
1.033000
1.052000
1.050000
1.052000
1.034000
1.030000
1.053000
1.103000
1.027000
1.049000
1.021000
1.038000
1.029000
1.048000
1.050000
1.036000
1.018000
1.058000
1.050000
1.072000
1.053000
1.059000
1.065000
1.051000
