4.301000
4.248000
4.254000
4.251000
4.250000
4.263001
4.253000
4.230000
4.234999
4.240001
4.262000
4.267000
4.257000
4.232000
4.254000
4.264000
4.261000
4.258000
4.231000
4.235000
4.265000
4.245000
4.248000
4.233001
4.249000
4.230999
4.241000
4.242999
4.228001
4.222000
4.229000
4.229000
4.255000
4.253000
4.232001
4.237000
4.219000
4.253000
4.253000
4.242999
4.229000
4.253000
4.229001
4.228000
4.265000
4.250000
4.238000
4.242999
4.229000
4.233000
4.250000
4.230999
4.245000
4.224000
4.244000
4.249000
4.220000
4.249000
4.226999
4.226000
4.230999
4.236000
4.227000
4.234000
4.250000
4.250000
4.223000
4.236001
4.242000
4.224000
4.227000
4.224000
4.228000
4.229000
4.248001
4.257000
4.242999
4.248000
4.249000
4.252000
4.241999
4.240000
4.236000
4.249000
4.242000
4.237000
4.237000
4.252000
4.249999
4.236000
4.243000
4.248000
4.254000
4.241000
4.251000
4.260000
4.249000
4.231000
4.236001
4.236000
4.225000
4.228000
4.228001
4.222999
4.230000
4.229000
4.240000
4.233000
4.237000
4.228000
4.225001
4.233000
4.240001
4.230000
4.220000
4.228000
4.227000
4.230999
4.232000
4.245000
4.228001
4.226000
4.232000
4.242000
4.241000
4.226000
4.226000
4.222000
4.251000
4.227000
4.233000
4.227000
4.262000
4.223000
4.220000
4.228000
4.218000
4.241999
4.233000
4.229000
4.223000
4.232000
4.234000
4.231000
4.247000
4.238000
4.223000
4.257000
4.245999
4.248000
4.255000
4.238999
4.234000
4.226000
4.231000
4.238999
4.248001
4.250000
4.235000
4.236000
4.229000
4.222000
4.247000
4.237000
4.234000
4.247000
4.222000
4.233000
4.225000
4.232000
4.225000
4.411001
4.238999
4.249000
4.263001
4.244001
4.254000
4.242000
4.230000
4.230000
4.234000
4.251000
4.217001
4.228000
4.228001
4.222999
4.233000
4.222000
4.242999
4.243000
4.230000
4.229000
4.239000
4.248001
4.230999
4.245000
4.251000
4.235000
4.265000
4.233001
4.234999
4.229001
4.238000
4.233000
4.242999
4.230000
4.231000
4.222000
4.232000
4.226000
4.236000
4.239000
4.244000
4.242000
4.251000
4.242999
4.256000
4.243000
4.248000
4.242999
4.246000
4.247000
4.247000
4.251000
4.249000
4.240001
4.239000
4.245000
4.251000
4.246000
4.248001
4.254000
4.246000
4.243000
4.241000
4.241999
4.240000
4.245000
4.265000
4.242000
4.235000
4.246000
4.244001
4.239000
4.242999
4.247000
4.236000
4.241000
4.233000
4.258000
4.250000
4.248000
4.250000
4.245000
4.242000
4.241000
4.236001
4.238999
4.249000
4.241000
4.250000
4.251000
4.238000
4.236001
4.223000
4.226999
4.224000
4.219000
4.218999
4.226000
4.247000
4.228000
4.232000
4.225000
4.233000
4.227000
4.225000
4.226000
4.234000
4.220000
4.228001
4.229000
4.224000
4.220000
4.228000
4.228001
4.233999
4.228000
4.224000
4.221000
4.229000
4.238999
4.234999
4.226999
4.221000
4.220000
4.227000
4.234000
4.235000
4.229000
4.257999
4.242000
4.221000
4.243000
4.216000
4.229001
4.232000
4.222000
4.245999
4.229000
4.222000
4.221000
4.228001
4.226000
4.228000
4.218000
4.229001
4.222999
4.245000
4.223000
4.221000
4.249000
4.248000
4.226000
4.233001
4.232000
4.250000
4.244000
4.244001
4.242999
4.250000
4.238999
4.245000
4.242999
4.249000
4.254000
4.237000
4.252001
4.245000
4.237001
4.237999
4.249000
4.244001
4.242999
4.237999
4.246000
4.235000
4.261000
4.246000
4.250000
4.245000
4.257000
4.248000
4.247000
4.241000
4.256000
4.245000
4.259001
4.247000
4.239000
4.249000
4.243000
4.242000
4.238000
4.257999
4.253000
4.244000
4.248000
4.242999
4.279000
4.237000
4.229000
4.227000
4.250000
4.238999
4.241000
4.247000
4.244000
4.233000
4.244000
4.239000
4.240000
4.248000
4.247000
4.268000
4.226000
4.230000
4.230999
4.235000
4.240001
4.238000
4.226000
4.226000
4.226000
4.228000
4.223000
4.232001
4.224000
4.226000
4.228000
4.220000
4.226999
4.230000
4.240000
4.228001
4.231000
4.234000
4.233000
4.235000
4.240001
4.227000
4.225000
4.235000
4.220000
4.223000
4.230000
4.230999
4.238000
4.233000
4.231000
4.261000
4.231000
4.217000
4.231000
4.224000
4.232000
4.234000
4.225001
4.224000
4.240001
4.230999
4.227000
4.228000
4.233000
4.234000
4.245000
4.248001
4.227000
4.240001
4.229001
4.230000
4.233000
4.230000
4.224000
4.229001
4.253000
4.227000
4.223000
4.236000
4.233000
4.221000
4.227000
4.226000
4.224000
4.249000
4.247000
4.237000
4.255001
4.224000
4.232000
4.226000
4.225000
4.243000
4.251000
4.217000
4.248001
4.221001
4.224000
4.240001
4.230999
4.252001
4.231000
4.256001
4.233000
4.227000
4.225000
4.232000
4.243000
4.233000
4.225000
4.222000
4.230000
4.226999
4.231000
4.225000
4.224000
4.227000
4.226999
4.221000
4.234000
4.251000
4.225000
4.230999
4.240000
4.230000
4.228000
4.225999
4.229000
4.243000
4.228000
4.220000
4.232000
4.233000
4.247000
4.226000
4.260000
4.238999
4.224000
4.229000
4.234999
4.224000
4.223000
4.221000
4.228000
4.228000
4.239000
4.233001
4.214999
4.248001
4.245000
4.225999
4.247000
4.260000
4.227000
4.240000
4.219000
4.224000
4.225000
4.253000
4.227000
4.224000
4.221001
4.234000
4.228001
4.230999
4.233001
4.226999
4.249999
4.240000
4.255000
4.218000
4.232001
4.233001
4.257000
4.224000
4.223000
4.225000
4.224000
4.218000
4.236001
4.233000
4.227000
4.233000
4.224000
4.248001
4.216000
4.318000
4.224000
4.231000
4.229000
4.249000
4.236001
4.256000
4.226000
4.250000
4.230000
4.318000
4.242000
4.245000
4.231000
4.232000
4.226000
4.230000
4.234000
4.253000
4.222000
4.226999
4.230000
4.252000
4.231000
4.227000
4.225000
4.216000
4.228000
4.236000
4.242999
4.232000
4.251000
4.242000
4.241000
4.244001
4.243000
4.243000
4.237000
4.242999
4.239000
4.240000
4.242000
4.237000
4.241000
4.245000
4.235000
4.237000
4.245000
4.244000
4.244001
4.246000
4.252000
4.242999
4.245000
4.243000
4.246000
4.249000
4.273000
4.246000
4.253000
4.240000
4.241000
4.249000
4.246000
4.238999
4.245000
4.242000
4.242000
4.240001
4.238000
4.238000
4.236000
4.255001
4.233000
4.238000
4.245000
4.245000
4.247000
4.257000
4.237000
4.242000
4.245000
4.245000
4.245000
4.237000
4.247000
4.256001
4.236001
4.241000
4.222999
4.228001
4.246000
4.255001
4.234000
4.232001
4.245000
4.232000
4.251000
4.232000
4.251000
4.224000
4.225000
4.228001
4.248001
4.227000
4.230999
4.225999
4.255000
4.225999
4.224000
4.235000
4.230000
4.254000
4.229000
4.244000
4.222000
4.219000
4.241999
4.225000
4.220000
4.223000
4.215000
4.233001
4.227000
4.252000
4.232000
4.253000
4.229000
4.244001
4.250000
4.222999
4.222000
4.242000
4.246000
4.223000
4.230999
4.222999
4.218000
4.229000
4.236001
4.233000
4.226999
4.225000
4.222000
4.222999
4.245000
4.237000
4.223000
4.232001
4.223000
4.220000
4.244000
4.236000
4.227000
4.294000
4.223000
4.221000
4.229000
4.231000
4.249000
4.235000
4.223000
4.241000
4.224000
4.225000
4.228001
4.221001
4.225001
4.227000
4.226999
4.230999
4.242000
4.226000
4.224000
4.242000
4.221000
4.234000
4.227000
4.226000
4.242000
4.222000
4.230000
4.231000
4.259001
4.225001
4.227000
4.257000
4.253000
4.232000
4.229000
4.241001
4.228000
4.225000
4.246000
4.247000
4.222000
4.253000
4.243000
4.228001
4.224000
4.241000
4.248000
4.244000
4.246000
4.252000
4.243000
4.219000
4.231000
4.257000
4.251000
4.251000
4.253999
4.228000
4.220000
4.255000
4.229000
4.238999
4.220000
4.224000
4.229001
4.249999
4.218000
4.222000
4.221000
4.230000
4.245000
4.230000
4.227000
4.233999
4.251000
4.259000
4.225000
4.232000
4.221000
4.238000
4.227000
4.249999
4.245000
4.250000
4.236000
4.224000
4.242000
4.236000
4.238999
4.242999
4.235000
4.241999
4.247000
4.249000
4.245000
4.237000
4.245000
4.243000
4.238000
4.242999
4.252000
4.253000
4.228001
4.233001
4.234000
4.225000
4.254000
4.235000
4.253000
4.257000
4.232001
4.250000
4.260000
4.251000
4.248001
4.248001
4.253000
4.251000
4.249999
4.253999
4.256001
4.242000
4.245000
4.249000
4.251000
4.249000
4.241001
4.237000
4.247000
4.240000
4.246000
4.242000
4.241000
4.245999
4.244000
4.235000
4.239000
4.246000
4.247000
4.242000
4.238999
4.255000
4.245000
4.244001
4.245000
4.244001
4.248001
4.245999
4.245000
4.240000
4.245000
4.248000
4.295000
4.237000
4.248000
4.227000
4.228000
4.222000
4.223000
4.230000
4.230999
4.225000
4.229000
4.234000
4.244000
4.224000
4.228000
4.225000
4.246000
4.232000
4.232000
4.230999
4.237001
4.222000
4.239000
4.218999
4.217000
4.234000
4.226999
4.230000
4.236000
4.242999
4.246000
4.240000
4.251000
4.243000
4.259000
4.246000
4.244001
4.238000
4.248000
4.241000
4.243000
4.247000
4.242000
4.247000
4.226000
4.241000
4.224000
4.222000
4.242000
4.240000
4.240000
4.238999
4.249000
4.247000
4.251000
4.248000
4.242000
4.242000
4.235000
4.249000
4.245000
4.248001
4.242000
4.244001
4.250000
4.247000
4.254000
4.247000
4.246000
4.246000
4.244000
4.247000
4.251000
4.242999
4.252001
4.248000
4.257000
4.254000
4.253999
4.252001
4.245000
4.245000
4.261000
4.245000
4.259000
4.252000
4.246000
4.250000
4.248000
4.230000
4.229000
4.243000
4.245000
4.229001
4.249000
4.248000
4.218999
4.229000
4.246000
4.321001
4.220000
4.247000
4.230000
4.257000
4.217000
4.226000
4.229000
4.248000
4.244000
4.250000
4.259001
4.227000
4.236001
4.233000
4.230000
4.249000
4.226999
4.232001
4.232001
4.227000
4.237000
4.217000
4.226999
4.236001
4.228001
4.223000
4.220000
4.247000
4.225000
4.230999
4.231000
4.223000
4.237000
4.229001
4.220000
4.229000
4.230000
