397.760000
392.700002
411.160000
397.280000
394.899998
396.760002
395.140000
412.980001
394.560002
393.640000
392.639998
394.699998
394.960001
393.560000
392.659999
394.180004
394.399997
394.140001
410.739999
394.260000
394.080002
392.840002
397.259999
392.779998
395.440001
393.700000
395.799998
394.400001
392.919999
413.260002
396.079998
392.120000
412.039999
395.999998
395.319998
395.080000
391.800001
392.019998
396.020003
395.239998
393.300001
394.739997
392.540000
409.419999
393.459998
393.720001
394.899998
398.300000
391.199999
393.460002
394.300003
393.599998
394.419998
392.260000
409.140002
392.360002
393.840000
393.900000
391.740002
394.960001
395.140000
394.479997
395.539999
396.819998
392.039999
411.359999
392.779998
394.860003
400.620002
392.540000
393.540002
396.300003
393.100001
392.820001
397.040002
396.260001
410.900000
391.959999
391.259998
395.379998
393.920001
389.500000
397.000000
392.639998
392.900001
392.740000
392.159998
395.480003
396.139998
392.879996
414.780002
392.559998
391.319998
393.300001
393.399999
390.479997
396.080002
393.180002
392.780002
393.780001
398.399998
413.419999
397.320002
394.120000
393.980000
393.420003
393.360000
394.600000
389.479998
392.880000
395.319998
397.599999
413.780000
396.359999
393.499997
393.380001
393.840000
395.659998
394.279998
395.040002
389.040001
392.340001
393.920001
407.839999
393.700000
394.920003
406.319998
393.020000
395.120002
390.580002
392.340001
394.000001
394.260000
394.979998
394.600000
396.080002
395.080000
407.460000
397.460002
395.859998
396.419998
394.219998
395.920001
396.419998
392.940000
391.879998
395.920001
389.720000
410.739999
395.440001
392.700002
391.240001
396.979999
392.000001
393.180002
391.380001
394.480001
393.560000
396.439999
407.079998
394.959997
395.000000
392.600000
394.440003
390.860002
393.379997
394.960001
390.799999
395.019997
393.980000
407.740001
394.020002
391.759999
412.740000
394.200001
394.439999
394.340001
395.960003
402.540002
403.260000
401.519999
411.360003
396.220002
392.379999
413.460001
392.900001
393.900000
393.900000
391.139999
393.820003
395.860001
394.520000
393.819999
394.779999
394.340001
410.680000
395.479999
390.239999
394.719999
395.879999
393.100001
395.400003
397.000000
392.920002
392.279997
394.859999
408.779997
393.320002
395.299997
392.379999
395.760000
395.020001
393.860001
392.180000
391.380001
396.159999
394.200001
413.680002
394.839998
394.120000
396.059997
392.779998
396.220002
397.119999
395.900000
390.880000
394.479997
392.140001
397.200000
396.120001
395.420000
411.480002
395.499997
390.020002
393.060002
392.120000
391.760003
395.799998
391.940001
397.000000
397.800002
391.599998
411.920000
397.900000
395.779997
396.400001
390.919998
391.500000
393.400002
392.579999
395.520002
391.959999
394.400001
408.860002
398.320001
393.900000
395.520002
395.560000
396.159999
397.539999
392.720003
392.899998
393.239997
395.140000
410.119999
394.820001
393.920001
396.420002
393.220000
391.640000
392.999999
397.460002
396.359999
398.479998
395.119999
390.740003
396.660000
391.819999
415.680002
396.980003
392.740000
396.579999
395.039998
393.459998
394.200001
392.540000
394.900002
394.320000
393.640000
412.400000
395.640001
392.980002
392.460000
394.579999
392.499998
394.579999
395.220000
393.500000
393.520001
394.000001
410.060003
395.719998
395.399999
394.320000
393.119998
395.180002
397.580002
392.800000
393.139999
393.020000
394.579999
410.320003
392.620001
398.300003
396.900002
392.000001
394.719999
397.719998
391.340002
388.460003
395.879999
394.099999
393.319998
393.160000
391.300000
404.899999
393.300001
396.160003
396.479998
394.059997
393.540002
394.740000
393.959999
393.539999
401.519999
394.479997
410.140000
392.780002
394.819997
394.359998
393.980000
396.840002
393.900000
393.039998
393.100001
395.299997
392.480001
410.420001
394.740000
394.479997
394.200001
393.440001
391.500000
395.319998
393.580001
392.600000
399.080001
392.080002
410.480000
393.560000
392.840002
394.660000
394.120000
397.879999
394.800000
395.900000
390.360001
396.660000
394.279998
414.480001
393.260002
395.219997
413.160000
394.480001
392.680001
392.180000
399.599999
399.019998
394.079998
392.820001
392.020002
398.380000
392.159998
413.899999
396.620002
391.160000
395.240001
395.400003
393.060002
397.579998
393.220000
394.639999
394.600000
392.480001
411.540002
394.100003
390.379999
392.499998
394.900002
393.599998
394.719999
394.899998
390.140001
395.319998
392.740000
411.580000
394.099999
390.799999
413.619999
395.040002
391.640000
396.460000
394.859999
393.659998
389.860000
394.180004
393.500000
391.820002
396.499999
410.639998
394.079998
395.519998
395.160001
396.199998
394.359998
395.280000
396.380000
394.700002
396.080002
392.099999
408.719998
395.220000
396.919999
395.420000
393.059999
392.479997
395.500001
393.980000
394.320000
396.359999
391.780000
408.939999
394.639999
394.800000
393.360000
393.599998
394.180000
394.400001
392.379999
392.919999
395.420000
392.359998
409.520000
396.200001
394.360002
394.439999
390.900001
398.079999
390.300002
388.739999
393.880002
395.179998
390.820000
393.740002
394.419998
393.799998
412.020002
394.579999
396.600001
396.100000
395.459998
394.099999
394.759998
391.279999
392.039999
396.819998
393.720001
411.640000
398.040000
393.059999
395.019997
393.360000
396.899998
391.920000
394.679997
392.480001
415.260002
392.240003
410.179999
394.040000
391.959999
393.759999
395.479999
393.159997
395.700000
397.080000
394.060001
394.120000
391.899999
412.680000
395.500001
390.420001
397.399999
396.079998
394.600000
396.180000
392.600000
392.719999
391.840000
393.339999
407.099999
394.759998
396.840002
415.119998
391.380001
393.160000
396.100003
395.140000
390.939999
394.740000
391.340002
393.759999
395.919997
397.620000
407.260001
395.080000
444.419999
403.340001
399.659999
394.960001
402.220000
397.200000
394.299999
393.840000
391.500000
390.319999
392.740000
411.499999
396.720000
393.400002
394.000001
395.020001
391.340002
392.680001
391.580001
391.160000
392.540000
394.340001
390.459999
397.399999
392.680001
410.540000
396.839999
391.860001
397.019997
396.120001
393.800002
392.600000
394.260000
393.519998
398.539998
394.199997
410.420001
389.720000
391.419999
394.940000
395.720001
393.519998
394.400001
395.000000
390.540000
396.579999
393.620003
404.480003
394.760001
395.100001
395.220000
394.980002
396.060001
396.079998
397.660002
394.379999
397.179998
392.840002
408.700000
394.260000
396.400001
392.020002
393.599998
393.100001
393.300001
393.320002
392.800003
395.800002
392.940000
407.559998
393.199999
391.860001
408.059999
392.360002
393.599998
394.840002
389.160000
393.360000
391.819999
393.479999
394.399997
394.960001
393.980000
408.259999
393.880002
391.980000
394.060001
393.599998
394.979998
395.860001
392.039999
394.320000
393.300001
392.740000
410.020001
394.800000
395.700000
394.420002
394.239999
394.260000
398.460001
392.559998
391.559999
397.379998
391.000003
409.419999
393.800002
394.800000
395.379998
394.600000
393.780001
391.500000
395.799998
391.339999
393.879998
394.079998
411.020000
391.799998
393.499997
407.979999
392.300002
390.379999
396.499999
394.940000
393.499997
394.559998
410.179999
398.120001
397.119999
394.880001
409.760002
394.120000
392.680001
397.000000
389.920000
394.040000
393.999998
395.020001
393.220000
396.740001
392.540000
408.020001
393.139999
392.639998
395.260002
397.340003
393.040001
391.300000
392.680001
393.679999
392.100003
395.059999
408.600003
393.879998
395.360000
393.840000
394.900002
393.819999
395.299997
388.999999
393.640000
396.240000
390.600000
407.639999
393.780001
394.379999
412.220001
394.099999
393.780001
395.360000
393.780001
392.360002
395.019997
394.639999
392.960001
394.120000
391.760003
413.179997
393.460002
392.920002
390.700001
395.420000
393.199999
394.340001
392.559998
394.779999
397.679999
390.760001
409.680001
392.979998
394.779999
393.880002
392.899998
392.640002
395.640001
393.279999
394.860003
392.859999
392.759997
409.800000
394.860003
391.339999
391.440000
396.079998
393.139999
390.460003
392.339997
396.919999
398.839999
392.019998
409.199998
394.979998
390.080001
408.000000
391.480003
390.939999
395.080000
395.020001
393.580001
392.260000
393.980000
387.860000
391.959999
394.199997
407.140002
390.679996
391.640000
392.979998
390.500002
392.000001
395.359997
394.920003
392.160002
394.180000
394.359998
408.539999
395.080000
393.180002
395.900000
393.599998
394.620001
393.939998
394.299999
393.300001
391.179997
392.080002
411.680002
392.919999
390.379999
397.980001
395.400003
394.379999
397.900000
393.360000
393.759999
394.360002
398.340002
408.259999
394.859999
394.560002
411.560003
392.940000
391.199999
394.360002
396.220002
394.880001
395.880003
393.799998
392.320000
393.819999
390.800003
413.020000
394.260000
395.360000
391.840000
392.279997
392.740000
394.280002
396.980003
392.200001
393.120002
393.720001
409.120001
390.960000
394.060001
396.080002
394.140001
398.240000
392.099999
392.699998
392.880000
395.300001
396.159999
411.420003
398.619998
389.920000
395.280000
392.559998
394.660000
393.959999
393.660001
393.959999
396.159999
392.379999
391.580001
397.779997
393.199999
405.439999
395.099998
395.220000
396.320000
392.079998
393.440001
394.919999
393.620003
392.679997
395.259999
392.020002
407.980002
395.459998
395.340003
394.940000
395.780001
392.160002
392.360002
391.580001
391.800001
392.980002
396.540001
407.520004
397.200000
394.600000
395.300001
396.480002
392.099999
394.120000
393.460002
390.779998
391.920000
393.339999
409.280002
394.180000
392.999999
413.300000
392.639998
392.719999
395.240001
393.739998
397.100002
403.460000
398.780003
400.320001
403.900001
399.499997
409.060001
394.900002
393.720001
394.279998
394.520000
389.619999
391.859997
394.840002
392.239999
393.259998
392.999999
409.020003
396.240000
393.679999
396.499999
394.279998
391.819999
394.140001
394.620001
395.779997
398.580004
394.660000
410.820000
392.600000
395.520002
393.479999
390.939999
392.379999
395.959999
395.360000
393.379997
394.680001
394.180000
406.640001
394.500002
395.580001
394.780003
392.540000
393.220000
394.719999
393.179998
391.100001
392.579999
390.680000
409.219999
394.420002
391.160000
408.360001
397.499997
401.779998
395.339999
391.959999
394.859999
396.680001
397.459999
393.180002
395.959999
392.019998
409.760002
394.360002
394.139998
394.880001
392.140001
396.600001
395.060003
391.139999
394.840002
393.739998
391.900003
406.560000
393.259998
395.479999
396.420002
396.520000
394.760001
392.980002
397.039998
394.080002
393.040001
392.800000
407.499999
399.020001
389.959998
392.300002
390.440002
393.560000
393.900000
394.379999
394.639999
394.040000
390.960000
412.980001
392.320000
392.820001
411.920000
391.220000
390.799999
397.879999
395.059999
393.080000
394.520000
392.660003
396.300003
394.480001
392.560001
413.360000
393.920001
395.779997
392.840002
396.019999
390.980002
398.079999
396.040000
395.040002
396.940000
395.039998
413.319997
393.799998
390.799999
395.479999
