187.560003
178.220000
167.720001
158.199999
150.880001
153.480001
147.700001
141.879998
139.920000
131.379999
126.440000
121.240001
117.840003
127.379999
121.459998
120.200001
115.720000
112.760000
110.780001
115.880001
109.600000
114.860002
109.180000
107.159998
102.480002
115.879998
120.719999
119.660001
114.599999
114.700001
114.200000
108.939998
107.619997
110.380001
107.060000
102.940001
104.619998
102.520000
104.160000
108.380001
107.080001
106.140003
104.440000
103.859998
99.340003
98.400000
112.360001
112.819999
109.600000
105.859999
103.599999
98.279998
99.420000
104.419999
106.200002
111.719999
109.499998
104.440000
105.960000
101.259999
103.680000
100.899998
100.540001
103.360001
103.639998
98.520000
114.340000
102.479998
100.619998
99.120002
96.299998
98.200001
100.980002
105.499998
104.100000
100.819997
97.139999
98.060001
94.540000
95.619999
99.120002
105.319999
103.979997
98.520000
98.520003
96.699998
93.219999
101.640001
93.580000
110.239998
110.160001
106.520001
103.579998
100.639999
109.320000
106.080003
103.560001
100.440003
106.899999
103.620000
112.659998
105.340000
101.760000
102.299999
100.040000
99.840000
98.500002
107.460000
103.140000
104.180001
97.420000
97.039998
94.219998
90.799998
97.300000
101.160001
100.680001
98.979998
101.859998
96.080001
97.099997
102.019999
100.040000
98.460000
100.699998
97.360000
97.640000
95.380001
97.059999
98.079998
96.860003
92.980001
93.220003
97.420000
95.799997
100.600000
98.180000
97.980000
96.380003
96.179999
97.420003
117.340002
167.459998
154.739998
144.500002
139.040001
132.720001
132.620003
129.559997
136.399999
127.960000
122.040000
118.479997
128.999997
134.819999
128.200002
123.039998
124.460001
121.119998
116.920002
119.100001
117.640000
116.480000
110.740002
103.200000
115.359999
122.680001
114.220001
110.680003
105.380002
107.759997
103.399999
104.660001
109.760001
111.700002
105.740000
104.059998
101.100001
101.280000
99.040002
104.840003
106.899999
105.319999
103.599999
104.020000
98.980002
99.539999
105.039999
104.260001
100.380000
103.440002
108.059999
103.100002
109.560002
107.319999
103.979997
101.440001
99.739999
96.799999
101.280000
106.579997
104.499999
103.860002
104.920000
99.259999
98.019999
98.579999
98.880000
101.840001
100.300003
101.560000
99.960003
97.280003
93.920000
100.240000
101.080000
102.460001
114.560001
113.320000
109.140001
103.200000
107.600000
104.979999
105.239999
100.819997
110.300001
107.279997
117.759999
108.920000
109.239999
103.439998
100.320000
97.440001
106.860001
109.239999
101.520002
102.660000
99.799998
94.519999
96.880000
96.039999
100.539997
105.799999
104.679998
100.699998
102.399997
99.299997
95.679998
100.439999
100.299999
98.120000
101.539999
101.719998
96.620001
96.079998
104.739998
97.920001
99.860001
96.659999
102.359999
103.299998
104.080003
117.640000
114.860002
113.520000
109.220002
107.239999
106.240001
114.680000
114.720002
111.219998
104.320001
102.400001
100.020003
98.600000
105.280001
106.939998
103.459999
101.719998
95.599998
96.700002
112.560000
112.960000
112.080000
115.740001
113.280002
109.519999
108.139999
108.440001
110.819999
107.519999
102.920000
99.840000
105.320003
102.260001
108.920000
107.399996
106.759999
107.719999
101.839997
97.840000
117.520001
115.040001
112.100001
111.959998
111.660000
107.099999
102.779999
109.400000
108.899999
117.119998
109.320000
110.300001
105.960000
102.520000
109.160002
107.140001
102.520000
104.559999
104.619998
102.940001
115.400001
104.400001
99.840000
100.720000
97.720001
94.179999
99.980000
101.160001
131.899998
125.340000
121.300001
116.799999
113.159999
106.879998
121.760000
121.519998
111.800000
112.080000
107.580002
104.320001
110.900000
105.720002
109.140001
103.680000
117.620002
114.999998
111.800000
116.220001
115.279999
111.299999
109.400000
112.220000
106.699999
118.480001
110.420000
104.800001
102.699999
101.119999
100.900002
101.439998
103.739999
105.360001
101.779997
101.960000
96.220002
96.960001
97.479999
102.819998
102.959998
99.080000
98.379999
100.479998
94.599999
92.259999
99.920001
98.660003
103.920002
107.859999
103.399999
101.560000
98.700002
102.440000
99.840000
100.040000
97.259998
100.259997
99.199999
113.740001
105.160002
99.220000
98.679997
99.959999
96.320000
96.039999
103.379998
99.159997
96.519999
94.560001
94.540000
91.340002
92.359997
97.139999
106.240001
103.980001
103.780001
101.539999
96.780002
95.679998
113.979999
111.080002
109.479997
114.399999
109.120000
107.980002
107.540000
112.060003
109.720003
106.619999
102.759998
102.720000
101.539999
104.459997
104.320001
102.520000
101.700000
97.479999
99.560000
100.540001
106.160000
102.260001
103.439998
97.920001
97.199999
94.740000
97.560000
101.140000
96.020002
103.000000
99.819999
99.999998
98.320000
95.380001
103.299998
97.100001
98.260000
99.660002
97.560000
96.959997
96.060000
101.560000
97.520001
96.659999
94.319999
95.419999
98.460000
95.820002
100.820001
99.259999
98.700002
92.499997
98.840002
92.960000
93.559999
106.920000
102.139998
103.960000
99.799998
97.420000
95.659997
99.860001
99.500000
107.460000
121.920001
122.660000
120.920002
114.659999
116.580002
109.100003
110.980000
105.500001
114.620000
109.159999
120.959997
111.019999
110.119998
105.419997
101.579998
98.380003
104.800001
105.119999
103.000000
100.220002
101.780001
96.659999
97.300000
96.260000
103.960000
103.800002
103.599999
101.459999
99.579997
97.040001
92.579998
98.899998
97.959999
102.740001
100.559998
101.639997
97.519998
98.540001
102.920000
100.840002
95.940001
95.460001
98.700002
98.520000
107.020002
97.139999
98.200001
97.080000
94.799999
90.979997
91.360003
109.180000
99.519998
96.559998
95.459998
94.900001
94.080001
92.280000
102.580000
95.160000
97.040001
96.740000
94.519999
91.120001
112.519998
116.780002
113.699999
110.740002
109.060001
110.700000
160.380002
157.380000
141.360000
138.160001
132.939998
125.879999
125.799999
122.919999
124.499999
119.879998
118.540000
114.180002
111.699998
107.900001
116.860002
112.420000
110.360000
106.440000
105.300002
103.779998
102.060001
108.879998
108.879998
109.340001
152.680002
142.340001
138.760000
139.060002
132.920001
140.540000
156.080000
144.640002
139.479998
140.420001
135.040000
128.899999
125.380002
120.280001
121.400002
127.419997
123.819999
118.179999
115.720000
113.620002
110.980000
106.560003
117.399998
111.160003
113.200001
105.100002
102.480002
101.879999
110.939998
101.719998
101.900000
107.740000
101.400003
102.399997
111.839999
116.620000
114.180002
111.280002
111.140002
107.260000
111.480001
103.540000
108.180001
108.599998
102.779999
101.280000
98.180000
101.860002
100.580003
108.480003
103.820000
104.160000
101.059999
98.439999
98.439999
108.880002
111.699998
108.819999
104.139999
102.380000
98.299999
97.580001
103.140000
100.420002
102.499999
102.499999
103.879999
99.060003
99.199999
102.979999
101.459999
98.460000
93.739998
103.160001
94.700001
94.780002
102.959998
96.660003
96.279997
98.919999
92.760000
94.999999
94.659999
103.000000
97.739998
95.960002
95.840000
93.879998
90.439998
91.219999
98.020002
101.420000
97.120002
96.980002
96.480001
92.820000
99.859998
98.660000
110.040002
111.080002
110.679999
104.979999
102.520000
110.240001
107.560001
102.580000
103.659999
99.560000
101.679999
99.939998
102.479998
101.000000
99.840000
98.019999
98.040000
96.740000
97.220004
105.960000
103.360001
96.560001
98.919999
95.320001
93.640000
96.540000
101.160001
100.019999
102.060001
101.140000
99.680003
94.519999
93.920000
100.740001
97.800002
95.160000
107.740000
103.540000
100.400001
113.299999
102.019999
99.980000
99.800002
97.619999
99.500000
101.420000
103.820000
102.780003
98.759998
99.440001
98.280001
95.580000
90.900000
102.620002
99.100001
95.140003
96.159998
94.479997
90.700001
93.219999
100.260001
98.660000
105.939999
100.060001
109.940000
110.459998
107.820000
109.059997
103.460003
102.059998
105.140001
102.620002
98.800000
107.419997
106.120002
101.039998
99.360000
94.579998
94.139997
99.719997
102.499999
103.700001
104.380000
98.239999
94.799999
94.979998
95.799997
98.100003
104.440000
99.280000
100.279998
94.800003
95.739998
90.580001
94.120000
94.939999
100.140002
99.200003
95.899999
92.399999
92.080001
100.860000
96.440002
99.280000
94.520003
108.220000
106.799997
104.819998
106.460001
103.979997
105.420001
101.539999
99.160001
96.800003
103.160001
105.020002
103.840001
100.480001
97.139999
96.260000
95.820002
103.699997
100.480001
99.679999
100.339998
96.360002
98.500002
95.280003
112.259999
110.900000
111.140002
112.240002
106.920000
108.019996
102.359999
106.100000
103.200000
99.280000
97.100001
96.320000
101.420000
97.259998
104.899999
105.979998
95.879998
97.999997
99.239998
96.680000
102.159999
100.420002
103.280000
101.900000
96.999999
98.779999
95.460001
105.200000
99.479999
103.860002
99.760000
97.280003
96.359998
95.460001
109.880000
98.740000
97.720001
98.760001
98.840002
100.040000
98.940000
99.880002
101.539999
102.100000
96.640002
94.459999
98.900001
98.239999
98.200001
100.259997
98.719999
96.400000
95.619999
92.760000
92.860002
100.639999
103.580002
99.739999
99.040002
99.179998
91.339998
93.240000
98.140001
94.480000
110.179998
109.980002
111.099999
104.320001
103.960000
109.220002
107.919998
105.379999
108.199999
103.919998
102.619998
101.299997
98.160002
97.459998
92.660002
93.020000
91.780003
106.479999
107.919998
105.960000
103.480000
101.659998
100.920003
97.080000
98.559998
105.039999
103.259999
102.479998
100.339998
100.220002
97.319998
94.099998
101.940002
101.459999
105.319999
104.160000
105.420001
102.539998
112.080000
103.060000
100.320000
93.499999
102.939997
99.500000
99.520002
105.659999
106.819998
104.160003
98.060001
95.160000
95.179997
104.720000
129.880004
129.600000
120.820001
121.740002
113.019999
109.260000
117.160000
125.000000
117.899999
114.879999
108.620003
107.380003
117.600001
122.239999
121.020000
115.440000
114.319999
108.819999
106.079999
116.920002
109.859999
107.840002
100.740001
101.199999
105.480000
101.280000
106.120002
103.259999
101.320002
100.839999
98.199997
93.380000
99.360000
102.740001
100.240003
101.360001
98.940000
96.819997
95.619999
94.680000
98.880000
101.920001
102.759998
95.040001
96.240003
97.420000
92.359997
99.939998
98.719999
93.359999
97.600002
96.740000
97.320002
93.860000
97.560000
94.220001
96.300002
95.999997
91.940001
98.100003
93.640000
100.499999
96.359998
97.339999
97.319998
93.840003
92.379998
97.439997
99.199999
99.080000
93.280002
93.920000
92.459999
94.720002
91.199998
99.140000
118.219998
112.780001
112.819999
107.439999
106.479999
110.040002
105.980001
104.240000
104.460001
106.440000
107.019998
103.140000
107.280001
103.500001
100.720003
