5311.400000
5322.600000
5315.740000
5308.239999
5322.380000
5359.680000
5310.600000
5337.420000
5307.540000
5312.340000
5321.100000
5312.980000
5313.720000
5322.240000
5308.540000
5310.339999
5325.460000
5314.600000
5315.940000
5327.660001
5310.459999
5316.400000
5320.960000
5307.240000
5310.920000
5323.940000
5319.100000
5313.420000
5315.359999
5309.400001
5314.320000
5318.580000
5312.180000
5316.120000
5317.820000
5306.480000
5303.400000
5313.780000
5310.819999
5379.120000
5324.380000
5317.060000
5315.140001
5319.820000
5304.240000
5310.880000
5319.580000
5305.459999
5307.420000
5315.239999
5312.380000
5310.600000
5320.160001
5311.720000
5313.560001
5321.560000
5306.060000
5309.400000
5322.020000
5312.320000
5312.580000
5319.900000
5299.180000
5313.100000
5319.420000
5307.159999
5309.700000
5323.960000
5314.220000
5311.760000
5311.600000
5308.260000
5311.980001
5322.720000
5309.200000
5314.280000
5320.800000
5298.740000
5311.800000
5315.080000
5304.540000
5310.720000
5316.300000
5307.280000
5313.540000
5310.280000
5321.160001
5311.220000
5303.700000
5319.560001
5307.980000
5306.520000
5324.860000
5318.100000
5313.940001
5319.840000
5311.300000
5310.660000
5319.720000
5309.080000
5307.279999
5317.800000
5307.940001
5321.160000
5320.100000
5313.460000
5313.220000
5332.340000
5361.380000
5310.560000
5313.080001
5316.880000
5310.480000
5316.940000
5303.500000
5308.240000
5318.120000
5306.799999
5308.540000
5320.480000
5309.120000
5310.340000
5325.519999
5309.100000
5315.280001
5321.200000
5300.460001
5311.400000
5322.700000
5314.400000
5313.540000
5325.619999
5316.440000
5307.060000
5323.640000
5313.840000
5303.580000
5317.340001
5303.300000
5306.539999
5312.440000
5313.760000
5296.160000
5318.980000
5302.820000
5305.800000
5335.620000
5315.420000
5316.920000
5315.140001
5315.260001
5309.360000
5331.859999
5317.360001
5314.379999
5323.920000
5309.200000
5309.040000
5316.920000
5312.120001
5314.259999
5311.440000
5308.120000
5306.940000
5313.860000
5306.559999
5313.600000
5315.960000
5311.900000
5302.780000
5318.020000
5335.800000
5321.540001
5318.860000
5305.860000
5305.600000
5309.700000
5318.000000
5314.740000
5310.260000
5308.500000
5309.459999
5307.400000
5310.719999
5311.680000
5311.360000
5315.460000
5313.660000
5313.560001
5315.820000
5311.179999
5316.520001
5316.860000
5311.000001
5304.260000
5318.680000
5317.260000
5313.560000
5408.020000
5310.000001
5308.180000
5327.760001
5311.240001
5314.120000
5322.320000
5305.760000
5311.699999
5314.739999
5302.700000
5313.980000
5316.020000
5305.260000
5304.040000
5324.139999
5360.040000
5313.980000
5314.940000
5310.280000
5307.000000
5315.780000
5350.600000
5308.859999
5331.400000
5314.500000
5302.060000
5317.820000
5309.859999
5315.180000
5319.180000
5304.440000
5302.480000
5318.140000
5304.640000
5305.339999
5315.120000
5313.040000
5309.340000
5309.200000
5313.960000
5311.300000
5320.460000
5312.500000
5307.080000
5322.200000
5304.660000
5309.239999
5316.880000
5308.140000
5313.600000
5315.120000
5310.480000
5308.580000
5314.380000
5303.840000
5309.579999
5318.800000
5311.380000
5315.400001
5321.820000
5309.380000
5307.820000
5322.580000
5311.360000
5307.340000
5322.400000
5310.959999
5306.320000
5319.860000
5307.259999
5316.380001
5322.780000
5314.040000
5304.439999
5316.600000
5309.320000
5318.960000
5398.739999
5303.099999
5306.760000
5319.540001
5306.179999
5316.040000
5308.220000
5316.900000
5305.880000
5307.040000
5316.840000
5314.380000
5309.020000
5315.540000
5301.960001
5306.280000
5320.240000
5310.920000
5319.260000
5318.720000
5310.920000
5304.479999
5317.620001
5313.600000
5315.480000
5317.980000
5308.460000
5306.720001
5320.160000
5308.420000
5310.840000
5318.240000
5310.460000
5308.900000
5319.500000
5312.300000
5309.540000
5322.760001
5315.320000
5305.020000
5318.639999
5307.940000
5317.380000
5321.880000
5304.400001
5300.220000
5314.400000
5317.040000
5313.520000
5318.260000
5306.980000
5302.380000
5317.340000
5320.460000
5309.400000
5311.360001
5312.380000
5305.320000
5317.880000
5307.880000
5319.420001
5398.200000
5310.540000
5310.680000
5313.920000
5307.000000
5306.920000
5318.260000
5315.020000
5310.480000
5317.140000
5315.540000
5315.520000
5315.420000
5305.720001
5305.120000
5316.340000
5317.040000
5307.500000
5314.160000
5313.320000
5313.060000
5315.580000
5304.880000
5307.480001
5314.280000
5302.720000
5307.020000
5319.380000
5306.800000
5311.100000
5316.420000
5316.280000
5308.900001
5308.639999
5326.340000
5310.580000
5314.880000
5317.140000
5309.800000
5313.420000
5319.859999
5312.160000
5310.839999
5318.560001
5309.620000
5306.000000
5314.999999
5317.280000
5306.740000
5315.220000
5310.400001
5309.580000
5317.740000
5309.880001
5305.260000
5310.100000
5306.180000
5309.719999
5317.840000
5314.080000
5309.460000
5323.000000
5312.799999
5307.560000
5316.920000
5311.780000
5310.700000
5318.860000
5317.840001
5316.420000
5317.540000
5307.340001
5305.319999
5313.180000
5319.279999
5315.160001
5325.840000
5354.700000
5311.819999
5322.140000
5313.920001
5309.980000
5318.200001
5315.940000
5316.520000
5326.620000
5310.720000
5301.240000
5313.780000
5304.780001
5310.980001
5325.340000
5308.480000
5305.679999
5316.220000
5313.800001
5317.140000
5321.300000
5309.120000
5316.420000
5327.060000
5316.040000
5315.020000
5325.560000
5317.700000
5307.960000
5325.220000
5309.080000
5308.740000
5339.780000
5311.940000
5309.100000
5322.100000
5308.760000
5311.360000
5394.700000
5356.020000
5319.540001
5318.059999
5309.219999
5307.019999
5316.240001
5311.300000
5311.960000
5328.380001
5308.420000
5313.280000
5316.079999
5308.260000
5308.960000
5322.360001
5308.860000
5314.160001
5335.000000
5311.940000
5315.380000
5315.120000
5310.520000
5305.700000
5321.320000
5307.280000
5316.500001
5400.979999
5305.680000
5307.660000
5324.320000
5301.840000
5310.940000
5328.860000
5305.260000
5315.660000
5325.420000
5313.760000
5310.180000
5313.020000
5305.500000
5303.480000
5320.460000
5312.260000
5308.620000
5318.680000
5309.280000
5301.560000
5316.020000
5308.880000
5311.180000
5313.560000
5310.679999
5308.820000
5318.260000
5308.880000
5308.420000
5323.480000
5309.660000
5310.020000
5321.020001
5305.900000
5313.379999
5321.980000
5308.639999
5306.320000
5323.340000
5310.219999
5312.260000
5313.200000
5302.580000
5313.220000
5327.140000
5311.480001
5312.639999
5321.719999
5307.160000
5315.020000
5316.219999
5309.300000
5310.920000
5320.640001
5310.460000
5316.100000
5555.740000
5312.480001
5317.220001
5318.100001
5308.360000
5311.160000
5309.880001
5308.700000
5377.280001
5321.060000
5305.800000
5306.640000
5319.140000
5311.880000
5370.640000
5318.580000
5306.620000
5311.500000
5317.160000
5312.120000
5315.780000
5313.440000
5307.140000
5304.280000
5396.360001
5313.960000
5312.100000
5317.620000
5307.680000
5304.080000
5330.880000
5317.700000
5308.180000
5316.840000
5422.100000
5304.640000
5321.260001
5307.680001
5300.899999
5329.360000
5311.160000
5317.100000
5317.100001
5307.980000
5310.740000
5312.799999
5310.080000
5308.440000
5318.539999
5308.160000
5313.100000
5317.920000
5313.080001
5310.520000
5324.820000
5309.440000
5310.740001
5321.000000
5307.800001
5310.400001
5314.920000
5302.780000
5306.560000
5315.240000
5322.559999
5316.480000
5307.700001
5318.940001
5313.340000
5316.439999
5317.040000
5308.220000
5310.980000
5323.520000
5315.680000
5311.360000
5403.220001
5308.020000
5304.540000
5309.500000
5315.700000
5314.360000
5317.020000
5317.919999
5307.440000
5322.160000
5306.760000
5310.620001
5319.900000
5310.720000
5314.820000
5322.700000
5306.760000
5557.980000
5304.219999
5314.280000
5309.400000
5315.300000
5311.300000
5308.140000
5306.600000
5310.780000
5313.120000
5321.480000
5312.720000
5307.280000
5320.320000
5313.100000
5309.140000
5318.120000
5307.980000
5303.939999
5314.780000
5308.119999
5379.600000
5325.280000
5312.940000
5312.580000
5315.839999
5307.220001
5310.760000
5320.640001
5311.380000
5310.040000
5321.720000
5316.939999
5307.040000
5325.900001
5308.560000
5310.620000
5330.320000
5305.980000
5302.540001
5325.720000
5309.100000
5309.200000
5312.140000
5310.160000
5306.659999
5324.019999
5308.639999
5313.460000
5314.300000
5309.920000
5306.820000
5317.400000
5308.040000
5312.520000
5319.040000
5313.640000
5307.340000
5317.180000
5311.460000
5303.460000
5319.720000
5312.040000
5304.160000
5323.040000
5309.840000
5308.180000
5315.660000
5307.879999
5307.860000
5313.200001
5314.680000
5310.900000
5323.580000
5308.260000
5312.860000
5317.740000
5308.240000
5313.400000
5317.800000
5300.380000
5308.560000
5326.080000
5302.500000
5310.140001
5316.319999
5299.200000
5308.639999
5305.540000
5317.980001
5309.060001
5302.960000
5316.220000
5313.000000
5312.260000
5318.180000
5309.840000
5303.580000
5316.480001
5304.080000
5312.840001
5315.820000
5311.940000
5309.240000
5319.180000
5314.720000
5310.800000
5319.840000
5311.120000
5318.560000
5316.380000
5313.340001
5309.040000
5314.980000
5309.239999
5309.440000
5316.100000
5313.020000
5315.100000
5314.120000
5309.540000
5298.740000
5316.360001
5311.520000
5308.900000
5323.220000
5309.060000
5307.220000
5319.820000
5316.760000
5311.100000
5313.640000
5314.520000
5307.820001
5315.840000
5302.080001
5308.580000
5320.280001
5313.680001
5319.440000
5314.360000
5305.440000
5304.860000
5312.640000
5308.560000
5307.580000
5321.819999
5307.060000
5373.160000
5314.460000
5310.540000
5310.160001
5320.080000
5311.760000
5315.940000
5314.100000
5303.540001
5303.340000
5316.080000
5310.939999
5310.380000
5321.380000
5307.260000
5301.700000
5315.300000
5307.420000
5306.900000
5400.239999
5301.840000
5316.000000
5315.580000
5305.260000
5310.000001
5317.380000
5304.459999
5315.300000
5316.840000
5303.480000
5296.519999
5304.660000
5320.960000
5364.480000
5306.920000
5317.640000
5316.040000
5311.340000
5315.980000
5305.419999
5310.420000
5319.460000
5307.280000
5304.320000
5309.780000
5306.340001
5309.900000
5318.760000
5303.820000
5311.040000
5319.540001
5313.760000
5309.600000
5322.079999
5309.460000
5315.240000
5317.160000
5309.320000
5305.200000
5321.480000
5312.680000
5313.700000
5320.180000
5308.840000
5310.520000
5314.000000
5310.180000
5313.000000
5313.480000
5308.520000
5310.099999
5319.159999
5306.160000
5309.619999
5317.740000
5312.460000
5315.800000
5318.320001
5312.820000
5314.500000
5319.340000
5316.300000
5312.380000
5319.420000
5306.620000
5312.140000
5309.800000
5301.860000
5304.780000
5313.279999
5312.020000
5305.060000
5318.740000
5309.220000
5313.180001
5311.340000
5307.740000
5307.620000
5323.320000
5306.240001
5314.160001
5314.160000
5303.560000
5313.700001
5320.720000
5302.380000
5310.840000
5320.240000
5307.600000
5310.719999
5317.000000
5307.260000
5313.480000
5317.140000
5305.100000
5310.660000
5313.700000
5305.960000
5313.180000
5314.120000
5310.880001
5313.740000
5318.020000
5307.520000
5303.099999
5320.880000
5313.000000
5313.000000
5335.400000
5312.899999
5315.620000
5318.240000
5313.600000
5312.460000
5327.400000
5313.780000
5317.980000
5326.820000
5315.560000
5306.420000
5319.520000
5300.520000
5314.180001
5322.660000
5310.980001
5313.720000
5322.560000
5308.859999
5310.020001
5321.480000
5350.080000
5312.940001
5320.180000
5311.940000
5301.880000
5322.699999
5316.080000
5308.220000
5323.940000
5306.320000
5311.740000
5329.600000
5309.120000
5311.320000
5327.980000
5307.860000
5306.900000
5319.900000
5310.060000
5305.040000
5324.060000
5317.240000
5314.460000
5319.860000
5310.120000
5306.820000
5320.060000
5313.140000
5310.500000
5318.340000
5308.640000
5311.260000
5321.520001
5307.480000
5313.500000
5305.900000
5311.360001
5313.600000
5315.160000
5305.740000
5309.080000
5314.980000
5315.479999
5309.560000
5323.840000
5304.780000
5308.460000
5313.140000
5329.800000
5307.600000
5313.280000
5318.800000
5307.200000
5317.580000
5318.120001
5315.800000
5315.260000
5321.840000
5302.500000
5308.840000
5316.780000
5315.980000
5306.800000
5316.460000
5310.660000
5311.000000
5315.100000
5309.220000
5305.160000
5316.560000
5308.999999
5312.580000
5313.580000
