0.078000
0.081000
0.098000
0.096000
0.096000
0.085000
0.098000
0.096000
0.096000
0.096000
0.096000
0.096000
0.122000
0.096000
0.096000
0.081000
0.098000
0.096000
0.096000
0.096000
0.096000
0.095000
0.096000
0.096000
0.096000
0.120000
0.081000
0.123000
0.096000
0.095000
0.096000
0.096000
0.096000
0.095000
0.085000
0.099000
0.096000
0.096000
0.096000
0.081000
0.098000
0.128000
0.120000
0.119000
0.082000
0.099000
0.094000
0.083000
0.096000
0.093000
0.083000
0.097000
0.094000
0.083000
0.097000
0.093000
0.083000
0.097000
0.094000
0.093000
0.082000
0.096000
0.094000
0.094000
0.082000
0.097000
0.094000
0.094000
0.082000
0.097000
0.093000
0.083000
0.096000
0.093000
0.083000
0.097000
0.094000
0.082000
0.097000
0.094000
0.081000
0.097000
0.094000
0.083000
0.122000
0.093000
0.084000
0.122000
0.120000
0.083000
0.097000
0.094000
0.094000
0.083000
0.097000
0.094000
0.082000
0.097000
0.093000
0.083000
0.096000
0.094000
0.083000
0.097000
0.094000
0.084000
0.097000
0.094000
0.082000
0.097000
0.094000
0.094000
0.082000
0.097000
0.094000
0.081000
0.096000
0.094000
0.094000
0.094000
0.094000
0.095000
0.094000
0.094000
0.094000
0.094000
0.095000
0.094000
0.094000
0.094000
0.094000
0.094000
0.082000
0.097000
0.094000
0.082000
0.096000
0.093000
0.083000
0.097000
0.094000
0.083000
0.097000
0.095000
0.094000
0.095000
0.094000
0.094000
0.081000
0.097000
0.094000
0.095000
0.094000
0.094000
0.081000
0.097000
0.095000
0.094000
0.094000
0.094000
0.094000
0.095000
0.094000
0.094000
0.082000
0.096000
0.094000
0.084000
0.096000
0.119000
0.083000
0.097000
0.094000
0.083000
0.097000
0.093000
0.082000
0.097000
0.094000
0.083000
0.097000
0.094000
0.083000
0.097000
0.094000
0.083000
0.097000
0.094000
0.082000
0.097000
0.094000
0.083000
0.096000
0.093000
0.083000
0.096000
0.094000
0.083000
0.097000
0.093000
0.082000
0.097000
0.093000
0.083000
0.097000
0.094000
0.083000
0.097000
0.094000
0.083000
0.097000
0.093000
0.088000
0.097000
0.094000
0.083000
0.096000
0.093000
0.083000
0.097000
0.094000
0.083000
0.097000
0.093000
0.082000
0.097000
0.093000
0.083000
0.096000
0.094000
0.083000
0.096000
0.094000
0.082000
0.097000
0.094000
0.082000
0.097000
0.094000
0.083000
0.096000
0.094000
0.083000
0.097000
0.094000
0.083000
0.097000
0.093000
0.082000
0.097000
0.094000
0.083000
0.096000
0.094000
0.088000
0.125000
0.120000
0.083000
0.097000
0.122000
0.084000
0.097000
0.094000
0.083000
0.096000
0.094000
0.083000
0.097000
0.094000
0.083000
0.097000
0.093000
0.083000
0.096000
0.094000
0.083000
0.096000
0.093000
0.083000
0.097000
0.094000
0.083000
0.097000
0.093000
0.082000
0.097000
0.094000
0.083000
0.123000
0.093000
0.081000
0.097000
0.094000
0.083000
0.097000
0.094000
0.082000
0.129000
0.094000
0.106000
0.096000
0.094000
0.083000
0.096000
0.094000
0.083000
0.097000
0.093000
0.082000
0.097000
0.093000
0.083000
0.096000
0.094000
0.083000
0.097000
0.094000
0.083000
0.097000
0.093000
0.082000
0.097000
0.094000
0.082000
0.096000
0.094000
0.083000
0.097000
0.094000
0.083000
0.097000
0.093000
0.083000
0.097000
0.094000
0.081000
0.096000
0.093000
0.083000
0.097000
0.118000
0.083000
0.097000
0.093000
0.082000
0.097000
0.093000
0.081000
0.096000
0.093000
0.081000
0.097000
0.094000
0.083000
0.097000
0.093000
0.082000
0.097000
0.094000
0.096000
0.097000
0.093000
0.083000
0.097000
0.094000
0.081000
0.097000
0.093000
0.082000
0.097000
0.094000
0.083000
0.096000
0.094000
0.081000
0.097000
0.094000
0.083000
0.097000
0.094000
0.082000
0.097000
0.120000
0.083000
0.096000
0.094000
0.083000
0.097000
0.094000
0.081000
0.097000
0.094000
0.081000
0.097000
0.093000
0.093000
0.082000
0.097000
0.094000
0.083000
0.096000
0.094000
0.083000
0.097000
0.094000
0.081000
0.097000
0.093000
0.082000
0.097000
0.093000
0.083000
0.096000
0.094000
0.081000
0.097000
0.094000
0.081000
0.097000
0.093000
0.082000
0.097000
0.094000
0.083000
0.096000
0.119000
0.094000
0.094000
0.081000
0.097000
0.094000
0.083000
0.096000
0.093000
0.083000
0.206000
0.119000
0.081000
0.097000
0.094000
0.081000
0.096000
0.095000
0.093000
0.083000
0.096000
0.094000
0.082000
0.096000
0.094000
0.083000
0.096000
0.094000
0.082000
0.097000
0.094000
0.081000
0.096000
0.093000
0.082000
0.097000
0.093000
0.081000
0.096000
0.094000
0.081000
0.096000
0.094000
0.096000
0.094000
0.083000
0.096000
0.094000
0.081000
0.096000
0.094000
0.083000
0.096000
0.093000
0.082000
0.097000
0.094000
0.083000
0.096000
0.093000
0.082000
0.096000
0.094000
0.083000
0.096000
0.094000
0.082000
0.097000
0.094000
0.081000
0.096000
0.094000
0.082000
0.097000
0.094000
0.083000
0.096000
0.094000
0.082000
0.097000
0.094000
0.083000
0.096000
0.093000
0.082000
0.122000
0.094000
0.081000
0.096000
0.094000
0.082000
0.097000
0.094000
0.081000
0.096000
0.093000
0.082000
0.097000
0.093000
0.083000
0.096000
0.093000
0.082000
0.097000
0.094000
0.083000
0.096000
0.094000
0.082000
0.097000
0.094000
0.083000
0.096000
0.093000
0.082000
0.097000
0.093000
0.081000
0.096000
0.094000
0.082000
0.097000
0.094000
0.083000
0.096000
0.094000
0.082000
0.097000
0.119000
0.083000
0.132000
0.094000
0.094000
0.094000
0.095000
0.094000
0.094000
0.094000
0.094000
0.095000
0.094000
0.093000
0.082000
0.096000
0.094000
0.083000
0.096000
0.094000
0.082000
0.097000
0.094000
0.083000
0.096000
0.094000
0.082000
0.097000
0.093000
0.081000
0.096000
0.094000
0.082000
0.097000
0.094000
0.081000
0.096000
0.093000
0.082000
0.097000
0.094000
0.083000
0.096000
0.095000
0.083000
0.097000
0.094000
0.094000
0.094000
0.094000
0.094000
0.095000
0.094000
0.095000
0.094000
0.095000
0.094000
0.094000
0.094000
0.094000
0.082000
0.096000
0.093000
0.083000
0.096000
0.094000
0.081000
0.097000
0.094000
0.083000
0.095000
0.093000
0.082000
0.097000
0.094000
0.081000
0.096000
0.094000
0.082000
0.097000
0.093000
0.081000
0.095000
0.094000
0.082000
0.099000
0.094000
0.083000
0.096000
0.093000
0.082000
0.096000
0.094000
0.086000
0.096000
0.094000
0.081000
0.096000
0.094000
0.083000
0.096000
0.094000
0.082000
0.097000
0.094000
0.083000
0.096000
0.094000
0.082000
0.096000
0.094000
0.083000
0.096000
0.094000
0.082000
0.097000
0.094000
0.094000
0.081000
0.097000
0.094000
0.124000
0.094000
0.095000
0.095000
0.093000
0.081000
0.097000
0.095000
0.094000
0.081000
0.097000
0.094000
0.083000
0.096000
0.094000
0.082000
0.097000
0.094000
0.083000
0.096000
0.094000
0.082000
0.097000
0.094000
0.083000
0.096000
0.094000
0.083000
0.097000
0.094000
0.083000
0.096000
0.094000
0.083000
0.097000
0.094000
0.083000
0.096000
0.093000
0.082000
0.097000
0.094000
0.083000
0.096000
0.094000
0.083000
0.097000
0.094000
0.082000
0.096000
0.119000
0.082000
0.097000
0.094000
0.083000
0.096000
0.094000
0.082000
0.097000
0.093000
0.083000
0.096000
0.094000
0.082000
0.097000
0.094000
0.083000
0.096000
0.094000
0.094000
0.083000
0.096000
0.094000
0.082000
0.097000
0.094000
0.083000
0.096000
0.093000
0.082000
0.097000
0.094000
0.083000
0.096000
0.094000
0.083000
0.097000
0.094000
0.083000
0.097000
0.093000
0.082000
0.122000
0.094000
0.083000
0.096000
0.094000
0.082000
0.097000
0.094000
0.084000
0.096000
0.093000
0.082000
0.097000
0.094000
0.082000
0.096000
0.094000
0.081000
0.097000
0.094000
0.081000
0.096000
0.094000
0.082000
0.097000
0.094000
0.083000
0.096000
0.094000
0.082000
0.097000
0.094000
0.083000
0.096000
0.094000
0.083000
0.097000
0.094000
0.081000
0.096000
0.093000
0.082000
0.097000
0.119000
0.083000
0.096000
0.093000
0.081000
0.096000
0.094000
0.082000
0.096000
0.093000
0.082000
0.096000
0.093000
0.083000
0.096000
0.117000
0.082000
0.097000
0.094000
0.083000
0.097000
0.094000
0.082000
0.096000
0.094000
0.106000
0.082000
0.097000
0.094000
0.083000
0.096000
0.094000
0.094000
0.083000
0.096000
0.094000
0.082000
0.097000
0.094000
0.083000
0.096000
0.093000
0.084000
0.114000
0.094000
0.094000
0.094000
0.083000
0.096000
0.093000
0.082000
0.097000
0.094000
0.083000
0.096000
0.125000
0.083000
0.097000
0.094000
0.081000
0.096000
0.094000
0.093000
0.081000
0.096000
0.093000
0.082000
0.097000
0.094000
0.081000
0.096000
0.094000
0.082000
0.097000
0.095000
0.094000
0.081000
0.097000
0.094000
0.083000
0.096000
0.093000
0.082000
0.097000
0.094000
0.089000
0.096000
0.094000
0.081000
0.096000
0.093000
0.081000
0.096000
0.126000
0.082000
0.097000
0.094000
0.083000
0.096000
0.093000
0.082000
0.097000
0.094000
0.083000
0.096000
0.094000
0.082000
0.097000
0.094000
0.083000
0.096000
0.094000
0.082000
0.097000
0.094000
0.082000
0.096000
0.094000
0.094000
0.093000
0.082000
0.097000
0.094000
0.082000
0.096000
0.094000
0.082000
0.097000
0.097000
0.083000
0.127000
0.094000
0.082000
0.097000
0.094000
0.083000
0.096000
0.093000
0.082000
0.097000
0.094000
0.083000
0.097000
0.095000
0.082000
0.097000
0.094000
0.094000
0.082000
0.097000
0.094000
0.093000
0.082000
0.097000
0.094000
0.085000
0.096000
0.093000
0.082000
0.097000
0.094000
0.083000
0.096000
0.094000
0.082000
0.096000
0.094000
0.083000
0.096000
0.093000
0.082000
0.124000
0.094000
0.093000
0.081000
0.097000
0.094000
0.086000
0.123000
0.139000
0.093000
0.082000
0.097000
0.094000
0.083000
0.096000
0.093000
0.083000
0.097000
0.094000
0.083000
