34.720002
23.420000
21.940000
21.019999
20.980000
21.000000
21.640001
21.020001
20.939998
21.000000
21.259999
20.940000
21.360001
21.059999
20.920001
21.700000
21.000000
20.900000
21.000000
21.060001
21.020001
20.920001
21.159999
21.000000
20.879999
30.479999
35.100000
37.260000
37.139999
37.560001
32.960000
31.660000
31.380000
31.199999
32.520000
31.920001
27.880000
28.220000
29.360000
28.340001
30.120000
34.899998
36.139999
33.439999
32.560000
30.040000
30.840000
29.540000
31.340001
29.579999
29.400000
27.460000
27.620001
28.380001
43.420000
33.199999
24.140000
21.620000
21.100000
20.959999
21.180000
21.040000
21.340001
22.240000
21.120001
21.560000
20.860001
21.019999
20.800000
23.720000
21.460000
21.220000
20.940000
20.900000
21.980001
21.000000
20.980000
21.160001
20.840000
21.400001
21.240000
20.959999
21.380000
20.980000
23.360001
21.599999
21.500001
20.919999
21.000000
21.120001
20.940000
20.959999
21.100000
21.160001
20.900000
20.920001
21.180000
21.019999
21.019999
21.720000
20.860000
20.860000
21.200001
21.000000
20.940000
21.000000
20.919999
20.920001
21.080000
20.880001
20.860001
21.080000
21.560000
21.019999
21.160001
21.080000
21.140002
21.079998
20.919999
20.180000
20.959999
21.120001
21.180000
21.060001
20.800000
21.260001
20.779999
21.059999
25.940001
21.240000
21.120001
21.180000
20.959999
20.920001
20.980000
21.000000
20.880001
21.020001
20.959999
20.840000
20.880001
21.040000
20.940000
23.020001
21.799998
21.340001
20.900000
20.860000
21.299999
21.080000
21.259999
21.000000
20.839998
20.959999
20.900000
21.120001
20.860001
20.819999
21.119999
20.940000
20.920001
21.020001
20.980000
20.919999
21.119999
21.260001
21.160001
21.000000
20.940000
21.000000
21.020001
20.919999
20.940000
21.159999
21.000002
20.840000
20.940000
20.959999
20.880001
20.919999
21.079998
21.140000
20.919999
20.860001
20.900000
20.959999
21.019999
20.959999
21.259999
21.260001
21.140000
20.900000
21.240000
20.940000
21.020001
21.060001
21.180000
21.100000
21.019999
21.120001
21.019999
21.240002
21.059999
22.140000
21.700000
21.220000
21.600001
21.040000
21.000002
21.280000
21.180000
21.000000
21.280000
20.460000
21.140000
21.020001
20.919999
20.900000
21.120001
20.860001
21.100000
21.200001
20.880001
20.860000
21.080000
21.159999
20.980000
21.100001
21.100000
21.120001
20.900000
20.880001
20.920001
21.900000
21.299999
21.019999
21.079998
20.920001
20.940000
20.919999
20.919999
20.900000
20.880001
21.120001
20.959999
20.840000
20.880001
21.000000
20.920001
21.100000
20.920001
20.920001
20.840000
20.940000
20.900000
20.940000
20.940000
20.860000
20.879999
20.919999
20.860000
20.880001
22.160001
21.320000
20.920001
21.000000
20.920001
20.919999
20.879999
20.900000
20.959999
20.900000
20.919999
20.920001
20.879999
20.919999
20.920001
21.100000
20.939998
20.820001
20.860000
21.040000
20.860000
20.860000
20.860000
21.040000
20.920001
20.880001
20.879999
20.980000
20.979999
20.940000
20.900000
20.919999
20.939998
20.840000
20.940000
20.900000
20.860000
20.860001
20.940000
20.940000
20.900000
20.919999
20.900000
20.880001
20.919999
21.399999
21.160001
20.900000
20.900002
21.299999
20.860000
20.800000
20.920001
20.879999
20.900000
21.020001
20.940000
20.919999
20.900000
20.920001
21.359999
20.900000
20.840000
20.919999
20.839998
22.000000
21.020001
20.919999
20.900000
20.940000
20.919999
20.940000
20.900000
20.919999
20.920001
20.220000
20.920001
20.919999
20.919999
20.819999
20.880001
20.819999
20.940000
20.960001
20.880001
21.040000
20.900000
20.919999
20.940000
20.879999
21.000000
20.940000
20.940000
20.820001
20.940000
20.920001
20.880001
20.900000
20.860000
20.900000
20.920001
20.900000
20.800000
20.940000
20.900000
20.939998
20.900000
20.980000
20.820001
20.800000
20.940000
20.820001
20.760000
20.900000
20.820001
20.940000
21.040000
20.860000
20.860000
20.940000
20.800000
20.860000
20.940000
20.940000
20.940000
20.900000
20.919999
20.940000
20.919999
20.940000
20.880001
20.960001
20.940000
20.880001
20.919999
20.860000
20.760000
20.879999
20.920001
20.940000
20.940000
20.920001
20.819999
20.839998
20.919999
20.920001
20.920001
20.940000
20.919999
20.940000
20.820001
20.840000
20.900000
20.900000
20.940000
20.920001
20.920001
20.760000
20.939998
20.760002
20.940000
20.940000
20.920001
20.900000
20.900000
20.919999
20.739999
20.940000
20.920001
20.900000
20.900000
20.880001
20.940000
20.860000
20.880001
20.940000
20.880001
20.800000
20.940000
20.800000
20.900000
20.880001
20.880001
20.900000
20.920001
20.860000
20.900000
20.860000
20.940000
20.900000
21.000000
20.940000
20.920001
20.920001
20.900000
20.860000
20.920001
20.800000
20.900000
20.920001
20.959999
20.940000
20.779999
20.860000
20.839998
20.860000
20.900000
20.900000
20.940000
21.040000
20.900000
20.919999
20.879999
20.940000
20.879999
20.840000
20.919999
20.900000
20.940000
20.940000
20.919999
20.860000
20.860001
20.880001
20.920001
20.900000
20.240000
20.920001
20.940000
20.940000
20.920001
20.840000
20.940000
20.879999
20.879999
20.860000
20.919999
20.919999
20.939998
21.360001
20.980000
20.880001
20.919999
20.760002
20.920001
20.819999
20.820001
20.920001
20.860001
20.860000
20.880001
20.940000
20.940000
20.920001
20.880001
20.879999
20.880001
20.900002
20.940000
20.819999
20.940000
20.820001
20.920001
20.880001
20.900000
20.900000
20.900002
20.900000
20.900000
20.900000
20.919999
20.919999
20.919999
20.940000
21.220000
20.940000
20.860000
20.879999
20.840000
20.919999
20.940000
20.919999
20.920001
20.920001
20.900000
20.919999
20.939998
20.900000
20.800000
20.740001
20.880001
20.940000
20.940000
20.940000
20.900000
20.919999
20.960001
20.920001
20.880001
20.940000
20.780001
20.880001
20.959999
20.960001
20.919999
20.940000
20.920001
20.920001
20.919999
20.940000
20.900000
20.819999
20.860001
20.919999
20.920001
20.920001
20.920001
20.819999
20.760000
20.940000
20.919999
20.940000
20.900000
20.959999
20.920001
20.919999
20.940000
20.920001
20.880001
21.100000
20.880001
20.900002
20.919999
20.840000
20.880001
20.940000
20.879999
20.840000
20.879999
20.920001
20.919999
20.820001
20.920001
21.000000
21.020001
20.900000
20.880001
20.880001
21.040000
20.920001
20.920001
20.860000
20.940000
20.880001
20.879999
20.919999
20.919999
20.880001
20.940000
20.900000
20.840000
20.940000
20.879999
20.819999
20.900000
20.900000
20.219998
21.120001
20.860000
20.919999
20.819999
20.940000
20.900000
20.919999
20.920001
20.940000
20.900000
20.140000
20.960001
20.940000
20.860000
20.920001
20.900000
20.900000
20.940000
20.860000
20.860000
20.959999
21.119999
20.900000
20.940000
20.840000
20.940000
20.860000
20.960001
20.959999
21.059999
20.940000
20.860000
20.940000
20.900000
20.920001
20.900000
20.979999
20.940000
20.900000
20.940000
20.760000
20.919999
20.879999
20.820001
20.819999
20.919999
20.880001
20.860000
20.919999
20.880001
20.920001
20.900000
20.900000
20.880001
20.860000
20.920001
20.919999
20.920001
20.860000
20.919999
20.919999
20.900000
20.900000
20.840000
20.959999
20.740001
20.900000
20.840000
20.920001
20.919999
20.879999
20.900000
20.920001
20.840000
21.040000
20.900000
20.900000
20.820001
20.900000
20.900002
20.940000
20.920001
20.919999
20.920001
20.860000
20.860000
20.860000
20.940000
20.860000
20.880001
20.940000
20.920001
20.920001
20.860000
20.900000
20.940000
20.860000
20.900000
20.840000
20.880001
20.860000
20.860000
20.879999
20.979999
20.959999
20.840000
20.800000
20.900002
20.960001
20.919999
20.940000
20.840000
20.880001
20.839998
20.900000
20.880001
20.919999
20.840000
20.839998
20.940000
20.919999
20.920001
20.860000
20.880001
20.820001
20.919999
20.940000
20.920001
21.260001
20.940000
20.820001
20.420000
20.839998
20.919999
20.920001
20.879999
20.920001
20.860000
20.860000
20.920001
20.919999
20.860000
20.879999
20.900000
20.919999
20.900000
20.920001
20.840000
20.940000
20.959999
20.840000
20.920001
20.940000
20.900000
20.919999
20.860001
20.900000
20.819999
20.819999
20.959999
20.860001
20.000000
20.900000
20.860001
20.860000
20.959999
20.920001
20.939998
20.919999
20.900000
20.940000
20.900000
20.860000
20.880001
20.920001
20.900000
20.900000
20.900000
20.940000
20.940000
20.840000
20.900000
20.819999
20.919999
20.779999
20.860001
20.920001
20.900000
20.840000
20.800000
20.920001
20.900000
20.820001
20.880001
20.880001
20.880001
20.840000
20.880001
20.959999
20.919999
21.040000
20.880001
20.920001
20.940000
20.860001
20.860000
20.959999
20.880001
20.919999
20.940000
20.940000
20.920001
20.860001
20.780001
20.940000
25.820000
20.920001
20.919999
20.919999
20.879999
20.920001
20.820001
20.840000
20.900000
20.920001
20.939998
20.879999
20.920001
20.940000
20.839998
37.240000
20.940000
20.860000
20.900000
20.920001
20.920001
20.940000
20.940000
20.879999
20.919999
20.919999
20.919999
20.919999
20.940000
20.860000
21.019999
20.880001
20.860000
20.860000
20.959999
20.919999
20.940000
20.900000
20.840000
20.860000
20.919999
20.839998
20.700000
20.920001
20.880001
21.019999
20.940000
20.920001
20.920001
20.919999
20.880001
20.860000
20.919999
20.940000
20.920001
20.919999
20.900000
20.900000
20.920001
20.940000
20.860000
20.879999
20.860000
20.819999
20.920001
20.879999
20.900000
20.940000
20.879999
20.919999
20.860000
20.900000
20.900000
20.959999
20.939998
20.940000
20.739999
21.019999
20.900000
20.940000
20.860000
21.019999
20.880001
20.959999
20.940000
20.980000
20.600000
20.880001
21.040000
20.900000
20.800000
20.940000
20.980000
21.019999
20.919999
20.919999
20.900000
20.860001
20.920001
21.000002
20.940000
21.019999
20.919999
21.299999
20.839998
21.059999
20.939998
20.879999
20.880001
20.860000
20.879999
20.860001
20.920001
20.940000
20.940000
20.920001
20.919999
20.860000
20.860000
20.940000
20.860001
20.940000
20.860000
20.919999
20.919999
20.820001
20.860000
20.939998
20.779999
20.900000
20.860000
21.020001
20.940000
20.900000
20.920001
21.040000
20.880001
20.880001
20.900000
20.800000
20.940000
21.019999
20.840000
20.920001
20.900000
20.940000
20.940000
20.919999
20.919999
20.919999
20.920001
20.919999
20.900000
20.940000
20.880001
20.880001
