560.280000
498.280000
473.500000
459.720000
445.360000
437.780000
427.280000
470.840000
486.680000
485.800000
567.640000
526.520000
436.680000
366.240000
329.000000
311.200000
315.500000
308.120000
304.080000
298.720000
300.340000
296.980000
297.580000
295.780000
296.960000
296.560000
298.600000
298.900000
295.780000
293.280000
297.180000
277.900000
271.280000
270.240000
269.760000
273.580000
276.260000
276.480000
275.140000
275.020000
276.760000
275.240000
274.620000
275.060000
280.960000
270.700000
280.520000
276.200000
276.960000
307.760000
269.000000
254.960000
253.020000
254.080000
256.660000
264.060000
278.520000
299.080000
308.980000
347.800000
353.320000
359.340000
421.600000
455.740000
463.300000
464.300000
459.100000
457.160000
454.100000
548.760000
501.540000
488.620000
471.140000
413.800000
389.740000
398.880000
396.040000
379.780000
364.440000
458.780000
541.360000
558.600000
523.160000
443.280000
345.560000
316.800000
310.080000
304.620000
303.520000
304.240000
303.300000
302.860000
305.120000
302.120000
300.660000
302.680000
302.240000
301.600000
301.420000
300.260000
308.920000
301.820000
303.400000
303.380000
304.480000
303.280000
303.460000
302.920000
302.160000
302.640000
301.560000
302.020000
303.040000
307.520000
302.720000
303.020000
302.740000
301.620000
305.560000
302.420000
299.900000
299.360000
302.060000
302.120000
300.820000
302.160000
305.160000
303.880000
301.640000
300.020000
302.480000
301.760000
302.580000
302.740000
301.500000
299.300000
302.120000
300.940000
302.460000
307.440000
298.500000
301.120000
304.600000
298.620000
303.560000
304.720000
304.680000
302.740000
304.660000
302.880000
303.520000
361.140000
498.340000
414.380000
392.300000
407.840000
418.200000
417.560000
400.120000
373.840000
369.660000
372.680000
375.300000
370.360000
366.740000
363.760000
365.140000
364.460000
366.720000
364.540000
368.020000
367.580000
365.420000
370.540000
367.940000
366.440000
366.020000
363.520000
365.620000
363.700000
365.420000
363.520000
369.020000
365.720000
370.800000
364.120000
364.600000
364.460000
365.180000
364.860000
367.320000
361.120000
365.780000
365.260000
364.620000
365.480000
367.100000
363.080000
359.740000
359.620000
359.900000
361.900000
364.740000
361.960000
364.860000
363.200000
367.200000
366.620000
365.500000
365.020000
364.840000
360.640000
363.220000
366.080000
362.520000
363.480000
361.940000
353.000000
339.600000
337.640000
344.120000
345.040000
348.680000
348.940000
349.260000
350.740000
348.620000
350.440000
351.260000
345.860000
344.600000
344.260000
345.260000
341.740000
346.400000
340.560000
345.300000
342.500000
342.580000
342.460000
344.700000
336.860000
340.880000
336.740000
339.300000
337.160000
341.100000
340.680000
339.140000
359.160000
365.040000
365.280000
343.400000
350.240000
348.900000
344.720000
350.200000
346.620000
351.240000
350.720000
348.560000
349.800000
348.060000
347.440000
338.260000
343.780000
347.660000
349.180000
346.320000
351.360000
348.480000
345.960000
348.120000
348.520000
350.780000
348.020000
342.460000
345.960000
347.100000
348.680000
347.640000
346.780000
344.640000
348.000000
346.140000
350.060000
348.580000
339.620000
342.040000
340.360000
340.360000
339.960000
338.200000
338.960000
348.160000
350.400000
344.660000
345.020000
343.920000
336.700000
338.460000
343.560000
339.900000
342.520000
340.760000
338.540000
339.920000
339.800000
340.320000
345.320000
340.540000
341.500000
345.320000
338.120000
339.160000
339.560000
340.640000
344.560000
342.880000
342.720000
340.700000
345.860000
340.800000
340.660000
341.160000
363.760000
361.880000
357.280000
365.640000
364.020000
363.600000
366.460000
374.840000
361.120000
365.700000
362.720000
360.520000
361.540000
362.560000
361.500000
362.880000
362.180000
356.960000
364.040000
362.820000
362.520000
357.640000
362.400000
361.860000
364.680000
362.820000
365.000000
358.780000
361.180000
366.880000
338.800000
338.540000
340.580000
341.620000
337.800000
358.200000
365.020000
363.120000
359.740000
362.380000
363.360000
363.600000
358.940000
358.060000
360.940000
363.360000
360.280000
363.060000
362.040000
363.480000
363.080000
360.400000
366.880000
362.380000
360.800000
360.480000
363.720000
360.820000
363.280000
363.240000
361.880000
363.820000
367.700000
369.140000
359.980000
362.560000
359.760000
360.840000
363.560000
364.380000
362.460000
362.640000
360.000000
361.540000
367.140000
364.200000
360.080000
361.620000
360.900000
364.820000
362.040000
361.860000
363.340000
361.860000
361.300000
363.000000
359.340000
362.880000
359.520000
359.660000
359.980000
362.080000
361.300000
362.040000
359.640000
362.080000
366.040000
359.020000
358.100000
360.680000
361.900000
359.680000
361.020000
359.380000
360.240000
360.700000
359.640000
356.360000
339.860000
341.020000
341.840000
337.580000
340.940000
339.980000
339.520000
338.680000
340.440000
339.340000
341.540000
343.580000
337.680000
337.820000
338.660000
342.940000
337.160000
341.360000
337.780000
339.460000
339.020000
340.800000
339.640000
352.660000
340.640000
341.100000
342.680000
346.240000
349.340000
348.760000
345.640000
347.520000
349.560000
347.640000
354.380000
339.720000
336.980000
337.580000
340.340000
339.000000
341.800000
343.620000
338.720000
338.180000
341.280000
342.640000
346.060000
349.960000
360.580000
361.840000
362.640000
362.080000
362.740000
359.900000
357.280000
366.080000
359.660000
371.380000
359.000000
364.020000
363.920000
364.580000
362.760000
364.820000
363.220000
361.780000
361.720000
361.680000
353.780000
339.800000
341.340000
340.960000
342.640000
340.140000
339.380000
336.720000
336.740000
333.640000
340.680000
337.500000
343.460000
339.960000
335.620000
345.040000
346.220000
348.160000
346.700000
345.180000
347.660000
348.760000
347.400000
352.260000
348.360000
348.180000
352.700000
347.960000
349.940000
345.700000
347.100000
344.860000
347.680000
343.020000
346.220000
349.160000
345.420000
346.580000
346.500000
345.700000
346.520000
350.800000
348.360000
350.340000
348.720000
348.900000
349.360000
340.440000
340.640000
340.980000
339.040000
340.080000
363.180000
361.280000
363.260000
360.360000
364.880000
363.080000
369.940000
359.620000
362.840000
362.080000
366.480000
362.900000
361.720000
361.140000
363.380000
361.960000
359.900000
365.020000
364.400000
360.800000
364.040000
361.440000
365.320000
363.460000
364.220000
366.040000
361.000000
368.020000
373.380000
366.500000
366.300000
362.100000
362.320000
365.720000
362.080000
360.980000
364.740000
366.720000
365.140000
371.680000
367.700000
363.200000
364.480000
363.840000
366.140000
362.960000
364.660000
366.040000
363.480000
363.700000
364.960000
360.840000
361.500000
362.400000
360.480000
362.420000
364.380000
362.780000
362.280000
364.500000
365.340000
349.160000
341.680000
351.340000
352.780000
353.680000
351.160000
344.000000
348.480000
346.460000
346.240000
348.120000
361.840000
350.660000
346.240000
348.500000
348.740000
349.120000
347.360000
344.320000
348.380000
349.000000
344.860000
343.400000
352.580000
346.120000
345.460000
349.820000
343.220000
348.660000
347.120000
347.600000
347.440000
350.420000
343.600000
350.260000
348.940000
346.700000
346.300000
351.900000
345.020000
347.040000
350.780000
350.680000
350.040000
346.400000
347.840000
349.440000
361.800000
360.120000
359.520000
361.140000
359.400000
366.100000
361.720000
359.340000
361.040000
360.720000
368.160000
364.220000
359.860000
359.500000
365.760000
364.780000
364.100000
363.860000
363.140000
361.160000
366.060000
369.220000
363.280000
359.380000
360.420000
356.520000
361.340000
365.240000
358.220000
361.340000
360.100000
359.600000
355.820000
346.320000
347.300000
345.180000
349.720000
348.340000
350.680000
347.900000
348.200000
347.500000
346.420000
347.660000
340.240000
339.040000
336.840000
338.080000
336.520000
338.480000
339.200000
337.320000
341.400000
344.120000
346.920000
361.560000
351.700000
350.420000
347.640000
346.180000
346.680000
345.300000
343.800000
347.420000
347.260000
348.120000
355.280000
357.340000
363.440000
360.680000
359.920000
355.660000
358.600000
359.100000
357.420000
359.920000
359.980000
360.120000
366.000000
362.820000
361.740000
366.420000
367.000000
366.840000
365.000000
367.140000
363.140000
361.580000
368.980000
365.540000
361.540000
366.120000
364.100000
362.720000
364.540000
363.800000
360.400000
365.780000
360.160000
372.220000
361.640000
364.300000
364.460000
364.480000
363.680000
363.720000
362.440000
365.040000
359.060000
363.560000
367.240000
360.940000
356.280000
360.860000
362.940000
360.800000
360.740000
364.500000
362.800000
363.820000
363.360000
362.300000
365.540000
364.880000
360.260000
362.540000
363.640000
362.820000
365.560000
364.040000
363.220000
368.040000
364.080000
345.140000
342.120000
339.660000
347.180000
349.260000
347.940000
349.300000
344.700000
347.480000
347.680000
344.000000
349.460000
342.880000
361.060000
359.760000
360.640000
362.100000
361.560000
359.400000
359.060000
362.480000
359.620000
363.340000
361.780000
359.460000
363.180000
362.660000
360.300000
362.240000
364.720000
362.600000
362.760000
357.720000
366.580000
363.580000
360.020000
362.160000
364.620000
361.120000
358.400000
357.620000
360.620000
362.600000
359.900000
364.500000
359.560000
364.620000
364.820000
362.620000
361.880000
359.360000
366.680000
359.680000
363.380000
362.700000
372.700000
362.340000
364.540000
359.360000
359.260000
361.720000
356.280000
361.800000
358.500000
358.120000
357.600000
369.380000
364.780000
361.220000
361.660000
360.420000
361.060000
364.940000
363.180000
362.180000
360.860000
361.940000
367.260000
364.220000
362.420000
360.460000
362.200000
364.440000
366.180000
360.820000
362.960000
361.460000
360.320000
365.580000
339.840000
340.760000
348.080000
349.520000
351.600000
348.920000
350.440000
342.740000
353.120000
349.800000
350.720000
349.940000
342.760000
350.320000
362.900000
359.580000
361.880000
362.540000
363.800000
365.100000
363.000000
360.420000
354.300000
340.140000
336.680000
340.760000
343.020000
337.900000
342.920000
344.200000
341.560000
338.980000
338.360000
343.380000
356.040000
342.920000
345.200000
339.120000
340.180000
341.440000
339.840000
341.160000
339.620000
338.660000
340.180000
355.300000
348.420000
360.880000
361.980000
360.740000
363.880000
359.800000
358.500000
361.140000
364.340000
358.740000
358.400000
363.960000
359.600000
364.020000
364.480000
364.060000
363.920000
361.880000
362.260000
363.200000
362.180000
365.540000
368.820000
364.540000
361.300000
361.620000
360.840000
365.160000
361.520000
361.120000
357.640000
362.040000
362.000000
364.800000
361.020000
359.940000
361.960000
359.580000
363.880000
361.780000
363.860000
359.160000
365.420000
361.100000
369.800000
365.480000
364.780000
370.940000
363.200000
362.980000
360.680000
361.060000
362.800000
362.040000
362.440000
365.420000
360.980000
364.380000
359.700000
363.360000
364.760000
363.100000
364.700000
362.980000
360.300000
360.540000
366.600000
356.860000
363.740000
365.360000
360.640000
