1.089999
1.087001
1.079001
1.079999
1.092000
1.073001
1.111999
1.078000
1.087001
1.073999
1.086000
1.075000
1.088001
1.077000
1.090001
1.075000
1.088999
1.071000
1.091000
1.079001
1.088999
1.075001
1.108000
1.076000
1.087999
1.075000
1.087999
1.077000
1.087999
1.076000
1.092000
1.078000
1.088001
1.076000
1.088001
1.077000
1.108000
1.073999
1.086000
1.075000
1.087001
1.106000
1.088001
1.077000
1.088001
1.077000
1.090001
1.088001
1.094000
1.071999
1.086000
1.078000
1.086999
1.071000
1.089999
1.076000
1.088001
1.076002
1.088999
1.077000
1.089001
1.076000
1.093000
1.076000
1.089001
1.075000
1.090001
1.075001
1.089001
1.072999
1.086000
1.078000
1.091000
1.072001
1.085000
1.075000
1.087999
1.076000
1.088999
1.076998
1.088999
1.073999
1.085000
1.075000
1.089001
1.075000
1.086000
1.075000
1.089001
1.076000
1.089001
1.077000
1.088999
1.072999
1.089999
1.078000
1.087999
1.077000
1.106000
1.073999
1.087999
1.076000
1.084998
1.073999
1.090001
1.075000
1.087999
1.076000
1.087001
1.073001
1.088001
1.087001
1.087999
1.076000
1.089001
1.081999
1.087001
1.072999
1.086999
1.076000
1.088999
1.081999
1.086000
1.079001
1.090001
1.075000
1.088999
1.078000
1.085998
1.073999
1.086999
1.078000
1.088999
1.073001
1.085000
1.076000
1.088999
1.076000
1.087001
1.078000
1.085000
1.072999
1.085000
1.075000
1.085000
1.073001
1.086000
1.075000
1.088999
1.075000
1.087999
1.076998
1.086000
1.076002
1.086000
1.075001
1.086000
1.074001
1.087001
1.075001
1.086000
1.073999
1.087001
1.078000
1.085000
1.074001
1.088001
1.078000
1.089001
1.076000
1.087999
1.077000
1.089001
1.077000
1.090001
1.088001
1.085998
1.073999
1.088999
1.074001
1.086000
1.073001
1.086999
1.076000
1.088001
1.075000
1.088001
1.075000
1.085000
1.076000
1.108000
1.076998
1.088001
1.076000
1.090001
1.081001
1.088001
1.078000
1.088001
1.078000
1.086000
1.072999
1.087999
1.077000
1.104999
1.077000
1.087001
1.074001
1.086000
1.072001
1.086000
1.077000
1.086000
1.076000
1.086000
1.077000
1.088999
1.075000
1.108998
1.076000
1.088001
1.079001
1.089001
1.077000
1.088999
1.079001
1.087999
1.079999
1.089999
1.072001
1.086999
1.078000
1.085000
1.076000
1.088001
1.075000
1.085000
1.077998
1.088001
1.084000
1.087999
1.075000
1.087999
1.079001
1.087999
1.080999
1.088001
1.076000
1.108000
1.077000
1.088999
1.077998
1.086000
1.079001
1.106000
1.076002
1.089999
1.080001
1.089999
1.073999
1.088999
1.077000
1.092000
1.076000
1.088999
1.077000
1.085000
1.075000
1.087999
1.074001
1.085000
1.072999
1.090001
1.075001
1.088001
1.077000
1.087001
1.076000
1.088999
1.079999
1.087999
1.080001
1.088001
1.077000
1.087999
1.076002
1.086999
1.077000
1.088001
1.076000
1.087001
1.073999
1.086999
1.074001
1.088999
1.078000
1.086999
1.079001
1.087999
1.075000
1.088999
1.076000
1.087001
1.087001
1.088999
1.077000
1.089001
1.078000
1.088001
1.075001
1.086000
1.076000
1.089001
1.078000
1.086999
1.111999
1.085000
1.075000
1.089999
1.076000
1.089999
1.077000
1.090001
1.077000
1.087999
1.077000
1.089001
1.076002
1.087999
1.076000
1.089999
1.077000
1.087999
1.076000
1.092000
1.077000
1.087001
1.073999
1.089001
1.079999
1.089001
1.077000
1.089999
1.076000
1.088001
1.077000
1.091000
1.077000
1.088001
1.075000
1.089999
1.076000
1.088001
1.074001
1.086000
1.072001
1.087001
1.072999
1.090001
1.075001
1.088001
1.076000
1.089999
1.077000
1.087001
1.075001
1.090001
1.087001
1.089999
1.077000
1.088999
1.076000
1.087999
1.076000
1.090001
1.078000
1.090001
1.075000
1.089999
1.078000
1.091000
1.073999
1.086000
1.076000
1.087001
1.080001
1.089999
1.078000
1.086000
1.073001
1.086000
1.075000
1.086000
1.074001
1.086000
1.076000
1.089999
1.073999
1.087999
1.078999
1.088001
1.076000
1.088001
1.076000
1.086000
1.074001
1.087999
1.075000
1.087001
1.074001
1.089999
1.076998
1.087001
1.078000
1.087999
1.079001
1.086000
1.073999
1.087999
1.078000
1.090001
1.076000
1.087999
1.075000
1.086999
1.072999
1.085000
1.078000
1.087001
1.072999
1.084000
1.086000
1.087001
1.075000
1.085998
1.076000
1.088999
1.075001
1.088001
1.077998
1.086999
1.076000
1.086000
1.077000
1.089001
1.076000
1.088001
1.077000
1.088999
1.080001
1.086999
1.074001
1.091000
1.076000
1.088001
1.079001
1.088999
1.110999
1.104999
1.073999
1.107000
1.073999
1.089001
1.077000
1.109000
1.078000
1.109000
1.078000
1.090001
1.078000
1.087001
1.075000
1.086999
1.077000
1.089001
1.077000
1.089999
1.076998
1.087001
1.077000
1.086999
1.075000
1.085998
1.075000
1.087999
1.076000
1.086000
1.074001
1.087999
1.073999
1.105001
1.076000
1.089001
1.078999
1.086999
1.078999
1.085000
1.072999
1.087999
1.079001
1.087999
1.074001
1.086999
1.075000
1.088001
1.073999
1.085000
1.075001
1.087999
1.078000
1.088001
1.078000
1.089999
1.075000
1.087999
1.079001
1.089001
1.075000
1.088001
1.078000
1.087001
1.072999
1.086000
1.076000
1.085000
1.075000
1.089999
1.079001
1.090001
1.075000
1.089001
1.079001
1.086999
1.075001
1.089001
1.080001
1.086999
1.076000
1.086000
1.080999
1.087999
1.076000
1.087001
1.080001
1.092998
1.075000
1.088999
1.078000
1.089001
1.073999
1.088999
1.078000
1.086999
1.079001
1.088001
1.079001
1.089999
1.077000
1.088999
1.085998
1.086000
1.072999
1.087001
1.073999
1.088001
1.073001
1.086999
1.076000
1.090001
1.075000
1.109000
1.077000
1.086000
1.075000
1.088999
1.073999
1.087999
1.074001
1.086000
1.075000
1.089999
1.077000
1.086000
1.075001
1.108000
1.072999
1.086999
1.077000
1.105001
1.072001
1.086000
1.104999
1.089999
1.076000
1.088999
1.078000
1.089999
1.077000
1.089001
1.078000
1.108000
1.151999
1.085000
1.072999
1.089001
1.077000
1.083000
1.071999
1.087001
1.075001
1.085998
1.073999
1.089001
1.076000
1.089999
1.077000
1.087001
1.076000
1.087999
1.077000
1.089999
1.078999
1.087999
1.087001
1.091000
1.076000
1.087001
1.076000
1.087001
1.078000
1.087001
1.075000
1.089001
1.074001
1.090001
1.072999
1.086000
1.075001
1.086000
1.076002
1.087001
1.073001
1.086999
1.076000
1.086999
1.075001
1.087999
1.073999
1.086000
1.072999
1.085000
1.075001
1.088001
1.072999
1.091000
1.076000
1.086999
1.076000
1.089001
1.072999
1.088001
1.073001
1.086000
1.076000
1.089999
1.114000
1.087999
1.078000
1.087001
1.076000
1.086000
1.073999
1.088999
1.076000
1.087001
1.076000
1.087999
1.076000
1.086999
1.072999
1.087999
1.073001
1.086999
1.074001
1.088001
1.073001
1.088001
1.085000
1.088999
1.112999
1.087999
1.077000
1.087001
1.075000
1.086999
1.078000
1.085000
1.074001
1.087001
1.080999
1.089999
1.079999
1.087999
1.076000
1.087001
1.077000
1.085998
1.075000
1.086000
1.076000
1.085000
1.076000
1.086000
1.076000
1.087001
1.078000
1.087001
1.076000
1.089001
1.078000
1.088999
1.076002
1.086999
1.076000
1.085000
1.073999
1.108000
1.075000
1.089001
1.073001
1.085998
1.072999
1.086999
1.078000
1.086000
1.074001
1.087001
1.076000
1.088001
1.079001
1.086000
1.073999
1.105001
1.077000
1.111001
1.078000
1.086000
1.078000
1.086000
1.076000
1.089001
1.087001
1.090001
1.076000
1.086999
1.077000
1.089999
1.077000
1.088999
1.076000
1.088999
1.076000
1.087001
1.075000
1.087001
1.075000
1.089001
1.075000
1.087001
1.075000
1.087999
1.073999
1.085998
1.072999
1.086000
1.076000
1.086999
1.072999
1.088999
1.076000
1.104999
1.072999
1.087001
1.073999
1.087999
1.076000
1.086000
1.075000
1.087999
1.073999
1.086000
1.076000
1.086999
1.072999
1.085000
1.077000
1.089999
1.076000
1.088001
1.077000
1.088999
1.079001
1.088001
1.078000
1.088999
1.076000
1.090001
1.078000
1.089999
1.073001
1.087999
1.080001
1.087999
1.072999
1.088999
1.086000
1.086000
1.075001
1.088001
1.075000
1.089001
1.075000
1.086999
1.078000
1.088001
1.077000
1.087001
1.079001
1.087001
1.075000
1.087001
1.079001
1.089001
1.108000
1.086000
1.079999
1.087999
1.075000
1.087999
1.076000
1.087999
1.076000
1.088001
1.077000
1.086999
1.077000
1.090001
1.076000
1.089001
1.076000
1.087999
1.077000
1.085000
1.073999
1.086000
1.075000
1.088001
1.072999
1.088001
1.079001
1.087001
1.076000
1.087999
1.079001
1.108000
1.078000
1.087999
1.078000
1.087999
1.076000
1.088001
1.077000
1.105001
1.078000
1.105001
1.076000
1.087999
1.078000
1.088999
1.084998
1.089001
1.076000
1.086000
1.073999
1.087999
1.079999
1.091000
1.076000
1.086000
1.078000
1.088999
1.075000
1.095001
1.078000
1.087001
1.075000
1.084000
1.077000
1.087001
1.076000
1.089001
1.078999
1.088999
1.077000
1.089001
1.078999
1.086000
1.077000
1.087001
1.078000
1.089999
1.079999
1.087999
1.079001
1.091002
1.071999
1.087001
1.078000
1.088999
1.075001
1.088999
1.076000
1.086999
1.074001
1.087999
1.079001
1.088999
1.076000
1.087001
1.077000
1.087001
1.076000
1.090001
1.073999
1.090001
1.075000
1.086999
1.080999
1.086999
1.076000
1.088001
1.073999
1.089001
1.086000
1.088999
1.076000
1.088001
1.076000
1.087999
1.077000
1.088001
1.076000
1.090001
1.076000
1.087999
1.095001
1.091000
1.075000
1.087999
1.075000
1.092000
1.076000
1.088001
1.076002
1.089999
1.081001
1.088001
1.075000
1.085000
1.072999
1.085000
1.074001
1.089001
1.073999
1.085000
1.072999
1.088999
1.077000
1.089999
1.072999
1.089999
1.076000
1.087001
1.072999
1.087999
1.080001
1.089999
1.075001
1.087001
1.072001
1.087001
1.075000
1.087999
1.080999
1.088001
1.111001
1.085998
1.077000
1.092000
1.075000
