30.420000
16.760000
13.400000
12.660000
12.619999
12.800000
12.580000
12.399999
12.760000
17.500000
13.259999
12.780000
12.480000
12.460000
12.640000
12.540000
12.420000
12.499999
12.420000
12.499999
12.560000
12.560001
12.480000
12.440000
12.420000
12.460000
13.200000
12.640000
12.700000
12.360000
12.480000
12.480000
12.420001
12.540000
12.580000
12.399999
12.600000
12.460001
12.260000
12.440000
12.460000
12.420000
12.520000
12.440000
14.239999
12.520000
12.600000
12.520000
12.560000
12.540000
12.560000
12.440000
12.480000
12.300000
12.380000
12.460000
12.379999
12.440000
12.560000
12.560001
12.440001
15.020000
12.940001
12.820001
12.460000
12.360000
12.460000
12.480000
12.360000
12.480000
12.420000
12.340000
12.460000
12.440000
12.480000
12.400000
12.440001
12.380000
12.519999
12.739999
12.639999
12.840000
12.460000
12.560000
12.460000
12.560000
12.480000
12.560000
12.960000
12.519999
12.560001
12.560001
12.540000
12.480000
12.460000
12.480000
12.580000
12.760000
12.560001
12.440000
12.480000
12.560000
12.320000
12.440000
12.359999
12.420000
12.560000
12.460000
12.440001
12.480000
12.600000
12.460000
12.340000
12.500000
12.580000
12.440000
12.440000
12.420000
12.580000
12.480000
12.400000
12.480000
12.560000
12.440001
12.380000
12.460001
12.360000
12.320001
12.540000
12.460000
12.480000
13.000000
12.780000
12.460000
12.520000
12.480000
12.560000
12.399999
12.480000
12.420000
12.380000
12.440000
12.399999
12.360000
12.340000
12.520000
12.420000
12.460000
12.399999
12.500000
12.460000
12.440001
12.399999
12.480000
12.399999
12.340001
12.460000
12.220000
12.460000
12.440000
12.420000
12.580000
12.360000
12.640000
12.200000
12.460000
12.619999
12.560000
12.480000
12.440000
12.480000
12.440000
12.480000
12.460000
12.460001
12.140000
12.420000
12.440001
12.420000
12.400000
12.420001
12.460000
12.380000
12.440000
12.460000
12.380000
12.480000
12.499999
12.460000
12.420001
12.520000
12.460000
12.500000
12.460000
12.340000
12.440000
12.380000
12.340000
12.380000
12.500000
12.480000
12.640000
12.440000
12.480000
12.480000
12.440000
12.460001
12.500000
12.380000
12.460000
12.440000
12.360000
12.480000
12.340000
12.340000
12.460000
12.420001
12.420000
12.399999
12.440000
12.460000
12.500000
12.540000
12.460000
12.440001
12.500000
12.360000
12.460000
12.440000
12.480000
12.340000
12.440000
12.440000
12.460000
12.500000
12.499999
12.500000
12.480000
12.460000
12.460000
12.420000
12.500000
12.360000
12.460000
12.460000
12.460000
12.440000
12.420000
12.420000
12.560001
12.399999
12.460000
12.480000
12.440000
12.420000
12.360000
12.460000
12.380000
12.480000
12.440000
12.480000
12.480000
12.460000
12.460000
12.380000
12.460001
12.440000
12.480000
12.460000
12.460000
12.440001
12.340001
12.460000
12.420001
12.440000
12.300000
12.340000
12.480000
12.480000
12.380000
12.460000
12.440000
12.320001
12.440000
12.440001
12.560000
12.440001
12.340000
12.460000
12.420001
12.480000
12.440000
12.420000
12.460000
12.440001
12.460001
12.420001
12.480000
12.500000
12.380000
12.360000
12.420000
12.360000
12.480000
12.440000
12.500000
12.460000
12.440000
12.480000
12.380000
12.380000
12.420001
12.460000
12.420000
12.400000
12.360000
12.460000
12.460000
12.440000
12.480000
12.500000
12.460000
12.499999
12.460000
12.600000
12.480000
12.460000
12.460000
12.460001
12.460000
12.460001
12.300000
12.420000
12.340000
12.440001
12.460000
12.440000
12.440000
12.480000
12.460000
12.380000
12.500000
12.420001
12.400000
12.460001
12.360000
12.480000
12.460000
12.500000
12.480000
12.460000
12.360000
12.480000
12.460000
12.440000
12.380000
12.460000
12.480000
12.460000
12.440001
12.460000
12.340000
12.460000
12.480000
12.440000
12.460000
12.480000
12.460000
12.399999
12.420000
12.360000
12.460000
12.440000
12.440000
12.460000
12.280000
12.520000
12.400000
12.420000
12.480000
12.460000
12.440000
12.420000
12.420000
12.460000
12.440000
12.420000
12.380000
12.460000
12.460000
12.499999
12.460000
12.500000
12.380000
12.380000
12.440000
12.499999
12.360000
12.420001
12.379999
12.340000
12.420001
12.500000
12.420001
12.480000
12.360000
12.399999
12.440000
12.460000
12.460000
12.380000
12.560000
12.480000
12.420001
12.460000
12.320001
12.480000
12.420000
12.480000
12.340000
12.360000
12.440000
12.400000
12.380000
12.460000
12.460000
12.440001
12.480000
12.379999
12.460000
12.420001
12.480000
12.440000
12.480000
12.440000
12.440001
12.460000
12.440001
12.480000
12.500000
12.220000
12.320001
12.700000
12.460000
12.400000
12.400000
26.080000
12.440000
12.460000
12.460000
12.440001
12.420001
12.360000
12.460000
12.420000
12.480000
12.399999
12.500000
12.400000
12.440000
12.460000
12.460000
12.420000
12.440000
12.500000
12.380000
12.420001
12.380000
12.400000
12.380000
12.440001
12.380000
12.440001
12.420000
12.340000
12.499999
12.480000
12.380000
12.460001
12.340000
12.460000
28.520000
12.340000
12.340000
12.480000
12.360000
12.460000
12.500000
12.480000
12.460000
12.480000
12.440000
12.440000
12.460000
12.480000
12.440000
12.440000
12.460000
12.440000
12.499999
12.440001
12.460000
12.420000
12.460000
12.139999
12.460000
12.140000
12.480000
12.520000
12.499999
12.460000
12.379999
12.320000
12.480000
12.460000
12.460000
28.340001
12.460000
12.460001
12.460000
12.460000
12.440001
12.480000
12.460000
12.460000
12.480000
12.360000
12.400000
12.440001
12.399999
12.420000
12.460000
12.460000
12.499999
12.460000
12.460000
12.460000
12.440001
12.440000
12.380000
12.420001
12.399999
12.440000
12.320000
12.399999
12.420000
12.440001
12.519999
12.499999
12.360000
12.460000
25.200000
12.420001
12.340000
12.480000
12.440001
12.460000
12.440000
12.440000
12.440000
12.440000
12.480000
12.480000
12.460000
12.480000
12.480000
12.480000
12.400000
12.460000
12.440000
12.460001
12.480000
12.400000
12.460000
12.280000
12.480000
12.420001
12.460000
12.460000
12.540000
12.519999
12.460000
12.460000
12.460000
12.500000
12.480000
28.520000
12.460000
12.400000
12.480000
12.440001
12.380000
12.340000
12.360000
12.440000
12.460000
12.500000
12.400000
12.460000
12.480000
12.420001
12.440001
12.480000
12.460000
12.360000
12.320000
12.440000
12.500000
12.460000
12.480000
12.440000
12.460000
12.480000
12.379999
12.440000
12.500000
12.480000
12.460000
12.460000
12.380000
12.460000
12.460000
12.500000
12.480000
12.399999
12.380000
12.400000
12.379999
12.460000
12.480000
12.440000
12.420000
12.480000
12.460000
12.460000
12.500000
12.460000
12.340000
12.480000
12.480000
12.440001
12.420000
12.480000
12.460001
12.360000
12.420001
12.520000
12.460000
12.440001
12.480000
12.440001
12.460000
12.460000
12.420000
12.359999
12.420001
12.420000
12.480000
12.420000
12.360000
12.400000
12.480000
12.460000
12.380000
12.420001
12.480000
12.399999
12.380000
12.420000
12.420000
12.340000
12.399999
12.460000
12.480000
12.340000
12.440000
12.440001
12.440001
12.480000
12.480000
12.480000
12.480000
12.480000
12.740000
12.420000
12.460000
12.479999
12.420001
12.399999
12.320000
12.480000
12.460000
12.500000
12.440000
12.520000
12.480000
12.360000
12.440000
12.500000
12.460000
12.420001
12.420000
12.460000
12.460001
12.480000
12.440000
12.500000
12.420000
12.340000
12.440000
12.360000
12.480000
12.440000
12.480000
12.460000
12.420001
12.480000
12.440000
12.460000
12.440000
12.480000
12.460000
12.259999
12.540000
12.440000
12.440000
12.440000
12.340000
12.440001
12.460000
12.460000
12.460000
12.480000
12.440000
12.460000
12.360000
12.340000
12.460000
12.440001
12.480000
12.460000
12.480000
12.440001
12.460000
12.460000
12.500000
12.500000
12.480000
12.460000
12.440001
12.440001
12.440001
12.360000
12.420001
12.460000
12.480000
12.460000
12.440001
12.460000
12.440001
12.500000
12.440001
12.500000
12.400000
12.460000
12.440000
12.500000
12.440001
12.460001
12.460001
12.480000
12.340000
12.460000
12.399999
12.480000
12.460000
12.460000
12.520000
12.360000
12.420001
12.399999
12.460000
12.440001
12.460000
12.440000
12.420000
12.500000
12.460000
12.500000
12.340000
12.500000
12.440001
12.420000
12.440000
12.499999
12.340000
12.380000
12.500000
12.440000
12.380000
12.440001
12.400000
12.440000
12.480000
12.460000
12.460000
12.340000
12.480000
12.440000
12.380000
12.440000
12.480000
12.460000
12.440000
12.480000
12.460000
12.440000
12.500000
12.500000
12.420001
12.420001
12.460000
12.440000
12.500000
12.440000
12.340000
12.500000
12.440000
12.499999
12.420001
12.399999
12.440000
12.460000
12.420001
12.420001
12.420000
12.480000
12.480000
12.460001
12.460001
12.420000
12.420001
12.480000
12.440000
12.500000
12.480000
12.340000
12.440001
12.399999
12.480000
12.360000
12.519999
12.480000
12.460000
12.440000
12.440001
12.460000
12.480000
12.440000
12.420000
12.440000
12.320000
12.460000
12.460001
12.460000
12.480000
12.480000
12.440000
12.460000
12.480000
12.440001
12.480000
12.480000
12.460000
12.440000
12.460000
12.480000
12.420000
12.279999
12.400000
12.440000
12.460000
12.480000
12.480000
12.460000
12.420000
12.440000
12.460000
12.460000
12.400000
12.360000
12.460000
12.420000
12.420001
12.460001
12.480000
12.480000
12.480000
12.440000
12.480000
12.460000
12.420000
12.480000
12.440000
12.440000
12.460000
12.440000
12.420000
12.340000
12.420000
12.440001
12.440001
12.400000
12.480000
12.320000
12.460000
12.460000
12.480000
12.460000
12.260000
12.260000
12.440001
12.440001
12.259999
12.240000
12.460000
12.400000
12.480000
12.460000
12.340000
12.480000
12.380000
12.480000
12.500000
12.280000
12.420000
12.259999
12.440000
12.460000
12.420000
12.440000
12.440000
12.460000
12.360000
12.460000
12.420001
12.440000
12.440000
12.420000
12.460000
12.440000
12.500000
12.480000
12.440000
12.440000
12.460000
12.400000
12.420000
12.460001
12.440000
12.400000
12.460000
12.420001
12.360000
12.380000
12.460000
12.440001
12.500000
12.440001
12.480000
12.480000
12.440000
12.379999
12.440000
12.440000
12.440001
12.460000
12.460000
12.500000
12.460000
12.460000
12.480000
12.360000
12.440001
12.460000
12.440000
12.499999
12.460000
12.479999
12.460000
12.360000
12.460000
12.440001
12.460001
12.500000
12.400000
12.400000
12.440000
12.460001
12.460000
