105.780001
129.980000
127.740000
174.360000
130.240000
136.700000
138.560000
131.800000
127.940000
133.339999
154.680000
131.820000
127.020000
148.560001
135.440000
136.180000
138.820000
151.120000
129.660000
121.160000
132.180000
130.919999
135.180000
138.080000
157.059999
136.260000
138.800001
141.600000
134.120001
133.040001
135.760000
125.360000
139.920000
141.820000
143.020000
134.439999
127.100000
127.239999
131.100000
138.320000
138.840000
138.100000
133.280000
141.000000
144.480000
143.700000
128.760000
135.400000
142.759999
128.240000
139.440000
142.299999
134.000000
131.080000
131.660000
144.300000
140.120001
137.240000
135.640000
125.620000
125.580000
141.860000
139.640001
128.839999
134.620000
138.760000
131.100000
139.040000
136.680000
143.560000
132.859999
150.880001
137.540000
133.600000
139.840000
135.720000
134.740000
137.960000
132.520000
135.860000
135.380000
125.980000
140.640000
134.660000
134.480000
140.140000
143.140000
141.000000
127.000000
133.660000
141.940000
135.200000
138.640000
138.780001
135.160000
141.159999
135.179999
133.599999
127.580000
130.400000
136.700000
134.200000
137.979999
142.560000
129.460000
132.499999
142.640000
135.760000
135.720000
128.219999
141.580000
136.860000
127.420000
135.640000
145.680000
135.900000
133.840000
130.820001
131.380000
120.999999
136.940000
136.040000
122.239999
135.380000
144.480000
132.220000
136.600000
140.300000
137.320000
137.520000
131.700000
142.760000
142.180000
132.500000
134.460000
145.040000
135.439999
143.420001
141.120001
150.000000
127.800000
132.280000
142.659999
134.340000
139.079999
137.680000
147.999999
128.140000
140.160000
134.140001
130.540000
140.980000
136.139999
145.420000
133.200000
135.240000
133.859999
125.860000
133.260000
134.120000
152.300000
129.560000
140.320000
139.220000
136.260000
131.800001
131.560000
142.320001
132.900000
133.340000
132.340000
134.620001
127.180000
141.420000
145.280000
133.780000
129.500000
138.560000
132.800001
134.640000
129.679999
150.260000
134.360000
137.900000
141.600001
136.540000
137.640000
129.440000
144.479999
126.180001
137.840000
126.220000
138.119999
137.460000
135.080000
132.720000
134.000000
142.740000
137.180001
136.080000
132.380000
141.680000
139.540000
138.220000
145.900000
128.000000
136.320001
136.620000
136.280000
131.940000
131.900000
134.339999
139.680000
124.040000
137.700000
139.420001
132.840000
133.859999
135.160000
135.760000
138.420001
147.080000
132.560000
136.040000
135.080000
137.560000
138.500000
133.540000
138.640000
143.360000
137.960000
141.720000
150.660000
140.400000
132.259999
137.080000
130.220000
130.720000
140.060000
141.820000
143.420001
139.239999
140.540000
138.220000
130.500000
129.980001
139.940000
153.620000
135.720000
142.100000
135.220001
127.340000
143.520000
134.360000
150.620000
129.300000
143.660000
131.220000
137.140000
133.220000
132.520000
156.760000
138.280000
141.200000
138.719999
131.020000
130.800000
145.339999
138.760000
143.700000
147.040000
143.340000
134.880000
139.020000
137.840000
124.480000
141.660000
136.800000
144.379999
127.740000
140.560000
136.960000
134.640000
140.200000
132.580000
135.960000
123.520000
128.400001
135.680000
135.120000
138.560001
140.820000
136.360000
134.460000
126.840000
129.620000
139.260001
138.700000
136.000000
139.600000
134.500000
149.420000
138.119999
135.240001
138.820000
138.820000
134.140000
134.640000
135.460000
138.259999
136.140000
140.320000
152.380001
135.520000
136.600000
134.919999
140.760000
139.480000
146.679999
140.860000
153.620000
134.080000
135.000000
140.120000
137.040000
141.399999
140.540000
151.960000
139.720000
138.500000
144.120000
140.500000
130.260000
141.919999
135.120000
140.299999
135.720000
143.100000
141.760000
133.340000
132.320000
133.920000
132.380000
128.180000
141.720000
132.640000
135.660000
141.199999
126.620000
132.120000
124.040000
144.640001
132.500000
137.200000
127.360000
129.900000
142.800000
140.220000
136.340000
134.220000
137.200000
131.040000
141.100000
134.620000
129.760000
137.060000
133.080000
141.160000
138.840000
124.460001
149.720000
135.199999
138.720000
122.820000
138.500000
136.820001
135.980000
143.780000
128.540000
138.240000
134.560000
136.000000
142.700001
129.220000
134.680000
138.239999
138.660000
136.200001
143.619999
139.460000
132.020000
134.800000
144.200000
133.640000
128.060000
143.940000
138.800001
132.860000
136.900000
140.440000
141.780000
130.080000
141.740000
139.940000
127.239999
138.100000
137.140000
127.080000
131.720000
137.040000
144.680000
134.080000
143.879999
138.980000
154.880000
134.400000
137.720000
140.540000
120.800000
140.020000
135.380000
154.340000
140.860001
144.140000
140.000001
127.840000
134.360000
136.560000
157.220000
135.040000
138.019999
138.940000
134.920000
139.320000
140.000001
143.359999
137.660000
143.880000
136.920000
129.980001
139.880000
139.680000
130.460001
129.780000
132.480000
144.119999
137.680001
135.820000
132.259999
137.500000
135.960000
138.660001
141.039999
141.799999
136.560000
136.380000
140.579999
137.400000
138.040000
135.300000
123.579999
136.899999
136.919999
133.640001
126.780000
136.380000
137.220000
128.860000
138.120000
132.040000
143.979999
135.419999
139.640001
133.060000
135.900000
137.180001
131.720001
132.640000
139.420000
138.379999
138.360000
133.720000
132.980000
134.260001
124.760000
134.720000
124.880000
130.580001
131.640000
142.760000
142.140000
133.780000
140.680000
132.040000
143.020000
126.340001
140.579999
140.700000
130.960000
140.780000
137.320000
139.719999
131.859999
142.659999
136.240000
135.700000
130.020000
139.119999
157.960000
135.240000
137.320000
139.860000
143.860000
131.500000
140.100000
151.300000
132.320000
135.180000
141.980000
138.820000
134.319999
129.160000
143.140000
135.600000
132.960000
136.240000
129.360000
135.780000
133.960000
135.100001
134.839999
135.679999
137.660000
136.320001
141.620000
128.160000
128.580000
132.240000
133.440000
133.680000
140.440000
134.580000
133.540000
135.500000
138.100000
146.059999
134.219999
135.400000
138.139999
139.360000
126.360000
132.020000
135.940000
131.980000
134.439999
137.860000
139.420000
131.039999
134.980000
123.580000
143.480000
137.420000
133.979999
140.300000
132.040000
136.380000
135.460000
138.400001
132.480000
129.679999
138.640000
126.620000
129.660000
127.900000
142.460000
131.980000
132.020000
145.580000
128.080000
124.900000
134.360000
142.020000
131.000000
124.299999
133.640000
134.040000
122.620001
140.220000
132.420000
136.180000
135.740000
134.600000
125.880000
138.060001
138.480000
148.100000
137.039999
126.700000
130.799999
135.500000
137.740000
132.160001
140.580000
137.160000
136.100000
139.460000
136.220001
135.940000
133.440000
135.840001
131.980000
138.900000
141.419999
131.060000
137.420001
133.500000
160.960000
141.799999
128.720000
135.079999
126.720000
134.560000
147.299999
152.600000
131.840000
139.699999
134.480000
133.560000
129.480000
140.080000
151.820000
139.740000
136.860000
145.640000
146.340000
139.860000
125.779999
156.620000
134.099999
137.360000
135.980000
125.680000
138.220000
147.059999
141.940000
130.080000
139.160000
132.680000
140.480000
129.540000
131.180000
134.720000
136.720000
134.860000
126.520000
131.820000
131.620000
138.379999
127.820000
132.460000
143.620000
129.780000
129.080000
140.180000
140.540000
133.620000
132.760000
138.379999
140.780000
135.560000
140.820000
132.520000
128.280000
138.200000
135.100000
147.940001
132.220000
139.359999
137.380000
130.360000
135.040000
132.980000
131.820000
134.020000
137.200000
127.520001
132.400000
141.179999
132.160000
132.879999
131.240000
138.200000
137.980000
151.860000
140.420000
130.679999
140.079999
135.120000
134.860001
125.399999
129.920000
141.779999
136.600000
129.320000
138.720000
136.700000
138.820000
124.080000
131.980000
135.040000
140.240000
130.140000
141.580001
140.160000
132.560001
137.000000
137.280000
147.260000
125.780000
132.000000
129.500000
128.360000
128.060000
138.640000
136.539999
136.480000
125.160000
138.080000
129.180000
137.700000
137.780000
135.460000
125.740000
145.400000
140.120001
133.460000
136.240000
143.120000
135.679999
138.340000
136.639999
134.260000
136.419999
137.500000
135.280000
150.420001
139.000000
133.220000
139.360000
136.340000
141.319999
138.460000
157.460000
133.959999
144.400000
134.940000
132.380000
126.380000
138.740000
150.620000
135.200000
141.440000
134.700000
134.300000
137.800001
141.220000
152.199999
127.480000
138.540001
136.480001
134.600000
138.360000
139.120000
137.460000
136.600000
143.260000
143.040000
131.740000
124.460001
121.619999
134.020000
133.339999
135.280000
143.020000
138.640000
131.840000
141.440000
136.060000
127.480000
142.220000
137.880000
133.600000
140.020000
142.320000
137.280000
134.080000
139.600000
144.080000
141.780000
136.659999
133.420000
132.460000
138.540000
140.740000
133.479999
133.580000
140.000000
137.180000
138.839999
127.760001
129.960001
138.780000
136.600000
126.840000
137.600000
134.959999
135.460000
137.960000
137.639999
126.840000
137.940000
133.739999
139.820000
128.300000
135.720000
131.400000
129.620000
143.700000
128.260000
139.120000
137.180000
136.780000
143.900000
141.919999
140.460000
139.860000
125.840001
136.520000
143.020000
139.600000
133.780000
128.900000
137.180000
128.900000
125.920000
139.560000
134.339999
137.279999
126.240000
132.719999
125.880000
137.240000
129.880000
136.520000
140.860000
143.140000
139.460000
132.240000
136.340000
137.360000
155.520000
130.460001
127.240000
131.760000
132.500000
132.619999
135.220000
149.020000
133.560000
142.420000
133.099999
132.060000
136.180000
138.660000
134.140001
134.500001
135.240000
141.240001
132.479999
133.440000
142.600000
130.020000
133.940000
130.140000
135.580000
135.220001
133.620000
141.179999
140.800000
139.239999
131.740000
135.020000
134.380001
136.919999
133.820000
134.660000
135.439999
140.760000
129.360001
133.780000
131.920000
127.660000
136.899999
138.380000
136.919999
140.840000
131.920000
145.959999
140.640000
134.680000
137.860000
146.459999
135.340001
134.960000
138.640000
137.680000
132.280000
132.160000
135.060000
140.420000
123.820000
133.900000
132.700000
132.720000
139.680000
136.539999
133.720000
137.180000
133.060000
138.920000
129.460000
149.019999
137.340000
136.400000
132.080000
135.720000
140.280000
128.620001
137.460000
139.380000
141.100001
130.160000
136.260000
130.520000
131.620000
133.020000
133.580000
141.060000
128.660000
139.420000
128.440000
133.599999
143.220000
140.060000
137.500000
135.280000
146.160000
138.440000
126.380000
141.540000
140.140000
155.680000
138.100000
139.740000
136.000000
136.800000
129.660000
140.880000
147.919999
135.260001
130.640000
138.019999
136.500000
141.880000
147.280000
135.340001
136.299999
141.319999
137.880000
141.720001
130.500000
136.340000
132.280000
132.180000
142.380000
138.920000
130.679999
138.360000
143.520000
132.580000
133.640001
134.200000
145.720000
136.779999
133.720000
136.460001
132.440000
140.740000
139.720000
145.480000
