1.260001
1.340002
1.200002
1.180001
1.340002
1.160003
1.180001
1.160000
1.200002
1.180001
1.160000
1.219999
1.160000
1.160000
1.180001
1.160000
1.160000
1.199998
1.160000
1.280002
1.200002
1.180001
1.139998
1.219999
1.160003
1.180001
1.160000
1.180001
1.180001
1.200002
1.160000
1.139998
1.219999
1.200002
1.180001
1.180001
1.180001
1.180001
1.200002
1.179997
1.160000
1.180001
1.160000
1.180001
1.259997
1.160000
1.200002
1.179997
1.199998
1.179997
1.199998
1.180001
1.179997
1.179997
1.520000
1.200002
1.220003
1.199998
1.180001
1.200002
1.180001
1.179997
1.180001
1.199998
1.140002
1.200002
1.199998
1.179997
1.180001
1.180001
1.199998
1.199998
1.160000
1.180001
1.180001
1.180001
1.179997
1.199998
1.199998
1.180001
1.180001
1.180001
1.160000
1.180001
1.260001
1.180001
1.200002
1.180001
1.219999
1.199998
1.180001
1.180001
1.160000
1.199998
1.160000
1.180001
1.199998
1.160000
1.219999
1.180001
1.160000
1.200002
1.180001
1.180001
1.180001
1.199998
1.160000
1.199998
1.180001
1.180001
1.220003
1.160000
1.279999
1.180001
1.180001
1.180001
1.199998
1.199998
1.160000
1.180001
1.200002
1.380000
1.199998
1.199998
1.199998
1.259997
1.199998
1.180001
1.200002
1.180001
1.199998
1.180001
1.160000
1.200002
1.200002
1.180001
1.179997
1.199998
1.199998
1.180001
1.219999
1.279999
1.180001
1.200002
1.180001
1.160000
1.200002
1.180001
1.199998
1.219999
1.199998
1.199998
1.200002
1.180001
1.180001
1.200002
1.199998
1.180001
1.180001
1.199998
1.180001
1.280002
1.179997
1.160003
1.160000
1.160000
1.179997
1.180001
1.199998
1.160000
1.219999
1.180001
1.199998
1.300000
1.160000
1.180001
1.199998
1.180001
1.179997
1.179997
1.180001
1.160000
1.200002
1.199998
1.219999
1.199998
1.180001
1.180001
1.420002
1.200002
1.180001
1.200002
1.180001
1.179997
1.200002
1.160000
1.160003
1.200002
1.200002
1.180001
1.199998
1.160000
1.199998
1.219999
1.199998
1.160000
1.200002
1.160000
1.179997
1.180001
1.200002
1.180001
1.219999
1.179997
1.219999
1.179997
1.179997
1.160000
1.220003
1.180001
1.180001
1.160000
1.180001
1.160000
1.219999
1.180001
1.200002
1.180001
1.200002
1.160000
1.200002
1.180001
1.180001
1.200002
1.120001
1.160000
1.179997
1.180001
1.180001
1.200002
1.219999
1.140002
1.200002
1.160003
1.160000
1.180001
1.180001
1.180001
1.160000
1.179997
1.200002
1.200002
1.160000
1.160000
1.180001
1.180001
1.200002
1.219999
1.200002
1.139998
1.219999
1.180001
1.300000
1.160000
1.199998
1.200002
1.180001
1.200002
1.219999
1.180001
1.160000
1.199998
1.199998
1.160003
1.180001
1.279999
1.200002
1.160003
1.160000
1.180001
1.180001
1.219999
1.180001
1.199998
1.200002
1.180001
1.219999
1.199998
1.200002
1.180001
1.180001
1.179997
1.160000
1.180001
1.200002
1.180001
1.199998
1.180001
1.179997
1.180001
1.160000
1.160000
1.219999
1.160000
1.180001
1.180001
1.200002
1.200002
1.199998
1.200002
1.160000
1.200002
1.199998
1.160003
1.199998
1.180001
1.180001
1.199998
1.180001
1.180001
1.200002
1.179997
1.160000
1.380000
1.199998
1.219999
1.259997
1.180001
1.180001
1.200002
1.180001
1.179997
1.199998
1.180001
1.180001
1.200002
1.160000
1.199998
1.160000
1.160000
1.160000
1.160003
1.200002
1.160000
1.220003
1.180001
1.199998
1.200002
1.180001
1.139998
1.200002
1.160000
1.160003
1.199998
1.180001
1.199998
1.219999
1.179997
1.160000
1.180001
1.160000
1.160000
1.180001
1.180001
1.200002
1.219999
1.180001
1.160003
1.200002
1.160000
1.199998
1.179997
1.199998
1.160000
1.180001
1.160000
1.180001
1.240000
1.180001
1.139998
1.180001
1.139998
1.140002
1.160000
1.140002
1.180001
1.199998
1.180001
1.219999
1.180001
1.219999
1.180001
1.200002
1.180001
1.160000
1.199998
1.160000
1.199998
1.200002
1.200002
1.199998
1.199998
1.200002
1.180001
1.199998
1.160000
1.180001
1.199998
1.179997
1.160003
1.200002
1.200002
1.180001
1.200002
1.180001
1.180001
1.180001
1.199998
1.200002
1.180001
1.180001
1.199998
1.199998
1.180001
1.199998
1.180001
1.219999
1.180001
1.180001
1.240000
1.199998
1.180001
1.180001
1.160000
1.199998
1.179997
1.200002
1.180001
1.200002
1.160000
1.199998
1.160000
1.199998
1.180001
1.199998
1.160000
1.180001
1.160000
1.120001
1.200002
1.200002
1.180001
1.199998
1.200002
1.179997
1.200002
1.180001
1.179997
1.279999
1.180001
1.200002
1.199998
1.160000
1.180001
1.200002
1.199998
1.180001
1.199998
1.180001
1.180001
1.200002
1.180001
1.179997
1.160000
1.180001
1.180001
1.199998
1.180001
1.160000
1.180001
1.499999
1.180001
1.199998
1.180001
1.180001
1.199998
1.180001
1.180001
1.160000
1.200002
1.160000
1.180001
1.179997
1.180001
1.180001
1.180001
1.200002
1.180001
1.180001
1.180001
1.200002
1.179997
1.180001
1.160000
1.200002
1.160000
1.200002
1.180001
1.180001
1.199998
1.199998
1.180001
1.200002
1.200002
1.180001
1.180001
1.160000
1.200002
1.199998
1.180001
1.180001
1.180001
1.199998
1.200002
1.219999
1.240000
1.180001
1.180001
1.180001
1.180001
1.199998
1.320001
1.180001
1.180001
1.200002
1.180001
1.200002
1.180001
1.160000
1.160000
1.180001
1.160000
1.200002
1.200002
1.199998
1.180001
1.160000
1.160003
1.219999
1.180001
1.199998
1.200002
1.160000
1.180001
1.179997
1.180001
1.160003
1.200002
1.180001
1.160000
1.160000
1.160000
1.160000
1.160000
1.180001
1.180001
1.180001
1.160000
1.179997
1.179997
1.160000
1.160003
1.160000
1.160000
1.180001
1.180001
1.160000
1.160000
1.200002
1.160000
1.160000
1.199998
1.619998
1.320001
1.199998
1.179997
1.180001
1.160003
1.200002
1.180001
1.200002
1.199998
9.179998
1.219999
1.200002
1.180001
1.219999
1.180001
1.180001
1.200002
1.179997
1.180001
1.200002
1.180001
1.180001
1.200002
1.199998
1.160003
1.199998
1.160000
1.180001
1.160000
1.200002
1.139998
1.160000
1.180001
1.180001
1.219999
1.180001
1.180001
1.219999
1.200002
1.180001
1.160000
1.200002
1.180001
1.199998
1.199998
1.200002
1.180001
1.199998
1.180001
1.200002
1.300000
1.180001
1.200002
1.180001
1.200002
1.200002
1.180001
1.200002
1.160000
1.200002
1.200002
1.219999
1.200002
1.160000
1.199998
1.180001
1.139998
1.179997
1.139998
1.139998
1.160000
1.160000
1.140002
1.180001
1.160003
1.200002
1.140002
1.359999
1.180001
1.200002
1.180001
1.160000
1.200002
1.180001
1.180001
1.200002
1.160000
1.179997
1.219999
1.199998
1.200002
1.199998
1.199998
1.139998
1.199998
1.200002
1.200002
1.179997
1.220003
1.180001
1.180001
1.160000
1.199998
1.180001
1.180001
1.160000
1.219999
1.160000
1.199998
1.180001
1.220003
1.180001
1.180001
1.199998
1.160000
1.180001
1.200002
1.200002
1.199998
1.180001
1.160000
1.180001
1.180001
1.160000
1.160000
1.160000
1.139998
1.180001
1.160000
1.180001
1.180001
1.180001
1.180001
1.219999
1.180001
1.200002
1.200002
1.200002
1.180001
1.200002
1.160000
1.180001
1.180001
1.160000
1.240000
1.219999
1.180001
1.180001
1.180001
1.180001
1.199998
1.160003
1.180001
1.219999
1.180001
1.200002
1.340002
1.219999
1.199998
1.200002
1.180001
1.160000
1.160000
1.180001
1.140002
1.160000
1.179997
1.160003
1.160000
1.180001
1.200002
1.160000
1.200002
1.339998
1.180001
1.180001
1.200002
1.160000
1.219999
1.160000
1.139998
1.179997
1.180001
1.199998
1.219999
1.200002
1.160000
1.180001
1.179997
1.220003
1.200002
1.180001
1.160000
1.180001
1.180001
1.180001
1.199998
1.200002
1.180001
1.180001
1.180001
1.180001
1.180001
1.180001
1.219999
1.160000
1.180001
1.180001
1.200002
1.200002
1.199998
1.199998
1.219999
1.160000
1.200002
1.180001
1.200002
1.200002
1.160000
1.180001
1.220003
1.139998
1.180001
1.180001
1.200002
1.180001
1.199998
1.199998
1.179997
1.180001
1.180001
1.300000
1.200002
1.200002
1.160000
1.180001
1.199998
1.180001
1.199998
1.160000
1.199998
1.200002
1.180001
1.180001
1.180001
1.180001
1.199998
1.180001
1.200002
1.180001
1.180001
1.160003
1.180001
1.200002
1.180001
1.200002
1.180001
1.160000
1.180001
1.199998
1.160000
1.160003
1.199998
1.180001
1.300000
1.180001
1.160000
1.160000
1.179997
1.180001
1.180001
1.219999
1.200002
1.199998
1.180001
1.180001
1.139998
1.200002
1.260001
1.240000
1.220003
1.200002
1.180001
1.180001
1.179997
1.200002
1.180001
1.180001
1.160000
1.180001
1.199998
1.200002
1.200002
1.180001
1.180001
1.219999
1.180001
1.199998
1.180001
1.179997
1.200002
1.139998
1.199998
1.180001
1.219999
1.199998
1.160000
1.160000
1.179997
1.180001
1.180001
1.180001
1.300000
1.200002
1.160000
1.180001
1.200002
1.160000
1.180001
1.200002
1.160000
1.160000
1.200002
1.180001
1.180001
1.180001
1.200002
1.160000
1.200002
1.220003
1.180001
1.180001
1.179997
1.180001
1.200002
1.179997
1.160000
1.200002
1.199998
1.160000
1.200002
1.200002
1.140002
1.219999
1.139998
1.199998
1.359999
1.180001
1.180001
1.199998
1.160000
1.180001
1.200002
1.160003
1.160000
1.199998
1.160000
1.200002
1.199998
1.200002
1.160000
1.179997
1.180001
1.179997
1.219999
1.160000
1.160000
1.200002
1.180001
1.180001
1.219999
1.220003
1.160000
1.199998
1.200002
1.180001
1.199998
1.180001
1.160000
1.260001
1.180001
1.180001
1.180001
1.160000
1.179997
1.180001
1.140002
1.180001
1.279999
1.199998
1.180001
1.200002
1.180001
1.180001
1.219999
1.340002
1.160000
1.199998
1.180001
1.160000
1.180001
1.180001
1.200002
1.220003
1.180001
1.160000
1.220003
1.200002
1.180001
1.379997
1.179997
1.180001
1.199998
1.120001
1.240000
1.199998
1.140002
