0.920000
0.899998
0.920000
0.900000
0.900000
0.900000
0.920000
0.900000
0.900000
0.900000
0.920000
0.900000
0.920000
0.920000
0.920001
0.920000
0.900000
0.920000
0.900000
0.900000
0.920001
0.900000
0.899998
0.899998
0.920000
0.920000
0.900000
0.900000
0.920000
0.920000
0.900000
0.900000
0.920000
1.080001
0.900000
0.920000
0.920000
0.900000
0.899998
0.900000
0.920001
0.920000
0.920001
0.920000
0.899998
0.900000
0.900000
0.920001
0.920000
0.920000
0.920001
0.920000
0.920000
0.920001
0.899998
0.920000
0.920000
0.900000
0.920000
1.060000
0.900000
0.899998
0.920001
0.920000
0.940001
0.900000
0.920000
0.900000
0.920000
0.920000
0.920001
0.900000
0.900000
0.920000
0.860000
0.900000
1.060000
0.900000
0.899998
0.900000
0.920000
0.900000
1.020001
0.900000
0.920000
0.920000
0.900000
0.920001
0.900000
0.900000
0.900000
0.920001
0.900000
0.899998
0.900000
0.900000
0.900000
0.899998
0.900000
0.920000
0.899998
0.899998
0.900000
0.920000
0.920000
0.920000
0.920000
0.920001
0.920000
0.920000
0.900000
0.920001
0.920001
0.920000
0.920000
0.920000
0.900000
0.900000
1.060002
0.899998
0.920000
0.899998
0.920000
0.920000
0.920001
0.920000
0.900000
0.920000
0.900000
0.920000
0.900000
0.920000
0.920000
0.900000
0.899998
0.920000
0.880001
0.900000
0.920000
0.920000
0.900000
0.900000
0.900000
0.899998
0.900000
0.920000
0.920001
0.920001
0.920000
0.920000
0.920001
0.920001
0.920000
0.900000
0.900000
0.900000
0.900000
0.920000
0.899998
0.920000
0.920000
0.940001
0.900000
1.079999
0.920000
0.900000
0.899998
0.860000
0.900000
0.900000
0.920000
0.920000
0.920000
0.900000
0.900000
0.900000
0.900000
0.920000
0.920000
0.900000
0.900000
1.100000
0.900000
0.920000
0.900000
0.920001
0.920001
0.899998
0.920000
0.900000
0.899998
0.920001
0.900000
0.920000
0.920000
0.900000
0.900000
0.900000
0.920000
0.939999
0.920000
0.900000
0.900000
0.900000
0.920000
0.920000
0.900000
0.900000
0.900000
0.900000
0.920000
0.920000
0.900000
0.900000
0.920001
0.900000
0.920001
0.920000
0.899998
0.900000
0.900000
0.920000
0.900000
0.920001
0.899998
0.900000
0.920000
0.900000
0.900000
0.900000
0.900000
0.920000
0.900000
0.900000
0.900000
0.920000
0.899998
0.920000
0.900000
0.979999
0.900000
0.920000
0.900000
0.900000
0.920000
0.899998
0.939999
0.920000
0.899998
0.920000
0.899998
0.900000
0.900000
0.900000
0.920000
0.920000
0.900000
0.900000
0.900000
0.920000
0.920000
0.920000
0.900000
0.920001
0.900000
0.900000
0.920000
0.920000
0.920000
0.920000
0.900000
0.899998
0.920000
0.900000
0.900000
0.920000
0.899998
0.900000
0.900000
0.900000
0.899998
0.920000
0.900000
0.900000
0.899998
0.900000
0.900000
0.920000
0.900000
0.920000
0.900000
0.900000
0.900000
0.900000
0.920000
0.900000
0.920000
0.920001
0.960000
0.900000
0.900000
0.899998
0.900000
0.920000
0.920000
0.900000
0.920000
0.900000
0.940001
0.900000
0.920001
0.920001
0.900000
0.900000
0.900000
0.920001
0.900000
0.920000
0.920001
0.900000
0.900000
0.900000
0.920000
0.920000
0.900000
0.920001
0.920000
0.900000
0.920000
0.920000
0.900000
0.900000
0.880001
0.920000
0.900000
0.920000
0.899998
0.920000
0.920000
0.900000
0.900000
0.900000
0.900000
0.920000
0.900000
0.900000
0.900000
0.900000
0.920000
0.900000
0.920000
0.920000
0.900000
0.920001
0.899998
0.900000
1.259999
0.900000
0.900000
0.899998
1.360001
0.920000
0.920000
0.900000
0.920001
0.900000
0.899998
0.920001
0.900000
0.900000
0.900000
0.920000
0.920000
0.899998
0.920001
1.079999
0.900000
0.900000
0.900000
0.920001
0.900000
0.900000
0.920000
0.900000
0.900000
0.900000
0.920000
0.920000
0.920000
0.900000
0.900000
0.920000
0.899998
0.900000
0.900000
0.900000
0.900000
0.900000
0.900000
0.900000
0.899998
0.920001
0.900000
0.920000
0.920001
0.920001
0.920000
0.900000
0.900000
0.900000
0.900000
0.920001
0.920000
0.920001
0.900000
0.940001
0.920000
0.920001
0.920000
0.900000
0.900000
0.900000
0.920000
0.920001
0.900000
0.920000
0.920000
0.920000
0.900000
0.900000
0.920000
0.900000
0.920001
0.920000
0.920000
0.920000
0.920000
0.920001
0.900000
0.920000
1.079999
0.920001
0.920000
0.920000
0.920001
0.900000
0.920000
0.920001
0.920000
0.900000
0.920000
0.920000
0.920000
0.920000
0.900000
0.920001
0.920000
0.920000
0.920000
0.900000
0.920000
0.920000
0.920001
0.920001
1.000000
0.920000
0.920000
0.920000
0.899998
0.920000
0.920001
0.900000
0.920000
0.920000
0.900000
0.900000
0.900000
0.900000
0.900000
0.920000
0.900000
0.920000
0.920000
0.920000
0.899998
0.900000
0.920000
0.920000
0.920000
0.939999
0.920000
0.920001
0.900000
0.920001
0.900000
1.000000
0.900000
0.920000
0.920001
0.900000
0.920000
0.920001
0.920000
1.040000
1.019999
0.900000
0.920000
0.900000
0.900000
0.920000
0.920001
0.900000
0.900000
0.920000
0.920001
0.920000
0.900000
0.899998
0.900000
0.899998
0.900000
0.920000
0.900000
0.900000
0.920000
0.900000
0.920000
0.920000
0.900000
0.920000
0.900000
0.960000
0.899998
0.900000
0.899998
0.920000
0.899998
0.900000
0.900000
0.900000
0.920000
1.060000
0.920001
0.920000
0.899998
1.340000
0.920000
0.900000
0.920000
0.900000
0.900000
0.900000
1.000000
0.920000
0.900000
0.900000
0.900000
0.920000
0.920000
0.920000
0.900000
0.920000
0.920000
0.900000
0.900000
0.899998
0.900000
0.920001
0.920000
0.920000
0.900000
0.900000
0.900000
0.920001
0.920000
0.900000
0.920001
0.940001
0.900000
0.900000
0.900000
0.920000
0.939999
0.920000
0.899998
0.920000
0.920001
0.900000
0.920000
0.900000
0.900000
0.900000
0.900000
0.899998
0.900000
0.900000
0.900000
0.920001
0.920000
0.900000
0.900000
0.920000
0.920000
0.920000
0.900000
0.920001
0.920001
0.920001
0.920001
1.080001
0.920001
0.940001
0.920000
0.899998
0.900000
0.900000
0.900000
0.900000
0.899998
0.920000
0.920000
0.899998
0.900000
0.920000
0.900000
0.900000
0.900000
0.920000
0.900000
0.920000
0.920000
0.920000
0.920000
0.920001
0.920001
0.920001
0.920000
0.899998
0.920000
0.920000
0.920001
0.900000
0.900000
0.899998
0.900000
0.899998
0.900000
0.920000
1.120001
0.920000
0.900000
0.900000
0.920000
0.920001
0.920000
0.920000
0.920001
0.900000
0.900000
0.920000
0.900000
0.900000
0.900000
0.899998
0.900000
0.900000
0.920000
0.900000
0.920000
0.920000
0.900000
0.899998
0.900000
0.920000
0.920000
0.920000
0.899998
0.900000
0.920000
1.000000
0.900000
0.920000
0.900000
0.900000
0.920000
0.900000
0.900000
0.900000
0.920000
0.900000
0.920000
0.920000
0.900000
0.920000
0.920000
0.920001
0.899998
0.920000
0.920000
0.900000
0.920000
0.920001
0.920001
0.920001
0.920000
0.900000
0.920000
0.900000
0.920000
0.899998
0.900000
0.900000
0.920001
0.900000
0.920001
0.920000
0.920000
0.899998
0.920000
0.920000
0.900000
0.920000
0.900000
0.920000
0.920000
0.920000
0.900000
0.899998
0.920001
0.920000
0.899998
0.900000
0.900000
1.060000
0.900000
0.900000
0.920000
0.900000
0.900000
0.899998
0.920000
0.900000
0.899998
0.899998
0.900000
0.900000
0.900000
1.060000
0.900000
0.900000
0.900000
0.900000
0.920000
0.900000
0.920000
0.920000
0.900000
0.939999
0.920001
0.920001
0.920000
0.920000
1.060000
0.920000
0.900000
0.940001
0.899998
0.920000
0.920001
0.920000
0.920001
0.920000
0.900000
0.920001
0.920000
0.920000
0.920000
0.920000
0.900000
0.900000
0.900000
0.920000
0.900000
0.920001
0.900000
0.920000
0.900000
0.900000
0.920000
0.900000
0.900000
0.900000
0.920000
0.920000
0.900000
0.900000
0.920000
0.920000
0.900000
0.920000
0.920000
1.139998
0.899998
0.920000
0.920000
0.920000
0.900000
0.900000
0.900000
0.900000
0.920000
0.920000
0.899998
0.900000
0.920000
0.920001
0.900000
0.900000
0.920000
0.899998
0.920000
0.920001
0.900000
0.920001
0.900000
0.899998
0.899998
0.920001
0.900000
0.900000
0.900000
0.920001
0.920000
0.920000
0.900000
0.920000
0.900000
0.900000
0.899998
0.900000
0.900000
0.920000
0.900000
0.920000
1.060000
0.920000
0.900000
0.900000
0.900000
0.920000
0.920000
0.920000
0.920001
0.900000
0.920000
0.900000
0.900000
0.900000
0.939999
0.920000
0.920000
0.920001
0.900000
0.899998
0.900000
0.900000
0.920001
0.900000
0.900000
0.899998
0.920000
0.920000
0.900000
0.920000
0.900000
0.920000
0.900000
0.920000
0.920000
0.900000
0.900000
1.080001
0.920000
0.920000
0.920000
0.900000
0.900000
0.920000
1.060000
0.920001
0.899998
0.900000
0.920000
0.900000
0.920000
0.900000
0.900000
0.920000
0.900000
0.920000
0.900000
0.920000
0.899998
0.920000
0.920000
0.900000
0.900000
0.920000
0.899998
0.900000
0.920001
0.900000
0.920000
0.920000
0.920001
0.920000
0.900000
0.920000
0.920000
0.900000
0.920000
0.920000
0.939999
0.900000
0.920000
0.900000
0.900000
0.920001
0.900000
1.140000
0.900000
0.920000
1.060000
0.920000
0.920000
0.920001
0.900000
0.900000
1.039999
0.900000
0.920000
0.900000
0.900000
0.920000
0.900000
0.920000
0.920000
0.899998
0.920001
0.900000
0.920000
0.900000
0.900000
0.920000
0.920000
0.920001
0.900000
0.900000
0.900000
0.920001
0.920000
0.900000
0.920001
0.900000
0.900000
0.920000
0.900000
0.900000
0.920001
0.920000
0.920000
0.900000
1.000000
0.920000
0.920000
0.900000
1.060000
0.920000
0.900000
0.920000
0.920000
0.920000
0.900000
0.920000
0.900000
0.899998
0.920000
0.900000
0.900000
0.899998
0.920001
0.920000
0.920000
1.019999
0.920001
0.920001
0.900000
0.920000
1.100000
0.920000
