9.499000
9.413000
9.415000
9.413000
9.418000
9.414000
9.419999
9.412000
9.414000
9.412000
9.414000
9.415001
9.415000
9.414000
9.419000
9.412000
9.420000
9.416999
9.416999
9.414000
9.410000
9.414000
9.414000
9.413000
9.413000
9.414000
9.412000
9.416000
9.411001
9.412999
9.447999
9.428999
9.411001
9.414000
9.414000
9.413000
9.417000
9.422000
9.416000
9.416000
9.413000
9.419000
9.439000
9.418000
9.417000
9.412000
9.413000
9.421000
9.413000
9.413000
9.417000
9.420000
9.419000
9.415001
9.414000
9.423999
9.420999
9.412000
9.414000
9.421000
9.413000
9.416000
9.418000
9.422000
9.412000
9.414000
9.493999
9.439000
9.465000
9.490000
9.446001
9.479000
9.544000
9.490000
9.514000
9.510000
9.517000
9.492000
9.575000
9.535001
9.548000
9.548000
9.557000
9.543000
9.569000
9.531000
9.541000
9.590000
9.554001
9.551000
9.556000
9.521000
9.539001
9.496000
9.410000
9.426000
9.412000
9.412000
9.412000
9.412000
9.411001
9.413000
9.412000
9.411000
9.411000
9.412000
9.412000
9.412000
9.409999
9.411001
9.411000
9.413000
9.412000
9.412000
9.409999
9.412000
9.411001
9.412000
9.412000
9.413000
9.411001
9.413000
9.412999
9.412000
9.409999
9.412999
9.412001
9.412000
9.411000
9.413000
9.412000
9.411001
9.409999
9.412000
9.411000
9.412000
9.411000
9.412000
9.412000
9.412000
9.411000
9.411000
9.413000
9.413000
9.412000
9.412999
9.412000
9.411000
9.412000
9.412000
9.412000
9.412000
9.410000
9.412999
9.412999
9.412000
9.412000
9.413000
9.409999
9.411000
9.412000
9.411001
9.409999
9.413000
9.411001
9.412000
9.412000
9.412000
9.411001
9.412000
9.412000
9.412000
9.411000
9.414000
9.414000
9.412000
9.411000
9.413000
9.412000
9.412000
9.411001
9.412000
9.412000
9.412000
9.411001
9.411000
9.412000
9.412999
9.411001
9.413000
9.412000
9.412000
9.410000
9.412000
9.413000
9.412000
9.410000
9.412000
9.412000
9.412001
9.411000
9.412000
9.412000
9.412999
9.411001
9.412000
9.411000
9.411000
9.412000
9.414000
9.412000
9.413000
9.411000
9.412999
9.412001
9.411000
9.412000
9.413000
9.412000
9.412001
9.412000
9.413000
9.412000
9.413000
9.410000
9.412000
9.413000
9.411000
9.411001
9.411000
9.411001
9.412999
9.412000
9.412000
9.412000
9.412000
9.411001
9.414000
9.412000
9.411000
9.411001
9.412999
9.412999
9.412000
9.412000
9.413000
9.412000
9.412000
9.410000
9.413000
9.412000
9.412000
9.409000
9.414000
9.411000
9.412001
9.412000
9.413000
9.412000
9.411000
9.412001
9.412000
9.413000
9.411000
9.410000
9.413000
9.413000
9.412000
9.410000
9.414000
9.413000
9.412000
9.411000
9.411000
9.411000
9.412000
9.411001
9.412999
9.412999
9.412000
9.411000
9.410000
9.412000
9.412000
9.411001
9.414000
9.411001
9.412000
9.411000
9.412999
9.412000
9.412000
9.411000
9.414000
9.412000
9.412000
9.410000
9.413000
9.412000
9.412000
9.411000
9.411000
9.412001
9.412000
9.411000
9.415001
9.412000
9.411000
9.411001
9.413000
9.412000
9.411000
9.411001
9.413000
9.412000
9.411000
9.412000
9.412000
9.411000
9.412000
9.411000
9.414000
9.412000
9.413000
9.411000
9.413000
9.412000
9.412001
9.412000
9.412000
9.413000
9.413000
9.411000
9.414000
9.412000
9.412000
9.411000
9.412000
9.410000
9.413000
9.411000
9.413000
9.411001
9.412000
9.411000
9.412000
9.412999
9.412001
9.412000
9.412000
9.413000
9.411000
9.411001
9.413000
9.412000
9.411000
9.412000
9.412000
9.412000
9.411000
9.412000
9.412000
9.412000
9.411001
9.409999
9.414000
9.412000
9.412000
9.412001
9.412999
9.412000
9.412000
9.411000
9.413000
9.412000
9.412999
9.409999
9.412000
9.411001
9.413000
9.409999
9.411000
9.412000
9.412000
9.411001
9.413000
9.412000
9.411000
9.411000
9.412000
9.411000
9.411000
9.410000
9.413000
9.412000
9.410000
9.411000
9.413000
9.412000
9.412000
9.411001
9.413000
9.412000
9.413000
9.412000
9.413000
9.412000
9.411001
9.412000
9.412000
9.413000
9.413000
9.410000
9.413000
9.411000
9.413000
9.411000
9.412999
9.412999
9.411000
9.412000
9.412000
9.413000
9.411001
9.411000
9.411001
9.411000
9.412000
9.412000
9.411000
9.411000
9.413000
9.411001
9.413000
9.411000
9.412000
9.410000
9.414000
9.415000
9.412000
9.411000
9.413000
9.411000
9.413000
9.411001
9.413000
9.411000
9.412000
9.412000
9.412999
9.412999
9.412001
9.411000
9.413000
9.412000
9.413000
9.412000
9.412000
9.412000
9.411000
9.411001
9.412000
9.412000
9.412000
9.410000
9.411000
9.413000
9.413000
9.412000
9.414000
9.411001
9.412000
9.411000
9.413000
9.412000
9.411000
9.410000
9.412999
9.412999
9.412000
9.411000
9.411001
9.412999
9.411000
9.412000
9.411001
9.413000
9.412000
9.411000
9.412000
9.412000
9.411000
9.411001
9.414000
9.412000
9.411000
9.411000
9.413000
9.412000
9.411000
9.412000
9.412000
9.413000
9.412000
9.411000
9.414000
9.412000
9.412000
9.410000
9.413000
9.412000
9.412000
9.411001
9.412999
9.412999
9.412999
9.412000
9.412000
9.415000
9.412000
9.411000
9.415000
9.410000
9.412000
9.411001
9.412000
9.413000
9.413000
9.411000
9.411001
9.411000
9.413000
9.410000
9.411000
9.412000
9.411000
9.409000
9.413000
9.412000
9.412000
9.411001
9.413000
9.412000
9.412000
9.411000
9.415000
9.412000
9.412000
9.411001
9.415000
9.413000
9.413000
9.412000
9.412000
9.411000
9.413000
9.410000
9.413000
9.411000
9.412000
9.410000
9.410000
9.412000
9.412000
9.411000
9.412000
9.413000
9.409999
9.411000
9.412000
9.412000
9.410000
9.412000
9.414000
9.411000
9.410000
9.411000
9.412000
9.412000
9.412000
9.411001
9.411000
9.412000
9.412000
9.411000
9.413000
9.412000
9.412000
9.411001
9.411000
9.412000
9.411001
9.411000
9.413000
9.415001
9.413000
9.409999
9.412000
9.412000
9.412000
9.412000
9.414000
9.412000
9.411000
9.412000
9.412000
9.413000
9.411000
9.411001
9.412000
9.411000
9.412001
9.411000
9.412000
9.412000
9.412999
9.411001
9.412000
9.412000
9.411001
9.409999
9.412999
9.415001
9.413000
9.411000
9.413000
9.414000
9.411000
9.412000
9.414000
9.412000
9.412000
9.411000
9.413000
9.412000
9.412000
9.411001
9.412000
9.413000
9.411000
9.409999
9.413000
9.412000
9.412000
9.411000
9.413000
9.413000
9.411000
9.411001
9.414000
9.411000
9.412000
9.411000
9.412999
9.412000
9.412000
9.410000
9.415000
9.412000
9.412000
9.409999
9.413000
9.412000
9.412000
9.411000
9.411000
9.411001
9.413000
9.412000
9.414000
9.412000
9.411000
9.410000
9.412000
9.413000
9.412000
9.411000
9.412000
9.412000
9.411001
9.411000
9.414000
9.413000
9.412000
9.411000
9.411000
9.412000
9.411001
9.409999
9.414000
9.413000
9.412000
9.411001
9.412000
9.413000
9.413000
9.411000
9.413000
9.412000
9.412000
9.411000
9.413000
9.412000
9.412000
9.411001
9.412000
9.411000
9.412001
9.412000
9.412000
9.410000
9.412000
9.411000
9.414000
9.413000
9.412000
9.412000
9.409999
9.412000
9.412000
9.412000
9.412000
9.413000
9.412000
9.411000
9.412000
9.413000
9.413000
9.409999
9.414000
9.412000
9.412000
9.412000
9.413000
9.412000
9.412000
9.411000
9.412999
9.412001
9.412999
9.411000
9.412000
9.411001
9.412000
9.409999
9.409999
9.412000
9.412000
9.411000
9.413000
9.412000
9.411001
9.414000
9.415000
9.413000
9.413000
9.409999
9.411000
9.412000
9.411000
9.412000
9.411000
9.412000
9.412000
9.411000
9.413000
9.412000
9.411001
9.409999
9.412001
9.412999
9.412999
9.411000
9.412000
9.411001
9.412000
9.411000
9.413000
9.412000
9.412001
9.411000
9.412000
9.412000
9.411000
9.413000
9.413000
9.412000
9.413000
9.410000
9.413000
9.411000
9.413000
9.411000
9.411000
9.412000
9.412000
9.410000
9.413000
9.412000
9.412000
9.409000
9.414000
9.412000
9.412000
9.411000
9.414000
9.412000
9.412000
9.411000
9.412000
9.411000
9.412000
9.411001
9.414000
9.412999
9.412001
9.411000
9.411000
9.412000
9.412000
9.410000
9.412000
9.412000
9.412000
9.411001
9.412000
9.411000
9.412000
9.409999
9.415001
9.412000
9.412000
9.410000
9.413000
9.412000
9.412000
9.411001
9.413000
9.412000
9.411000
9.410000
9.412000
9.411001
9.412999
9.411000
9.413000
9.415000
9.413000
9.411001
9.411000
9.411001
9.412000
9.411000
9.412000
9.411000
9.412000
9.411001
9.413000
9.412999
9.412000
9.411000
9.412000
9.412000
9.412000
9.411000
9.413000
9.413000
9.412000
9.411001
9.413000
9.412000
9.411000
9.412000
9.412000
9.413000
9.412000
9.411000
9.412000
9.412000
9.411000
9.410000
9.414000
9.413000
9.413000
9.412000
9.412000
9.411000
9.412000
9.409999
9.411001
9.413000
9.412000
9.411000
9.415001
9.409999
9.412000
9.411000
9.413000
9.413000
9.412000
9.409000
9.412000
9.412000
9.413000
9.411000
9.412000
9.412000
9.412000
9.411000
9.413000
9.412000
9.412000
9.411000
9.414000
9.413000
9.412999
9.411000
9.414000
9.412000
9.411000
9.411001
9.413000
9.413000
9.413000
9.411000
9.412000
9.412000
9.412000
9.409999
9.411001
9.413000
9.412000
9.411000
9.412999
9.412001
9.409999
9.413000
9.415001
9.413000
9.412000
9.411000
9.413000
9.412000
9.412001
9.411000
9.410000
9.412000
9.412000
9.411001
9.414000
9.413000
9.412000
9.409999
9.412000
9.412001
9.412000
9.409999
9.411000
9.412000
9.412000
9.411001
9.413000
9.412000
9.412000
9.411001
9.411000
9.412000
9.411001
9.409999
9.412000
9.412000
9.412000
9.412000
9.413000
9.411001
9.412000
9.412000
9.412000
9.412000
9.412000
9.412000
9.412000
9.412000
9.412000
9.408999
9.414000
9.413000
9.412000
9.409000
9.413000
9.412000
9.412001
9.411000
9.412000
9.413000
9.412000
9.411001
9.414000
9.412999
9.412000
