67.638000
67.555999
67.819001
67.676000
67.855999
67.658000
67.906000
67.669000
67.565002
67.820000
67.782000
67.707000
67.761999
67.622999
67.701999
67.759000
67.753999
67.639001
67.870000
67.722000
67.832999
67.750001
67.790000
67.709001
67.708001
67.761000
67.639001
67.762000
67.717999
67.827001
67.848001
67.738000
67.756999
67.764999
67.741999
67.803001
67.728000
67.860000
67.702999
67.653000
67.706000
67.778001
67.861000
67.735001
67.832001
67.713000
67.740999
67.676000
67.833999
68.024000
67.655001
67.687999
67.678001
67.655999
67.746999
67.654001
67.817001
67.776000
67.631999
67.675000
67.799000
67.608001
67.801999
67.771999
67.650000
67.718001
67.580000
67.705998
67.764001
67.654999
67.684000
67.581000
67.698000
67.652000
67.783000
67.714000
67.651998
67.677999
67.645000
67.606000
67.675998
67.611000
67.743000
67.685001
67.663999
67.715000
67.787001
67.652000
67.619000
67.682000
67.645000
67.634000
67.694999
67.659998
67.589000
67.732999
67.601999
67.617999
67.640999
67.600001
67.547001
67.565000
67.604000
67.544999
67.626001
67.785000
67.663001
73.035000
67.729998
67.774000
67.732999
67.832999
67.769999
67.668000
67.671999
67.816999
67.767000
67.760000
67.730000
67.753000
67.740001
67.786999
67.764999
67.707999
67.871999
67.707000
67.728000
67.662001
67.813000
67.761000
67.692000
67.789000
67.924000
67.815000
67.789001
67.762999
67.870999
67.824000
67.793000
67.577999
67.628000
67.805000
67.589002
67.690000
67.723999
67.534002
67.744000
67.651000
67.628000
67.514000
67.786999
67.489000
67.600999
67.552000
67.541000
67.475000
67.523999
67.484001
67.794001
67.503000
67.564001
67.656001
67.708001
67.737998
67.627000
67.640999
67.668000
67.791000
67.802001
67.705000
67.750001
67.707000
67.704000
67.694999
67.665000
67.723000
67.661999
67.692000
67.676000
67.676000
67.675998
67.644000
67.702999
67.632999
67.654999
67.643002
67.616999
67.718999
67.668000
67.642000
67.865001
67.575999
67.682002
67.614000
67.632999
67.616999
67.864001
67.550000
67.627000
67.584001
67.633001
67.620000
67.662001
67.606000
67.665000
67.623001
67.655999
67.586999
67.599000
67.644000
67.619000
67.602001
67.622000
67.629000
67.653000
67.602001
67.643998
67.584001
67.645000
67.691000
72.489001
67.792000
67.817999
67.701001
67.883000
67.776000
67.733999
67.743000
67.760000
67.791000
67.795001
67.764999
67.767000
67.750001
67.738000
67.765001
67.755001
67.768998
67.813000
67.892000
67.708001
67.707999
67.832999
67.695001
67.806000
67.741999
67.775000
67.890000
67.622000
67.798000
67.589998
67.822000
67.748999
67.775000
67.770001
67.761000
67.802001
67.815000
67.733999
67.783000
67.685001
67.750001
67.714000
67.779001
67.786001
67.699999
67.604002
67.856999
67.814998
67.656001
67.651000
67.731000
67.594001
67.772001
67.553999
67.779001
67.761000
67.654999
67.667000
67.638000
67.861000
67.896001
67.890001
67.708001
67.791000
67.808000
67.649001
67.822000
67.816000
67.845000
67.708999
67.749001
67.821000
67.727000
67.842999
67.792000
67.672001
67.745000
67.784999
67.693001
67.802999
67.560999
67.622000
67.656001
67.765001
67.715000
67.573000
67.706000
67.705000
67.761000
67.565000
67.671999
67.692000
67.756999
67.715000
67.829000
67.788001
67.665000
67.682000
67.583000
67.588000
67.638999
67.616999
67.636002
67.612998
67.986000
67.708999
67.817001
67.770999
67.749999
67.651000
67.777000
67.828000
67.586999
67.614000
67.751000
67.870999
68.089999
67.766001
67.769000
67.785999
67.886000
67.778001
67.751000
67.775998
67.869999
67.574000
67.697000
67.631001
67.735000
67.562999
67.671999
67.698000
67.735001
67.731000
67.699000
67.686001
67.756999
67.805000
67.745000
67.747001
67.760000
67.746000
67.804001
67.757001
67.669000
67.763001
67.797000
67.798002
67.563001
67.848999
67.800000
67.699000
67.655999
67.599000
67.724001
67.579001
67.551000
67.593001
67.701999
67.536000
67.693001
67.646999
67.667000
67.597000
67.692000
67.570999
67.531999
67.513000
67.847000
67.829000
67.813000
67.762000
73.456001
67.702001
67.488002
67.545000
67.505999
67.524001
67.545999
67.783000
67.544000
67.566000
67.549001
67.768000
67.551000
67.551998
67.738000
67.656999
67.856001
67.802001
67.653000
67.649001
67.793000
67.491999
67.560999
67.712000
67.706000
67.546001
67.743000
67.621998
67.570001
67.720000
67.551998
67.600001
67.856999
67.698000
67.527000
67.746000
67.681000
67.653000
67.890001
67.803001
67.833001
67.562999
67.663001
67.557001
67.501999
67.692000
67.603000
67.653000
67.777999
67.575000
67.563999
67.785000
67.726001
67.614000
67.630000
67.766000
67.662001
67.640999
67.645000
67.938000
67.635000
67.660000
67.768000
67.798000
67.769000
67.815999
67.710001
67.622000
67.922000
67.980001
67.741999
67.834999
67.624999
67.790000
67.801001
67.803001
67.801001
67.801001
67.838000
67.728000
67.722000
67.852000
67.582000
67.576000
67.606000
67.615001
67.586001
67.600999
67.601001
67.621000
67.530001
67.618001
67.545000
67.591999
67.567000
67.581000
67.544000
67.608999
67.586999
67.622000
67.610001
67.723999
67.642000
67.650000
67.734001
67.691000
67.717001
67.694999
67.684000
67.648001
67.644000
67.742001
67.620000
67.644000
67.622999
67.653000
67.782002
73.687999
67.627000
67.665001
67.669000
67.661999
67.853000
67.706000
67.686001
67.647001
67.642000
67.586999
67.633001
67.631999
67.792000
67.818001
67.659000
67.670001
67.639001
67.693999
67.670001
67.790000
67.655999
67.686001
67.834001
67.674000
67.620002
67.615999
67.599000
67.643000
67.702001
67.749999
67.612000
67.629000
67.560000
67.609999
67.608999
67.644000
67.569001
67.608999
67.521999
67.559000
67.536000
67.586001
67.567000
67.581000
67.600001
67.572001
67.574000
67.603000
67.583000
67.620000
67.617999
67.846000
67.608999
67.582000
67.639001
67.595001
67.572000
67.580000
68.189999
67.986999
67.779001
67.725001
68.034001
67.625999
67.571001
67.812001
67.888001
67.768000
67.612000
67.836000
67.800999
67.627000
67.615001
67.790000
67.587001
67.722999
67.685999
67.832001
67.847000
67.855000
67.792000
67.746999
67.824000
67.867000
67.799000
67.847000
67.590000
67.777000
67.879999
67.849999
67.763999
67.885000
67.703001
67.614000
67.622000
67.808999
67.803999
67.981001
67.807000
67.802999
67.724001
67.623001
67.593001
67.598000
67.622000
67.776000
67.791000
67.609999
67.520998
67.574998
67.565000
67.598000
67.628000
67.707000
67.611000
67.667000
72.877999
67.708999
67.605000
67.687999
67.656999
67.691000
67.670001
67.703001
67.605000
67.644000
67.583000
67.647001
67.818999
67.712000
67.603000
67.634000
67.815000
67.632001
67.599000
67.681000
67.570999
67.608001
67.638000
67.619000
67.577999
67.639001
67.580000
67.647999
67.619001
67.656999
67.540001
67.611000
67.638000
67.613998
67.630000
67.619001
67.592001
67.600999
67.601999
67.598999
67.608999
67.627000
67.603001
67.566000
67.632001
67.725001
67.617999
67.705000
67.576000
67.693999
67.605000
67.565000
67.582000
67.615001
67.744000
67.748999
67.764001
67.917001
67.643000
67.798000
67.741999
67.676000
67.621000
67.578999
67.575000
67.690000
67.578001
67.582000
67.600999
67.678001
67.597000
67.660000
67.561999
67.670999
67.619000
67.640001
67.652000
67.620000
67.721000
67.605000
67.643000
67.838000
67.707000
67.594999
67.690000
67.611000
67.779999
67.615999
67.609999
67.600001
67.630000
67.840999
67.742001
67.607000
67.737000
67.635000
67.714998
67.646999
67.814000
67.691000
67.708001
67.648001
67.701001
67.559998
67.759000
67.616001
67.734001
67.588000
67.792000
67.604000
67.706000
67.659000
67.803001
73.342999
67.622000
67.815000
67.668000
67.624001
67.652000
67.688001
67.817001
67.716001
67.718999
67.679999
67.844000
67.850001
67.713000
67.793000
67.662001
67.725999
67.732001
67.600001
67.755001
67.625999
67.785999
67.809999
67.763001
67.573000
67.544999
67.632999
67.635000
67.618001
67.535000
67.591000
67.575000
67.635002
67.768000
67.698000
67.777999
67.599000
67.581000
67.577001
67.566000
67.586001
67.568000
67.600001
67.567000
67.795999
67.653999
67.609999
67.606000
67.721000
67.592999
67.648999
67.582000
67.636000
67.708001
67.656999
67.614000
67.739001
67.580000
67.885000
68.062000
67.609999
67.756001
67.733001
67.588000
67.824000
67.755001
67.547001
67.522999
67.558000
67.585999
67.577001
67.575999
67.620000
67.559998
67.581000
67.613000
67.544000
67.608999
67.586001
67.591000
67.749999
67.634000
67.672001
67.611001
67.597000
67.572001
67.799000
67.728000
67.749999
67.701001
67.823000
67.698000
67.720000
67.735001
67.791998
67.585001
67.756999
67.661000
67.815000
67.684000
67.745000
67.760000
67.693001
67.756001
67.833001
67.759000
67.786001
67.663001
67.763001
67.749001
67.714000
67.654999
67.762000
67.640001
67.744000
67.655999
67.594001
73.247999
67.661999
67.805000
67.648001
67.847000
67.654001
67.780999
67.735000
67.685999
67.690000
67.876000
67.637000
67.715999
67.605000
67.677999
67.768000
67.618001
67.640001
67.823000
67.694999
67.628000
67.733999
67.889001
67.921000
67.748999
67.732001
67.627000
67.689002
67.853000
67.605000
67.667000
67.801999
67.637000
67.737000
67.643000
67.658000
67.839000
67.589000
67.676000
67.855000
67.684000
67.689000
67.791000
67.671999
67.615999
67.596000
67.684000
67.670999
67.646999
67.655001
67.597000
67.659002
67.589000
67.585001
67.592001
67.592001
67.586999
67.809001
67.600001
67.866001
67.749999
67.727000
67.741999
67.760000
67.527000
67.763999
67.774000
67.732999
67.733999
67.794999
67.720000
67.755999
67.789000
67.884998
67.735000
67.598000
67.829000
67.701999
67.896999
67.807000
67.768000
67.769999
67.518001
67.627000
67.703001
67.575000
67.894001
67.927999
67.802999
67.653999
67.671999
67.578999
67.563001
67.740999
67.778001
67.803999
67.735000
67.810001
67.784000
67.707000
67.778001
67.767000
67.492001
67.716999
67.629000
67.810001
67.762000
67.673000
67.738999
67.792000
67.761000
67.714000
67.825999
67.630000
67.718001
67.854999
67.802001
67.717999
67.672001
67.683000
67.563999
67.611000
67.598999
67.734001
67.565000
67.661000
67.608001
67.702999
67.604000
67.779001
67.600001
67.658000
67.597000
67.587001
67.531999
67.650000
67.654001
67.597000
67.784000
67.766000
67.737998
67.759000
67.763001
