9.519000
9.466000
9.449000
9.451000
9.434000
9.458000
9.516000
9.527000
9.512000
9.515001
9.512000
9.515001
9.506000
9.491000
9.578000
9.531000
9.527000
9.556000
9.562001
9.529000
9.517999
9.553000
9.562000
9.579999
9.540000
9.567000
9.533000
9.601000
9.475000
9.467000
9.435000
9.424000
9.403000
9.403000
9.404000
9.403000
9.403000
9.403001
9.404001
9.403000
9.403001
9.403000
9.404000
9.403001
9.403000
9.403001
9.404000
9.403000
9.403000
9.403000
9.404000
9.403001
9.403000
9.403001
9.404001
9.403000
9.403001
9.403000
9.404000
9.403001
9.403000
9.403001
9.404000
9.403001
9.403000
9.403001
9.404000
9.403000
9.403001
9.403000
9.404000
9.403001
9.403000
9.403001
9.404000
9.403000
9.403001
9.403000
9.404000
9.403000
9.403000
9.403000
9.404000
9.403000
9.403000
9.403001
9.404001
9.403001
9.403000
9.403001
9.404000
9.403000
9.403000
9.403000
9.404000
9.403000
9.403000
9.403000
9.404000
9.403001
9.403000
9.403001
9.404001
9.403001
9.403000
9.403000
9.404000
9.403000
9.403000
9.403000
9.404000
9.403000
9.403001
9.403000
9.404000
9.403000
9.403001
9.403000
9.404000
9.403000
9.403000
9.403000
9.404000
9.403000
9.403000
9.403001
9.404001
9.403000
9.403001
9.403000
9.404000
9.403001
9.403000
9.403001
9.404000
9.403000
9.403000
9.403000
9.404000
9.403001
9.403000
9.403001
9.404001
9.403000
9.403001
9.403000
9.404000
9.403001
9.403000
9.403001
9.404000
9.403001
9.403000
9.403001
9.404000
9.403000
9.403000
9.403000
9.404000
9.403001
9.403000
9.403001
9.404000
9.403000
9.403001
9.403000
9.404000
9.403001
9.403000
9.403001
9.404000
9.403000
9.403000
9.403001
9.404000
9.403000
9.403001
9.403000
9.404000
9.403001
9.403000
9.403001
9.404000
9.403000
9.403001
9.403000
9.404000
9.403001
9.403000
9.403001
9.404000
9.403000
9.403000
9.403000
9.404000
9.403001
9.403000
9.403001
9.404000
9.403000
9.403001
9.403000
9.404000
9.403001
9.403000
9.403000
9.404000
9.403000
9.403000
9.403000
9.404000
9.403000
9.403001
9.403000
9.404001
9.403001
9.403000
9.403000
9.404000
9.403000
9.403000
9.403000
9.404000
9.403000
9.403001
9.403000
9.404000
9.403001
9.403000
9.403001
9.404000
9.403000
9.403000
9.403000
9.404000
9.403000
9.403000
9.403001
9.404000
9.403000
9.403001
9.403000
9.404000
9.403001
9.403000
9.403001
9.404000
9.403000
9.403001
9.403000
9.404001
9.403001
9.403000
9.403001
9.404000
9.403000
9.403000
9.403000
9.404000
9.403000
9.403000
9.403000
9.404000
9.403001
9.403000
9.403001
9.404001
9.403000
9.403001
9.403000
9.404000
9.403000
9.403000
9.403000
9.404000
9.403000
9.403001
9.403000
9.404000
9.403001
9.403000
9.403000
9.404000
9.403000
9.403000
9.403000
9.404001
9.403000
9.403001
9.403000
9.404000
9.403000
9.403000
9.403000
9.404000
9.403000
9.403000
9.403000
9.404000
9.403001
9.403000
9.403001
9.404001
9.403001
9.403000
9.403000
9.404000
9.403000
9.403000
9.403000
9.404000
9.403000
9.403001
9.403000
9.404000
9.403001
9.403000
9.403001
9.404000
9.403000
9.403001
9.403000
9.404000
9.403000
9.403000
9.403001
9.404000
9.403000
9.403001
9.403000
9.404000
9.403001
9.403000
9.403001
9.404000
9.403000
9.403001
9.403000
9.404001
9.403000
9.403001
9.403000
9.404000
9.403000
9.403000
9.403000
9.404000
9.403001
9.403000
9.403001
9.404000
9.403000
9.403001
9.403000
9.404000
9.403001
9.403000
9.403001
9.404000
9.403000
9.403001
9.403000
9.404000
9.403001
9.403000
9.403001
9.404000
9.403000
9.403001
9.403000
9.404000
9.403001
9.403000
9.403001
9.404000
9.403000
9.403001
9.403000
9.404000
9.403001
9.403000
9.403000
9.404000
9.403000
9.403000
9.403000
9.404000
9.403001
9.403000
9.403001
9.404000
9.403000
9.403001
9.403000
9.404000
9.403000
9.403000
9.403000
9.404000
9.403000
9.403000
9.403001
9.404001
9.403001
9.403000
9.403001
9.404000
9.403000
9.403000
9.403000
9.404000
9.403000
9.403000
9.403000
9.404000
9.403001
9.403000
9.403001
9.404001
9.403001
9.403000
9.403000
9.404000
9.403000
9.403000
9.403000
9.404001
9.403000
9.403001
9.403000
9.404000
9.403001
9.403000
9.403001
9.404000
9.403000
9.403000
9.403000
9.404000
9.403001
9.403000
9.403001
9.404001
9.403000
9.403001
9.403000
9.404000
9.403001
9.403000
9.403001
9.404000
9.403000
9.403001
9.403000
9.404001
9.403001
9.403000
9.403000
9.404000
9.403000
9.403000
9.403000
9.404000
9.403000
9.403001
9.403000
9.404000
9.403001
9.403000
9.403001
9.404000
9.403000
9.403000
9.403000
9.404000
9.403001
9.403000
9.403001
9.404000
9.403000
9.403001
9.403000
9.404000
9.403000
9.403000
9.403000
9.404000
9.403000
9.403000
9.403001
9.404000
9.403000
9.403001
9.403000
9.404000
9.403001
9.403000
9.403001
9.404000
9.403000
9.403001
9.403000
9.404000
9.403001
9.403000
9.403001
9.404000
9.403000
9.403001
9.403000
9.404000
9.403001
9.403000
9.403001
9.404000
9.403000
9.403001
9.403000
9.404000
9.403001
9.403000
9.403000
9.404000
9.403000
9.403000
9.403000
9.404000
9.403001
9.403000
9.403001
9.404000
9.403000
9.403001
9.403000
9.404000
9.403001
9.403000
9.403001
9.404000
9.403001
9.403000
9.403001
9.404000
9.403000
9.403001
9.403000
9.404000
9.403001
9.403000
9.403001
9.404000
9.403000
9.403001
9.403000
9.404000
9.403001
9.403000
9.403000
9.404000
9.403000
9.403000
9.403000
9.404000
9.403000
9.403001
9.403000
9.404001
9.403000
9.403001
9.403000
9.404000
9.403000
9.403000
9.403000
9.404000
9.403001
9.403000
9.403001
9.404000
9.403001
9.403000
9.403001
9.404000
9.403000
9.403000
9.403000
9.404000
9.403001
9.403000
9.403001
9.404000
9.403000
9.403001
9.403000
9.404000
9.403000
9.403000
9.403000
9.404000
9.403001
9.403000
9.403001
9.404001
9.403001
9.403000
9.403000
9.404000
9.403000
9.403000
9.403000
9.404000
9.403000
9.403001
9.403000
9.404000
9.403000
9.403001
9.403000
9.404000
9.403000
9.403000
9.403000
9.404000
9.403000
9.403000
9.403001
9.404001
9.403000
9.403001
9.403000
9.404000
9.403001
9.403000
9.403001
9.404000
9.403000
9.403000
9.403001
9.404001
9.403001
9.403000
9.403001
9.404000
9.403000
9.403000
9.403000
9.404000
9.403000
9.403000
9.403000
9.404000
9.403001
9.403000
9.403001
9.404000
9.403000
9.403001
9.403000
9.404000
9.403001
9.403000
9.403001
9.404000
9.403000
9.403001
9.403000
9.404000
9.403001
9.403000
9.403000
9.404000
9.403000
9.403000
9.403000
9.404000
9.403000
9.403001
9.403000
9.404001
9.403000
9.403001
9.403000
9.404000
9.403000
9.403000
9.403000
9.404000
9.403000
9.403001
9.403000
9.404000
9.403001
9.403000
9.403001
9.404000
9.403000
9.403001
9.403000
9.404000
9.403000
9.403001
9.403000
9.404000
9.403000
9.403001
9.403000
9.404000
9.403000
9.403000
9.403000
9.404000
9.403001
9.403000
9.403001
9.404001
9.403000
9.403001
9.403000
9.404000
9.403000
9.403000
9.403000
9.404000
9.403000
9.403001
9.403000
9.404000
9.403000
9.403001
9.403000
9.404000
9.403001
9.403000
9.403001
9.404000
9.403000
9.403001
9.403000
9.404000
9.403001
9.403000
9.403001
9.404000
9.403000
9.403000
9.403000
9.404000
9.403001
9.403000
9.403001
9.404000
9.403000
18.312001
9.438000
9.438000
9.405999
9.403001
9.403000
9.403001
9.406000
9.403000
9.403001
9.403001
9.406000
9.403000
9.403001
9.403000
9.406000
9.403000
9.403000
9.403000
9.406000
9.403000
9.403000
9.403001
9.405999
9.403001
9.403000
9.403001
9.405999
9.403000
9.403000
9.403000
9.406000
9.403000
9.403001
9.403000
9.406000
9.403000
9.403001
9.403000
9.406000
9.403001
9.403000
9.403000
9.405999
9.403001
9.403000
9.403001
9.405999
9.403000
9.403000
9.403001
9.406000
9.403000
9.403001
9.403000
9.406000
9.403000
9.403000
9.403000
9.406000
9.403000
9.403000
9.403000
9.405999
9.403001
9.403000
9.403001
9.405999
9.403001
9.403000
9.403001
9.406000
9.403000
9.403001
9.403000
9.406000
9.403000
9.403001
9.403000
9.406000
9.403001
9.403000
9.403000
9.406000
9.403001
9.403000
9.403001
9.405999
9.403000
9.403000
9.403001
9.405999
9.403000
9.403000
9.403000
9.406000
9.403000
9.403001
9.403000
9.406000
9.403000
9.403000
9.403000
9.405999
9.403001
9.403000
9.403000
9.405999
9.403001
9.403000
9.403001
9.406000
9.403000
9.403001
9.403001
9.406000
9.403000
9.403001
9.403000
9.406000
9.403000
9.403000
9.403000
9.406000
9.403001
9.403000
9.403001
9.405999
9.403001
9.403000
9.403001
9.405999
9.403000
9.403000
9.403000
9.406000
9.403000
9.403001
9.403000
9.406000
9.403000
9.403001
9.403000
9.406000
9.403001
9.403000
9.403000
9.405999
9.403001
9.403000
9.403001
9.405999
9.403000
9.403001
9.403001
9.406000
9.403000
9.403001
9.403000
9.406000
9.403000
9.403000
9.403000
9.406000
9.403000
9.403000
9.403000
9.405999
9.403001
9.403000
9.403001
9.405999
9.403001
9.403000
9.403000
9.406000
9.403000
9.403001
9.403000
9.406000
9.403000
9.403001
9.403000
9.406000
9.403001
9.403000
9.403000
9.406000
9.403001
9.403000
9.403001
9.405999
9.403000
9.403000
9.403001
9.405999
9.403000
9.403001
9.403000
9.406000
9.403000
9.403001
9.403000
9.406000
9.403000
9.403000
9.403000
9.405999
9.403001
9.403000
9.403000
9.405999
9.403001
9.403000
9.403001
9.406000
9.403000
9.403001
9.403000
9.406000
9.403000
9.403001
9.403000
9.406000
9.403000
9.403000
9.403000
9.406000
9.403001
9.403000
9.403001
9.405999
9.403001
9.403000
9.403001
9.405999
9.403000
9.403000
9.403000
9.406000
9.403000
9.403001
9.403000
9.406000
9.403000
9.403001
9.403000
9.405999
