312.314000
312.506000
313.353000
309.347000
310.047000
309.550000
308.917000
312.786000
310.583000
309.051000
310.609000
310.678000
312.310000
309.788000
309.809000
313.719000
311.908000
311.059000
310.187000
310.556000
312.540000
311.573000
323.457000
309.794000
309.212000
310.839000
311.496000
309.042000
311.131000
309.205000
313.157000
309.042000
310.490000
312.303000
310.650000
311.950000
311.152000
311.121000
312.919000
311.191000
318.790000
311.370000
312.507000
311.634000
311.434000
310.438000
313.385000
310.606000
312.723000
311.184000
311.795000
312.945000
311.287000
312.823000
311.021000
310.939000
311.941000
311.318000
317.543000
311.224000
310.513000
313.176000
312.259000
310.059000
311.800000
308.929000
311.123000
311.325000
311.092000
311.484000
309.929000
312.635000
311.055000
309.701000
313.069000
311.115000
309.842000
309.737000
311.681000
311.265000
311.429000
310.952000
313.202000
310.472000
312.225000
311.361000
309.341000
312.061000
311.620000
310.679000
308.754000
309.666000
313.757000
309.904000
309.646000
311.939000
311.877000
312.109000
312.732000
309.877000
313.024000
311.257000
312.802000
312.069000
310.366000
311.910000
311.672000
329.500000
310.218000
310.239000
312.528000
313.280000
310.703000
310.738000
309.549000
312.018000
309.207000
310.914000
312.818000
309.529000
312.090000
311.827000
312.344000
313.361000
310.494000
317.115000
310.626000
311.063000
314.409000
312.734000
309.979000
311.999000
310.817000
311.176000
311.321000
312.509000
312.828000
311.062000
308.947000
311.447000
311.500000
313.829000
308.629000
311.524000
313.166000
311.918000
310.678000
309.092000
309.549000
311.900000
311.454000
311.665000
310.871000
309.934000
312.018000
309.188000
310.779000
309.611000
311.665000
313.937000
311.814000
311.377000
311.006000
309.879000
312.805000
311.897000
310.242000
312.510000
309.653000
313.019000
310.232000
312.018000
313.590000
309.979000
319.045000
310.590000
311.429000
314.054000
310.044000
312.410000
313.400000
309.034000
313.759000
309.489000
310.605000
311.733000
312.068000
311.200000
311.330000
312.927000
311.942000
310.784000
316.396000
311.340000
310.545000
311.657000
309.975000
310.207000
312.692000
311.206000
310.634000
310.814000
309.810000
311.976000
310.232000
312.320000
309.943000
311.523000
314.537000
309.717000
309.812000
313.894000
310.569000
313.027000
313.911000
311.086000
313.625000
308.499000
311.412000
310.142000
311.455000
312.652000
310.036000
308.992000
311.026000
311.500000
314.453000
310.504000
311.676000
312.205000
309.882000
311.643000
310.404000
310.269000
311.543000
310.053000
311.694000
309.421000
311.960000
312.549000
311.835000
326.793000
310.556000
311.464000
310.664000
309.607000
311.130000
313.009000
313.411000
311.354000
311.021000
310.128000
312.818000
311.153000
309.597000
310.182000
312.128000
312.090000
307.909000
309.552000
311.448000
311.084000
315.419000
309.800000
310.475000
312.880000
311.553000
314.233000
310.524000
311.367000
313.284000
311.161000
312.653000
311.265000
311.826000
314.634000
310.233000
309.783000
313.099000
310.903000
314.246000
311.341000
311.778000
313.131000
312.705000
312.184000
308.112000
310.106000
311.867000
308.720000
311.988000
310.831000
310.961000
312.572000
311.491000
312.070000
312.051000
311.025000
314.669000
312.876000
310.231000
312.583000
310.150000
310.698000
312.140000
312.572000
313.189000
311.879000
314.253000
310.463000
312.003000
312.854000
310.017000
310.472000
314.238000
312.368000
314.767000
309.810000
310.096000
314.476000
310.948000
309.653000
310.091000
310.710000
313.289000
312.963000
323.805000
310.003000
310.848000
312.141000
311.896000
311.298000
312.315000
311.762000
311.700000
308.909000
309.917000
313.953000
312.668000
312.217000
310.492000
312.098000
314.268000
309.241000
324.481000
311.261000
310.826000
312.911000
308.692000
309.616000
313.331000
309.932000
312.383000
310.302000
311.941000
313.440000
311.714000
310.613000
309.169000
307.787000
314.913000
311.975000
312.264000
312.848000
311.216000
312.650000
309.679000
310.474000
310.942000
310.681000
310.805000
311.634000
311.758000
311.969000
309.947000
310.297000
322.596000
316.761000
318.271000
319.390000
326.046000
318.032000
315.917000
316.489000
314.736000
316.463000
315.368000
316.856000
318.101000
315.844000
313.807000
316.921000
315.047000
316.554000
315.518000
333.041000
318.218000
324.565000
328.256000
326.557000
324.594000
320.196000
320.778000
325.967000
317.683000
320.534000
319.940000
323.189000
326.799000
320.016000
325.321000
324.704000
322.936000
326.148000
319.391000
317.848000
319.034000
314.936000
321.481000
348.307000
320.375000
314.149000
327.440000
351.188000
326.508000
332.598000
334.423000
326.493000
322.697000
330.940000
337.781000
320.161000
323.247000
327.830000
339.612000
326.489000
317.992000
313.102000
308.632000
314.245000
311.578000
312.529000
311.749000
311.422000
311.269000
310.268000
310.280000
311.365000
311.840000
311.429000
309.813000
311.742000
313.461000
310.090000
311.045000
310.820000
308.383000
312.796000
308.334000
313.121000
311.726000
311.499000
314.271000
310.365000
320.949000
312.182000
311.627000
313.102000
310.377000
310.193000
313.195000
311.347000
313.271000
312.085000
310.166000
312.710000
310.929000
311.990000
311.024000
309.436000
314.250000
311.024000
311.380000
313.503000
310.346000
314.145000
311.106000
312.523000
311.876000
312.303000
311.177000
311.131000
309.478000
313.007000
310.301000
313.057000
311.008000
310.389000
313.182000
310.932000
309.922000
312.191000
309.177000
313.580000
311.053000
309.432000
311.881000
311.459000
309.357000
310.586000
310.175000
314.051000
310.315000
325.818000
311.630000
311.128000
315.906000
311.657000
310.983000
311.414000
311.226000
313.391000
309.709000
310.576000
311.793000
309.071000
312.185000
309.307000
309.603000
311.672000
310.828000
324.854000
312.177000
312.293000
310.476000
310.820000
312.480000
312.728000
310.829000
312.125000
308.371000
308.915000
313.730000
311.966000
312.926000
310.979000
308.784000
314.253000
309.231000
318.842000
311.723000
312.451000
313.720000
310.865000
311.580000
314.583000
312.405000
313.551000
313.741000
311.450000
312.377000
310.905000
310.110000
309.814000
311.307000
311.936000
310.826000
309.353000
312.660000
313.124000
314.881000
315.174000
310.771000
310.973000
311.093000
313.818000
312.053000
312.499000
313.535000
311.547000
324.403000
309.491000
310.120000
313.247000
308.598000
309.934000
314.160000
312.100000
313.788000
312.701000
311.131000
313.720000
311.347000
310.810000
312.667000
311.933000
312.725000
310.408000
311.174000
314.588000
312.724000
312.892000
311.062000
308.351000
311.675000
311.367000
311.074000
310.200000
309.688000
313.873000
310.800000
322.241000
310.177000
311.353000
313.326000
312.093000
312.394000
311.849000
311.483000
313.257000
311.017000
310.429000
314.862000
309.604000
311.855000
308.379000
309.935000
313.626000
311.670000
308.532000
311.907000
311.735000
310.540000
309.319000
311.613000
315.223000
310.939000
311.221000
311.130000
311.374000
314.106000
312.139000
311.326000
313.348000
311.161000
313.644000
309.542000
310.066000
313.007000
311.806000
313.163000
311.608000
312.463000
312.988000
309.717000
314.801000
311.618000
311.260000
314.732000
308.619000
324.430000
310.902000
309.462000
313.580000
311.120000
311.471000
311.205000
308.602000
312.751000
312.659000
312.122000
312.876000
309.769000
311.264000
308.442000
309.237000
311.615000
312.247000
308.486000
312.378000
310.050000
313.399000
312.018000
309.325000
312.899000
310.548000
312.201000
311.178000
308.468000
312.484000
311.240000
319.958000
310.866000
310.695000
314.122000
311.062000
311.506000
316.874000
310.148000
312.380000
311.502000
312.070000
312.929000
311.322000
311.480000
310.868000
313.097000
312.384000
309.435000
317.001000
311.244000
312.446000
312.135000
309.685000
309.978000
311.731000
307.739000
310.768000
312.281000
312.566000
313.724000
309.871000
310.544000
309.916000
311.803000
314.756000
309.516000
310.786000
311.979000
308.304000
312.717000
312.059000
311.874000
314.581000
311.141000
309.737000
311.759000
309.575000
314.146000
310.322000
313.089000
310.430000
310.733000
313.138000
311.971000
310.873000
311.901000
311.110000
313.006000
310.140000
310.240000
311.982000
309.989000
313.103000
312.801000
310.517000
313.206000
309.816000
322.933000
310.339000
308.401000
311.376000
311.574000
310.891000
313.390000
310.729000
311.874000
311.027000
309.118000
314.774000
311.319000
313.066000
311.476000
310.633000
313.663000
311.935000
311.829000
313.034000
310.386000
311.399000
310.644000
310.439000
314.138000
309.837000
312.112000
312.551000
309.397000
313.865000
310.202000
325.288000
310.425000
312.019000
311.791000
309.830000
311.566000
313.390000
312.193000
311.892000
311.963000
310.693000
310.487000
310.667000
311.247000
310.052000
310.934000
315.205000
310.580000
311.730000
310.869000
310.842000
311.609000
310.446000
311.675000
311.236000
311.912000
313.259000
311.145000
309.654000
314.265000
311.738000
313.570000
311.359000
309.644000
315.052000
309.365000
309.514000
311.764000
311.171000
313.651000
309.628000
311.178000
312.411000
312.647000
310.356000
308.263000
310.404000
312.554000
313.016000
321.876000
310.226000
310.695000
312.626000
311.314000
311.622000
311.611000
309.301000
312.283000
312.521000
310.402000
312.663000
309.909000
309.415000
309.842000
310.619000
312.718000
310.207000
310.395000
311.725000
308.540000
314.108000
312.576000
309.753000
314.751000
309.092000
310.998000
309.933000
310.962000
315.200000
311.126000
322.156000
310.448000
310.190000
313.126000
312.454000
308.900000
312.673000
311.062000
312.160000
308.791000
311.701000
312.760000
310.623000
313.144000
313.241000
308.599000
312.108000
311.339000
311.515000
313.285000
312.197000
311.128000
309.040000
311.216000
311.532000
313.542000
311.171000
309.562000
310.321000
314.817000
310.969000
313.182000
310.945000
308.700000
312.792000
309.370000
309.511000
311.807000
309.184000
313.540000
310.529000
310.398000
312.914000
311.748000
313.255000
310.658000
310.188000
313.426000
311.032000
321.487000
311.091000
312.532000
313.684000
312.079000
308.914000
312.767000
311.580000
312.186000
309.834000
311.627000
313.324000
312.083000
310.540000
310.500000
309.173000
313.321000
310.621000
308.836000
312.023000
310.472000
311.243000
313.360000
308.588000
314.147000
312.062000
311.451000
311.274000
311.573000
312.567000
310.314000
322.370000
310.120000
309.423000
313.021000
308.913000
308.887000
312.685000
308.110000
313.302000
311.031000
308.548000
312.244000
312.897000
310.481000
310.744000
309.038000
313.484000
311.949000
320.678000
308.378000
311.330000
312.814000
310.106000
311.099000
310.433000
308.266000
310.817000
310.707000
309.891000
311.267000
310.701000
313.323000
308.705000
312.186000
312.581000
310.932000
310.080000
312.906000
311.910000
312.731000
309.848000
312.160000
310.956000
309.098000
310.910000
311.328000
309.288000
313.111000
310.090000
322.264000
312.445000
