0.100000
0.089999
0.091000
0.084001
0.084000
0.085999
0.086000
0.089000
0.085999
0.086000
0.085999
0.088001
0.084001
0.086000
0.086000
0.088000
0.087000
0.087000
0.084000
0.086000
0.086999
0.085999
0.086000
0.088000
0.086000
0.087000
0.086000
0.087000
0.086999
0.086000
0.085000
0.089000
0.084001
0.085999
0.086000
0.087000
0.086000
0.085999
0.086000
0.088001
0.084001
0.086000
0.084001
0.086000
0.086000
0.086000
0.085999
0.088001
0.085000
0.085999
0.085000
0.088001
0.084001
0.086000
0.086000
0.088001
0.086000
0.086000
0.086000
0.088000
0.086000
0.086000
0.084001
0.087000
0.085999
0.087000
0.086000
0.088001
0.084000
0.086000
0.084001
0.085000
0.085000
0.084001
0.084001
0.084000
0.086000
0.086999
0.086999
0.085000
0.084000
0.086999
0.084001
0.085999
0.086000
0.086000
0.087000
0.087000
0.085000
0.088001
0.086000
0.086000
0.084000
0.086000
0.085000
0.088000
0.086999
0.087000
0.086000
0.089000
0.086000
0.086000
0.084000
0.086999
0.086000
0.086000
0.084001
0.086000
0.084000
0.086000
0.084000
0.089000
0.084000
0.086000
0.084001
0.088001
0.086000
0.087000
0.085000
0.089000
0.087000
0.086000
0.087000
0.088000
0.085000
0.086000
0.086000
0.088000
0.086000
0.088000
0.085999
0.086000
0.085999
0.086000
0.086000
0.087000
0.084000
0.085999
0.086000
0.086000
0.084001
0.086000
0.085001
0.089000
0.086000
0.085999
0.085999
0.086999
0.086000
0.086999
0.084000
0.086999
0.085999
0.085999
0.084001
0.087000
0.086000
0.088000
0.087000
0.090000
0.087000
0.089001
0.084000
0.085999
0.086000
0.086000
0.084000
0.086999
0.086000
0.086000
0.084000
0.085999
0.084000
0.087000
0.084000
0.086999
0.084001
0.088000
0.084000
0.088000
0.086000
0.086000
0.084000
0.089000
0.086000
0.086000
0.084000
0.086000
0.086000
0.086000
0.084001
0.087000
0.084001
0.088000
0.084001
0.087000
0.086999
0.086999
0.084001
0.089000
0.084000
0.088000
0.087000
0.088000
0.084001
0.086000
0.084000
0.089000
0.084001
0.086000
0.084001
0.086000
0.084001
0.085999
0.084000
0.088000
0.085999
0.085999
0.084001
0.086000
0.086000
0.088000
0.084000
0.087000
0.086000
0.086000
0.084000
0.086000
0.086999
0.086999
0.086000
0.086999
0.084001
0.086000
0.084000
0.085999
0.084000
0.086000
0.084000
0.086999
0.084001
0.086000
0.085000
0.088000
0.084001
0.086000
0.084000
0.086999
0.085999
0.088000
0.084000
0.088000
0.086000
0.086000
0.084000
0.088000
0.086000
0.086000
0.084000
0.086999
0.084000
0.088000
0.084000
0.089000
0.086000
0.085999
0.084000
0.086000
0.086000
0.086000
0.084000
0.089000
0.086000
0.086000
0.085000
0.088001
0.084001
0.086000
0.086000
0.086999
0.084000
0.085999
0.084000
0.086000
0.086000
0.086000
0.084000
0.086999
0.085999
0.088000
0.084000
0.086000
0.086000
0.086000
0.086000
0.089000
0.086000
0.088001
0.084000
0.088001
0.084000
0.085999
0.084000
0.089001
0.086999
0.086000
0.084000
0.088000
0.086000
0.085999
0.084001
0.089000
0.084000
0.086999
0.084001
0.088000
0.120000
0.085999
0.084000
0.086999
0.084000
0.088000
0.086000
0.086000
0.084000
0.085999
0.084000
0.089000
0.084000
0.085999
0.084001
0.088000
0.086000
0.088000
0.084000
0.089000
0.085000
0.086999
0.084001
0.085999
0.086000
0.087000
0.084000
0.089000
0.086000
0.086000
0.084001
0.086999
0.086000
0.088001
0.086000
0.089000
0.086000
0.087000
0.084000
0.086000
0.086000
0.086999
0.084001
0.089000
0.086000
0.086000
0.084001
0.086000
0.086000
0.089000
0.086000
0.089000
0.085999
0.086000
0.084000
0.085999
0.085000
0.088000
0.085000
0.086999
0.084001
0.088000
0.084000
0.088000
0.084000
0.086000
0.084001
0.086999
0.084001
0.088000
0.086000
0.088000
0.085000
0.088000
0.084001
0.086999
0.086000
0.089000
0.084001
0.088000
0.085999
0.086000
0.086999
0.089000
0.085000
0.114000
0.082000
0.087000
0.084000
0.086000
0.084000
0.086999
0.086000
0.086000
0.087000
0.086000
0.086000
0.086999
0.084000
0.087000
0.084000
0.088000
0.084001
0.086000
0.086000
0.086000
0.084000
0.088001
0.085999
0.085999
0.084001
0.086000
0.086000
0.088000
0.084000
0.089000
0.087000
0.088000
0.085000
0.087000
0.084001
0.088000
0.084000
0.087000
0.086000
0.086000
0.096000
0.086000
0.084001
0.084000
0.082000
0.085999
0.084000
0.085000
0.084001
0.085999
0.084000
0.084000
0.082000
0.085000
0.085000
0.085000
0.081999
0.086999
0.084000
0.084001
0.084001
0.086999
0.084000
0.086000
0.082000
0.085000
0.084000
0.084000
0.085000
0.086000
0.084001
0.085000
0.084000
0.086000
0.084001
0.085000
0.082000
0.086000
0.084000
0.082999
0.084000
0.086000
0.084000
0.085000
0.085000
0.084001
0.082000
0.085000
0.084000
0.086000
0.082000
0.085000
0.085000
0.086000
0.084000
0.085000
0.086000
0.086000
0.085000
0.086000
0.085000
0.085999
0.084000
0.085000
0.084000
0.086000
0.084000
0.085000
0.084000
0.086000
0.084001
0.087000
0.084001
0.086000
0.084000
0.086000
0.084000
0.086000
0.084001
0.085000
0.084000
0.085999
0.085000
0.086000
0.084000
0.086000
0.081999
0.087000
0.084000
0.084001
0.084000
0.085999
0.084000
0.086000
0.085000
0.088000
0.084000
0.086000
0.084000
0.085999
0.084000
0.086000
0.084000
0.085000
0.084001
0.086000
0.084000
0.085999
0.082000
0.086000
0.085001
0.086000
0.082000
0.087000
0.084000
0.085000
0.082000
0.086000
0.084000
0.086999
0.084000
0.086000
0.084001
0.086000
0.084001
0.086000
0.084000
0.086000
0.085000
0.087000
0.084000
0.086000
0.084000
0.086000
0.084001
0.085000
0.084000
0.086000
0.085000
0.086000
0.084000
0.122000
0.084000
0.085000
0.085000
0.086000
0.082000
0.086000
0.085000
0.085000
0.084000
0.085000
0.084001
0.086000
0.085000
0.087000
0.084001
0.085000
0.084000
0.087000
0.084000
0.089000
0.084000
0.086000
0.085000
0.089000
0.084000
0.086999
0.084000
0.087000
0.082000
0.085000
0.082000
0.088001
0.082000
0.085000
0.082000
0.086000
0.084000
0.086000
0.082000
0.088000
0.085000
0.085000
0.084000
0.088000
0.082000
0.086000
0.082000
0.088000
0.081999
0.085000
0.082000
0.085000
0.084000
0.086000
0.082000
0.088000
0.084000
0.087000
0.084001
0.086000
0.084000
0.086000
0.082000
0.088000
0.082000
0.086999
0.084000
0.085000
0.084000
0.085999
0.081999
0.088000
0.084000
0.085000
0.082000
0.086000
0.084000
0.087000
0.084000
0.086000
0.084000
0.085000
0.082000
0.085000
0.079000
0.085000
0.081999
0.086999
0.084000
0.085000
0.084000
0.086000
0.084000
0.085999
0.084000
0.085999
0.084000
0.085000
0.084000
0.086000
0.084000
0.086000
0.084000
0.086000
0.084001
0.085000
0.085000
0.086000
0.084001
0.086000
0.084000
0.086999
0.084001
0.085000
0.084001
0.086000
0.084000
0.086000
0.084000
0.085999
0.084000
0.085999
0.084000
0.086000
0.085000
0.084001
0.084000
0.086000
0.084000
0.085000
0.084001
0.086000
0.084001
0.085000
0.084000
0.086000
0.084000
0.086999
0.084001
0.086000
0.084001
0.085000
0.084001
0.086999
0.084000
0.087000
0.084000
0.086000
0.084001
0.087000
0.084000
0.087000
0.084000
0.085000
0.084001
0.086000
0.084000
0.084000
0.084000
0.086000
0.085000
0.085000
0.084001
0.084000
0.084000
0.085000
0.084000
0.086000
0.084000
0.085000
0.084001
0.086000
0.085000
0.085999
0.084000
0.086999
0.084000
0.087000
0.086000
0.086000
0.084001
0.086000
0.084001
0.086000
0.084000
0.085000
0.084001
0.078999
0.084000
0.084001
0.084000
0.085999
0.084000
0.085000
0.084000
0.086000
0.084001
0.085000
0.087000
0.086000
0.085000
0.085000
0.086000
0.086000
0.085000
0.087000
0.084000
0.086000
0.085000
0.085000
0.085000
0.086999
0.085000
0.085000
0.084000
0.087000
0.084001
0.086000
0.086999
0.087000
0.085000
0.085000
0.084000
0.086999
0.085000
0.086000
0.087000
0.086999
0.084000
0.084000
0.084000
0.086000
0.084000
0.085000
0.084000
0.086000
0.084000
0.085000
0.084000
0.087000
0.084000
0.085000
0.086000
0.084001
0.085000
0.085000
0.085000
0.084001
0.084000
0.087000
0.086000
0.086000
0.082000
0.084000
0.084001
0.081000
0.084000
0.085000
0.085000
0.085000
0.082000
0.085000
0.085001
0.086999
0.081999
0.085000
0.085000
0.086999
0.084001
0.085000
0.086000
0.086000
0.084001
0.085000
0.084001
0.086000
0.084001
0.084001
0.084000
0.086000
0.085000
0.085000
0.084000
0.086000
0.084001
0.084001
0.084000
0.086000
0.084000
0.086999
0.084000
0.086000
0.085000
0.081000
0.084000
0.086000
0.084000
0.085000
0.084001
0.086000
0.085000
0.086000
0.084000
0.086000
0.084001
0.086999
0.084000
0.086000
0.084001
0.084000
0.084000
0.086000
0.084000
0.087000
0.084000
0.086000
0.084001
0.084001
0.084000
0.086999
0.085000
0.085000
0.084000
0.086000
0.084000
0.086000
0.084001
0.086000
0.084000
0.087000
0.084000
0.086000
0.084000
0.085000
0.084000
0.086000
0.084000
0.085000
0.084000
0.086999
0.084000
0.085000
0.084000
0.085999
0.084000
0.086999
0.084000
0.086000
0.084000
0.086000
0.084000
0.085999
0.084000
0.080001
0.084000
0.086000
0.084000
0.087000
0.085000
0.086000
0.084001
0.085000
0.084001
0.086000
0.084000
0.084000
0.084001
0.086000
0.084001
0.085000
0.084001
0.086000
0.085000
0.085000
0.084000
0.086000
0.084000
0.085000
0.084000
0.086000
0.084000
0.084000
0.085999
0.088001
0.084000
0.086999
0.084000
0.086000
0.084000
0.086000
0.084000
0.086000
0.084000
0.086000
0.085000
0.086000
0.084000
0.085000
0.084000
0.086000
0.084000
0.085000
0.086000
0.085999
0.084000
0.084001
0.084000
0.086000
0.084001
0.085000
0.084000
0.086000
0.084000
0.084000
0.086000
0.086000
