5.480000
5.260000
5.260000
5.300000
5.360000
5.300000
5.260000
5.260000
5.320000
5.240000
5.140000
5.160000
5.220000
5.000000
5.120000
5.120000
5.140000
5.120000
5.280000
5.140000
5.180000
5.360000
5.160000
5.280000
5.280000
5.100000
5.200000
5.100000
5.220000
5.220000
5.220000
5.280000
5.220000
5.200000
5.060000
5.200000
5.340000
5.140000
5.040000
5.360000
5.280000
5.120000
4.980000
5.040000
5.160000
5.260000
5.300000
5.160000
5.380000
5.200000
5.020000
5.140000
5.120000
5.260000
5.300000
5.180000
5.120000
5.240000
5.160000
5.280000
5.020000
5.140000
5.240000
5.320000
5.160000
5.220000
5.100000
5.320000
5.240000
5.080000
5.340000
5.040000
5.020000
5.280000
5.140000
5.080000
5.360000
5.140000
5.220000
5.220000
5.200000
5.380000
5.280000
5.060000
5.240000
5.280000
5.280000
5.320000
5.280000
5.240000
5.220000
5.220000
5.280000
5.120000
5.120000
5.240000
5.220000
5.260000
5.020000
5.220000
5.200000
5.060000
5.060000
5.360000
5.200000
5.220000
5.180000
5.300000
5.300000
5.340000
5.360000
5.200000
5.340000
5.020000
5.180000
5.340000
5.120000
5.340000
5.340000
5.260000
5.080000
5.200000
5.280000
5.140000
5.280000
5.180000
5.360000
5.140000
5.200000
5.060000
5.280000
5.260000
5.280000
5.100000
5.000000
5.120000
5.320000
5.160000
5.060000
5.340000
5.260000
5.200000
5.240000
5.180000
5.240000
5.020000
5.160000
5.200000
5.220000
5.160000
5.200000
5.260000
5.160000
5.100000
5.300000
5.160000
5.180000
5.220000
5.160000
5.020000
5.000000
5.280000
5.040000
5.140000
5.160000
5.180000
5.140000
5.200000
5.200000
5.020000
5.200000
5.280000
5.180000
5.280000
5.200000
5.080000
5.620000
5.040000
5.100000
5.020000
5.120000
5.220000
5.280000
5.180000
5.160000
5.160000
5.300000
5.000000
5.080000
5.140000
5.300000
5.120000
5.220000
5.080000
5.260000
5.240000
5.280000
5.260000
5.220000
5.300000
5.360000
5.060000
5.000000
5.080000
5.140000
5.160000
5.140000
5.220000
5.220000
5.220000
5.340000
5.220000
5.340000
5.160000
5.600000
5.220000
5.300000
5.160000
5.380000
5.340000
5.000000
5.140000
5.160000
5.020000
5.140000
5.160000
5.180000
5.320000
5.160000
5.240000
5.220000
5.200000
5.180000
5.060000
5.220000
5.180000
5.160000
5.240000
5.140000
5.220000
5.140000
5.280000
5.300000
5.120000
5.060000
5.100000
5.300000
5.220000
5.320000
5.020000
5.040000
5.100000
5.280000
5.260000
5.320000
5.340000
5.120000
5.120000
5.360000
5.220000
5.360000
5.120000
5.180000
5.320000
5.200000
5.280000
5.200000
5.200000
5.320000
5.040000
5.220000
5.100000
5.240000
5.360000
5.180000
5.180000
5.240000
5.200000
5.180000
5.140000
5.140000
5.300000
5.140000
5.020000
5.160000
5.140000
5.180000
5.160000
5.240000
5.100000
5.260000
5.420000
5.160000
5.100000
5.100000
5.060000
5.260000
5.120000
5.240000
5.200000
5.240000
5.260000
5.220000
5.060000
5.240000
5.240000
5.260000
5.360000
5.180000
5.140000
5.240000
5.120000
5.340000
5.360000
5.300000
5.340000
5.300000
5.040000
5.280000
5.220000
5.100000
5.140000
5.340000
5.240000
5.240000
5.060000
5.360000
5.120000
5.280000
5.120000
5.100000
5.240000
5.120000
5.080000
5.140000
5.360000
5.180000
5.180000
5.200000
5.160000
5.300000
5.100000
5.180000
5.000000
5.100000
5.320000
5.160000
5.220000
5.320000
5.320000
5.340000
5.120000
5.280000
5.040000
5.340000
5.220000
5.300000
5.200000
5.300000
5.260000
5.320000
5.260000
5.280000
5.340000
5.280000
5.320000
5.060000
5.340000
5.160000
5.120000
5.220000
5.220000
5.280000
5.160000
5.240000
5.000000
5.240000
5.280000
5.180000
5.180000
5.300000
5.120000
5.300000
5.080000
5.200000
5.240000
5.260000
5.060000
5.200000
5.180000
5.240000
5.220000
5.240000
5.320000
5.240000
5.280000
5.280000
5.160000
5.320000
5.340000
5.100000
5.220000
5.320000
5.160000
5.220000
5.180000
5.220000
5.120000
5.140000
5.120000
5.260000
5.000000
5.080000
5.340000
5.140000
5.320000
5.180000
5.260000
5.220000
5.020000
5.260000
5.040000
5.160000
5.160000
5.180000
5.220000
5.120000
5.200000
5.260000
5.240000
4.980000
5.080000
5.200000
5.120000
5.320000
5.260000
5.160000
4.980000
5.200000
5.180000
5.000000
5.220000
5.200000
5.220000
5.180000
5.120000
5.080000
5.220000
5.200000
5.140000
5.100000
5.240000
5.300000
5.220000
5.100000
5.160000
5.140000
5.200000
5.180000
5.140000
5.140000
5.060000
5.220000
5.020000
5.180000
5.200000
5.280000
5.180000
5.280000
5.200000
5.360000
5.340000
5.300000
5.280000
5.320000
5.380000
5.060000
5.180000
5.020000
5.260000
5.180000
5.200000
5.240000
5.120000
5.220000
5.300000
5.140000
5.160000
5.080000
5.120000
5.260000
5.160000
5.300000
5.380000
5.200000
5.280000
5.140000
5.160000
5.160000
5.180000
5.080000
5.320000
5.280000
5.120000
5.140000
5.180000
5.200000
5.280000
5.140000
5.160000
5.240000
5.000000
5.280000
5.240000
5.360000
5.020000
5.340000
5.160000
5.160000
5.020000
5.140000
5.000000
5.260000
5.260000
5.240000
5.260000
5.280000
5.120000
5.300000
5.220000
5.280000
5.160000
5.300000
5.220000
5.120000
5.060000
5.160000
5.040000
5.020000
5.120000
5.320000
5.140000
5.240000
5.300000
5.280000
5.220000
5.220000
5.080000
5.160000
5.360000
5.240000
5.140000
5.240000
5.200000
5.260000
5.080000
5.080000
5.220000
5.140000
5.000000
4.980000
5.180000
5.200000
5.180000
5.240000
5.240000
5.080000
5.080000
5.340000
5.080000
5.140000
5.260000
5.100000
5.100000
5.160000
5.140000
5.140000
5.260000
5.200000
5.220000
5.200000
5.180000
5.300000
5.140000
5.220000
5.320000
5.200000
5.160000
5.360000
5.200000
5.140000
5.180000
5.260000
5.200000
5.080000
5.140000
5.140000
5.180000
5.080000
5.280000
5.160000
5.260000
5.140000
5.380000
5.200000
5.220000
5.100000
5.240000
5.240000
5.200000
5.280000
5.240000
5.280000
5.280000
5.020000
5.320000
5.240000
5.200000
5.280000
5.140000
5.280000
5.320000
5.260000
5.300000
5.220000
5.100000
5.320000
5.020000
5.340000
5.160000
5.180000
5.260000
5.320000
5.080000
5.020000
5.220000
5.220000
5.360000
5.280000
5.240000
5.180000
5.280000
5.140000
5.160000
5.200000
5.160000
5.200000
5.180000
5.120000
5.260000
4.980000
5.340000
5.260000
5.180000
5.140000
5.320000
5.300000
5.000000
5.040000
5.160000
5.120000
5.220000
5.160000
5.360000
5.200000
5.040000
5.000000
5.080000
5.040000
5.160000
5.100000
5.300000
5.320000
5.140000
5.200000
5.260000
5.260000
5.140000
4.840000
5.280000
5.140000
5.120000
5.260000
5.380000
5.100000
5.120000
5.020000
5.080000
5.260000
5.220000
5.220000
5.260000
5.220000
5.300000
5.120000
5.140000
5.280000
5.360000
5.260000
5.200000
5.320000
5.100000
5.300000
5.060000
5.140000
5.360000
5.180000
5.060000
5.300000
5.080000
5.360000
5.200000
5.140000
5.080000
5.020000
5.260000
5.080000
5.140000
5.180000
5.280000
5.140000
5.280000
5.120000
5.000000
5.120000
5.280000
5.220000
5.300000
5.240000
5.220000
5.140000
5.180000
5.100000
5.320000
5.120000
5.040000
5.220000
5.040000
5.100000
5.380000
5.200000
5.340000
5.240000
5.140000
5.040000
5.200000
5.160000
5.140000
5.240000
5.160000
5.020000
5.280000
5.340000
5.300000
5.260000
5.300000
5.040000
5.240000
5.120000
5.200000
5.140000
5.140000
5.200000
5.140000
5.240000
5.140000
5.240000
5.140000
5.140000
5.220000
5.180000
5.000000
5.340000
5.160000
5.280000
5.280000
5.240000
5.080000
5.140000
5.080000
5.200000
5.340000
5.100000
5.120000
5.140000
5.180000
5.240000
5.120000
5.080000
5.360000
5.260000
5.100000
5.100000
5.340000
5.260000
5.320000
5.320000
5.260000
5.160000
5.200000
4.960000
5.120000
5.380000
5.120000
5.200000
5.260000
5.080000
5.360000
5.280000
5.240000
5.280000
5.260000
5.140000
5.160000
5.220000
5.140000
5.020000
5.180000
5.180000
5.200000
5.120000
5.040000
5.220000
5.240000
5.220000
5.200000
5.220000
5.140000
5.260000
5.200000
5.200000
5.300000
5.260000
5.220000
5.140000
5.140000
5.260000
5.060000
5.080000
5.140000
5.160000
5.160000
5.320000
5.320000
5.240000
5.180000
5.140000
5.340000
5.100000
5.340000
5.320000
5.240000
5.240000
5.340000
4.960000
5.360000
5.160000
5.000000
5.040000
5.120000
5.260000
5.240000
5.020000
5.220000
5.240000
5.220000
5.280000
5.020000
5.240000
5.100000
5.380000
5.280000
5.100000
5.240000
5.060000
5.260000
5.000000
5.340000
5.160000
5.180000
5.360000
5.360000
5.340000
5.340000
5.120000
5.060000
5.340000
5.120000
5.280000
5.100000
5.260000
5.220000
5.200000
5.380000
5.100000
5.000000
5.140000
5.140000
5.180000
5.220000
5.100000
5.300000
5.320000
5.180000
5.280000
5.160000
10.600000
5.220000
5.260000
5.020000
5.260000
5.220000
5.140000
5.040000
5.380000
5.200000
5.340000
5.260000
5.020000
5.340000
5.340000
5.360000
5.140000
5.280000
5.020000
5.120000
5.200000
4.980000
5.280000
5.120000
5.300000
5.080000
5.360000
5.160000
5.220000
5.240000
5.180000
5.000000
5.040000
5.340000
5.240000
5.140000
5.280000
5.320000
5.360000
5.220000
5.080000
5.200000
5.280000
5.200000
5.120000
5.280000
5.160000
5.320000
5.380000
5.200000
5.360000
5.040000
5.240000
5.020000
5.160000
5.240000
5.140000
5.020000
5.300000
5.240000
5.400000
5.100000
5.120000
5.340000
5.180000
5.000000
5.200000
5.180000
5.200000
5.220000
5.300000
5.240000
5.140000
5.120000
5.300000
5.200000
5.320000
5.180000
5.080000
5.240000
5.300000
5.020000
5.120000
5.120000
5.100000
5.140000
5.040000
5.300000
5.100000
5.220000
5.280000
5.240000
5.320000
5.240000
