52.230000
83.362000
52.241000
52.205999
52.205999
52.205000
52.206000
52.205999
52.206000
52.205000
52.206000
52.206000
52.206000
52.205999
52.205999
52.206000
52.206000
52.206000
52.206000
52.205999
52.205999
52.206000
52.206000
52.206000
52.205999
52.205999
52.206000
52.206000
52.206000
52.206000
52.205999
52.205999
52.206000
52.206000
52.206000
52.205999
52.205999
52.206000
52.206000
52.206000
52.206000
52.205999
52.205999
52.206000
52.205000
52.206000
52.206000
52.206000
52.205000
52.205999
52.205999
52.206000
52.205000
52.206000
52.205000
52.206000
52.205000
52.206000
52.206000
52.205999
52.204999
52.205999
52.206000
52.206000
52.206000
52.205000
52.206000
52.205000
52.205999
52.205999
52.206000
52.206000
52.206000
52.206000
52.205999
52.205999
52.205000
52.207001
52.205000
52.206000
52.206000
52.250000
52.206000
52.206000
52.205999
52.205999
52.205000
52.206000
52.206000
52.206000
52.206000
52.205000
52.205999
52.205000
52.205999
52.205999
52.206000
52.205000
52.206000
52.206000
52.206000
52.205000
52.205999
52.205999
52.206000
52.206000
52.206000
52.206000
52.205999
52.206000
52.205000
52.206000
52.206000
52.206000
52.206000
52.205999
52.206000
52.206000
52.206000
52.205000
52.206000
52.205999
52.205999
52.206000
52.206000
52.206000
52.206000
52.205999
52.205999
52.206000
52.206000
52.206000
52.205999
52.205999
52.206000
52.205000
52.206000
52.206000
52.206000
52.205999
52.205999
52.206000
52.205000
52.206000
52.206000
52.206000
52.205999
52.204999
52.205999
52.206000
52.206000
52.206000
52.206000
52.205999
52.205999
52.206000
52.205000
52.206000
52.206000
52.206000
52.205999
52.205999
52.206000
52.206000
52.206000
52.205999
52.205999
52.206000
52.206000
52.206000
52.206000
52.205999
52.204999
52.205999
52.206000
52.206000
52.206000
52.206000
52.205999
52.206000
52.206000
52.206000
52.206000
52.205999
52.205999
52.206000
52.206000
52.206000
52.205000
52.206000
52.205999
52.207000
55.648000
52.205000
52.206000
52.206000
52.206000
52.205999
52.205999
52.206000
52.206000
52.206000
52.206000
52.205999
52.205999
52.206000
52.206000
52.206000
52.205999
52.205999
52.206000
52.206000
52.206000
52.206000
52.205999
52.204999
52.205999
52.206000
52.206000
52.206000
52.206000
52.205999
52.206000
52.206000
52.206000
52.206000
52.205999
52.205999
52.206000
52.206000
52.206000
52.206000
52.205000
52.205000
52.205999
52.205999
52.206000
52.205000
52.206000
52.206000
52.206000
52.205000
52.206000
52.205999
52.206000
52.206000
52.206000
52.206000
52.205999
52.205999
52.206000
52.206000
52.205000
52.206000
52.206000
52.205999
52.205999
52.206000
52.206000
52.206000
52.205999
52.205000
52.205999
52.205999
52.206000
52.206000
52.206000
52.205999
52.205999
52.206000
52.206000
52.206000
52.206000
52.206000
52.205999
52.205999
52.206000
52.206000
52.206000
52.206000
52.205999
52.204999
52.205999
52.206000
52.206000
52.205000
52.206000
52.205000
52.206000
52.205999
52.205999
52.205000
52.205999
52.206000
52.206000
52.206000
52.205999
52.205999
52.206000
52.206000
52.206000
52.205000
52.206000
52.205999
52.205999
52.206000
52.206000
52.206000
52.206000
52.205999
52.205999
52.206000
52.206000
52.206000
52.205999
52.205999
52.206000
52.206000
52.206000
52.206000
52.205999
52.205000
52.205999
52.206000
52.206000
52.205000
52.206000
52.206000
52.205999
52.205999
52.206000
52.206000
52.206000
52.205999
52.205999
52.206000
52.206000
52.206000
52.206000
52.205999
52.205999
52.206000
52.206000
52.206000
52.205999
52.205999
52.206000
52.206000
52.206000
52.206000
52.205999
52.205999
52.206000
52.206000
52.205000
52.206000
52.205000
52.207000
52.205000
52.205999
52.205999
52.206000
52.206000
52.206000
52.205999
52.324000
52.206000
52.232000
52.205999
52.205999
52.205000
52.205999
52.205000
52.206000
52.206000
52.376000
52.235000
52.206000
52.206000
52.205999
52.205999
52.206000
52.206000
65.780000
52.207000
52.206000
52.205999
52.205999
52.206000
52.206000
52.206000
52.205999
52.205999
52.206000
52.205000
52.210000
52.206000
52.251000
52.255000
52.215001
52.205000
52.209999
52.205999
52.206000
52.206000
52.206000
52.212000
52.206000
52.206000
52.205999
52.205999
52.305001
52.227000
52.205000
52.219000
52.205999
52.231001
52.205999
52.205999
52.206000
52.206000
52.205000
52.206000
52.205000
52.206000
52.206000
52.205999
52.205999
52.206000
52.205000
52.206000
52.206000
52.206000
52.205999
52.206000
52.206000
52.206000
52.206000
52.205999
52.205999
52.206000
52.206000
52.206000
52.206000
52.205999
52.206000
52.206000
52.205000
52.206000
52.206000
52.205999
52.205999
52.206000
52.206000
52.206000
52.206000
52.205999
52.205999
52.206000
52.206000
52.206000
52.205999
52.205999
52.206000
52.206000
52.206000
52.206000
52.205999
52.204999
52.205999
52.206000
52.206000
52.206000
52.206000
52.205999
52.206000
52.206000
52.206000
52.206000
52.205999
52.205999
52.206000
52.206000
52.206000
52.205000
52.206000
52.205999
52.205999
52.206000
52.206000
52.206000
52.205999
52.205999
52.206000
52.206000
52.206000
52.206000
52.205999
52.205999
52.206000
52.205000
52.206000
52.206000
52.206000
52.205000
52.205999
52.205999
52.206000
52.205000
52.206000
52.206000
52.206000
52.205999
52.205999
52.206000
52.206000
52.206000
52.205999
52.205999
52.206000
52.206000
52.206000
52.206000
52.205999
52.204999
52.205999
52.206000
52.206000
52.206000
52.206000
52.205999
52.205999
52.206000
52.206000
52.206000
52.205999
52.205999
52.206000
52.206000
52.206000
52.206000
52.205999
52.205999
52.206000
52.206000
52.206000
52.205999
52.205999
52.205000
52.206000
52.206000
52.206000
52.205000
52.206000
52.205999
52.205999
52.205000
52.205999
52.206000
52.206000
52.206000
52.205999
52.205999
52.206000
52.206000
52.206000
52.206000
52.205999
52.205999
52.206000
52.206000
52.206000
52.205000
52.206000
70.187000
52.204000
52.204000
52.204000
52.206000
52.204000
52.204000
52.206000
52.204000
52.205999
52.204001
52.205999
52.204000
52.204001
52.205999
52.204000
52.204000
52.206000
52.205000
52.206000
52.205000
52.206000
52.206000
52.205999
52.205999
52.206000
52.206000
52.206000
52.206000
52.205999
52.205999
52.206000
52.206000
52.206000
52.205999
52.205999
52.206000
52.206000
52.206000
52.206000
52.205999
52.205999
52.206000
52.206000
52.206000
52.205999
52.205000
52.205999
52.206000
52.206000
52.206000
52.206000
52.205999
52.205999
52.206000
52.206000
52.206000
52.205999
52.205999
52.206000
52.206000
52.206000
52.205000
52.206000
52.205999
52.205999
52.206000
52.206000
52.206000
52.206000
52.205999
52.204999
52.205999
52.206000
52.206000
52.206000
52.206000
52.205999
52.205999
52.206000
52.205000
52.206000
52.206000
52.206000
52.205999
52.206000
52.206000
52.206000
52.206000
52.205000
52.205999
52.205999
52.206000
52.206000
52.206000
52.205000
52.206000
52.205999
52.205999
52.205000
52.205999
52.206000
52.206000
52.206000
52.205999
52.205000
52.205999
52.206000
52.206000
52.206000
52.206000
52.205999
52.205999
52.206000
52.206000
52.206000
52.205999
52.205999
52.205000
52.205999
52.206000
52.206000
52.205000
52.206000
52.206000
52.205999
52.204999
52.205999
52.206000
52.206000
52.206000
52.206000
52.205999
52.206000
52.206000
52.206000
52.206000
52.205999
52.205999
52.206000
52.206000
52.206000
52.206000
52.205999
52.206000
52.206000
52.206000
52.206000
52.205999
52.205999
52.205000
52.206000
52.206000
52.206000
52.205000
52.206000
52.205999
52.205999
52.205000
52.205999
52.206000
52.206000
52.206000
52.205999
52.205999
52.206000
52.206000
52.205000
52.206000
52.206000
52.205999
52.205999
52.206000
52.206000
52.206000
52.206000
52.205999
52.206000
52.206000
52.206000
52.206000
52.205999
52.205999
52.206000
52.206000
52.206000
52.205999
52.205999
52.206000
52.206000
52.206000
54.692999
52.204000
52.205000
52.206000
52.206000
52.205000
52.205999
52.205999
52.206000
52.205000
52.206000
52.206000
52.206000
52.205999
52.205999
52.206000
52.206000
52.206000
52.205000
52.206000
52.205999
52.205999
52.206000
52.206000
52.206000
52.205999
52.205999
52.206000
52.206000
52.206000
52.206000
52.205999
52.204999
52.205999
52.205000
52.206000
52.206000
52.206000
52.206000
52.205999
52.205999
52.206000
52.206000
52.205000
52.206000
52.206000
52.205999
52.205999
52.206000
52.206000
52.206000
52.205999
52.205999
52.206000
52.206000
52.205000
52.206000
52.205000
52.206000
52.206000
52.205999
52.206000
52.206000
52.206000
52.206000
52.205999
52.205999
52.206000
52.205000
52.206000
52.206000
52.206000
52.205999
52.205999
52.206000
52.206000
52.206000
52.205999
52.205999
52.206000
52.206000
52.206000
52.206000
52.205999
52.205999
52.206000
52.206000
52.206000
52.205999
52.205999
52.206000
52.206000
52.206000
52.206000
52.205999
52.205999
52.206000
52.206000
52.206000
52.205999
52.205999
52.206000
52.206000
52.205000
52.206000
52.206000
52.205999
52.205999
52.206000
52.206000
52.206000
52.206000
52.205999
52.206000
52.206000
52.206000
52.206000
52.205999
52.205999
52.205000
52.206000
52.206000
52.206000
52.206000
52.205999
52.205999
52.206000
52.206000
52.206000
52.205999
52.205999
52.206000
52.206000
52.206000
52.206000
52.205999
52.205999
52.206000
52.206000
52.206000
52.205999
52.205999
52.206000
52.206000
52.206000
52.206000
52.205999
52.205999
52.206000
52.206000
52.206000
52.205000
52.206000
52.205999
52.206000
52.205000
52.206000
52.206000
52.206000
52.205000
52.206000
52.205999
52.205999
52.206000
52.206000
52.206000
52.205999
52.205999
52.206000
52.206000
52.206000
52.206000
52.205999
52.205999
52.206000
52.205000
52.206000
52.206000
52.206000
52.205999
52.205999
52.206000
52.206000
52.206000
52.205999
52.205999
52.206000
52.206000
52.206000
52.206000
52.205999
54.359000
52.204000
52.206000
52.206000
52.205999
52.204000
52.205999
52.204000
52.206000
52.204000
52.206000
52.205999
52.204000
52.204000
52.205999
52.206000
52.206000
52.205999
52.205999
52.206000
52.206000
52.206000
52.206000
52.205999
52.204999
52.205999
52.205000
52.206000
52.205000
52.206000
52.206000
52.206000
52.205000
52.206000
52.205999
52.205999
52.206000
52.206000
52.206000
52.205999
52.205999
52.205000
52.205999
52.206000
