214.200000
213.000000
212.859999
214.400000
213.840000
211.880000
209.220000
211.920000
209.120000
210.340000
211.460000
214.240000
212.200000
213.400001
210.300000
211.140000
214.060000
208.360000
212.180000
209.060000
212.320000
211.400000
211.480000
209.380000
211.080000
215.760000
209.200000
209.980000
212.340000
209.440000
212.900001
212.040000
210.480000
209.240000
211.820000
210.540000
208.720000
210.140000
230.339999
210.180000
210.200000
212.120000
211.040000
212.100000
211.200000
210.700000
210.780000
211.300001
211.080000
210.160000
223.940000
210.080001
209.780000
212.740000
210.420000
208.740000
214.020000
209.640000
208.060000
209.500000
211.660000
212.020000
224.720000
211.660000
209.180000
211.680000
211.639999
211.400000
210.680000
210.160000
214.400001
209.919999
211.900000
210.440001
227.680000
208.840000
210.720000
210.700000
211.540001
211.900000
211.700000
211.619999
210.860000
210.360001
213.000000
210.680000
226.600000
210.760000
212.220000
210.780000
211.620000
212.420000
210.659999
212.060001
210.759999
210.780000
210.840000
209.400000
212.760000
210.740000
207.420000
210.820001
212.120000
210.879999
215.880000
227.840000
211.740000
211.940001
215.400000
210.600000
211.620000
213.120000
208.560000
214.960000
212.100000
212.219999
213.420000
225.400000
209.559999
211.859999
210.340000
212.360000
213.040000
214.900000
213.760000
211.360000
208.040000
211.520000
213.780000
225.440000
213.300000
211.080000
209.220000
214.919999
211.680000
209.020000
211.560000
211.960000
210.160000
212.900000
214.000000
212.240000
208.460000
208.380001
210.480000
209.440000
211.279999
211.300000
213.120000
210.200001
210.380000
209.799999
211.220000
209.220000
213.020000
209.439999
211.000000
209.060000
211.640000
211.900000
212.700000
210.640000
213.620000
215.800000
211.240000
210.880000
212.240000
211.139999
210.080001
211.980000
215.160000
214.000001
223.340000
215.580000
211.940000
214.339999
208.560000
211.440000
210.340000
212.060001
212.320000
212.360000
211.460000
212.960000
229.520000
211.080000
213.300000
211.120000
212.540000
208.360001
213.020000
212.320000
209.200000
211.620000
211.700000
213.960000
222.960000
210.900000
208.120000
210.039999
209.960001
213.860000
209.140000
212.520000
210.200000
208.580000
210.100000
211.480000
229.400000
210.440001
211.000000
213.240000
210.620000
211.480000
212.340000
211.380000
209.299999
214.000000
211.420000
210.640000
212.900000
213.060000
210.820000
209.520000
219.839999
210.659999
210.120000
209.900000
209.960000
208.960000
211.800001
211.340000
213.100000
210.399999
211.039999
211.080000
207.700000
211.660000
211.220000
211.760000
209.800000
210.279999
213.880000
209.980001
211.080000
212.460000
210.360000
208.420000
212.660000
214.900000
209.600000
226.100000
214.300000
211.860000
210.000000
213.780000
209.179999
209.500000
212.000000
213.140001
211.840000
210.300000
211.700000
228.480000
208.920000
211.400000
211.180000
213.060000
209.500000
209.400000
209.160000
211.560000
209.199999
209.920000
214.720000
227.260000
212.720000
211.100000
209.520000
213.440000
215.020000
212.660000
212.020000
208.780001
211.680000
212.460000
212.020000
228.100000
213.800000
210.240000
209.900000
212.540000
209.680000
209.780000
212.139999
209.300000
209.520000
211.019999
210.400000
210.500000
212.900000
207.800000
210.740000
210.779999
210.760000
213.579999
210.480000
212.080000
212.600000
210.980000
211.820000
211.360000
213.360000
212.620000
212.320000
212.140000
212.440000
213.980000
227.080000
212.960000
211.280000
209.720000
209.540000
210.740000
207.420000
209.780000
211.740000
210.680000
209.500000
210.360000
225.959999
211.119999
213.320000
209.680000
213.300000
211.440000
210.779999
213.320000
210.720000
212.139999
210.640000
212.160000
228.800001
214.059999
212.620000
210.519999
211.480000
212.040001
209.659999
210.000000
212.340000
212.859999
208.620001
210.640000
223.700000
211.080001
212.020000
211.980000
209.580000
212.980000
210.740000
210.200000
211.020000
209.480001
210.820000
211.900000
212.500000
211.940000
210.340001
211.520000
214.160000
211.320000
210.800000
210.460001
213.000000
211.279999
211.680000
212.340000
210.780000
213.440000
212.300000
212.200000
210.240000
213.160000
212.000000
223.020000
212.200000
211.620000
207.440000
212.320000
211.240000
214.880000
211.399999
211.320001
209.980000
211.840000
210.900000
232.000000
211.320000
209.880000
209.820000
210.140000
210.220000
210.160000
210.920000
213.400000
213.079999
209.260000
211.800001
225.380001
213.980000
212.160000
212.340000
213.320000
211.340000
210.600001
213.440000
211.019999
208.660000
212.020000
209.940000
229.000000
210.980001
211.440000
208.720000
209.580000
208.760000
210.640000
215.280000
210.920000
212.359999
211.880000
209.680000
229.800000
212.260000
211.940000
210.300000
215.480000
213.880000
211.140000
212.840000
208.360001
209.880000
211.440000
212.640000
232.220000
215.540000
210.680000
211.740000
212.520001
211.720000
210.800000
210.740000
210.140000
208.180000
207.560000
209.120000
230.000000
212.120000
213.740001
208.980000
209.740000
212.040000
210.140000
212.300001
211.460000
210.260000
210.740000
210.360000
211.500000
212.760000
214.720001
211.200000
212.000000
210.320000
213.700000
213.660000
212.840000
214.480000
210.880000
211.060001
211.940000
209.880000
210.360000
212.040000
211.380000
212.660000
209.620000
212.139999
211.680000
207.500000
212.180000
209.079999
213.980000
210.940001
213.680000
211.760000
209.720000
211.080000
211.279999
227.000000
211.800000
211.879999
210.400000
211.300000
212.420000
211.039999
213.840000
210.060000
212.980000
211.480000
211.040000
227.080000
210.680000
211.940001
211.860000
212.660000
210.140000
209.060000
210.240000
209.260000
209.460001
212.379999
212.540000
211.780000
211.200000
212.560000
211.340000
210.860000
208.480000
210.880000
209.920000
212.640000
211.580000
212.140000
211.520000
211.360000
212.680000
213.540000
212.220000
210.000000
212.580000
212.040000
209.820000
213.480000
212.700000
208.760000
212.880000
212.380000
210.540000
211.600000
212.940000
212.240000
209.700000
213.200000
225.320000
213.160001
210.120000
210.400000
209.980001
208.560000
213.620001
211.440000
211.240000
212.460000
211.979999
211.240000
224.320000
214.219999
211.840000
210.140000
212.200000
210.400000
213.880001
212.520001
214.920000
213.099999
211.720000
213.239999
227.200000
212.680000
209.880000
209.320000
212.120000
212.339999
209.840000
211.240000
212.740000
211.920000
212.300001
213.180000
211.379999
213.480000
208.800000
208.900000
211.080000
210.639999
214.280000
213.120000
211.440001
211.379999
209.740001
212.240000
212.080000
211.840000
211.420000
208.160000
210.560001
214.199999
212.560001
211.240000
210.240000
211.240000
211.680001
212.800000
213.080000
213.480000
213.060000
209.620000
211.540000
212.860000
209.880000
227.560000
210.760000
212.580000
210.420000
210.800000
210.780000
212.499999
212.200000
208.060000
211.120000
211.039999
212.300001
228.760000
211.900000
214.079999
211.460001
210.680000
207.780001
212.739999
213.060000
207.940000
212.260000
211.740000
213.980000
230.280000
211.300000
212.220000
212.560000
211.780000
211.040000
211.239999
209.280000
211.159999
209.020000
210.600001
208.520000
212.359999
214.620000
211.160000
211.820000
211.920001
211.540001
211.080000
211.900000
212.400000
210.600000
212.400000
210.560001
211.639999
211.240000
213.620000
207.920000
213.320000
211.240000
214.520000
228.860000
209.199999
211.500000
210.020000
209.840001
212.100000
210.600000
211.960000
210.880000
212.000000
210.440001
214.760000
225.060000
210.100000
210.460000
210.600000
213.320000
208.959999
211.320000
211.340000
209.620000
211.420001
209.300000
212.580000
226.520000
210.179999
212.680001
213.459999
211.440000
213.940000
211.840000
211.860000
211.420001
209.880000
211.920000
211.380000
226.480001
212.020000
213.700000
209.260000
209.079999
212.400001
210.840000
211.000000
215.440000
211.700000
209.240000
212.239999
211.900000
210.980000
212.880000
207.680000
210.360000
212.099999
211.940000
210.940000
212.280000
211.240000
212.860000
207.680000
212.480000
211.860000
210.720001
210.720000
220.300000
212.600000
208.500000
215.560000
211.400000
210.200000
210.159999
212.180001
209.020000
211.860000
209.820000
211.500000
210.520000
213.099999
211.080000
231.100000
214.180000
211.220001
211.440000
211.640000
211.200000
212.060001
212.480000
212.620000
211.320000
213.280000
211.820000
223.540000
209.880000
212.060000
210.639999
211.119999
209.100001
213.060000
211.519999
210.460001
212.420000
212.520001
209.860000
228.979999
211.280000
211.800001
213.599999
208.840000
208.319999
210.659999
209.680000
211.000000
209.280000
209.620000
213.040000
229.340000
210.880000
209.260000
211.180000
211.860000
211.160000
211.620000
214.500001
210.940000
210.920000
209.700000
209.700000
223.480000
212.160001
214.939999
209.520000
214.780000
211.420000
210.880000
211.000000
208.780000
208.720000
209.380000
210.999999
231.219999
209.480000
212.119999
209.720000
210.320000
215.800000
211.500000
212.920001
212.180000
212.240000
212.100000
210.960001
212.260000
211.840000
213.359999
211.200001
214.740000
211.320000
213.560000
209.240000
211.940000
210.120000
209.760000
212.220000
210.520000
210.300000
212.460000
211.840000
207.420000
211.580000
213.200000
213.160000
212.080000
208.840000
212.780000
213.900001
212.360000
213.239999
210.740000
208.300000
209.460000
210.300000
211.859999
229.060000
208.920000
211.960000
208.840000
211.759999
213.460000
210.900000
211.240000
208.300000
212.220000
211.279999
208.540000
226.939999
212.840000
210.900000
213.200000
212.960000
210.059999
209.660000
212.400001
209.100001
209.520000
209.740000
212.160001
211.660000
213.060000
211.840000
212.480000
210.680000
211.180000
209.000000
212.579999
212.940000
210.740000
211.360000
212.920000
211.840000
211.420000
210.179999
210.920000
209.000000
212.660001
213.280000
212.280001
211.340000
211.680000
211.200000
211.340000
209.980000
208.760000
212.020000
211.259999
213.020001
210.360000
209.820000
230.359999
210.680000
214.160000
208.720000
212.960000
212.880000
211.019999
208.740001
209.920000
214.180000
210.460001
210.040000
231.140000
208.040000
212.500000
212.540000
212.500000
212.900000
213.240000
212.100000
209.380000
211.800000
211.140000
209.340000
226.460000
212.859999
211.440000
207.860000
214.299999
210.280000
212.120000
210.900000
208.940000
211.780000
212.700000
210.379999
209.460001
211.260000
211.499999
212.200000
213.860000
209.140000
210.260000
212.460000
210.060000
211.420001
213.840000
212.460000
211.920000
211.920000
210.600000
210.820000
210.020000
210.900000
210.440000
213.100000
215.860000
212.120000
209.740000
210.720001
209.900000
212.620000
211.900000
210.820000
210.840000
211.540000
210.039999
229.400001
209.439999
211.200000
209.240000
212.219999
210.280000
214.460000
211.360000
212.580000
213.400000
211.480000
211.680000
225.140000
214.740000
213.040001
207.459999
209.799999
210.060000
212.479999
