95.780000
73.539998
52.999999
37.780002
34.340002
30.539997
28.320000
37.699997
31.420000
27.599998
35.040002
31.640001
27.120002
26.900001
25.660001
30.520000
28.000001
26.540000
26.240002
26.300002
26.320003
30.320000
28.499998
34.560002
30.579999
27.679998
26.839998
25.539998
26.020002
25.679998
25.160000
37.400000
27.859997
27.100001
26.799999
26.239999
25.340002
25.600001
25.279999
25.320001
26.779998
26.919998
29.500000
26.960000
26.159998
25.700003
26.200000
26.239999
39.900001
36.499999
32.200001
29.319998
31.880002
29.920001
27.819999
26.500002
26.860002
37.060000
30.819997
26.140001
26.360001
25.699999
26.140001
28.620001
26.200000
32.279998
28.360002
27.059998
26.039999
25.739998
26.160002
25.199998
25.560003
28.820001
28.040003
26.060000
27.199998
25.839999
26.179999
25.119998
25.339998
25.500000
26.299998
26.240002
27.740002
26.540000
26.260000
26.000001
25.440000
25.960002
28.699998
27.700000
26.179999
26.079997
26.480000
26.760001
25.699999
25.320001
25.799997
26.279997
26.099999
25.260001
25.540002
25.100000
24.939999
26.100002
25.100000
25.320001
25.940001
25.740001
25.180001
25.100000
25.320001
25.040001
24.820000
31.679999
25.759999
26.040003
26.019998
25.440000
25.500000
25.100000
25.179997
25.079999
26.680000
25.860000
26.600000
26.499998
26.020002
25.720000
25.899999
24.999999
25.199998
25.520001
24.939999
25.200002
24.840001
25.360003
26.159998
25.800001
26.499998
26.560001
25.700003
25.580000
24.960000
25.280003
25.039997
25.619999
26.439998
26.699997
25.839999
25.420003
25.540002
25.359999
25.379997
24.800003
25.100000
25.199998
26.900001
29.880002
27.180001
26.340000
25.759999
25.640000
24.940003
25.419999
26.179999
25.600001
25.440000
25.180001
27.760003
26.859999
25.720000
25.300000
25.100000
26.039999
25.340002
25.800001
25.419999
24.999999
26.719999
26.239999
25.339998
26.060000
26.340000
25.580000
25.279999
25.559999
25.380000
24.700001
25.759999
26.459999
27.459998
25.520001
25.440000
25.160000
25.580000
25.600001
25.260001
24.879999
25.379997
26.319999
26.720002
26.080001
25.580000
24.940003
24.939999
25.400002
25.619999
25.660001
25.300000
24.799999
27.520001
27.380001
26.540000
25.660001
25.359999
25.540002
25.359999
25.459997
24.820000
24.519999
24.719998
26.640002
26.120000
24.960000
25.300000
25.259998
24.780001
24.799999
25.280003
25.020000
24.839997
24.980001
26.339997
27.360000
25.819998
25.619999
25.319997
24.960000
25.259998
25.100000
24.980001
24.820004
25.260001
26.500002
25.520001
25.739998
25.139999
25.559999
24.920002
25.620002
25.060002
25.979999
25.160000
25.139999
25.820002
25.060002
25.300000
24.799999
25.800001
26.040003
25.079999
24.859998
24.640001
25.440000
26.120000
25.640000
25.739998
25.399998
24.799999
24.799999
24.859998
25.400002
24.899997
25.199998
24.660002
26.080001
25.940001
25.800001
25.520001
24.699997
25.320001
25.300000
25.079999
27.640000
27.020000
25.300000
29.339999
26.260000
26.880000
25.359999
25.180001
25.139999
26.400000
26.280001
25.500000
25.440000
26.000001
26.440002
25.739998
25.500000
25.860000
25.300000
25.260001
25.080003
25.100000
24.920002
24.580002
26.120000
25.879998
25.979999
24.900001
26.080001
25.640000
24.700001
25.020000
25.259998
24.540000
24.680000
25.820002
26.419997
25.119998
24.680000
25.319997
24.579998
24.999999
25.180001
26.159998
25.880001
24.779998
26.120000
25.759999
25.699999
25.020000
24.900001
24.900001
24.779998
24.999999
25.020000
25.380000
26.120000
25.339998
25.380000
25.020000
25.660001
25.100000
25.139999
25.399998
24.720002
24.899997
24.799999
25.500000
26.540000
25.839999
25.320001
25.720000
26.079997
25.259998
26.099999
24.900001
25.300000
27.139999
27.819999
26.659999
26.960000
25.240000
25.180001
25.020000
25.200002
25.479998
25.740001
25.380000
24.780001
26.200000
25.339998
25.140002
25.139999
24.800003
26.200000
26.220001
24.839997
25.120001
24.799999
25.039997
24.980001
24.980001
25.260001
25.079999
24.919998
25.079999
24.739999
25.280003
24.540000
25.640000
25.759999
25.880001
25.720000
25.100000
25.619999
25.040001
25.540002
25.020003
24.800003
25.160000
24.960000
27.860001
26.260000
25.419999
25.100000
25.120001
25.079999
24.860002
25.419999
25.380000
24.939999
24.800003
26.520003
25.160003
25.340002
25.180001
24.759997
25.459997
25.520001
24.800003
25.279999
24.839997
25.580000
25.380000
25.300000
25.979999
25.739998
26.299998
25.340002
25.079999
25.220003
24.879999
24.920002
27.079999
25.820002
25.300000
25.420003
25.359999
24.799999
24.860002
25.459997
24.560001
25.619999
25.440000
26.500002
25.920000
25.580000
25.420003
25.560003
25.199998
25.060002
25.180001
25.120001
24.919998
24.700001
26.439998
25.219999
25.899999
25.280003
26.240002
26.080001
25.259998
24.839997
25.240000
25.020003
26.160002
25.900003
25.480002
25.800001
25.079999
25.039997
25.459997
25.259998
24.979997
25.040001
24.719998
28.379999
27.500004
25.520001
25.480002
25.120001
25.320001
25.300004
24.820000
25.280003
25.079999
25.060002
26.200000
25.520001
25.540002
25.120001
25.040001
24.680000
26.120000
25.359999
25.300000
25.400002
25.559999
25.279999
25.219999
24.960000
27.280003
26.300002
26.019998
25.359999
24.699997
25.180001
25.320001
26.740000
25.320001
26.980001
25.700003
25.460001
24.979997
24.900001
24.920002
25.020000
24.820000
25.180001
27.240001
25.559999
25.640003
24.700001
24.720002
24.719998
24.840001
24.480000
25.860000
26.019998
25.160000
25.920000
26.200000
25.020003
25.460001
25.040001
25.319997
25.100000
25.440000
25.339998
24.720002
25.419999
25.819998
25.179997
25.179997
25.580000
25.399998
25.640000
24.980001
24.780001
25.040001
25.199998
25.680002
25.399998
25.079999
25.640000
26.220001
25.140002
25.380000
25.219999
25.940001
25.160000
26.519999
28.120000
26.220001
25.399998
25.520001
25.059998
25.059998
25.079999
25.399998
25.660001
25.559999
24.980001
27.900003
26.140001
25.680002
24.940003
32.760002
25.900003
25.399998
25.040001
25.300000
25.560003
25.660001
25.780000
24.999999
26.219998
26.040003
25.199998
25.100000
24.799999
25.419999
25.020000
24.799999
26.319999
28.519999
25.720000
25.880001
25.319997
25.480002
25.419999
24.860002
25.040001
24.899997
25.500000
26.500002
25.160000
24.840001
25.300000
25.339998
24.799999
32.060001
25.139999
25.380000
25.040001
25.179997
25.440000
24.960000
25.719997
24.980001
24.680000
25.120001
24.700001
25.040001
24.580002
24.820000
25.420003
25.500000
25.620002
26.600000
25.659997
25.759999
25.620002
25.020003
24.660002
24.900001
24.700001
25.500000
25.780000
25.520001
25.340002
25.240000
25.359999
25.040001
25.079999
24.699997
25.100000
25.180001
26.260000
25.920000
25.559999
25.220003
24.960000
25.240000
24.639998
24.920002
24.760000
24.900001
25.059998
26.320003
26.120000
25.160000
24.939999
25.979999
25.559999
25.640000
25.180001
25.599997
24.799999
25.320001
25.479998
25.620002
25.699999
25.780000
25.060002
25.380000
25.140002
24.660002
24.699997
24.739999
25.899999
26.559997
25.320001
25.080003
24.779998
24.980001
24.899997
24.659999
24.900001
25.059998
26.099999
26.820000
26.340000
25.399998
25.020000
25.039997
24.820000
26.360001
25.800001
24.939999
25.079999
24.859998
25.460001
25.300000
25.060002
25.380000
26.279997
25.260001
24.720002
24.659999
25.100000
24.680000
25.940001
25.900003
26.099999
25.600001
24.940003
25.099996
24.820000
24.940003
24.820000
25.160000
26.600003
26.419997
25.820002
38.420003
29.780000
27.440000
26.240002
25.859997
27.459998
27.079999
25.679998
25.759999
26.580002
25.679998
25.219999
25.380000
25.680002
25.940001
25.999997
25.460001
24.620000
25.040001
26.120000
26.080001
24.799999
26.419997
26.019998
25.920000
25.440000
25.699999
25.279999
25.179997
24.920002
26.159998
25.979999
26.459999
25.860000
26.120000
25.320001
25.320001
25.640000
25.160000
26.240002
26.060000
26.980001
26.019998
25.880001
26.099999
25.740001
24.939999
24.799999
24.900001
25.699999
25.100000
25.080003
26.459999
25.400002
25.319997
24.800003
25.959998
25.359999
25.300000
25.100000
25.100000
25.120001
25.740001
25.720000
25.799997
25.879998
25.279999
25.279999
25.120001
24.859998
24.580002
24.839997
24.879999
27.720001
27.139999
26.359998
25.419999
25.380000
24.920002
25.319997
25.079999
24.680000
25.419999
24.559997
29.680002
26.640002
25.860000
25.580000
39.140001
32.600001
29.460002
28.200001
26.840001
25.979999
27.380001
27.040001
26.640002
25.539998
25.459997
25.860000
26.020002
25.500000
25.020000
24.859998
24.920002
26.419997
26.080001
28.720003
26.020002
25.920000
25.100000
25.720000
25.020003
24.800003
25.079999
25.240000
28.999999
26.919998
26.000001
25.180001
24.820000
25.060002
24.840001
24.680000
26.040003
25.819998
26.540000
25.699999
25.020000
24.919998
25.219999
24.579998
25.339998
25.519997
25.219999
24.840001
25.120001
25.960002
25.380000
25.300000
25.720000
27.780000
26.359998
25.900003
25.580000
25.119998
25.240000
25.160000
26.359998
26.080001
25.619999
25.560003
25.100000
24.939999
24.739999
24.719998
25.060002
25.000002
25.320001
26.319999
26.060000
25.020000
24.900001
25.140002
24.780001
25.079999
25.839999
25.440000
25.539998
25.839999
26.400000
25.440000
25.200002
25.380000
25.020000
27.020000
25.759999
25.300000
25.559999
25.120001
26.420001
25.800001
25.540002
25.880001
25.800001
25.479998
25.460001
25.539998
24.920002
24.920002
24.700001
25.700003
26.540000
26.080001
25.180001
25.140002
24.800003
24.919998
24.840001
24.879999
25.100000
25.380000
26.220001
25.659997
25.180001
24.640001
24.799999
24.579998
24.840001
26.099999
25.999997
25.279999
26.340000
25.260001
25.979999
24.840001
25.079999
24.879999
25.319997
25.260001
24.720002
25.100000
24.719998
25.940001
25.540002
25.419999
25.780000
25.120001
25.040001
24.859998
24.800003
24.799999
25.500000
24.839997
25.939997
26.080001
25.180001
24.700001
24.839997
25.100000
24.719998
24.980001
24.960000
26.260000
25.800001
25.940001
25.800001
25.260001
25.279999
24.799999
25.140002
25.559999
25.040001
25.559999
24.740003
28.000001
26.640002
25.659997
24.820000
24.879999
25.739998
25.399998
25.180001
25.440000
25.139999
25.140002
25.640003
25.180001
25.920000
25.740001
