40.400000
38.300000
37.140001
37.080001
37.319999
37.440000
37.460001
37.020002
36.979999
37.000000
36.980001
36.959998
36.979999
36.979999
37.000000
37.020002
36.980001
36.960000
36.979999
36.980001
45.960000
37.040001
37.080001
37.040001
36.960000
37.000000
36.979999
37.079999
37.120000
36.960000
36.960000
36.979999
36.940001
36.960000
36.960000
36.960000
37.000000
42.779999
36.979999
36.960000
36.979999
36.959998
36.940001
36.999999
37.100000
36.960000
37.000000
36.960000
36.939999
37.100000
36.980001
36.960000
36.960000
37.120000
115.260001
37.219999
36.939999
36.960000
36.940001
36.960000
37.020000
36.959998
36.939999
36.979999
36.979999
37.400000
36.979999
36.960000
36.960000
36.960000
37.060000
37.020002
37.000000
37.040001
36.979999
36.980001
36.939999
36.999999
36.960000
36.980001
36.960000
37.020000
37.000000
36.960000
36.960000
36.960000
37.140001
37.060000
37.020000
36.960000
36.960000
37.060000
37.020000
36.960000
36.960000
36.959998
37.020002
36.980001
36.960000
36.960000
36.960000
36.979999
36.960000
36.960000
36.960000
36.920000
36.980001
36.960000
37.079999
37.020000
36.979999
36.979999
36.939999
42.600000
43.359999
41.059999
41.720001
43.760002
40.659999
40.999999
39.780000
40.880000
40.659999
39.960001
39.980000
39.500000
38.939999
39.940001
39.860001
38.939999
39.559999
40.800000
37.260000
37.000000
36.999999
36.999999
38.180001
37.060000
36.960000
36.999999
36.960000
36.980001
36.960000
37.040001
36.980001
37.040001
36.979999
37.419999
37.279999
37.039999
37.000000
36.979999
38.200000
42.200001
40.959999
40.659999
41.100001
39.800001
39.420001
39.759999
39.799999
40.159998
40.940000
39.960001
39.020000
38.720001
39.339999
39.680000
39.959999
38.960001
38.880000
37.120000
37.020002
37.260000
37.000000
37.000000
37.240000
36.960000
37.020000
37.040001
37.000000
37.040001
36.979999
36.980001
38.319999
37.620001
37.020000
36.980001
37.659999
37.000000
36.999999
37.880000
37.020000
37.000000
36.980001
36.960000
37.000000
36.960000
36.959998
36.960000
37.000000
37.160000
37.079999
36.999999
36.980001
36.960000
36.960000
37.020000
36.979999
37.100000
37.079999
36.979999
37.140001
37.060000
36.980001
36.980001
36.960000
36.979999
37.100000
36.980001
36.979999
36.979999
36.939999
36.960000
36.980001
36.980001
37.319999
36.999999
36.939999
36.960000
36.960000
37.160000
37.040001
36.960000
37.039999
37.480000
37.300000
36.960000
37.020000
37.079999
36.959998
37.000000
36.999999
36.960000
36.980001
36.980001
36.979999
36.960000
36.980001
36.960000
36.999999
36.960000
37.459999
37.079999
36.960000
37.079999
36.979999
37.239999
36.960000
36.960000
36.979999
37.320001
36.940001
36.960000
36.960000
36.960000
36.960000
36.960000
42.900002
36.999999
36.940001
37.000000
37.020000
37.140001
37.079999
36.960000
37.160000
37.080001
36.980001
36.960000
36.960000
36.979999
36.979999
36.979999
36.979999
43.940000
36.980001
36.979999
36.980001
36.960000
36.979999
36.960000
36.960000
36.960000
36.979999
37.079999
36.980001
36.980001
37.080001
37.060000
36.960000
37.000000
42.320000
37.060000
36.960000
36.980001
36.939999
37.000000
36.960000
36.960000
36.979999
36.979999
36.940001
36.960000
36.940001
36.979999
37.120000
37.060000
36.960000
80.580000
37.559999
36.980001
36.939999
36.960000
36.960000
36.960000
36.940001
36.960000
36.979999
36.979999
36.939999
36.980001
36.960000
36.959998
36.960000
36.960000
37.039999
36.980001
37.039999
36.960000
36.960000
37.100000
36.960000
36.960000
36.979999
36.960000
36.960000
36.979999
36.960000
36.960000
36.960000
36.960000
36.960000
37.000000
36.940001
36.960000
36.960000
36.960000
36.979999
37.060000
36.940001
36.979999
37.060000
36.960000
36.940001
36.960000
36.960000
36.979999
36.979999
36.960000
36.960000
36.960000
36.960000
36.960000
36.960000
36.960000
36.940001
36.960000
36.980001
36.999999
36.980001
37.140001
36.939999
36.960000
37.079999
37.020000
36.940001
37.039999
36.960000
36.960000
36.960000
36.960000
36.939999
36.960000
36.960000
36.960000
36.979999
36.960000
36.960000
36.960000
36.960000
36.960000
37.039999
36.959998
36.940001
37.060000
36.960000
36.960000
36.939999
36.960000
36.960000
36.960000
36.960000
36.959998
36.960000
36.960000
36.940001
36.960000
36.940001
36.960000
36.940001
37.000000
36.960000
37.039999
37.099998
37.000000
36.960000
37.060000
36.979999
36.960000
36.939999
36.960000
36.960000
36.960000
36.979999
36.999999
36.960000
36.959998
36.960000
36.979999
36.960000
36.960000
36.960000
36.960000
36.939999
37.359999
37.000000
36.960000
37.079999
37.100000
36.980001
36.979999
36.940001
36.960000
36.960000
37.040001
36.960000
36.960000
36.960000
36.960000
36.960000
36.960000
36.940001
36.980001
36.939999
36.960000
37.099998
37.040001
36.960000
37.120000
37.080001
37.020000
36.939999
36.960000
36.960000
36.959998
36.939999
36.960000
36.939999
36.960000
36.960000
36.960000
36.960000
36.959998
36.959998
36.960000
36.940001
36.960000
37.080001
37.020000
36.960000
37.080001
36.960000
36.960000
36.960000
36.960000
36.960000
36.960000
36.960000
36.959998
36.940001
36.960000
36.960000
36.960000
36.960000
36.960000
36.960000
36.960000
36.960000
37.140001
36.979999
36.979999
37.100000
37.079999
36.960000
36.960000
36.960000
36.960000
36.979999
36.960000
36.960000
36.960000
36.940001
37.260000
36.939999
36.960000
36.940001
36.960000
36.960000
36.960000
36.960000
37.060000
36.940001
36.960000
37.040001
36.960000
36.960000
36.960000
36.960000
36.960000
36.960000
36.960000
36.940001
36.960000
36.960000
36.960000
36.939999
36.960000
36.960000
36.960000
36.960000
36.960000
37.039999
36.979999
36.959998
37.060000
37.080001
36.979999
36.939999
36.960000
36.960000
36.939999
36.979999
36.960000
36.959998
36.960000
36.960000
36.980001
36.960000
36.960000
36.939999
36.960000
36.939999
36.980001
37.039999
36.960000
36.960000
37.080001
36.979999
36.960000
36.939999
36.960000
36.960000
36.960000
36.960000
36.980001
36.960000
36.960000
36.960000
36.960000
36.939999
37.020000
36.980001
36.960000
36.959998
37.080001
37.000000
36.979999
37.079999
36.979999
36.940001
36.960000
36.960000
36.960000
36.960000
36.960000
36.960000
36.960000
36.979999
37.000000
36.960000
36.960000
36.939999
36.960000
36.939999
36.960000
36.940001
37.039999
36.999999
36.960000
37.060000
36.980001
36.960000
36.960000
36.939999
37.020000
36.959998
36.960000
36.939999
36.960000
37.520001
36.960000
36.960000
36.959998
36.940001
36.959998
36.960000
36.960000
37.280001
36.960000
36.939999
37.039999
37.120001
36.960000
36.940001
36.960000
36.940001
36.979999
36.960000
36.960000
36.980001
36.960000
36.960000
36.959998
36.939999
36.960000
36.960000
36.979999
36.939999
37.279999
37.140001
36.979999
36.960000
37.100000
36.960000
36.959998
36.960000
36.960000
36.939999
36.959998
36.960000
36.960000
36.940001
36.960000
36.960000
36.960000
36.979999
36.979999
36.960000
36.960000
36.960000
37.160000
37.000000
36.979999
37.060000
37.040001
36.939999
36.960000
36.960000
36.960000
36.960000
36.960000
36.960000
37.020000
36.960000
36.960000
36.960000
36.959998
36.960000
36.960000
36.960000
36.960000
37.040001
37.040001
36.960000
37.319999
37.039999
37.000000
36.960000
36.979999
36.979999
36.960000
36.940001
36.960000
36.960000
36.979999
36.940001
36.960000
36.960000
36.960000
36.940001
36.960000
36.939999
36.960000
37.380001
37.020002
36.960000
37.439998
36.959998
36.960000
36.960000
36.960000
36.940001
36.960000
36.940001
36.960000
36.960000
36.960000
36.960000
36.979999
36.939999
36.960000
36.960000
36.980001
36.920000
37.180001
37.060000
36.960000
37.160000
37.100000
36.979999
36.960000
36.940001
36.960000
36.959998
36.960000
36.960000
36.960000
36.960000
36.959998
36.940001
36.979999
36.939999
36.959998
36.960000
36.960000
36.960000
37.079999
37.020000
36.960000
37.060000
37.080001
36.999999
36.960000
36.979999
36.960000
36.960000
36.979999
36.979999
36.960000
36.940001
36.960000
36.959998
36.960000
36.940001
36.980001
36.939999
36.959998
37.120000
37.039999
36.960000
37.100000
37.020000
37.000000
36.960000
37.020000
36.940001
36.960000
36.960000
36.960000
36.940001
36.960000
36.939999
36.960000
36.940001
36.960000
36.939999
36.960000
36.960000
36.979999
37.060000
36.979999
36.920000
37.080001
36.939999
36.960000
36.960000
36.960000
36.939999
36.960000
36.940001
36.959998
36.960000
36.960000
36.939999
36.960000
36.960000
36.960000
36.960000
37.000000
36.960000
37.359999
37.020000
36.979999
37.120000
37.219999
36.939999
36.960000
36.940001
36.979999
36.960000
36.980001
36.960000
36.960000
36.960000
36.960000
36.979999
36.960000
36.960000
36.960000
36.960000
36.960000
36.960000
37.079999
36.940001
36.960000
37.160000
37.020000
36.940001
36.960000
36.960000
36.960000
36.960000
36.999999
36.939999
36.960000
36.960000
36.960000
36.939999
36.979999
36.939999
36.959998
36.940001
36.960000
37.080001
37.040001
36.939999
37.039999
36.979999
36.979999
36.920002
36.960000
36.940001
36.960000
36.960000
36.959998
36.960000
36.960000
36.960000
36.960000
36.940001
36.960000
36.960000
36.979999
36.960000
36.959998
37.079999
36.999999
36.959998
37.060000
36.939999
36.960000
36.940001
36.979999
36.960000
36.960000
36.960000
36.960000
36.960000
36.979999
36.979999
36.960000
36.960000
36.960000
36.960000
36.959998
36.960000
37.340000
37.359999
36.960000
37.060000
36.980001
36.940001
36.960000
36.960000
36.999999
36.960000
36.960000
36.959998
36.960000
36.940001
37.020000
36.940001
36.960000
36.959998
36.960000
36.960000
36.960000
37.020000
37.260000
36.960000
36.979999
37.079999
36.960000
36.960000
36.960000
36.939999
42.640001
36.960000
36.959998
36.939999
36.979999
36.959998
36.960000
36.940001
36.960000
36.940001
36.960000
36.960000
36.979999
37.060000
36.940001
36.939999
37.079999
43.939998
37.000000
36.940001
36.960000
36.959998
36.960000
36.960000
36.960000
36.940001
36.960000
36.960000
36.960000
36.939999
36.960000
36.960000
36.960000
36.960000
42.439999
37.179999
36.999999
36.960000
37.079999
37.000000
36.980001
36.960000
36.980001
36.960000
36.960000
36.939999
36.960000
36.940001
36.960000
36.939999
36.960000
66.840000
36.980001
