2.104000
2.126000
2.125000
2.102000
2.114001
2.100999
2.145000
2.115000
2.102000
2.088000
2.087000
2.101000
2.115000
2.114000
2.102000
2.118000
2.115999
2.102000
2.115000
2.114001
2.103000
2.087000
2.115000
2.101000
2.115000
2.114000
2.102000
2.114001
2.115000
2.102000
2.115000
2.113000
2.102000
2.088000
2.087000
2.100999
2.116000
2.114000
2.102000
2.115000
2.116000
2.102000
2.115999
2.115000
2.102000
2.088000
2.114999
2.102001
2.116000
2.115000
2.102000
2.114000
2.116000
2.102000
2.115999
2.114000
2.103000
2.115000
2.116000
2.126000
2.116000
2.114000
2.102001
2.115000
2.115000
2.102000
2.116000
2.114000
2.103001
2.114001
2.115000
2.125000
2.115000
2.113000
2.103000
2.115000
2.115000
2.102000
2.115000
2.114000
2.101000
2.114000
2.114001
2.073999
2.115000
2.130000
2.102001
2.114000
2.114000
2.102000
2.115000
2.114000
2.102001
2.115000
2.114000
2.099999
2.115000
2.113000
2.123999
2.134000
2.116000
2.102000
2.115000
2.114000
2.102000
2.115000
2.114000
2.100000
2.115000
2.115000
2.102000
2.114000
2.115000
2.100999
2.114999
2.130000
2.103000
2.115000
2.115000
2.101000
2.116000
2.114000
2.102000
2.114000
2.115000
2.100999
2.116000
2.114001
2.102000
2.115000
2.115999
2.101000
2.116000
2.114000
2.100999
2.115000
2.116000
2.102000
2.115000
2.114000
2.128000
2.136000
2.114999
2.102001
2.115000
2.115000
2.103000
2.115000
2.115000
2.102000
2.115999
2.115000
2.102001
2.115000
2.114999
2.101000
2.115000
2.114001
2.102000
2.115000
2.115999
2.102000
2.116000
2.114000
2.103001
2.115000
2.115000
2.102000
2.115000
2.114000
2.075000
2.114000
2.115999
2.102000
2.088000
2.114001
2.076000
2.115000
2.116000
2.100999
2.115000
2.114000
2.075000
2.087999
2.114000
2.076000
2.115000
2.177000
2.112000
2.115000
2.087001
2.073999
2.088000
2.087001
2.074000
2.087000
2.088000
2.073999
2.087000
2.086000
2.073000
2.087000
2.088000
2.099001
2.087000
2.114000
2.075000
2.115000
2.091999
2.101000
2.113000
2.114001
2.101000
2.116000
2.087000
2.126000
2.115000
2.114001
2.126001
2.115000
2.115000
2.073999
2.113000
2.087001
2.075001
2.115000
2.113000
2.075000
2.087001
2.086000
2.074000
2.115000
2.088000
2.075000
2.114001
2.087001
2.085000
2.088000
2.087001
2.102000
2.115000
2.086001
2.100999
2.107000
2.087000
2.074000
2.087000
2.087001
2.083000
2.087000
2.092000
2.075001
2.088000
2.086000
2.074000
2.087000
2.087000
2.073999
2.087000
2.114000
2.103000
2.087000
2.115000
2.100999
2.088000
2.114000
2.074000
2.115999
2.088000
2.103000
2.088000
2.114001
2.127000
2.116000
2.087001
2.075001
2.087999
2.088000
2.074000
2.115000
2.114000
2.073999
2.087000
2.115000
2.075000
2.087000
2.086000
2.075001
2.087999
2.115000
2.074000
2.087000
2.088000
2.085000
2.114001
2.087000
2.075000
2.088000
2.087000
2.102000
2.115000
2.137000
2.100999
2.115000
2.088000
2.074000
2.087000
2.115000
2.101000
2.088000
2.086000
2.073999
2.088000
2.087000
2.075000
2.116000
2.087999
2.074000
2.088000
2.086000
2.075000
2.075000
2.100000
2.114001
2.115000
2.103000
2.113000
2.115000
2.100999
2.114000
2.086000
2.073999
2.114000
2.115999
2.100000
2.087000
2.091000
2.102000
2.087001
2.087000
2.075000
2.087000
2.087000
2.098001
2.088000
2.087001
2.102000
2.115999
2.087000
2.102001
2.114000
2.113000
2.100999
2.135000
2.114000
2.102001
2.115000
2.114000
2.101000
2.116000
2.115000
2.101000
2.114000
2.115000
2.100999
2.114000
2.113000
2.102000
2.115000
2.135000
2.126001
2.114000
2.114001
2.103000
2.114000
2.115000
2.127000
2.115000
2.114000
2.103000
2.115000
2.114000
2.100999
2.115000
2.114000
2.102000
2.130000
2.114000
2.102000
2.114000
2.113000
2.102001
2.115000
2.114000
2.101000
2.115000
2.114000
2.102001
2.114000
2.116000
2.102000
2.115000
2.114000
2.103000
2.115000
2.114000
2.102000
2.115000
2.114000
2.101000
2.115000
2.114000
2.127000
2.115000
2.113000
2.101000
2.131000
2.114000
2.099999
2.115000
2.113000
2.102000
2.087000
2.115000
2.102000
2.116000
2.113000
2.126000
2.115000
2.116000
2.100999
2.131999
2.114000
2.101000
2.114000
2.114000
2.102001
2.138001
2.113000
2.101000
2.115000
2.117001
2.101000
2.115000
2.115000
2.102001
2.114000
2.119000
2.130000
2.115000
2.115000
2.104999
2.117001
2.118000
2.104000
2.115000
2.115000
2.073999
2.117001
2.115000
2.104999
2.116000
2.133000
2.129001
2.115000
2.117001
2.105000
2.117000
2.116000
2.102001
2.117000
2.119000
2.104000
2.119000
2.116000
2.105000
2.118000
2.118000
2.102000
2.115000
2.114000
2.103000
2.114001
2.114000
2.103000
2.115000
2.113000
2.102001
2.115000
2.114000
2.100999
2.116000
2.114000
2.105000
2.115000
2.115000
2.100999
2.115999
2.113000
2.100999
2.114001
2.113000
2.101000
2.115000
2.114000
2.102000
2.114000
2.114000
2.100999
2.115000
2.113000
2.126000
2.114001
2.134000
2.101000
2.115999
2.115000
2.102001
2.114001
2.116000
2.101000
2.115000
2.113000
2.102000
2.115000
2.115000
2.101000
2.115000
2.114000
2.103000
2.130000
2.114001
2.101000
2.116000
2.114000
2.126000
2.114000
2.114000
2.105000
2.133001
2.114000
2.126000
2.113000
2.115000
2.101000
2.115000
2.113000
2.100999
2.115000
2.113000
2.075000
2.118001
2.118001
2.104000
2.118001
2.117000
2.100999
2.118001
2.115000
2.105000
2.115000
2.114000
2.104000
2.117000
2.130000
2.074000
2.114000
2.114000
2.101000
2.118001
2.113000
2.123000
2.118001
2.118000
2.104000
2.118000
2.113000
2.101000
2.113000
2.114001
2.105000
6.763000
2.116000
2.103000
2.115000
2.088000
2.105000
2.114000
2.118000
2.128000
2.119000
2.117000
2.102000
2.114000
2.115000
2.101000
2.116000
2.114001
2.102000
2.115000
2.115000
2.101000
2.114999
2.115000
2.102001
2.115000
2.115000
2.102001
2.088000
2.107000
2.103000
2.114000
2.087000
2.075000
2.088000
2.088000
2.102000
2.088999
2.088000
2.101000
2.116000
2.127999
2.104999
2.118001
2.119000
2.104999
2.119000
2.118000
2.103000
2.115000
2.114999
2.100999
2.116000
2.115000
2.110001
2.114000
2.118000
2.100999
2.115000
2.130000
2.102000
2.114000
2.116000
2.099999
2.116000
2.113000
2.102000
2.115000
2.115000
2.100999
2.131999
2.130000
2.103000
2.115000
2.114000
2.100999
2.116000
2.114999
2.102001
2.114000
2.114999
2.073999
2.116000
2.113000
2.102001
2.114000
2.114001
2.100000
2.115000
2.115000
2.075000
2.087000
2.088000
2.075001
2.087999
2.087000
2.074000
2.124000
2.087000
2.073999
2.089000
2.086001
2.103000
2.088000
2.087000
2.074000
2.109000
2.086001
2.103000
2.114000
2.160000
2.101000
2.115000
2.114000
2.102001
2.162000
2.116000
2.100999
2.115000
2.113000
2.102000
2.113000
2.115000
2.100000
2.115000
2.113000
2.075000
2.114000
2.121000
2.075001
2.088000
2.088000
2.100999
2.087000
2.087000
2.099000
2.088000
2.113000
2.075001
2.087001
2.091999
2.075000
2.088000
2.115000
2.074000
2.088000
2.087000
2.075001
2.370000
2.114000
2.075000
2.088000
2.087000
2.105000
2.088999
2.088000
2.125000
2.088000
2.116000
2.099000
2.131000
2.115000
2.073999
2.088000
2.087000
2.075000
2.088000
2.087000
2.073999
2.088000
2.087000
2.075001
2.088000
2.087999
2.102000
2.114000
2.115000
2.075000
2.088000
2.087000
2.075000
2.115000
2.092000
2.101000
2.088999
2.087001
2.075000
2.114000
2.088000
2.104000
2.088000
2.108000
2.104000
2.130000
2.088000
2.100000
2.116000
2.114001
2.075000
2.087000
2.087000
2.100000
2.115000
2.129000
2.103000
2.114000
2.115000
2.104000
2.118000
2.118000
2.102000
2.115000
2.115000
2.100999
2.116000
2.114000
2.102000
2.114000
2.116000
2.100000
2.116000
2.130000
2.102000
2.114000
2.116000
2.100000
2.115000
2.088000
2.106000
2.117001
2.118000
2.099999
2.136000
2.113000
2.102000
2.115000
2.115000
2.100999
2.119000
2.115999
2.102001
2.118000
2.118000
2.100999
2.115000
2.115999
2.104999
2.117000
2.115000
2.100999
2.116000
2.129001
2.102001
2.114000
2.114000
2.101000
2.116000
2.114000
2.106001
2.117000
2.117001
2.100000
2.115000
2.130001
2.102000
2.113000
2.115000
2.100000
2.116000
2.088000
2.106000
2.115000
2.115999
2.100999
2.115000
2.119000
2.075000
2.114001
2.115999
2.074000
2.115000
2.115000
2.102000
2.114000
2.115000
2.101000
2.115000
2.113000
2.102000
2.113000
2.115000
2.100999
2.115000
2.114000
2.102000
2.087000
2.116000
2.100000
2.133000
2.113000
2.103000
2.114001
2.114000
2.104000
2.088000
2.113000
2.102000
2.115000
2.115000
2.100000
2.131000
2.114000
2.106000
2.114001
2.115000
2.126000
2.115000
2.114000
2.125000
2.114000
2.115000
2.100999
2.115000
2.114000
2.106001
2.117000
2.116000
2.102000
2.116000
2.117000
2.102000
2.114000
2.115000
2.105000
2.118000
2.117000
2.106000
2.114000
2.115999
2.126000
2.115000
2.117001
2.102000
2.118000
2.118000
2.105000
2.116000
2.117000
2.103000
2.118000
2.132000
2.126000
2.114999
2.113000
2.132000
2.115000
2.118000
2.102001
2.115000
2.115000
2.073999
2.114000
2.115000
2.100999
2.116000
2.114001
2.102001
2.115000
2.115000
2.125000
2.115000
2.114000
2.103000
2.087999
2.087000
2.099000
2.115000
2.114000
2.102000
2.115000
2.115999
2.126000
2.115000
2.114001
2.102000
2.115000
2.114001
2.101000
2.122000
2.118000
2.075000
2.115000
2.088000
2.075000
2.115999
2.143000
2.101000
2.089000
2.087000
2.102000
2.115000
2.114000
2.101000
2.115000
2.115000
2.103000
2.115000
2.086000
2.101000
2.135000
2.114999
2.102000
2.114000
2.116000
2.101000
2.115000
2.113000
2.102000
2.132000
2.115000
