0.304000
0.297000
0.283000
0.282000
0.310000
0.262000
0.281001
0.264999
0.263000
0.281001
0.279000
0.500999
0.284000
0.283000
0.267000
0.263000
0.283999
0.267000
0.279000
0.283000
0.284000
0.281000
0.280000
0.283000
0.282001
0.284000
0.279000
0.281001
0.279999
0.281000
0.262000
0.283000
0.280000
0.283999
0.262000
0.281000
0.279000
0.282000
0.279000
0.280000
0.267000
0.283999
0.279000
0.285001
0.267000
0.262000
0.280000
0.282000
0.284000
0.263000
0.263000
0.281001
0.279000
0.282001
0.264000
0.266000
0.267000
0.263000
0.267999
0.263001
0.265000
0.281000
0.279000
0.263000
0.280000
0.281001
0.280000
0.281000
0.279999
0.281000
0.264000
0.281000
0.280000
0.282000
0.263000
0.286000
0.264000
0.262000
0.279000
0.263000
0.280000
0.284000
0.264000
0.281000
0.279000
0.262001
0.268000
0.267000
0.279000
0.284000
0.280000
0.281000
0.301000
0.281000
0.266000
0.284000
0.280000
0.284000
0.285001
0.285001
0.263000
0.281000
0.279000
0.280000
0.282000
0.281001
0.282000
0.285000
0.279000
0.281001
0.284000
0.285000
0.279000
0.281000
0.280000
0.281001
0.267000
0.267000
0.280000
0.266000
0.266000
0.267000
0.280000
0.266000
0.281000
0.286001
0.268000
0.287000
0.281001
0.286000
0.285000
0.283000
0.279000
0.283000
0.280000
0.301000
0.283999
0.281000
0.280000
0.263000
0.266001
0.286001
0.283999
0.263000
0.265000
0.287000
0.280000
0.266001
0.262000
0.286000
0.283999
0.280000
0.285001
0.282000
0.264000
0.262001
0.279000
0.281000
0.280000
0.284000
0.265000
0.267000
0.268000
0.262000
0.263000
0.263001
0.280000
0.263000
0.280000
0.281001
0.280000
0.302999
0.263001
0.281000
0.264000
0.263000
0.280000
0.283000
0.279999
0.264000
0.284000
0.263000
0.262000
0.267000
0.268000
0.267000
0.262001
0.266000
0.263001
0.267000
0.263000
0.283000
0.264000
0.262000
0.263000
0.281000
0.279000
0.281001
0.282000
0.281000
0.263000
0.266000
0.263000
0.282000
0.283999
0.284000
0.263001
0.281000
0.283999
0.262000
0.263000
0.287000
0.279000
0.304000
0.284000
0.281000
0.263000
0.267000
0.262000
0.266001
0.267000
0.287000
0.282001
0.266000
0.266000
0.267000
0.267000
0.263000
0.279000
0.281000
0.280000
0.284000
0.279000
0.286001
0.263000
7.172001
0.379000
0.280000
0.303000
0.282000
0.279999
0.281000
0.280000
0.280000
0.282000
0.262001
0.279000
0.279999
0.283999
0.286000
0.264000
0.279000
0.280000
0.281000
0.283000
0.280000
0.285001
0.286000
0.279000
0.282001
0.285001
0.280000
0.283000
0.279000
0.280000
0.283000
0.278000
0.267000
0.262001
0.267000
0.279000
0.279000
0.281000
0.302000
0.279000
0.263000
0.286001
0.285000
0.279000
0.282000
0.286000
0.285000
0.279000
0.282000
0.280000
0.279999
0.278999
0.282000
0.280000
0.283999
0.279000
0.280000
0.280000
0.280000
0.279000
0.280000
0.280000
0.280000
0.279000
0.278000
0.280000
0.279999
0.278000
0.279999
0.281001
0.283999
0.283000
0.280000
0.266000
0.263000
0.268000
0.303000
0.263000
0.285001
0.286000
0.285000
0.283000
0.282000
0.279000
0.279000
0.279999
0.285000
0.490000
0.280000
0.282001
0.279999
0.284000
0.282000
0.281001
0.281001
0.279000
0.279000
0.267000
0.280000
0.281000
0.264000
0.280000
0.281000
0.284000
0.279000
0.281001
0.280000
0.283000
0.264999
0.284000
0.281001
0.279000
0.264000
0.281001
0.263000
0.279000
0.280000
0.263000
0.279999
0.303000
0.280000
0.280000
0.279999
0.279000
0.282000
0.285000
0.285001
0.283999
0.279999
0.281000
0.285001
0.283999
0.280000
0.285001
0.281000
0.281000
0.279999
0.308000
0.280000
0.278000
0.282000
0.281001
0.280000
0.279000
0.282000
0.285001
0.285000
0.283999
0.279000
0.285000
0.281001
0.283000
0.282000
0.285001
0.285000
0.279000
0.280000
0.280000
0.280000
0.279000
0.282000
0.285000
0.280000
0.283000
0.280000
0.285000
0.281000
0.283000
0.279000
0.285000
0.285001
0.284000
0.280000
0.281000
0.285001
0.280000
0.282000
0.285000
0.280000
0.279000
0.279000
0.285000
0.280000
0.279000
0.279999
0.263000
0.280000
0.284000
0.280000
0.281001
0.280000
0.279000
0.279000
0.285000
0.279999
0.284000
0.280000
0.281000
0.279999
0.279000
0.282000
0.280000
0.281001
0.264000
0.263000
0.280000
0.285000
0.281000
0.279000
0.280000
0.285001
0.279000
0.282000
0.280000
0.283000
0.284000
0.282000
0.285000
0.285001
0.283000
0.282000
0.279999
0.280000
0.284000
0.280000
0.280000
0.280000
0.282999
0.305000
0.281000
0.285001
0.279000
0.282000
0.280000
0.284000
0.283000
0.282001
0.279999
0.284000
0.283000
0.282000
0.286000
0.283000
0.280000
0.279999
0.280000
0.285000
0.278001
0.282000
0.281000
0.288000
0.279000
0.279999
0.286001
0.285001
0.279000
0.280000
0.280000
0.280000
0.283000
0.280000
0.286000
0.285001
0.283999
0.279999
0.286000
0.285001
0.279000
0.282000
0.285001
0.283999
0.284000
0.282000
0.286001
0.280000
0.278000
0.283000
0.280000
0.280000
0.279000
0.282000
0.262000
0.280000
0.279000
0.280000
0.286000
0.280000
0.279000
0.282001
0.286000
0.263000
0.268000
0.279000
0.264000
0.267000
0.263000
0.280000
0.279999
0.279999
0.279000
0.282000
0.286000
0.279999
0.283999
0.280000
0.279999
0.279999
0.279000
0.282000
0.281000
0.285000
0.283999
0.282000
0.286000
0.285000
0.279000
0.279000
0.280000
0.280000
0.279000
0.282001
0.279999
0.280000
0.279000
0.282000
0.287999
0.280000
0.406000
0.279999
0.283999
0.280000
0.283000
0.282001
0.285001
0.284000
0.286000
0.283000
0.284000
0.287000
0.281001
0.302000
0.287000
0.283000
0.263000
0.263000
0.281000
0.285000
0.284000
0.282000
0.285000
0.281001
0.279000
0.267000
0.263000
0.285000
0.308000
0.279999
0.284000
0.280000
0.284000
0.282000
0.281001
0.281000
0.279000
0.280000
0.280000
0.279999
0.280000
0.282001
0.285001
0.285000
0.280000
0.280000
0.284000
0.285001
0.282999
0.279999
0.281001
0.279999
0.279000
0.280000
0.285001
0.280000
0.283999
0.279000
0.280000
0.287000
0.279000
0.280000
0.280000
0.285000
0.279000
0.279000
0.281001
0.280000
0.279000
0.282000
0.281001
0.279999
0.278999
0.279999
0.281000
0.279999
0.283000
0.279999
0.281001
0.263000
0.279000
0.282000
0.281001
0.285001
0.280000
0.282000
0.284000
0.279999
0.279000
0.302001
0.265000
0.280000
0.279000
0.282001
0.285001
0.281000
0.280000
0.282000
0.281000
0.280000
0.284000
0.282001
0.281000
0.280000
0.279000
0.280000
0.286000
0.279999
0.279000
0.282000
0.288000
0.287000
0.288000
0.305000
0.281001
0.281000
0.278001
0.282001
0.285001
0.281001
0.279000
0.282000
0.285000
0.281001
0.284000
0.280000
0.263000
0.280000
0.322000
0.280000
0.280000
0.279999
0.265000
0.283000
0.262000
0.265000
0.282001
0.279000
0.280000
0.280000
0.284000
0.279000
0.286000
0.285001
0.284000
0.279000
0.286000
0.285000
0.280000
0.282000
0.279999
0.280000
0.265000
0.282001
0.263999
0.264999
0.267000
0.263000
0.262001
0.279999
0.263000
0.267000
0.280000
0.280000
0.278001
0.282000
0.268000
0.285000
0.278000
0.267000
0.281000
0.280000
0.279000
0.279000
0.281000
0.280000
0.303000
0.263000
0.280000
0.280000
0.278000
0.282000
0.280000
0.285000
0.279000
0.283000
0.279999
0.280000
0.283999
0.282000
0.286000
0.279999
0.278001
0.279000
0.280000
0.280000
0.279000
0.279999
0.281000
0.280000
0.279000
0.280000
0.280000
0.280000
0.279000
0.280000
0.280000
0.285001
0.279000
0.264999
0.267000
0.283000
0.284000
0.285001
0.287999
0.284000
0.279000
0.279000
0.280000
0.263000
0.284000
0.267999
0.262000
0.263001
0.748000
0.279999
0.285000
0.300000
0.279999
0.280000
0.285000
0.282001
0.279999
0.280000
0.279999
0.301000
0.279000
0.279999
0.279000
0.279999
0.280000
0.280000
0.279000
0.280000
0.280000
0.280000
0.279000
0.294000
0.280000
0.287000
0.279000
0.281000
0.280000
0.300000
0.279999
0.299999
0.280000
0.280000
0.267999
0.279999
0.264000
0.267000
0.287000
0.286001
0.283999
0.283000
0.279999
0.284000
0.299999
0.281001
0.279000
0.280000
0.280000
0.280000
0.279000
0.279000
0.279999
0.284000
0.284000
0.279000
0.282000
0.280000
0.284000
0.281001
0.279000
0.285001
0.285001
0.282000
0.279000
0.279999
0.280000
0.280000
0.279000
0.279999
0.279999
0.279999
0.280000
0.284000
0.279999
0.282000
0.280000
0.280000
0.279999
0.304000
0.281000
0.285000
0.279000
0.282001
0.279000
0.285000
0.280000
0.282001
0.280000
0.280000
0.280000
0.282001
0.282000
0.281000
0.280000
0.302000
0.281001
0.280000
0.279999
0.283000
0.282000
0.279999
0.280000
0.284000
0.279000
0.280000
0.279000
0.282001
0.280000
0.284000
0.280000
0.279999
0.279000
0.280000
0.279999
0.279999
0.279999
0.279000
0.279000
0.287000
0.279000
0.302000
0.284000
0.280000
0.282001
0.280000
0.280000
0.301000
0.279000
0.302000
0.283999
0.279000
0.282000
0.285000
0.284000
0.282000
0.282000
0.280000
0.279999
0.279999
0.279000
0.280000
0.280000
0.280000
0.280000
0.279999
0.279999
0.280000
0.282000
0.279999
0.281000
0.302000
0.279000
0.280000
0.285001
0.283999
0.281001
0.280000
0.283999
0.279999
0.282000
0.285000
0.279000
0.283000
0.279999
0.279999
0.283999
0.282001
0.282000
0.282000
0.285000
0.283000
0.280000
0.283999
0.279000
0.280000
0.280000
0.280000
0.279000
0.279999
0.279000
0.279999
0.279000
0.279999
0.279000
0.284000
0.263000
0.267000
0.279999
0.279999
0.285001
0.280000
0.282001
0.280000
0.285000
0.280000
0.282000
0.279000
0.279999
0.279999
0.279999
0.279000
0.279000
0.280000
0.282001
0.300000
0.267000
0.279000
0.279000
0.280000
0.279000
0.281001
0.279000
0.284000
