762.140000
755.740000
777.960000
755.520000
754.820000
753.160000
755.260000
765.300000
756.380000
755.920000
752.760000
752.760000
763.340000
753.920000
753.180000
752.540000
755.080000
761.460000
755.080000
753.280000
751.820000
754.840000
752.700000
763.120000
755.140000
754.680000
755.420000
754.400000
761.340000
753.820000
753.420000
753.360000
751.960000
762.680000
753.660000
753.300000
751.720000
752.700000
754.080000
762.960000
753.480000
751.460000
749.620000
753.320000
763.280000
751.920000
752.680000
752.300000
752.460000
771.080000
754.080000
753.020000
753.960000
752.740000
752.140000
762.000000
753.520000
753.300000
752.320000
753.500000
762.000000
753.900000
753.380000
753.380000
753.420000
763.420000
754.380000
752.280000
752.620000
753.200000
762.440000
753.940000
752.780000
751.640000
752.800000
753.420000
763.940000
751.520000
753.380000
752.860000
753.180000
762.620000
755.040000
754.840000
752.300000
752.900000
759.900000
753.840000
752.780000
752.380000
751.740000
753.040000
762.920000
752.860000
751.940000
752.100000
751.760000
760.820000
753.300000
751.800000
752.940000
752.620000
762.060000
752.840000
752.060000
752.080000
751.700000
751.580000
758.440000
752.720000
752.320000
752.420000
753.220000
759.900000
755.020000
754.100000
752.820000
752.820000
763.460000
752.700000
752.100000
752.860000
753.620000
760.560000
753.700000
751.680000
752.240000
754.480000
753.400000
764.560000
753.540000
753.840000
752.480000
753.900000
760.520000
752.700000
751.300000
751.840000
751.140000
760.440000
753.520000
752.200000
751.500000
751.080000
752.580000
766.280000
753.140000
753.080000
754.240000
753.040000
763.360000
754.780000
754.800000
752.500000
751.840000
760.920000
752.480000
752.040000
753.860000
752.460000
753.140000
761.980000
753.820000
751.480000
751.500000
752.640000
762.540000
756.620000
754.160000
752.080000
753.400000
762.500000
752.680000
752.600000
751.500000
752.160000
759.540000
753.740000
753.460000
751.640000
752.380000
751.760000
763.920000
753.320000
751.800000
754.720000
752.200000
768.900000
754.340000
751.820000
752.600000
751.060000
760.540000
752.680000
752.760000
752.300000
751.800000
752.420000
761.820000
752.780000
751.340000
752.260000
752.540000
760.320000
753.080000
753.120000
753.260000
751.840000
760.380000
753.300000
751.960000
751.360000
752.520000
752.600000
763.220000
752.740000
751.980000
752.100000
751.700000
762.260000
754.280000
752.780000
751.940000
752.820000
759.520000
752.840000
752.220000
754.500000
752.320000
768.680000
756.940000
753.320000
753.200000
752.580000
752.760000
770.260000
752.360000
753.880000
752.900000
752.280000
761.920000
754.520000
752.580000
751.720000
754.380000
761.140000
753.840000
753.320000
753.340000
753.780000
754.420000
763.120000
753.680000
752.160000
752.480000
752.020000
764.480000
755.760000
752.840000
752.820000
752.620000
763.940000
751.300000
753.880000
752.820000
752.940000
753.680000
763.040000
752.540000
755.880000
753.100000
753.160000
763.600000
753.380000
752.940000
752.540000
755.380000
764.420000
752.940000
755.080000
754.740000
752.980000
763.720000
754.000000
753.560000
750.940000
754.960000
752.620000
763.720000
751.720000
754.960000
753.380000
751.020000
760.880000
754.320000
754.860000
751.500000
752.520000
763.040000
751.860000
753.580000
754.740000
753.100000
754.540000
775.200000
756.040000
755.100000
753.880000
754.820000
766.240000
757.400000
757.840000
758.160000
755.580000
764.420000
755.220000
754.860000
753.380000
755.820000
764.060000
760.320000
757.720000
755.600000
755.980000
758.120000
764.820000
755.320000
753.080000
753.580000
755.740000
773.580000
756.420000
755.900000
754.100000
754.660000
765.320000
756.340000
754.300000
752.220000
752.520000
752.100000
765.000000
755.500000
755.380000
755.120000
751.500000
764.400000
752.040000
751.540000
752.380000
752.200000
759.120000
752.180000
752.240000
753.980000
752.980000
763.100000
754.320000
752.400000
751.740000
759.660000
775.620000
800.660000
769.320000
762.780000
757.220000
756.780000
775.040000
768.580000
769.460000
772.260000
771.300000
779.680000
763.040000
757.320000
767.240000
772.740000
787.920000
779.160000
765.700000
759.180000
756.800000
777.700000
774.400000
773.200000
774.560000
767.520000
759.020000
775.240000
762.560000
769.840000
774.060000
773.520000
781.980000
764.940000
758.560000
759.380000
771.500000
803.160000
783.940000
780.340000
776.040000
761.840000
783.060000
788.180000
781.720000
775.420000
784.680000
790.800000
770.460000
761.460000
755.440000
764.300000
768.520000
794.260000
776.520000
765.620000
759.500000
756.840000
768.780000
762.860000
760.180000
756.280000
755.100000
765.380000
755.460000
753.620000
751.580000
752.480000
762.180000
753.640000
752.980000
752.920000
752.400000
752.100000
764.340000
753.500000
753.940000
754.040000
753.120000
764.180000
754.360000
754.520000
753.940000
754.520000
763.380000
752.900000
753.180000
753.180000
753.220000
762.860000
754.980000
752.760000
752.400000
753.440000
753.700000
763.680000
752.860000
753.280000
753.020000
752.420000
763.540000
754.400000
755.100000
753.620000
752.500000
766.880000
754.120000
755.060000
753.120000
753.060000
752.940000
763.880000
755.000000
752.380000
752.400000
752.480000
763.700000
753.280000
754.320000
754.380000
754.420000
763.900000
754.740000
752.960000
753.720000
755.400000
763.280000
756.760000
753.580000
749.520000
755.280000
755.520000
762.840000
753.680000
753.020000
752.840000
753.740000
760.820000
753.120000
753.480000
753.120000
752.320000
767.000000
751.560000
752.980000
754.920000
753.160000
753.580000
763.920000
755.720000
755.740000
752.680000
752.620000
763.420000
753.760000
749.360000
751.740000
751.980000
760.540000
754.300000
754.920000
752.180000
752.360000
751.740000
764.400000
754.120000
753.280000
753.900000
752.260000
762.040000
754.420000
753.880000
752.800000
751.960000
765.180000
751.920000
751.300000
752.540000
752.860000
758.880000
754.060000
753.060000
752.080000
752.720000
753.120000
762.020000
752.300000
752.520000
752.100000
752.080000
765.140000
752.980000
753.120000
753.220000
752.540000
760.440000
755.840000
752.360000
752.160000
753.840000
754.080000
766.040000
753.280000
751.460000
753.300000
751.400000
763.720000
752.460000
751.440000
753.800000
752.880000
764.000000
754.420000
753.520000
753.940000
752.280000
751.940000
761.260000
754.080000
752.600000
752.280000
752.180000
764.620000
754.380000
752.620000
752.440000
751.760000
763.860000
753.140000
751.640000
751.780000
752.460000
758.400000
753.520000
751.180000
751.640000
751.600000
751.900000
759.460000
753.120000
752.980000
752.720000
755.360000
766.160000
752.140000
752.600000
752.100000
753.260000
760.880000
752.980000
752.760000
751.980000
751.540000
752.820000
764.560000
751.380000
752.520000
751.300000
751.560000
760.600000
752.100000
752.060000
752.620000
754.500000
763.600000
752.980000
752.040000
753.760000
752.340000
752.580000
764.000000
751.640000
751.200000
751.920000
752.080000
762.680000
754.040000
751.620000
752.740000
753.500000
761.300000
752.080000
752.660000
753.020000
753.300000
764.260000
755.080000
752.140000
752.500000
752.380000
752.660000
761.640000
752.080000
751.960000
752.460000
752.980000
767.880000
752.240000
753.060000
753.320000
751.480000
760.820000
753.500000
753.340000
753.180000
752.300000
751.420000
770.900000
752.760000
752.440000
752.220000
752.660000
762.100000
752.320000
753.460000
753.220000
752.260000
762.700000
753.540000
752.680000
753.560000
752.140000
753.540000
763.760000
753.560000
751.760000
765.760000
754.020000
762.820000
752.340000
752.140000
753.420000
754.940000
764.300000
754.660000
754.100000
752.420000
753.840000
761.400000
753.620000
752.780000
750.280000
754.600000
753.200000
764.840000
751.520000
752.200000
752.740000
754.260000
763.900000
756.540000
755.420000
755.040000
751.880000
760.360000
752.260000
753.060000
752.140000
752.280000
752.520000
762.460000
752.220000
751.880000
751.500000
751.040000
761.720000
752.580000
751.780000
752.080000
753.420000
763.860000
752.120000
753.140000
751.460000
752.260000
751.520000
762.900000
753.120000
753.220000
752.540000
753.820000
767.500000
751.740000
751.940000
752.480000
753.340000
762.480000
753.280000
752.640000
752.900000
752.940000
761.360000
757.120000
753.360000
751.900000
752.080000
752.280000
762.200000
753.420000
751.540000
752.640000
753.880000
763.740000
752.780000
752.940000
752.360000
752.140000
762.520000
753.100000
752.120000
751.580000
754.000000
753.620000
761.920000
752.020000
752.860000
753.280000
754.520000
762.320000
753.580000
752.100000
751.920000
752.080000
764.720000
752.580000
752.880000
751.580000
752.280000
751.480000
763.460000
752.620000
753.100000
751.840000
754.280000
763.720000
752.400000
752.760000
751.820000
751.460000
759.300000
752.780000
751.900000
753.440000
753.000000
765.480000
754.580000
753.340000
753.180000
752.500000
752.720000
765.600000
755.200000
752.280000
752.120000
750.840000
761.740000
755.820000
752.180000
754.880000
752.060000
761.320000
758.800000
750.680000
753.440000
753.520000
754.040000
765.460000
752.500000
751.900000
751.980000
754.740000
765.580000
752.780000
753.220000
751.220000
752.620000
765.520000
753.300000
752.120000
751.800000
754.560000
762.000000
750.520000
751.420000
752.400000
752.280000
753.820000
799.940000
757.560000
752.420000
753.360000
751.860000
766.100000
754.860000
753.700000
752.220000
751.740000
763.020000
753.220000
753.340000
751.600000
751.580000
751.200000
761.280000
753.140000
753.120000
754.680000
752.460000
763.840000
753.260000
751.760000
751.760000
752.460000
761.220000
753.540000
751.640000
752.480000
751.800000
752.480000
765.260000
755.860000
753.880000
752.700000
753.280000
762.200000
752.540000
751.700000
753.060000
753.960000
763.360000
753.020000
752.160000
752.540000
750.820000
763.940000
753.980000
752.860000
753.060000
752.840000
753.500000
762.460000
752.540000
749.840000
752.380000
753.340000
761.700000
751.880000
753.140000
753.640000
753.680000
762.460000
754.920000
753.220000
752.320000
752.100000
753.060000
763.720000
753.180000
751.900000
753.720000
753.820000
763.740000
752.700000
752.160000
751.960000
752.400000
765.060000
752.800000
753.080000
751.380000
752.460000
751.880000
764.540000
752.420000
753.240000
752.720000
752.700000
765.480000
751.980000
751.680000
751.440000
751.440000
762.900000
753.880000
752.740000
752.160000
752.200000
760.520000
753.540000
751.520000
754.120000
753.740000
753.140000
764.400000
753.340000
753.640000
752.420000
753.120000
760.380000
753.160000
753.980000
751.720000
752.020000
764.800000
752.580000
750.860000
752.380000
753.660000
753.880000
763.660000
754.380000
753.560000
751.860000
754.260000
767.620000
753.080000
753.880000
752.460000
751.920000
760.740000
752.200000
752.100000
752.920000
753.020000
752.740000
764.260000
752.360000
751.740000
753.580000
752.820000
762.160000
752.300000
752.060000
751.860000
752.060000
762.380000
753.960000
752.680000
751.980000
