1.974000
1.974001
1.947001
1.947001
1.974000
1.953000
1.986001
1.974001
1.975000
1.973000
1.946000
1.948000
1.975000
1.972999
1.975000
1.973000
1.947000
1.974000
1.946000
1.948000
1.947001
1.949999
1.945999
1.948000
1.967000
1.967000
1.946000
1.947000
1.946000
1.950000
1.945999
1.967000
1.947001
1.949999
1.946000
1.974001
1.974000
1.974000
1.946000
1.973000
1.975000
1.973000
1.975000
1.975000
1.974000
1.950000
1.945999
1.947001
1.946000
1.950000
1.967000
1.948000
1.945999
1.966001
1.967000
1.967000
1.946000
1.973000
1.945999
1.948001
1.946000
1.947000
1.945999
1.949000
1.945999
1.951000
1.975000
1.950000
1.946000
1.967000
1.945999
1.966001
1.946000
1.948000
1.972999
1.974000
1.975001
1.974000
1.972999
1.974000
1.972999
1.967000
1.975000
1.951000
1.945999
1.951000
1.946000
1.974001
1.974000
1.948000
1.975000
1.950000
1.945999
1.972999
1.975000
1.948000
1.974001
1.974001
1.974000
1.949999
1.945999
1.975000
1.975000
1.972999
1.974000
1.974000
1.946000
1.974000
1.946000
1.949000
1.945999
1.973000
1.957000
1.948001
1.945999
1.947000
1.975000
1.974001
1.945999
1.948000
1.946000
1.949999
1.973000
1.974001
1.974001
1.973000
1.975000
1.948000
1.946000
1.948000
1.974000
1.975000
1.973000
1.947001
1.975000
1.974001
1.974000
1.972999
1.946000
1.949999
1.945999
1.947000
1.946000
1.947000
1.945999
1.974001
1.975000
1.950000
1.947001
1.974000
1.975000
1.974001
1.946000
1.967000
1.967000
1.947001
1.947001
1.973000
1.945999
1.948000
1.946000
1.947000
1.946000
1.948000
1.946000
1.974000
1.945999
1.950000
1.947000
1.951000
1.945999
1.951000
1.946000
1.951000
1.946000
1.948001
1.946000
1.974000
1.975000
1.974001
1.975000
1.974000
1.945999
1.974000
1.974001
1.972999
1.974000
1.973000
1.977000
1.947000
1.946000
1.948000
1.947000
1.948000
1.945999
1.951000
1.945999
1.950000
1.946000
1.950000
1.945999
1.966001
1.972999
1.947000
1.945999
1.948000
1.945999
1.947000
1.946000
1.947001
1.946000
1.947001
1.947000
1.949999
1.974000
1.974001
1.947000
1.974000
1.946000
1.974000
1.967000
1.949999
1.946000
1.950000
1.945999
1.966001
1.946000
1.951000
1.946000
1.949999
1.946000
1.966000
1.945999
1.974000
1.975000
1.950000
1.945999
1.948000
1.966001
1.966000
1.974000
1.972999
1.945999
1.950000
1.975001
1.948000
1.946000
1.974000
1.974000
1.977000
1.974000
1.973000
1.974000
1.974001
1.974000
1.950000
1.945999
1.950000
1.946000
1.948000
1.973000
1.947000
1.946000
1.947000
1.947001
1.949999
1.975000
1.976000
1.974000
1.974001
1.982001
1.950000
1.954000
1.951000
1.974000
1.974000
1.947001
1.949999
1.973000
1.974000
1.946000
1.967000
1.945999
1.966000
1.966001
1.950000
1.975001
1.947001
1.947000
1.947001
1.945999
1.949000
1.945999
1.972999
1.975000
1.947000
1.946000
1.948000
1.946000
1.948000
1.946000
1.947001
1.946000
1.947000
1.945999
1.948000
1.974001
1.974000
1.975000
2.166000
1.979000
1.951000
1.945999
1.948000
1.946000
1.974000
1.974000
1.974000
1.975000
1.972999
1.974001
1.999000
1.973000
1.973000
1.974001
1.972999
1.974000
1.972999
1.975000
1.974000
1.973000
1.974000
1.946000
1.974000
1.972999
1.949999
1.974000
1.948000
1.974001
1.974001
1.946000
1.948000
1.946000
1.972999
1.974001
1.974001
1.974000
1.974001
1.974000
1.951001
1.975000
1.974000
1.974001
1.975001
1.974000
1.974001
1.985000
1.973000
1.973000
1.948000
1.947000
1.950000
1.947000
1.947000
1.947000
1.947001
1.946000
1.948000
1.947001
1.948000
1.946000
1.966001
1.947000
1.948000
1.947000
1.950000
1.946000
1.948000
1.947000
1.974000
1.947000
1.947001
1.966000
1.948000
1.945999
1.947000
1.947001
1.949999
1.945999
1.950000
1.947001
1.948000
1.946000
1.951000
1.947000
1.947001
1.946000
1.951000
1.947000
1.967000
1.947000
1.951000
1.967000
1.966000
1.974001
1.949000
1.948000
1.950000
1.947000
1.947000
1.966000
1.950000
1.946000
1.947001
1.945999
1.967001
1.975000
1.947001
1.946000
1.948001
1.946000
1.950000
1.946000
1.951001
1.945999
1.966001
1.947000
1.974000
1.967000
1.949999
1.945999
1.951000
1.967000
1.951000
1.947000
1.966001
1.967000
1.948001
1.947001
1.966001
1.945999
1.948000
1.946000
1.947000
1.945999
1.949999
1.947001
1.966000
1.967000
1.966001
1.966001
1.972999
1.967000
1.948000
1.946000
1.948000
1.945999
1.947000
1.945999
1.948000
1.946000
1.951000
1.947001
1.947000
1.946000
1.948000
1.947000
1.949999
1.945999
1.970000
1.948000
1.948000
1.949000
1.951001
1.946000
1.947000
1.945999
1.947000
1.946000
1.950000
1.946000
1.948000
1.946000
1.951000
1.945999
1.947000
1.946000
1.948000
1.946000
1.947001
1.946000
1.948000
1.947001
1.950000
1.947001
1.948000
1.947001
1.951000
1.945999
1.948000
1.945999
1.968000
1.952000
1.951001
1.947000
1.947000
1.947000
1.947000
1.947000
1.967000
1.946000
1.967000
1.946000
1.972999
1.967000
1.966000
1.947001
1.950000
1.966000
1.966000
1.947001
1.947000
1.947000
1.951000
1.947001
1.966001
1.947000
1.951000
1.947000
1.949999
1.945999
1.949999
1.947000
1.947000
1.967000
1.966001
1.947001
1.950000
1.968000
1.949999
1.945999
1.966001
1.967000
1.947000
1.947000
1.951000
1.947000
1.949999
1.946000
1.948000
1.967000
1.947000
1.947000
1.950000
1.947000
1.948000
1.946000
1.948000
1.946000
1.966000
1.967000
1.947001
1.967000
1.966001
1.967000
1.949999
1.947000
1.948001
1.947000
1.948000
1.967000
1.949999
1.946000
1.950000
1.946000
1.966000
1.947000
1.974000
1.974001
1.950000
1.947001
1.951000
1.945999
1.949999
1.945999
1.949000
1.947000
1.951001
1.947000
1.950000
1.947001
1.947000
1.947000
1.948000
1.947000
1.948000
1.973000
1.950000
1.947000
1.947000
1.947000
1.974000
1.974000
1.947000
1.974001
1.972999
1.975000
1.974001
1.975000
1.973000
1.975001
1.973000
1.974000
1.948000
1.947000
1.948000
1.975000
1.973000
1.974000
1.948000
1.975000
1.974000
1.974000
1.974001
1.973000
1.974001
1.974001
1.974000
1.974000
1.947001
1.947000
1.974000
1.974001
1.974001
1.947001
1.974000
1.974001
1.967000
1.975000
1.972999
1.975000
1.974000
1.975000
1.974000
1.974000
1.974000
1.945999
1.950000
1.975000
1.947000
1.945999
1.948000
1.975000
1.973000
1.974000
1.973000
1.973000
1.974000
1.972999
1.974001
1.947000
1.974000
1.974001
1.973000
1.974001
1.951000
1.975000
1.950000
1.974001
1.967000
1.968000
1.950000
1.968000
1.968000
1.947000
1.950000
1.947001
1.966000
1.966001
1.966000
1.966001
1.966000
1.967000
1.966000
1.967000
1.950000
1.968000
1.949999
1.945999
1.966000
1.967000
1.951001
1.946000
1.950000
1.946000
1.950000
1.945999
1.966000
1.967000
1.967000
1.966000
1.951000
1.946000
1.966000
1.967000
1.950000
1.967000
1.967000
1.947000
1.951000
1.967000
1.966001
1.947000
1.966001
1.947000
1.987999
1.972999
1.947001
1.966000
1.972999
1.947000
1.974000
1.947001
1.973000
1.975000
1.972999
1.974000
1.974001
1.948000
1.947000
1.947000
1.950000
1.945999
1.950000
1.967001
1.966001
1.947000
1.966001
1.947000
1.966000
1.947000
1.966000
1.967000
1.966001
1.948000
1.951000
1.966001
1.966000
1.967000
1.951000
1.948000
1.966000
1.967000
1.951000
1.967000
1.947000
1.946000
1.966000
1.966001
1.966000
1.967000
1.967000
1.946000
1.948000
1.946000
1.966000
1.966001
1.967000
1.967000
1.966000
1.967000
1.967000
1.967999
1.967001
1.966000
1.966001
1.946000
1.951000
1.947000
1.947001
1.967001
1.967000
1.971000
1.967000
1.968000
1.967000
1.975000
1.974000
1.971000
1.973000
1.974000
1.950000
1.946000
1.966001
1.974000
1.974000
1.975000
1.974000
1.975000
1.966001
1.946000
1.966001
1.966001
1.973000
1.975000
1.974001
1.973000
1.947001
1.974000
1.950000
1.975000
1.972999
1.974000
1.974000
1.975000
1.973000
1.974001
1.974001
1.975000
1.977000
1.974001
1.948000
1.975000
1.975000
1.974000
1.974001
1.947000
1.975000
1.974001
1.974000
1.973000
1.974000
1.973000
1.949999
1.974000
1.974000
1.975000
1.974000
1.946000
1.973000
1.973000
1.973000
1.974000
1.974000
1.974000
1.973000
1.974000
1.947001
1.948000
1.949999
1.966000
1.951001
1.947000
1.950000
1.947000
1.966000
1.946000
1.966001
1.967000
1.967000
1.967000
1.966000
1.967000
1.966000
1.967000
1.966001
1.946000
1.967000
1.966001
1.966000
1.945999
1.966001
1.967000
1.947000
1.968999
1.967000
1.948001
1.949999
1.947000
1.966001
1.967001
1.967000
1.946000
1.966000
1.949000
1.947001
1.967000
1.966001
1.967001
1.966000
1.968000
1.951000
1.947000
1.949999
1.947000
1.949999
1.970000
1.974000
1.967000
1.974000
1.945999
1.974000
1.946000
1.948000
1.975000
1.947000
1.974000
1.973000
1.975000
1.974000
1.947000
1.974000
1.945999
1.951000
1.974001
1.974001
1.974000
1.974001
1.974000
1.947000
1.946000
1.974001
1.975000
1.973000
1.975000
1.974001
1.975000
1.974001
1.947000
1.974000
1.975000
1.947000
1.975000
1.974000
1.975000
1.974000
1.974001
1.974000
1.974000
1.948000
1.975000
1.974001
1.945999
1.949000
1.974001
1.974000
1.975000
1.974000
1.975000
1.974000
1.975001
1.974000
1.973000
1.973000
1.967000
1.966000
1.946000
1.966000
1.947000
1.947000
1.949000
1.967000
1.967001
1.966000
1.946000
1.948000
1.947000
1.968000
1.967000
1.966001
1.945999
1.948000
1.967000
1.966000
1.947000
1.948000
1.967001
1.948000
1.945999
1.972000
1.951001
1.954000
1.952000
1.973000
1.946000
1.947000
1.946000
1.948000
1.947000
1.948001
1.945999
1.947000
1.947000
1.948000
1.945999
1.948000
1.947001
1.947001
1.946000
1.947000
