2983.795000
2993.397001
2985.649999
2984.227000
2985.076999
3020.798000
2984.640000
2986.025000
2989.967000
2983.820999
2983.656999
2989.932999
2985.233000
2984.946001
2990.817999
2985.531000
2985.157000
3020.048000
2984.251000
2984.289000
2984.221999
2992.232000
2984.213000
2986.107999
2991.314000
2985.077001
2984.412001
2992.258999
2984.036000
2985.197000
3002.821999
2985.324001
2984.924000
2991.467999
2986.029999
2986.571999
2984.610001
2991.531001
2984.553000
2985.314000
2990.126001
2985.660000
2983.921999
2996.180000
2984.011000
2984.329998
2991.762001
2985.197000
2984.457999
2990.488000
2984.655000
2985.010000
2982.980000
2991.402000
2985.823000
2984.288000
2995.912001
2984.438000
2986.053001
2989.495000
2984.745000
2982.837001
2990.710000
2986.211000
2985.609001
2990.959000
2984.116999
2985.955000
2985.242998
2997.047000
2985.212000
2984.887000
2989.991000
2984.523000
2985.885998
2990.387000
2984.922001
2986.749001
2989.489000
2984.941000
2984.104000
2999.105001
2984.085001
2983.810000
2984.694000
2992.569000
2903.277000
2889.714001
2897.961000
2890.149001
2891.685000
2896.127000
2890.311999
2890.879000
2888.929999
2901.380999
2891.515000
2890.428999
2897.162002
2890.488001
2891.732000
2898.954000
2889.562000
2892.758999
2895.583000
2891.874000
2892.835001
2892.333999
2901.238000
2890.075000
2890.695000
2895.204000
2891.191000
2892.772000
2896.116002
2890.840000
2891.219001
2891.766001
2897.079000
2891.055001
2892.037001
2902.164001
2891.789000
2890.706999
2895.086000
2893.197000
2890.997000
2893.993001
2896.218000
2894.339999
2890.738999
2896.986000
2888.804000
2891.319001
2901.378999
2891.690001
2890.945001
2890.934000
2891.176000
2890.523000
2889.507001
2898.879999
2889.802000
2889.658000
2896.024000
2892.519001
2892.049002
2903.425999
2892.890001
2893.691000
2890.264999
2900.388001
2890.794002
2892.051000
2895.778000
2891.486000
2889.102001
2896.413000
2895.935001
2891.294999
2890.567999
2903.522000
2888.321999
2893.275999
2895.118000
2890.311001
2889.386000
2897.900000
2891.181000
2890.120000
2892.519999
2894.540999
2899.393000
2891.380001
2906.018000
2891.387001
2895.979999
2899.733001
2896.412000
2893.562999
2902.990000
2892.998999
2898.424000
2890.316000
2904.036000
2890.463000
2902.104000
2900.405999
2900.617002
2893.743999
2903.809998
2892.241001
2895.357002
2893.637000
2905.422999
2893.820999
2894.910000
2896.749001
2895.531999
2890.576001
2911.197999
2892.254001
2897.843000
2890.168000
2892.472001
2889.267001
2891.890001
2896.236001
2892.684000
2891.742999
2900.305999
2890.721001
2889.164001
2903.170999
2889.848001
2890.177000
2891.000001
2898.476001
2891.218999
2892.522000
2895.191001
2890.390001
2892.043000
2894.292001
2893.402001
2891.182000
2891.365001
2901.503000
2891.133001
2892.493000
2895.461999
2889.408000
2892.449999
2896.819001
2891.053000
2889.352001
2890.326999
2893.787000
2891.950000
2892.938999
2899.063000
2891.727000
2890.564000
2896.870000
2891.490001
2889.335001
2899.651000
2893.092001
2893.589001
2890.726000
2895.708000
2893.292001
2890.945999
2900.790000
2891.263999
2890.266001
2897.296000
2890.354000
2895.677000
2890.340000
2895.927001
2892.153000
2891.988000
2897.870000
2894.392999
2892.495001
2902.196001
2890.655000
2890.089000
2892.340001
2895.110000
2892.047001
2892.988000
2896.584999
2890.486000
2892.410001
2893.801000
2889.803000
2890.195001
2901.897000
2891.995000
2891.303001
2891.875001
2895.201001
2888.759000
2888.946999
2898.201000
2891.878000
2893.631000
2894.474000
2889.324000
2890.434999
2893.528000
2903.643999
2890.880000
2891.021999
2898.378000
2890.174001
2890.046000
2897.493999
2893.509001
2892.263001
2889.253000
2899.278000
2890.501998
2889.227999
2899.305001
2891.931001
2892.455000
2897.221999
2889.610000
2891.829999
2897.217000
2891.808001
2891.733000
2891.708000
2898.581000
2892.899999
2892.140999
2900.149001
2893.436000
2892.800000
2895.231999
2890.182000
2890.076000
2897.080999
2896.015000
2890.252000
2892.647000
2894.893000
2890.025001
2893.317999
2900.764000
2891.876999
2893.091001
2888.358999
2895.494001
2892.906999
2890.351001
2897.431001
2890.254000
2893.045001
2897.226000
2892.724000
2891.895000
2893.508000
2887.794999
2892.729999
2890.972001
2894.881001
2893.419001
2893.989999
2896.892000
2891.509999
2891.076000
2897.733999
2891.658999
2890.176000
2890.743000
2901.812000
2892.116999
2893.506000
2898.553001
2891.512999
2894.137999
2897.170000
2891.725000
2893.378999
2892.187001
2892.500000
2891.129000
2895.358000
2900.444001
2892.158002
2891.750000
2894.278999
2893.542999
2890.636999
2894.437000
2889.082000
2890.469000
2889.240999
2895.874999
2891.855000
3342.319999
3419.977000
3409.325000
3408.691000
3414.052000
3409.792000
3408.775000
3414.094999
3410.906000
3413.940001
3409.647999
3409.478001
3419.681000
3410.664000
3410.402000
3413.943000
3409.263000
3408.667000
3414.723000
3409.897000
3408.761000
3415.444002
3408.793001
3420.556000
3409.735000
3408.904999
3414.845001
3408.872999
3410.050001
3415.663000
3408.692000
3408.143999
3414.513001
3409.227001
3410.394000
3418.949999
3408.215001
3407.988999
3414.793000
3410.114000
3415.545000
3409.243001
3409.062000
3414.277000
3409.119001
3408.144999
3419.368001
3409.278000
3410.326000
3413.936999
3409.102000
3409.483999
3415.271001
3409.751000
3415.380999
3409.279000
3408.395000
3418.820001
3409.992000
3408.336001
3413.363000
3410.327001
3408.842999
3416.411001
3410.327999
3409.251999
3415.789999
3410.224998
3408.268999
3418.562001
3409.572002
3414.463999
3409.412000
3409.563001
3417.229000
3408.239000
3410.162000
3413.402000
3409.986001
3409.289001
3419.731000
3410.064001
3408.916000
3416.129000
3409.682000
3415.611999
3408.362001
3409.877000
3414.024001
3408.225002
3408.829000
3419.238999
3409.243999
3409.043001
3414.729999
3408.593999
3409.583000
3414.702000
3409.740001
3409.001000
3413.660999
3408.023000
3419.250000
3409.821998
3409.331001
3421.633000
3409.751000
3409.236001
3418.132000
3409.127001
3409.744000
3415.146001
3409.585001
3409.082999
3418.914001
3410.315000
3408.760000
3409.391001
3410.254000
3415.713999
3408.575000
3409.895999
3413.501000
3409.483999
3409.405001
3419.257000
3410.255000
3409.096001
3415.193999
3409.401000
3409.246000
3415.186999
3408.452000
3414.726000
3408.328000
3408.707000
3420.558000
3409.429001
3408.527000
3415.707000
3409.388000
3408.758000
3421.473000
3410.023998
3409.433002
3413.596001
3409.135999
3420.289999
3409.482000
3409.848999
3414.666001
3339.676000
3340.428999
3346.776001
3340.803001
3340.158001
3345.333001
3339.947999
3340.506000
3351.264000
3340.504000
3340.053001
3344.937000
3340.864999
3339.900000
3346.556000
3340.334000
3340.080000
3345.490001
3341.279000
3351.546999
3340.462999
3341.345999
3346.260000
3340.289000
3340.500999
3347.757000
3340.221999
3339.527000
3345.510000
3339.992000
3340.582000
3350.401001
3341.464000
3340.048000
3345.340000
3339.987000
3339.808000
3346.906001
3340.585001
3341.606000
3345.911000
3340.462999
3350.989001
3341.735000
3340.855001
3347.634999
3342.398001
3340.224000
3347.501000
3339.707000
3340.214999
3344.254000
3340.314999
3340.250000
3350.926999
3341.177000
3340.229001
3345.457999
3340.220999
3340.210000
3406.344000
3409.898000
3408.504000
3409.438001
3408.764001
3421.678001
3410.398001
3410.692001
3415.230000
3411.370000
3409.220001
3415.435001
3408.252001
3412.085000
3413.801000
3410.815999
3408.134999
3419.303000
3409.836000
3414.561000
3409.172000
3412.484000
3416.327000
3408.999000
3410.465000
3414.855000
3410.483001
3409.196001
3420.421999
3407.915000
3410.039000
3415.717000
3408.854000
3408.795999
3408.645000
3409.867000
3414.720999
3407.296000
3408.880001
3419.337999
3408.808999
3408.982001
3414.364001
3409.465000
3408.606000
3416.832000
3410.754999
3408.685999
3414.322000
3409.584001
3418.982999
3408.644000
3408.910999
3415.190000
3408.680001
3409.998000
3415.166002
3408.849999
3408.643000
3415.800001
3407.995000
3409.295000
3418.193001
3410.688000
3410.094000
3409.177000
3409.522001
3415.981000
3408.474999
3409.150001
3413.960001
3409.027001
3408.771999
3418.607000
3408.240000
3408.877000
3413.434999
3409.345999
3408.941999
3415.520001
3409.104999
3415.295999
3409.155000
3410.015000
3422.437001
3409.706000
3409.570001
3413.416000
3410.030000
3409.353001
3415.544000
3412.337000
3409.091000
3414.369998
3410.025999
3410.986001
3418.783000
3408.603000
3414.987000
3409.109998
3410.166999
3415.535999
3409.087000
3408.427000
3414.975001
3408.383999
3409.363000
3422.034001
3408.642000
3409.203999
3413.562000
3410.805000
3415.697001
3411.672000
3408.772999
3414.588999
3410.088001
3408.615001
3419.638000
3408.490000
3409.051001
3414.524999
3409.859000
3409.139000
3415.659001
3408.955000
3411.965000
3414.434001
3409.180000
3419.210000
3408.762001
3409.576999
3415.391000
3409.398999
3408.550000
3416.254999
3409.875000
3409.034001
3414.183000
3409.659998
3408.921000
3419.600999
3409.704000
3414.990999
3410.907999
3410.075000
3416.650999
3408.232000
3408.878999
3414.522000
3408.354999
3408.345999
3419.952000
3412.427999
3408.619000
3414.309001
3410.086000
3408.016998
3415.380001
3413.577000
3414.960999
3409.287000
3409.810999
3419.304000
3409.700001
3409.515001
3416.073000
3408.439999
3408.400999
3416.130001
3410.013000
3409.382999
3414.686000
3409.319000
3420.753000
3409.055000
3409.513000
3415.425001
3408.291999
3409.211000
3415.632000
3409.205001
3409.500999
3415.549999
3410.130002
3413.249001
3419.228001
3409.196999
3410.181999
3413.888998
3409.744000
3418.533001
3410.298999
3409.631999
3414.433001
3408.976000
3408.845002
3419.783000
3409.140000
3408.767002
3414.605001
3409.502001
3408.865999
3415.948000
3409.301000
3414.413000
3409.674998
3410.003999
3421.101999
3409.135999
3408.008000
3417.772999
3410.096001
3408.129999
3415.178999
3409.513999
3409.301000
3412.944000
3408.373000
3412.764000
3419.845998
3412.186000
3418.041000
3408.699000
3408.849999
3415.561000
3409.141000
3411.130000
3414.457001
3409.688000
3409.358000
3419.663001
3409.715999
3409.496000
3414.550999
3409.387000
3415.073000
3408.638000
3409.748001
3412.642000
3409.971999
3409.894999
3418.908000
3408.868000
3409.457000
3416.610999
3410.389001
3409.237001
3415.209001
3409.870999
3410.560999
3413.573999
3409.999000
3420.287000
3409.910999
3411.133001
3415.175000
3408.606000
3409.206999
3414.818000
3409.450000
3408.763001
3414.318001
3409.327000
3410.094000
3419.305000
3408.978000
3415.930001
3409.433000
3408.300001
3414.922999
3409.116998
3408.659000
3414.275000
3410.875000
3410.589000
3418.715000
3408.118999
3408.452000
3416.022001
3409.708001
3410.115000
3416.726001
3408.995001
3413.833000
3409.255000
3408.914002
3420.323001
3409.092000
3410.375001
3414.964000
3408.937000
3408.103999
3416.521000
3410.089001
3408.792999
3413.458999
3409.337001
3419.873999
3409.785999
3410.488000
3415.835001
3408.500999
3409.829000
3415.593999
3411.063999
3412.214002
3413.976001
3408.919001
3408.822000
3422.024999
3408.947000
3409.155000
3414.092001
3409.077000
3414.987000
3410.185000
3409.700999
3414.966000
3408.769000
3408.772001
3419.686001
3409.521000
3409.340000
3415.849999
3412.187001
3409.514001
3413.638001
3409.502001
3418.423001
3409.441000
3408.877000
3420.220999
3411.462000
3409.588000
3413.796000
3409.273999
3409.077000
3416.360000
3410.207000
3409.886999
3413.026001
3408.427000
3409.190999
3419.717001
3408.973001
3416.104000
3408.213999
3410.428001
3417.953001
3409.626000
3408.779001
3415.099001
3409.035001
3410.009000
3422.050001
3410.739001
3410.124000
3415.752001
3408.985998
3417.799000
3408.592001
3410.457000
3414.392000
3407.623999
3409.227999
3420.271000
3409.279000
3409.024000
3414.743001
3409.194000
3408.667000
3416.147999
3408.390999
3408.437001
3414.185999
3409.852000
3420.107000
3411.207000
3408.530999
3414.122999
3408.597000
3409.728000
3415.750999
3410.545999
3409.195000
3415.247999
3409.544000
3409.466000
3418.908000
3409.529999
3415.762000
3409.183001
3408.337999
3414.365001
3408.749001
3411.386000
3414.294999
3408.976000
3409.697000
3420.513999
3408.862999
3409.319000
3415.813999
3408.153001
