18.600000
9.000000
8.240000
8.080000
8.180000
8.220000
8.060000
8.160001
8.180000
8.040000
9.140000
9.319999
8.480000
8.280001
8.180000
8.120000
9.200000
8.320000
8.180000
8.040000
8.420001
8.120000
8.160000
8.080000
8.160000
8.040000
8.080000
8.020001
8.160000
8.040000
8.200000
8.060000
8.060001
8.140001
8.080000
8.220000
8.460000
8.220000
8.060000
8.020000
8.100000
8.020001
8.080000
8.040000
8.080000
12.120000
9.180000
8.120000
8.060000
8.040000
8.060000
8.020001
8.060000
8.040000
8.060000
8.040001
9.880000
8.160000
8.060000
8.020000
8.060000
8.600000
8.060000
8.020000
8.060000
8.040001
8.060000
8.040000
8.080000
8.040000
8.060000
8.040001
8.080000
8.000000
8.060000
8.160000
8.080000
8.040000
8.060000
8.080000
8.080000
8.020001
8.180000
8.040000
8.180000
8.360000
8.239999
8.220000
8.260000
8.140000
8.180000
7.940000
8.080000
8.140000
8.060000
8.540001
8.200000
8.000000
8.200000
8.160000
8.100000
8.040000
8.060000
8.120000
8.060000
8.000000
8.080000
8.240000
8.180000
8.040000
8.260000
8.140000
8.100000
8.119999
8.040000
8.020000
8.060000
8.080000
8.040001
8.099999
8.079999
8.020001
8.020000
8.020000
8.060000
8.060000
8.040000
7.940000
8.060000
8.060001
8.060000
8.040000
8.120000
8.020000
8.080000
8.060000
8.060000
8.060000
8.060000
9.880000
8.260000
8.020000
8.060000
8.040000
8.080000
8.040000
8.060000
8.040000
8.060000
8.020000
8.060000
8.020000
8.060000
8.140001
8.180000
8.040001
8.060001
8.040000
8.140000
8.180001
8.080000
8.040001
8.060001
8.020000
8.060000
8.020000
8.079999
8.120000
8.160000
8.060000
8.060000
8.020000
8.060000
8.040000
8.080000
8.020001
8.080000
8.040001
8.060000
8.020001
8.080000
8.100000
8.080000
8.040000
8.060000
8.020000
8.080000
8.060000
8.060000
8.020001
8.080000
8.040000
8.040001
8.000000
8.580000
8.040001
8.080000
8.040000
8.040000
8.140001
8.080000
8.020000
8.060000
8.020000
8.080000
8.040000
8.060000
8.040000
8.340000
8.020000
8.180000
8.240000
8.040001
8.020000
8.300000
8.080000
8.060000
8.040001
8.280000
8.160000
8.579999
8.359999
8.420000
9.820000
8.260000
8.240000
8.060000
8.080000
8.100000
8.140001
8.160000
8.060001
8.080000
8.060000
8.280000
8.140001
8.080000
8.260000
8.080000
8.140001
8.060000
7.980000
15.219999
8.180001
8.060000
8.260000
8.040001
8.140000
8.080000
8.140000
8.180000
8.160000
8.060000
8.060000
8.060000
8.020001
8.060000
8.040000
7.999999
8.040001
8.060000
8.040000
17.440000
8.040001
8.080000
8.040000
8.080000
8.040000
8.180001
8.040000
8.060000
8.020001
8.060000
8.020000
8.060000
8.020000
8.060000
7.960000
8.060000
8.040000
8.140000
8.040001
8.160000
8.020001
8.080000
8.040000
8.060000
8.040000
8.060000
8.040001
8.080000
8.040001
8.040001
8.020000
8.080000
8.040001
8.060001
8.020001
9.140001
14.300000
17.320001
17.100000
18.320001
22.140000
15.500000
14.239999
13.680000
11.380000
15.500000
13.920000
16.360000
14.100000
11.760000
11.320000
11.400000
12.119999
12.740000
10.899999
12.160000
11.220000
14.579999
15.919999
17.660000
15.219999
13.900000
17.440000
14.120000
14.020000
12.840000
11.279999
13.480000
14.080000
13.160000
14.160000
14.160001
12.560001
11.440000
11.060000
12.580000
12.020000
11.960000
11.520000
10.740001
13.540000
12.080001
8.260000
8.080000
8.060001
8.060000
8.040000
7.999999
8.040000
8.060000
8.040000
8.040000
8.020001
8.080000
8.020001
8.080000
8.020001
8.060000
8.020000
8.080000
8.040000
8.060000
7.960000
8.260000
8.160001
8.060000
8.040000
8.080000
8.040000
8.660000
9.900000
8.760001
8.400001
8.260000
8.219999
8.260000
8.040000
8.460000
8.320000
8.440000
8.260000
8.560000
8.239999
8.060000
8.120000
8.380000
10.400000
8.700000
8.460000
8.160000
8.240000
8.220000
8.120000
8.500000
8.239999
8.140000
8.160000
8.260000
8.120000
8.080000
8.140000
8.140001
8.220000
8.140001
8.100000
8.200000
8.119999
8.160000
8.020000
8.320000
8.140001
8.340000
8.239999
8.280000
8.240000
8.060000
8.359999
8.680000
8.260000
8.440000
8.340000
8.060000
8.120000
8.140001
8.160000
8.199999
8.220000
8.680000
8.080000
8.599999
8.140000
8.100000
8.360000
8.219999
8.060000
8.180000
8.239999
8.260000
8.040000
8.140000
8.160001
8.060000
8.140001
8.200000
8.140000
8.260000
7.980000
8.460000
8.219999
8.180000
8.000000
8.459999
8.020000
8.160001
8.260000
8.280000
8.380000
8.160000
8.160000
8.200000
8.040001
8.060000
8.020000
8.080000
8.040001
8.080000
8.060000
8.040000
8.140000
8.060000
8.140001
8.060000
8.040000
8.080000
8.020001
8.080000
8.020001
8.060001
7.940000
10.520000
8.320000
8.060000
8.020001
8.080000
8.020001
8.060000
8.020000
8.800000
8.040000
8.079999
8.020001
8.060000
8.040001
8.060001
8.060000
8.060000
8.020001
8.060000
8.040001
8.060000
8.020001
8.060001
8.280000
8.040000
7.999999
8.060000
8.140001
7.980000
8.020000
8.060000
8.040001
8.060000
8.000000
7.999999
8.040000
8.060000
8.040000
8.180000
8.020001
8.060000
8.140000
8.040000
8.020000
8.080000
8.020001
8.380000
7.940000
7.960000
8.040001
8.220000
8.140000
8.099999
8.340000
8.160000
8.160000
8.060000
8.040001
8.160001
8.180001
8.180000
8.360000
8.200000
8.500000
8.060000
8.260000
8.060000
8.140000
8.080000
8.200000
8.860000
8.280000
8.060000
8.240000
8.080000
8.060000
8.180000
8.060000
8.080000
8.180000
8.080000
8.060001
8.080000
8.079999
8.060001
8.040000
8.079999
8.280000
8.160001
8.160000
8.080000
8.140000
8.080000
9.960000
8.340000
8.080000
8.240000
8.180000
8.060000
8.180001
8.060000
8.080000
8.080000
8.079999
8.060000
8.060000
8.080000
8.000000
8.060000
8.060001
8.060000
8.060000
8.080000
8.080000
8.060000
8.060000
8.180001
8.079999
8.080000
8.080000
8.080000
8.060000
8.080000
8.080000
8.080000
8.060000
8.320000
8.080000
8.160000
8.060000
8.079999
8.060001
8.060000
8.060000
8.060000
8.060000
8.080000
8.060000
8.060000
8.460000
8.060000
7.980000
8.060000
8.080000
8.080000
8.060001
8.060000
8.060000
8.060000
8.060001
8.080000
8.160001
8.080000
8.200000
8.100000
8.100000
8.060001
8.060000
8.119999
8.180000
8.160001
8.180000
8.080000
8.040000
8.060001
7.980000
8.060000
8.160000
8.060000
8.080000
8.060000
8.060001
8.080000
8.080000
8.060000
8.060000
8.060000
8.060000
8.060000
8.160000
8.060001
8.180000
8.060000
8.080000
8.060000
8.080000
8.100000
8.100000
8.060000
8.060000
8.060000
8.060001
8.040000
8.060000
8.060000
8.060000
8.080000
8.140000
8.080000
8.080000
8.180000
8.060000
8.060000
8.080000
8.060000
8.060000
8.080000
8.080000
8.060001
8.100000
8.080000
8.060000
8.060000
8.080000
8.160000
8.080000
8.060000
8.080000
8.080000
8.060000
8.060000
8.079999
8.080000
8.080000
8.080000
8.060000
8.060000
8.060000
8.060000
8.080000
8.080000
8.060000
8.060001
8.080000
8.060000
8.080000
8.060000
8.060000
8.060001
8.060000
8.080000
8.060000
8.060000
8.080000
8.060001
8.060000
8.060000
8.060000
8.080000
8.080000
8.060000
8.080000
8.079999
8.060000
8.060000
8.080000
8.080000
8.080000
8.060001
8.060000
8.060000
7.980000
8.060001
8.060000
8.060000
8.060000
8.060000
8.080000
8.060000
8.060000
8.060000
8.060000
8.079999
8.060000
8.080000
8.060000
8.080000
8.080000
8.080000
8.060000
8.420000
8.040001
8.080000
8.040001
8.060000
8.040001
8.060000
8.079999
8.060000
8.060000
8.060000
8.060000
8.080000
8.060001
8.060000
7.980000
8.079999
8.060000
8.080000
8.160000
8.060000
8.060000
8.060000
8.160000
8.080000
8.060000
8.080000
8.060000
8.060000
8.060000
8.080000
8.080000
8.040000
8.100000
8.040000
8.060000
8.060000
8.080000
8.080000
8.060001
8.080000
8.080000
8.060000
8.060000
8.080000
8.080000
8.080000
8.060000
8.060000
8.040000
8.060000
8.080000
8.080000
8.060000
8.080000
8.060000
8.000000
8.060000
8.060000
8.040000
8.060000
8.080000
8.060000
8.060000
8.040001
8.060000
8.060000
8.060000
8.060000
13.800000
8.060000
8.060000
8.080000
8.060000
8.040000
8.060000
8.060000
8.060000
8.080000
8.160000
8.060000
8.080000
8.060000
8.180000
8.100000
8.080000
8.080000
8.060000
8.040001
8.060000
8.060000
8.080000
8.080000
8.199999
8.060000
8.040000
8.060000
8.060001
8.080000
8.040000
8.060000
8.060000
8.060000
8.060000
8.099999
8.080000
8.080000
8.320000
8.060000
8.060000
8.080000
8.180000
7.980000
8.060000
8.060000
8.060000
8.060000
8.040000
8.060000
8.080000
8.080000
8.080000
8.060000
8.080000
8.060000
8.160000
8.080000
8.060000
8.060000
8.060000
8.060000
8.060000
8.080000
8.060000
8.060000
8.060001
8.080000
8.060000
8.060001
8.100000
8.060000
9.839999
8.420000
8.260000
8.080000
8.060000
8.040000
8.080000
8.080000
8.060000
8.060000
8.060000
8.080000
7.979999
8.060000
8.060000
8.060001
8.060000
8.080000
8.080000
8.040000
8.060000
8.080000
8.080000
8.180001
8.060000
8.360000
8.099999
8.040001
8.040000
8.280000
8.440000
8.060000
8.400001
8.160000
8.060000
8.060000
8.100000
8.060000
8.060000
8.060000
8.060000
8.079999
8.060001
8.080000
8.060000
8.060000
8.060000
8.080000
8.060000
8.060000
8.060000
8.060001
8.060000
8.060000
8.080000
8.060000
8.060000
8.060000
8.060001
8.440000
8.180000
8.120000
8.060000
8.080000
8.060000
8.060000
8.060000
8.060000
8.300000
8.060000
8.060000
8.060000
8.060000
8.079999
8.020001
8.080000
8.020000
8.060000
8.060000
8.100000
8.060000
8.080000
8.060000
8.100000
8.060000
8.060000
8.080000
8.040000
8.240000
8.079999
8.060000
8.060000
8.080000
8.060001
8.080000
8.060000
8.060000
