165.328000
168.098001
156.460000
158.199001
154.916000
154.533999
151.949001
152.609000
156.887999
154.101001
151.458001
151.929000
151.910000
152.396999
151.120000
150.615999
151.343001
152.102999
150.846001
150.017999
152.070001
151.365999
150.451001
152.687000
151.140999
151.860001
150.583001
151.880000
151.532000
152.766000
150.488000
152.003000
150.064999
150.580000
150.001999
150.609002
151.162000
151.355000
151.503999
149.915000
152.624000
151.009999
151.366001
150.435001
152.017001
150.634998
151.690001
152.613999
151.334999
150.545001
150.396001
151.009001
150.333000
151.915001
150.420001
150.305999
152.941000
151.944999
151.027000
151.017001
150.258999
151.546000
150.052000
151.071999
151.930999
150.415000
150.642000
151.145000
150.690001
150.148999
152.336001
150.464000
150.196999
151.360000
150.451001
149.946000
150.311001
150.083000
151.599001
151.227001
150.618000
150.441000
150.357999
150.224000
150.635000
150.865000
149.873000
151.676999
151.488001
149.963999
149.643999
149.912000
151.018001
149.785001
151.779000
151.541000
151.355000
150.008999
152.206000
149.726000
150.633000
151.968999
151.492000
151.784999
151.200000
150.804000
150.719000
151.242001
150.873000
150.316000
150.311001
150.498999
150.912000
150.502998
151.148001
152.677000
150.263000
151.438000
150.767000
150.540002
150.615001
150.026999
150.991000
150.259001
150.241001
151.759999
150.354000
150.874000
150.255000
149.853999
151.170000
152.339999
151.874000
151.159000
150.020000
149.799000
150.541000
151.253000
151.583999
151.920000
150.836000
151.185000
150.840001
150.921000
149.869001
150.164999
155.986000
149.675999
152.045000
152.418001
150.914000
150.125999
149.867000
151.192000
150.574001
150.322000
150.708999
150.789000
150.095999
151.512999
150.330000
150.010999
150.075000
150.034001
149.794001
150.816999
150.490999
150.868000
149.443999
151.052000
150.845001
150.663000
151.528999
152.088001
151.052000
152.126001
149.822999
149.969000
149.962999
150.756000
150.717000
151.641000
149.324000
151.844000
152.214000
149.600001
150.332998
151.129000
150.013000
151.628001
151.773000
150.713999
150.129000
151.128000
149.575001
157.536000
151.787000
149.999000
150.491001
151.449000
150.154000
149.689998
150.139000
149.950000
151.094001
150.494000
150.770001
150.242999
150.256999
151.393000
150.178999
151.200999
151.083000
150.497001
153.320000
151.190000
151.270999
151.609000
151.112001
150.344001
151.643001
150.334999
149.444001
151.835000
149.667000
151.273001
150.570000
151.738999
150.550999
150.953000
150.248000
149.992000
149.873000
151.156001
150.142999
150.852000
152.102999
149.835000
150.451999
150.350999
149.557000
150.520999
150.957000
149.705000
155.502999
150.010001
150.085000
150.203999
151.206002
150.059000
149.854001
151.431000
151.488999
151.012000
150.098000
152.294001
149.809001
150.460999
151.366001
149.793999
151.227999
150.029000
150.645999
149.908001
150.440000
151.523000
149.770001
150.062000
150.307002
151.147000
151.536999
151.070001
151.304999
149.925999
150.796998
149.666999
149.843000
150.736000
152.347000
150.092000
149.896001
149.634000
151.287999
151.404999
151.799999
150.074000
150.013000
149.738001
149.643000
150.355000
150.402000
150.898999
149.719000
151.590999
149.811000
149.803000
150.549000
150.072001
150.804000
150.615999
149.645001
151.528001
150.223000
149.956001
149.964001
150.473000
150.687000
150.702000
150.254000
150.301000
151.384000
149.654001
150.472000
150.985001
151.780000
150.216000
151.733000
150.708999
150.272001
150.511000
150.425000
149.607999
149.786001
150.334001
150.249999
150.276000
150.242001
150.950002
149.877999
151.465001
150.878999
150.743000
150.832999
150.705999
151.888000
150.448000
150.082000
150.198000
149.927001
149.937000
150.509998
151.043000
149.969000
150.097001
150.381001
151.456999
150.573000
150.737999
150.903000
150.998998
151.103999
150.230000
149.892000
150.015000
152.078999
150.571000
151.807001
150.105000
149.785001
151.892999
151.762001
151.525000
150.471000
151.516000
149.720000
151.300000
150.114000
151.706001
150.123999
150.762001
150.254000
150.577001
150.072001
150.162000
150.106000
150.703000
149.626000
150.212999
150.509000
150.842000
150.260001
151.258999
150.083000
151.533999
149.520000
150.937999
150.456000
150.532000
150.938001
151.051000
149.878999
157.709999
149.826000
151.573000
150.696000
149.931001
150.471000
150.385000
151.227999
152.941002
150.826000
152.964000
150.122000
151.402000
149.813998
151.409000
151.384000
150.303001
150.610000
151.461001
152.837001
151.139000
150.129000
149.549000
151.709002
149.667000
150.215000
152.038001
151.030000
151.858000
150.964001
149.780000
150.117999
149.714999
150.367999
151.621001
149.997000
150.061000
150.791001
151.334001
151.208000
150.214000
149.755999
150.289001
151.827000
150.896000
150.924001
150.138998
150.202001
150.332000
150.680000
150.872000
149.940001
150.292000
152.292000
149.883000
149.939001
150.570000
151.168000
150.406001
151.400002
150.783001
150.737001
150.905000
151.222000
149.659000
149.457000
149.762001
150.582001
149.720000
150.107000
150.633000
149.970999
152.145000
151.787000
149.815001
150.143001
149.953000
150.745001
151.273999
149.884000
149.733000
150.420001
151.628001
150.547000
150.412999
149.764000
149.465999
149.976000
150.660999
150.994999
151.126999
151.627000
151.202001
151.846001
150.140999
149.869999
149.612000
150.297999
150.658000
150.185000
151.744001
150.688000
149.854999
149.808999
150.837000
151.064999
150.727998
150.083998
149.953999
150.780000
149.930000
149.731001
150.675001
151.184998
151.411999
150.198000
149.774000
151.209000
151.853001
149.610000
151.068000
151.887000
150.069000
152.722999
150.906000
150.654001
150.308000
151.612999
150.171001
149.829000
150.756000
149.682000
150.322000
149.649000
150.469000
150.350001
150.556000
150.768001
150.937000
149.838999
150.645999
149.990000
149.963001
152.102999
149.901001
150.055999
150.304999
157.299999
150.262998
150.864000
150.794001
149.855001
149.665000
150.898000
149.910999
150.263000
151.603000
151.605001
151.106000
150.067000
151.207000
151.076000
150.930000
150.823001
150.761999
151.572000
150.906000
150.372000
150.431000
151.136000
152.055999
152.224001
150.502000
150.898000
150.122000
151.064001
150.193000
149.869001
149.703000
149.786999
151.784999
150.257001
149.577999
151.273001
151.693000
150.084998
150.188999
150.061000
151.591001
151.441000
149.798000
149.946999
150.832999
150.083998
150.661001
150.121002
155.098999
151.895000
149.718000
151.661001
150.152000
151.951000
150.702002
149.998000
150.230000
150.100000
151.269000
151.210999
149.975000
150.231000
150.501000
149.834001
149.707999
151.000001
150.502000
150.125999
150.254000
149.657002
150.627999
151.211001
149.933999
150.607001
149.816001
151.115000
151.369000
150.178000
150.138000
149.610000
150.082000
150.312999
149.552001
150.010001
150.576999
149.524000
150.178000
150.945000
151.052000
150.550000
150.635999
150.022000
151.467999
149.743000
151.264001
150.479000
149.733000
155.949000
150.924001
150.797000
150.280001
150.420999
150.238000
150.196999
149.952000
150.010999
150.440000
151.168000
150.520999
150.430001
151.304999
149.983000
150.113000
150.516000
150.310000
149.832001
151.222000
150.862001
150.123000
150.253002
150.850002
150.517000
151.253000
149.992999
150.310000
151.071999
149.360999
150.407000
149.764000
151.504001
149.518000
151.862999
150.231000
149.597000
151.764000
150.283000
150.660999
150.913998
150.320999
150.540000
149.427000
151.085000
150.914999
151.852001
149.938000
149.874000
156.780999
150.240000
150.529001
150.378000
149.757000
150.774000
149.768999
152.006999
150.794001
149.891000
150.963999
150.339000
151.981000
151.286000
150.690001
149.836000
150.127999
150.985999
150.652001
150.359999
151.070999
150.748001
150.804000
151.322002
150.772000
150.690999
150.381999
150.945000
150.680000
150.482999
150.088001
151.510000
150.794001
150.786001
150.630999
151.074000
149.995001
151.061000
150.045000
150.444001
151.112000
150.947999
151.760999
150.334999
149.820000
151.958000
152.520001
150.169000
149.766000
157.773999
150.406001
151.679000
150.387000
151.418000
150.420001
151.528001
150.036000
151.055001
150.472000
150.897000
150.626000
151.400002
149.657000
150.930000
151.149999
151.062001
151.271001
150.976000
149.606999
150.562000
150.760001
152.293999
150.285000
151.928000
151.691999
150.093000
151.069999
150.756000
152.619001
150.064999
149.985000
150.650000
151.544999
151.641000
152.317001
150.555000
151.360000
149.844998
151.093001
151.887000
150.218999
151.397999
149.804000
149.681998
150.595000
149.559001
149.650000
151.854001
150.597000
150.934000
151.085000
151.242999
151.138000
151.321001
150.658999
151.603000
149.855001
151.751000
152.071999
150.775000
150.595000
149.753999
151.008999
151.120000
150.211999
149.972999
150.917999
150.446000
150.719000
150.132000
149.571000
149.805998
157.035001
149.703000
150.657000
150.085000
151.229000
151.491001
150.219999
150.270000
151.512001
149.959000
150.528999
151.852001
151.681000
150.138000
152.121000
150.061000
151.167000
151.619999
150.100000
150.328999
151.172001
151.187001
150.973000
150.075000
149.799000
150.828000
150.626000
149.876999
150.067000
150.637999
149.808001
150.281999
151.291000
152.060000
150.370000
149.827000
150.222000
149.576999
150.520001
149.819002
150.127999
149.902999
149.581999
150.272001
149.757000
151.393000
151.187001
150.165001
150.858000
157.199001
151.285000
150.163000
151.062001
150.761001
151.979001
150.973000
151.378000
150.114000
150.436999
149.695000
150.831999
150.655000
149.971999
149.799000
150.322000
150.379000
150.854999
149.562001
150.251001
151.846001
150.877999
149.943002
151.606999
150.305001
151.975000
150.189999
150.798000
149.498001
149.702001
150.843000
151.417000
150.322000
150.508000
150.441000
152.067998
150.419001
149.719000
151.334999
151.836000
150.720000
149.991000
149.646999
150.493000
149.791000
151.376000
150.394000
150.242001
149.572000
156.144999
151.078001
150.070999
151.722999
151.232000
151.597001
149.589000
150.739001
151.089000
149.881000
150.446001
150.182001
150.333999
150.544999
152.108001
150.140001
150.539000
149.898000
151.191000
149.890000
150.162999
150.286000
151.349001
149.634000
149.892000
149.898000
150.239998
150.404999
150.522001
150.183000
150.071999
149.821000
152.465999
150.119999
149.612000
149.809999
150.169000
151.388001
150.034999
151.728999
152.833000
152.402001
151.261000
150.493000
150.487000
150.682000
150.405999
150.138000
149.957001
157.087000
150.175000
150.947001
152.294999
150.170000
151.126001
151.215000
151.910000
150.626000
150.416000
150.136000
150.056001
150.148001
149.676001
151.261998
151.472000
151.164001
150.033999
150.028000
150.657000
149.924001
150.067000
150.643000
152.550999
150.078001
151.767001
150.015000
150.744999
152.255001
150.291000
151.279999
149.921000
151.039001
151.763000
149.791000
151.386999
149.963999
150.354000
151.090000
150.269000
151.314000
150.347000
150.865000
151.724000
149.851000
149.720000
