179.601000
179.194000
179.273000
179.355999
179.185000
179.204000
179.000000
178.995000
179.076000
178.975000
179.027000
179.089000
179.021000
179.011000
179.093000
178.968000
179.326001
179.430000
179.142000
179.110000
179.163000
179.044000
179.099999
179.013000
178.987999
179.008000
179.167001
178.983000
179.055001
179.069000
179.102000
179.075001
179.082000
179.003000
179.038000
178.960999
178.950000
179.031000
179.008000
179.012000
179.158000
178.999000
179.012000
179.244000
179.037000
179.119000
178.920000
179.018000
178.987000
179.102001
179.065000
179.020000
179.097000
179.003000
179.036001
178.970000
178.900000
179.013000
178.982000
179.092000
179.019000
179.040000
178.916000
184.729000
179.169000
179.186000
179.125999
179.088000
178.975000
179.044000
179.069000
179.138000
179.200000
179.014000
179.099000
179.223000
178.994000
178.992000
179.049999
178.954000
178.991000
178.965000
179.042000
178.961000
179.128001
179.022999
322.334001
179.073000
178.916000
179.072000
179.003000
179.070001
178.967000
178.985001
179.024000
178.954000
178.954001
179.128001
179.018000
179.160000
179.096000
179.012001
179.136000
179.058000
178.974000
179.053000
179.130000
179.012000
178.958000
186.249000
179.180999
178.985001
179.037000
178.972000
179.118000
178.996000
179.025000
179.057000
179.114000
179.119000
179.045999
179.049000
178.966000
179.155000
179.072000
179.015000
178.963000
178.993001
179.090000
179.162000
178.980000
179.128000
318.148999
179.075000
178.993000
179.113001
179.052000
179.156000
179.082000
179.000000
178.950000
179.149000
178.928000
179.131000
179.135000
179.011000
179.017000
179.027000
179.010999
179.027000
178.967999
178.985000
179.303000
178.980000
179.183000
184.555000
178.921000
179.269000
179.109001
179.070000
179.168000
179.190000
179.072000
179.095000
179.158000
178.965000
178.978000
179.259000
179.055001
179.058000
178.983999
178.979000
179.064000
178.988000
178.997000
178.944000
178.991000
179.121000
179.158000
178.901999
178.991000
179.073000
179.001000
178.925999
178.956999
179.285000
178.991999
178.998000
179.387000
179.292000
178.987000
179.103999
179.025000
178.929000
179.038000
179.097000
179.083000
178.991999
178.983999
178.987000
178.976000
183.857000
179.011000
179.021999
179.175000
179.060000
179.021000
179.129000
179.003000
178.987999
178.977000
179.029000
179.134000
179.033000
179.070000
178.993000
179.063000
179.027000
178.996000
179.344000
179.108000
179.018000
179.010000
178.958000
179.108000
179.294000
179.191000
179.207000
179.089000
179.016000
178.954001
179.027000
178.999000
179.002999
178.985001
179.091000
179.026000
178.944999
179.016001
178.987999
179.013000
179.001000
179.073000
179.006000
179.102000
179.072000
179.099999
179.029000
178.987999
179.133000
179.006000
179.122999
179.043000
179.188000
179.048000
179.068000
179.062000
179.267000
179.239000
179.026000
179.044000
179.163001
179.106000
179.190000
179.218000
178.988000
179.187999
179.009001
179.082000
179.106001
179.037000
179.215000
179.010000
178.968000
179.041000
179.264001
178.996000
179.096000
178.989000
179.035000
179.068999
179.028000
179.125000
178.986000
179.120000
179.032001
179.069000
179.032001
179.041999
179.098000
179.100000
179.304000
179.130000
179.139000
179.106000
179.063000
178.998000
179.123000
179.114000
179.110999
179.171001
179.002000
179.117000
179.240000
179.178000
179.059000
179.022999
178.986000
179.076999
179.048000
179.068000
178.992000
178.985000
178.931001
178.940000
178.973000
179.049000
189.950000
179.235000
178.964000
178.956000
179.093000
179.011000
178.971999
179.092000
178.963000
179.144001
179.038000
179.031000
178.974000
179.064000
179.067000
178.995000
178.983000
179.033000
178.938000
179.058000
178.955000
179.032000
179.388000
178.939000
179.232000
178.974000
179.065000
178.998000
178.881000
178.944000
178.973000
179.143000
178.980000
178.988000
179.026000
178.964000
178.959000
179.064000
178.940000
178.992000
179.041000
179.072000
178.939000
178.985001
178.956000
179.036000
179.027000
179.116000
179.082000
179.315000
179.043000
179.030000
179.086000
179.230000
178.963000
178.960000
178.959000
178.970000
179.062000
178.880000
178.986000
179.069000
179.356000
179.006000
178.963000
179.234000
179.071000
178.967000
179.078001
178.995000
179.091000
179.014999
179.064000
179.004000
178.941000
178.978001
179.033000
178.983000
179.275000
179.102000
179.017000
178.949000
178.998000
178.991000
179.017000
179.045999
178.971999
178.964000
179.005999
178.989000
178.936000
179.081000
179.106000
179.160001
179.173000
178.951000
178.960000
179.032000
179.013999
178.976000
179.011000
179.118000
179.036000
179.047001
179.012001
178.968000
179.146999
179.001001
179.031000
178.982000
179.076000
179.079001
179.091000
179.013999
178.970001
178.918000
186.910000
179.026000
178.978000
179.003000
179.040000
179.034000
178.990999
179.023000
179.211000
179.066000
179.117000
179.011000
179.094000
178.961000
178.986999
179.053999
178.968000
178.998000
179.121000
178.952000
179.005000
178.959000
179.193000
337.503000
179.052000
179.203000
179.218001
179.003000
179.031000
179.130999
179.080000
179.136001
179.125000
179.017999
179.067001
179.078001
179.035001
179.102000
179.043000
179.024000
179.074000
179.131000
179.060000
178.994000
178.984000
179.113000
184.320000
179.035001
178.979000
178.943001
179.289000
179.061000
178.997000
179.182000
178.977000
179.000000
178.949000
178.932000
178.998000
178.960000
179.047000
179.013999
179.064000
178.951000
178.984000
179.018000
178.931000
178.998000
179.159000
289.944000
179.022000
179.283000
178.993001
179.161000
179.002000
178.952000
178.978000
179.042000
179.094000
178.951000
178.995000
179.091000
179.123000
179.071000
178.987000
179.032000
178.979000
179.045999
179.108000
179.151000
179.080000
178.969000
186.291000
178.970001
178.950000
179.090000
178.989000
178.987000
178.963999
179.100000
179.041000
179.036000
179.031000
179.017999
178.949000
178.900000
178.946000
179.009001
178.972000
179.003000
179.045000
178.979000
179.200000
179.020000
178.986000
219.912000
179.040999
178.998000
179.133000
178.983000
179.115999
179.047000
179.051000
179.098000
179.093000
179.032000
178.964000
178.976000
179.150000
178.967000
178.978000
179.037999
178.998000
178.929000
178.986001
178.974000
179.062000
179.018999
178.971000
179.049999
178.974000
178.990000
178.990000
179.051000
179.068000
179.047001
179.276000
179.053999
179.086000
178.971000
179.109000
179.124000
179.036000
178.979000
178.971000
179.026000
179.086000
178.989001
179.083000
178.992000
178.880000
178.971000
178.998000
179.043001
178.982000
178.974000
178.992000
179.059001
178.965000
178.986000
179.078001
179.061000
178.953000
179.059001
178.958001
179.028001
178.969000
178.956999
178.974000
179.055001
179.000000
178.972000
179.015000
179.002000
178.997000
179.350999
179.002999
179.005000
179.051001
178.998999
178.968000
179.095999
179.259000
179.016000
178.950001
179.068000
179.004000
178.956000
179.080999
179.013999
178.978001
178.959000
178.967000
179.047000
179.019000
178.981001
179.070001
179.037999
188.146000
179.014999
178.989001
179.049000
179.038000
178.954000
179.212000
178.939001
178.999000
178.970000
179.159000
179.107000
179.017000
179.118000
179.027000
179.175000
178.937000
178.958001
178.921000
179.134999
178.948999
178.974000
179.052999
179.012000
179.124000
179.048999
178.986000
179.055000
179.060000
179.180000
179.003000
179.270000
178.973000
179.089000
179.168000
179.132001
179.115999
179.035001
179.142000
179.007000
179.235000
179.012001
178.947000
178.996000
178.994000
178.917000
179.037000
179.184000
179.077000
178.995000
179.074001
179.056000
179.041000
178.988000
178.982000
179.177000
179.014999
179.030000
179.110000
179.061000
178.990000
178.959999
179.068000
178.986999
179.025000
179.071000
179.084000
179.002999
178.990000
179.140000
179.237001
179.070001
179.032000
179.048999
179.015000
179.057000
178.941000
179.075000
179.024001
179.109000
178.965000
179.101000
178.956000
178.998000
178.915000
179.056000
179.035000
178.987999
179.095999
179.074000
179.102999
178.927000
179.026000
199.086000
179.059000
179.069000
179.096000
179.093000
179.001000
179.138000
179.148001
179.004000
179.056999
179.274000
179.051000
179.062000
179.062000
178.998000
179.112000
178.955000
178.960000
178.960000
179.137000
179.011000
179.016001
179.103999
285.785000
179.070001
179.039001
179.068999
178.978000
178.926000
179.004000
178.998000
178.967000
179.051001
178.953000
179.053000
179.114000
179.235000
179.078001
178.985000
179.192999
178.988000
178.988000
179.048000
179.025000
179.057000
179.013000
184.938000
179.110000
179.114000
179.126000
179.262000
178.974000
179.123000
178.993000
178.989001
178.989000
179.034000
179.042000
178.992000
178.994999
179.096000
178.946000
178.989000
179.022000
179.071000
179.070000
178.983000
179.056000
178.976000
184.636000
179.201000
178.963000
178.968000
179.076000
178.973000
178.991000
179.052000
179.003000
178.958000
178.972000
179.083000
178.945000
179.004000
179.024000
179.072999
179.025000
179.000000
179.097001
179.045999
178.998000
179.047000
179.213000
179.218000
179.014000
179.019000
179.061000
178.979999
179.097000
179.133000
179.046000
179.002000
179.056999
179.139000
179.020000
179.106000
179.013000
179.103000
178.994999
178.943000
178.978000
178.982000
178.991999
179.107000
179.036001
178.965000
179.016001
179.126000
179.086000
179.071000
178.986000
179.103000
179.244000
178.978000
178.980000
179.124000
178.993001
179.024000
179.041999
179.082001
178.993001
179.141000
179.137000
178.942000
179.033999
178.986000
179.058000
179.003000
179.004000
178.979000
179.297000
179.018000
178.997000
179.028000
179.031000
178.940000
179.392000
179.064000
178.986001
179.006000
179.070000
179.021000
179.075000
179.117000
179.033000
179.104000
178.969000
179.008001
179.014000
179.042000
179.044000
178.994000
179.103000
179.095000
179.120000
179.198001
179.142000
179.055000
179.022999
178.988000
178.978000
179.043001
179.154000
179.052000
179.056000
179.061000
179.012000
178.924000
179.025000
179.022000
179.164000
178.978000
178.972000
179.095000
178.920000
178.953000
199.611999
178.944000
179.223000
178.970000
178.989001
179.043000
178.979999
179.235000
178.951000
178.985000
178.978000
178.980000
179.049999
178.998000
178.993000
179.049000
178.952000
179.191000
179.008000
179.138000
179.164000
179.005000
179.127000
224.684000
179.161000
179.101000
179.035000
179.161999
179.039000
179.014000
179.075000
179.021999
178.996000
178.949000
178.990000
178.990000
178.998000
179.042000
179.117000
179.106999
178.953000
178.951000
178.995000
179.156000
178.971999
178.898000
185.124000
179.179000
178.974000
178.933000
179.013000
179.044000
179.053000
179.117001
178.979000
179.115999
179.126999
178.994000
178.999000
179.145001
178.994000
179.002999
179.118000
178.966000
179.130000
179.041999
179.047000
179.017000
179.074000
179.092000
179.378000
178.965000
179.092000
178.988000
178.949000
179.192999
178.989000
178.984000
179.052000
179.022000
179.047000
