330.520000
404.039999
438.080000
455.240000
464.160001
464.600001
461.160000
455.820000
463.599999
458.020000
470.199998
479.219999
471.700002
447.179999
470.559999
457.140001
474.340001
468.179999
368.060000
422.979999
475.840000
430.040000
438.060001
456.780000
433.139998
477.760000
461.240001
456.739999
489.160001
449.840000
428.440001
464.679999
441.160001
431.100000
466.179999
455.540000
446.939999
458.079999
439.480001
429.720001
461.440001
451.719999
452.440001
454.900000
457.120001
485.600000
462.819999
445.799999
468.579998
450.860001
448.859999
475.980001
457.440000
449.639998
458.840000
440.620000
449.260000
470.360000
461.060001
450.600000
465.419998
442.240000
452.760000
465.499999
466.800001
486.400001
437.980000
447.020000
496.260000
452.940000
458.400000
461.580001
462.580001
426.560000
444.879999
450.099999
462.859999
471.519999
452.099999
457.540000
478.599999
458.959999
473.080000
455.340000
460.299999
466.700001
441.059999
458.740000
476.620002
454.080001
463.099999
443.820000
461.320000
459.339999
461.840000
452.940000
452.080000
462.239999
447.580000
473.379999
471.160000
451.820001
457.160002
450.460000
456.400000
472.240001
458.520001
466.280000
486.620000
443.740001
456.080001
485.180000
451.840000
454.459999
474.760000
427.540001
446.060000
476.420000
462.100001
434.300000
479.699999
442.320000
436.720001
468.260000
455.060000
446.260000
453.420000
439.739998
472.999999
450.400000
460.580001
491.440000
453.439999
443.640001
478.200000
449.280001
456.420001
457.320001
455.720000
464.400001
469.320001
450.359998
443.920001
462.640001
475.260001
473.960001
461.560002
443.020001
465.499999
459.039999
454.120001
478.140000
444.639999
467.720000
480.480000
440.499999
445.720000
478.060000
441.480000
451.380000
467.860000
448.760001
455.760000
464.020001
459.419999
464.380000
454.380000
461.820001
480.319999
451.619999
451.199999
477.440000
455.400001
465.359999
480.200000
461.340001
470.260000
446.079999
453.800000
457.459999
464.180000
452.620000
458.600000
474.980000
446.500000
453.560000
462.379999
444.380000
467.280000
462.980000
455.280000
474.900000
451.439999
466.860000
470.020000
451.560000
461.940000
456.240000
448.400000
439.360000
457.620000
444.100000
439.580001
456.920000
454.700001
455.420000
456.459999
455.700001
436.520001
450.619999
455.960000
479.580000
449.899999
454.720000
485.040000
453.580000
457.380001
466.600001
458.760001
461.240001
464.520000
432.300001
469.900001
476.699999
441.500001
467.540000
452.819999
445.559999
450.620001
455.520000
449.400000
452.439999
459.400000
456.039999
462.000001
459.659999
437.360000
478.259999
449.700000
453.120001
475.860000
457.100000
466.380000
444.760000
444.540000
450.700000
451.260000
444.440000
439.719999
454.860000
452.920001
484.900000
455.380000
455.200000
477.020001
440.100001
449.220000
489.279998
469.420001
452.080000
469.339998
446.480000
447.859999
476.240000
457.260000
454.740001
461.100001
457.599999
454.259999
451.020001
437.020000
483.759999
456.840001
448.400000
469.260000
470.619999
455.260001
469.820000
451.660000
478.540000
468.560001
449.080000
463.620000
478.399999
462.340001
447.880000
454.919999
445.420001
446.720000
463.160001
446.160000
470.419999
461.300001
460.060000
477.340000
465.020001
456.680000
483.020000
451.840000
460.039999
460.300000
459.999999
463.479999
464.000000
456.799999
442.460001
466.860000
446.540000
448.720001
465.679999
439.760001
471.400000
475.040000
465.679999
474.099999
443.340000
458.920000
479.520001
444.580000
457.680000
468.820000
456.979999
459.039999
470.920000
464.620000
444.780001
460.400000
461.160000
463.700000
469.260000
453.299999
458.759999
465.299999
458.659999
459.760001
455.380000
454.599999
488.259999
461.720001
447.980002
485.080000
462.840000
455.940001
463.140000
439.700000
439.859999
465.200001
462.740000
450.379999
465.960000
452.439999
465.499999
454.659998
455.420000
479.540000
457.160000
473.420000
484.180000
447.260000
462.339999
474.500000
458.280001
458.239999
467.860000
473.280001
452.679999
451.679999
445.479998
469.820000
473.040000
453.000000
437.179999
459.099999
442.780001
453.120001
459.200000
437.480001
471.379999
458.020000
456.799999
471.819999
468.659999
465.860000
465.499999
459.940000
467.640001
481.559999
470.379999
457.559999
461.859999
457.500000
460.419999
474.919999
459.319999
448.920000
460.339999
440.900002
484.080000
457.920000
445.520001
482.080000
463.400001
394.560000
411.259999
430.380000
434.340000
469.740000
448.080000
448.840000
465.259999
459.440000
452.800000
458.280001
448.820001
455.119999
460.179999
463.639999
489.720000
443.580000
463.960001
465.140000
444.320001
473.180000
468.540000
480.199998
451.460000
433.700001
436.980000
450.379999
448.279999
463.900000
455.779999
465.919999
455.180001
484.080000
482.360002
438.379999
466.380000
462.120000
430.060001
468.139999
450.600000
461.400000
463.940000
455.399999
458.680000
479.540000
443.480000
451.900000
467.580000
454.340000
461.660000
477.000000
459.619999
464.440001
472.940000
469.860001
459.420001
426.519999
450.120000
471.380001
449.540000
441.080000
462.140001
458.240001
459.079999
450.640000
447.820000
473.660000
455.359999
456.800001
439.580001
471.120000
445.440000
465.100000
458.680000
455.779999
470.039999
435.419999
459.840000
471.400000
439.780001
455.040000
465.420000
454.160001
430.459999
462.820001
459.780000
459.980000
470.340000
444.100000
459.059998
465.840001
458.260000
480.839999
452.540001
462.239999
468.200000
466.360001
425.960001
475.800000
461.499998
462.859999
457.200000
446.520001
440.660000
464.240002
444.840001
453.439999
469.520001
465.260001
461.660001
451.300001
446.340000
480.440000
474.040000
453.900000
476.260001
464.800000
448.560001
481.699999
454.280000
448.340001
455.600001
451.099999
443.000000
471.600000
470.999999
462.340001
477.180000
441.180000
456.620000
461.260000
443.540001
474.840000
471.500000
457.279999
472.999999
463.360000
464.000000
474.680001
465.700001
439.100001
478.940001
462.820001
456.440000
461.720001
451.220000
461.859999
457.380001
451.200001
461.199999
461.679999
453.879999
446.860000
478.740001
456.699999
453.580000
444.780001
445.160000
472.260000
460.519999
447.860001
464.940000
459.500000
464.660000
475.420000
455.740001
458.219999
465.499999
445.100000
450.220000
464.539999
472.380001
450.740000
459.700000
451.520000
462.340001
445.839999
445.840001
489.079999
460.800001
459.920000
489.920001
459.360002
431.939999
461.800000
440.020001
438.320000
456.100000
460.040001
450.339999
461.300001
454.120001
444.440002
464.320000
463.340001
469.799999
460.100001
450.860001
474.779999
457.119999
451.920001
473.860001
454.620000
455.700001
469.780000
430.840001
447.180001
467.300002
453.279998
456.300002
457.900001
467.060000
456.259999
448.400000
444.560001
446.180001
469.940001
447.519999
485.099999
468.580000
466.300000
473.520001
460.360000
455.119999
480.400000
440.860001
435.360000
451.780001
443.599999
458.420001
461.840000
453.520000
459.100001
461.900001
439.060001
466.740001
452.800000
449.360000
470.439998
461.979998
460.200001
470.620001
464.140000
461.759999
497.060001
453.320000
443.180000
461.260000
453.159999
459.780000
470.420001
463.979999
442.620000
474.880001
458.300000
469.699999
459.220000
465.560000
445.380000
473.180000
453.920001
463.360000
459.080001
454.940001
462.680001
453.320000
445.079999
460.120000
425.980000
448.100001
476.420000
469.339998
441.320000
461.679999
466.060000
462.800000
463.479999
466.340000
456.440000
475.480000
451.500000
474.380000
466.240000
459.640000
467.300000
463.560000
460.400000
486.739999
456.979999
469.720000
476.499999
456.760000
460.160000
487.300001
456.580000
442.540001
461.980000
450.759999
464.200001
467.519999
442.560000
471.139999
466.839999
465.580000
462.260000
452.540001
464.060001
473.759999
465.440001
439.479999
482.160000
449.880000
457.320001
464.300001
467.460001
445.800001
483.039999
454.539999
461.640000
482.640000
442.380000
459.039999
457.160000
430.640001
486.500001
470.220000
459.300000
483.159998
462.099999
450.119998
485.119998
479.039999
454.800000
473.800000
457.600001
462.360000
448.299998
457.459999
460.719999
463.680001
455.560001
457.279999
459.199999
446.340000
449.780000
460.300000
451.140001
470.079999
484.999999
441.080000
471.159998
450.980000
467.400001
464.800000
444.440000
448.419999
480.699999
468.279999
451.880001
467.620000
454.420000
430.140000
476.939999
451.800000
460.100001
466.200000
452.000000
470.240001
462.719999
468.839999
468.860000
460.680000
451.840000
465.880001
480.820000
459.899999
454.220001
448.340001
450.900001
472.099999
472.300000
452.160001
459.339999
456.699999
468.899999
351.580000
397.380000
451.980000
452.939998
433.720000
467.700001
447.759999
457.040001
452.320000
465.380000
452.199999
432.780001
458.559999
462.000001
446.880000
480.960000
468.860000
468.979999
463.119999
482.300000
454.720000
471.580001
494.340001
448.940001
457.119999
452.780001
460.400000
460.980000
461.320000
455.180001
438.820001
471.199999
454.940001
467.360001
464.740001
443.260001
462.400001
465.320000
465.460001
472.600000
449.299999
452.620000
466.720000
465.660000
439.299999
483.139999
465.240000
451.880001
450.800000
460.759999
460.419999
468.020000
446.980001
441.299999
452.260001
467.799999
454.080001
458.260000
440.940000
459.680000
472.300000
444.880001
449.180000
463.860000
459.279999
487.020001
468.140000
467.780000
470.079999
450.199999
442.340001
462.320000
455.359999
464.199999
457.400002
454.880001
457.300000
463.600000
450.920001
461.880000
469.859999
436.600002
479.860000
465.620000
468.320001
462.460000
452.700000
456.279999
484.700000
459.279999
455.920000
456.800001
468.240000
451.299999
477.020001
461.000001
439.020000
462.639999
455.820000
441.059999
462.660000
467.060000
465.080000
454.359999
455.160001
477.380000
475.099999
471.480001
472.479999
469.380001
461.180000
463.760000
450.800000
469.659999
475.680001
457.340000
472.660000
475.839999
437.220000
458.620001
464.480001
455.779999
468.219999
451.140001
449.400000
464.420000
461.339999
442.779999
484.060001
464.040000
435.420001
455.319999
451.980000
456.200000
461.820001
447.719999
440.080000
469.219999
440.340001
449.980000
461.460002
445.860000
458.360000
459.720001
452.700000
478.400001
473.840000
475.520000
488.620000
449.659999
455.080001
476.140000
448.680000
456.280001
467.360001
469.699999
460.020000
466.860000
464.560000
448.220000
466.460001
442.360001
443.140000
475.500001
446.799999
476.800000
471.100001
442.739999
461.500000
468.000000
469.839999
465.000000
448.520001
449.720001
466.000000
455.660000
478.300000
455.520000
457.340000
452.540001
462.320000
447.140001
437.040001
446.699999
466.060000
466.560001
463.400001
453.360001
476.600001
475.439999
457.680000
477.340000
462.040000
460.180001
475.439999
444.820000
472.680001
459.579999
446.240000
449.660001
467.879999
435.079999
464.660000
469.280001
454.459999
472.320000
470.920000
446.340000
472.159998
474.140001
449.800001
462.479999
450.480001
