331.387000
324.294000
323.631000
320.480000
318.846000
318.521000
319.585000
330.236000
317.823000
316.733000
319.180000
329.915000
318.546000
320.650000
314.932000
316.920999
316.207000
316.793000
316.594000
317.124999
317.977000
324.089000
317.608000
317.028999
317.587000
317.256000
326.184000
315.157000
317.287000
317.512000
321.203999
315.297999
317.249000
316.721000
319.189999
316.799000
318.033000
317.763000
316.853000
319.934000
319.221000
316.165000
316.605001
315.755000
317.261999
320.455000
319.615000
319.375000
320.272001
320.388000
317.612000
316.074000
318.275000
319.865000
317.618000
321.537000
319.805000
319.314000
320.071000
316.688000
315.823000
317.283000
314.470001
315.393000
320.863000
316.353001
317.584001
318.154001
341.634000
317.961000
317.960000
319.409000
319.829999
317.856000
317.827000
320.073000
317.954000
321.180000
318.938000
317.271001
318.903999
320.068000
319.901999
321.332000
314.763000
314.863000
315.763000
349.607999
316.324000
320.686000
318.556000
320.139000
317.403000
317.850000
318.329999
320.067001
317.545000
316.796000
318.942999
317.835000
321.304000
317.596001
319.124000
317.558001
315.749000
320.397000
335.319000
316.565000
318.621000
318.192000
318.527999
326.028000
355.829000
329.912000
324.208000
324.138000
332.356000
318.822999
316.954000
317.474999
326.264000
319.046000
318.416000
319.165000
316.038000
316.335000
318.130000
318.194999
319.689000
317.537000
326.982999
316.246999
315.514999
317.152000
331.616000
323.600000
319.960000
317.936000
318.697000
317.444000
317.686000
317.512000
320.150999
321.248000
318.205000
316.842999
318.452000
317.869999
319.270000
325.191000
319.207000
318.350000
316.845000
319.330000
318.437000
319.159000
319.756000
318.574999
317.900000
319.414000
317.076000
318.389000
318.069000
324.361000
318.547999
319.647999
318.555000
318.841000
318.419999
319.475000
318.718000
316.416000
317.687000
318.956000
319.104000
318.281000
320.440000
322.955000
321.934000
320.583000
318.266000
320.460000
319.812000
317.085001
319.030000
318.759000
315.765000
319.208000
319.259000
319.646000
324.778000
326.979000
320.756000
316.608000
323.863000
323.346999
323.452000
323.306000
321.518000
322.862000
323.829999
317.486000
321.486000
334.369999
345.954000
325.316000
318.493000
318.300000
316.590000
318.623000
317.531001
324.758000
317.841000
318.822000
319.209000
317.140000
317.847000
318.215000
320.470000
322.355000
317.230000
316.155000
317.729999
321.747000
316.677000
318.885000
318.405000
318.837000
315.830000
317.449001
316.705000
318.792000
316.411000
319.636000
317.656000
319.852999
317.323999
319.157000
320.559000
314.438000
318.642000
318.039000
323.803000
317.646000
316.537000
318.526000
316.010999
315.636000
314.824999
316.563000
316.319000
318.494000
317.475000
316.516000
316.348000
320.029999
316.740000
321.016000
319.479999
318.578000
317.449000
321.233000
320.742000
316.092000
318.078000
317.411000
318.495000
318.661000
318.448000
318.768000
316.786001
317.048000
317.120000
318.459000
314.385001
316.749000
320.680000
317.749999
316.209000
317.106999
322.613000
318.480000
318.560001
317.791000
316.380000
316.703000
318.202000
318.242000
318.171000
316.700000
316.687000
318.642000
316.850000
318.060000
319.383000
318.480001
315.723000
317.372000
317.261999
324.617000
317.827000
320.082000
318.537000
319.182000
318.308000
319.536000
318.732000
318.504999
318.010001
315.135000
316.030000
315.413000
318.922000
318.965000
319.448000
317.779999
317.296000
318.293000
322.788000
319.910999
315.912001
317.435000
319.112000
320.386999
319.567000
321.195000
319.446000
318.387000
318.673000
320.038000
321.803000
320.152000
318.928000
319.937000
317.772000
316.759000
317.307999
323.782000
318.037000
316.518000
315.242000
318.950000
317.857000
316.603000
314.523000
317.769000
318.495000
324.495001
317.382000
319.992000
318.748000
319.595000
322.231000
318.317999
318.213000
317.003000
322.735000
316.015000
315.728000
315.978000
318.478000
320.045000
318.513000
319.095000
317.948000
318.052000
319.083000
319.063000
319.380000
320.470000
316.852000
320.285000
317.757000
317.377000
316.427000
321.804999
323.570000
314.775000
319.577000
321.280000
320.416000
319.056000
320.281999
317.301000
320.733000
315.971000
319.053000
320.578000
318.526000
314.512000
318.739000
317.567000
319.217999
316.777000
321.234001
316.360000
318.879999
316.196000
318.480000
320.545000
317.106999
317.695000
315.913000
317.965000
319.019999
318.643000
319.558000
319.843001
319.480000
318.229000
317.525000
316.542001
318.003000
323.426000
317.808000
318.196000
317.172000
316.301000
319.157001
318.410000
319.561999
316.271001
317.454000
318.337000
317.669000
316.494000
319.385000
322.200000
320.398000
317.214000
316.988000
317.105000
322.838000
314.782000
316.103000
317.646001
318.543000
316.982000
316.448000
317.782001
317.043000
315.059001
314.960999
318.174000
319.629000
317.378000
315.684999
316.640000
315.939000
317.292999
316.478000
321.245000
316.468000
317.787000
317.132000
318.303000
318.533001
316.500001
319.412000
318.236000
316.959000
317.030000
316.701000
319.286000
318.395000
319.669001
316.658000
320.098000
321.870000
319.803000
323.627000
315.489000
319.239001
319.260000
321.880000
320.154999
315.627000
319.288000
317.270000
320.202000
317.894001
320.824000
319.213999
318.401000
318.210000
313.916001
314.579000
317.048000
316.595000
316.358000
317.439000
320.836999
315.454000
318.013000
318.489000
320.064000
320.794000
320.064000
318.045000
314.572999
317.876000
321.316000
316.783001
317.744000
318.967001
317.640000
315.976000
318.045001
318.802000
316.479000
315.094001
316.384000
316.010000
318.581000
316.025000
318.355000
316.312000
316.844000
318.268000
316.262000
316.729000
317.066000
320.853001
316.236000
317.655999
318.412000
319.459001
319.050000
318.094000
318.604000
319.499000
318.891000
323.451000
317.977999
315.125000
316.684000
314.882000
319.755000
318.666001
318.753000
319.290000
317.151000
317.473000
321.159001
317.696000
318.190000
317.944000
316.230999
318.786000
317.958000
319.887000
324.680001
318.047000
318.647000
320.136000
319.827000
317.350000
316.517999
318.370000
318.736000
317.050001
314.895000
319.834000
318.998000
318.766001
319.596000
319.807000
319.710000
315.853001
316.738000
353.641000
318.087000
319.434999
315.666000
316.155000
315.979000
319.114000
317.496000
315.661999
315.015000
316.507000
318.205000
319.805000
319.276000
318.522000
317.694000
317.185000
317.230000
315.756001
364.156000
320.473000
317.528999
317.208000
317.732000
320.182000
318.688001
321.789000
320.540000
318.024999
317.439000
316.374000
318.862000
316.810000
317.372000
317.576000
317.715000
317.249000
316.218000
343.668999
318.381000
316.439999
315.509000
316.629000
316.382000
316.303000
314.416001
319.114000
317.695000
316.030000
314.904001
317.364000
316.563000
317.931000
319.448000
319.278000
318.469000
319.480000
340.420000
318.609999
315.725000
314.258000
319.033000
316.702000
317.292999
318.775000
317.020000
319.142001
317.902001
318.716000
317.124000
317.601999
319.563000
316.717001
315.467999
318.113000
318.305001
348.861001
318.037000
321.265000
316.428000
317.000000
318.407999
318.245000
318.793001
321.608000
317.098000
317.560000
316.356000
324.665000
320.553000
318.459000
318.483001
319.306999
316.720000
316.259000
353.621000
313.921000
315.875000
316.266000
316.030000
315.812999
317.298000
318.743000
316.139000
317.077000
316.060000
319.055000
318.362000
317.051000
317.095000
319.003999
317.532000
317.513000
320.669000
358.430000
319.397001
317.388000
324.525000
316.567000
316.143000
316.680000
315.371000
315.247000
316.713000
319.421000
319.625000
317.559000
320.371000
318.991000
317.895001
317.374000
316.116000
318.348000
342.967000
317.307000
319.999000
316.433000
318.597000
317.667000
319.430000
318.493000
319.045000
317.005000
315.919001
320.090000
317.120000
320.055000
317.772000
319.159999
316.974999
319.689000
318.263000
339.485000
314.395000
317.326000
314.944000
316.436999
318.190999
318.728999
317.075000
317.855000
319.263000
319.731000
320.685000
318.258000
317.751001
318.371000
318.868000
319.000999
318.411000
320.092000
347.529001
316.403000
320.128000
316.583000
318.377000
320.968000
318.210000
317.644999
317.563000
316.652000
316.334000
316.747000
318.622001
318.190000
317.762000
319.104999
318.639000
318.631000
318.045000
352.655000
315.000000
319.739000
319.590000
319.157001
320.089000
317.657000
319.143000
317.929001
327.858000
319.457000
319.525000
316.631000
316.135000
316.923000
322.416000
315.820999
320.893000
317.473001
360.732000
316.728001
318.497000
318.449001
319.050000
318.226000
315.420000
315.282000
315.091000
320.028001
319.073000
315.787000
321.060000
317.261000
317.872999
318.652000
315.804000
315.107000
317.604001
345.178000
317.165000
317.750000
317.735000
317.604000
318.294999
318.125000
317.728000
317.105000
317.222000
318.330000
318.401000
317.300000
320.871999
317.772999
320.633001
315.910000
319.225000
317.700000
347.519999
318.134000
317.385999
319.561000
318.625000
317.880000
317.120001
318.982000
317.911999
320.775000
317.308000
317.065000
317.434000
321.369001
320.932999
320.508000
316.292000
315.359999
317.920000
350.442001
315.377000
316.705000
315.513000
318.495000
316.946000
320.509000
318.816000
317.200000
318.720999
319.080001
316.885000
315.973000
316.117000
315.953000
319.050000
317.583000
316.880000
316.819999
359.945000
314.425000
319.699000
317.895000
318.645000
317.895000
318.202000
315.872001
316.637999
315.052999
315.628001
314.673000
315.830001
321.339000
318.307000
320.351999
317.052000
315.615000
317.268000
324.018000
319.139000
319.494000
317.836000
317.865000
317.570001
316.858000
317.438000
317.490000
316.748000
319.532000
317.180000
317.082000
320.341000
318.813000
319.844000
317.140001
317.004000
318.012999
320.471000
315.440000
316.188999
315.527000
317.245999
316.619000
316.399000
320.470001
316.614999
318.642000
319.264000
317.189001
319.217000
320.443000
316.994000
319.927000
316.949001
317.648000
314.893000
321.802001
315.715999
319.660000
317.016000
319.647999
318.693000
317.984000
317.985000
316.250999
315.502999
319.304000
319.619000
318.403000
319.487000
318.024000
318.145000
320.638000
319.588000
319.960000
323.095000
318.435000
319.556001
318.580001
318.277000
318.414000
318.352000
317.467000
319.460000
319.023999
315.551001
316.591999
318.109000
320.018000
317.585000
318.401000
316.480001
318.024000
318.127000
324.433001
316.556000
317.443000
318.171000
319.371000
318.492000
319.826000
316.273000
317.376000
314.980000
318.731000
318.231001
318.739000
314.823000
315.295000
315.890000
318.593000
319.275000
318.732001
323.380000
316.090000
318.978000
317.827000
318.634000
315.246000
314.672001
317.164999
317.839000
319.668001
316.912000
316.240001
319.319000
316.795000
317.753000
320.787000
320.834000
320.010999
319.298000
331.573000
316.669000
315.919000
315.477001
319.029001
317.108000
316.707000
316.712000
315.471000
317.253000
317.469000
317.646000
