39.439999
24.960000
22.820000
23.060000
23.159999
22.940001
22.760000
22.800000
22.919999
22.779999
25.660001
23.180000
22.979999
23.119999
22.740001
22.720000
22.639999
26.740000
23.820002
23.060000
23.019999
22.939999
22.779999
22.960002
23.940001
22.979999
22.860000
22.799999
22.820001
22.820000
22.840001
22.739999
22.760000
23.100000
22.739999
22.739999
22.700001
22.679999
23.459999
23.259999
22.979999
23.100000
22.939999
22.760000
22.779999
22.599999
22.739999
22.879999
22.780001
22.840001
22.880001
22.620000
22.940001
22.740001
22.779999
22.960000
22.779999
23.000000
22.700001
22.760000
22.640001
22.720000
22.860000
22.780001
22.860000
22.580002
22.880001
22.919999
26.020000
23.760000
23.180000
23.220001
22.920001
23.359999
23.079999
22.820001
22.880001
22.940001
22.920001
22.900000
23.359999
22.879999
22.679999
22.980001
22.779999
22.760000
23.160001
22.720000
22.860000
22.679999
22.760000
22.960000
22.700001
22.720002
28.120000
23.140000
22.760000
22.760000
22.960000
22.660000
22.620000
22.720000
22.780001
22.760000
22.800000
22.700001
22.779999
22.840001
22.620000
22.979999
22.620000
22.700001
22.699999
22.919999
22.980001
22.900000
22.919999
22.760000
22.800000
22.720000
26.060000
23.759998
23.219999
23.280000
23.399999
23.019999
22.860000
23.000000
22.880001
23.020001
22.800000
22.700001
22.780001
23.159999
22.979999
22.739999
22.860000
23.440000
23.300000
22.940001
22.680001
23.200000
22.840001
22.660000
22.839999
22.860000
22.680001
22.760000
23.040000
22.660000
22.699999
22.860000
22.720000
22.820000
22.739999
22.700001
22.700001
22.679999
22.740001
22.839999
22.839999
23.320001
23.079999
23.060000
22.880001
22.960002
22.880001
22.720000
22.960000
22.920001
22.779999
26.100000
23.100000
23.120001
23.180000
23.100000
22.960000
23.180000
22.960000
23.120001
23.240000
23.320001
23.100000
22.740001
22.860000
22.840001
22.720002
22.860000
22.780001
23.140000
22.939999
22.860000
23.240000
23.620000
22.900000
22.840001
22.739999
23.279998
22.679999
23.040000
23.019999
22.980001
23.219999
23.200000
22.639999
23.520000
22.879999
22.980001
22.639999
22.760000
22.839999
22.660000
22.720000
22.840001
22.640001
23.340000
23.380000
22.779999
22.700001
23.420000
22.700001
22.920001
25.720000
23.119999
23.060000
23.280000
23.260001
23.159999
22.840001
23.400001
22.900000
23.080001
22.860000
22.660000
23.280000
30.340001
23.200002
22.779999
23.159999
22.880001
23.340002
22.720002
23.359999
22.580002
23.399999
22.900000
22.940001
22.900000
23.200000
22.800000
23.580000
22.840001
23.040000
22.739999
23.300000
22.839999
23.060000
23.399999
22.720000
22.820001
22.700001
22.780001
23.140000
22.620000
22.739999
22.640001
22.720000
22.740001
22.699999
22.700001
22.720000
22.700001
22.700001
24.920000
23.540001
22.979999
23.300001
23.000000
23.520000
23.159999
23.000000
22.979999
23.100000
22.779999
22.919999
23.200000
22.940001
22.760000
22.900000
23.020001
22.820000
22.700001
23.000000
23.460001
22.839999
22.720000
22.760000
22.939999
22.820000
22.780001
22.660000
22.800000
23.079999
22.979999
22.760000
22.799999
23.100000
22.760000
22.760000
22.739999
22.799999
22.700001
22.900000
22.980001
22.679999
22.699999
22.620000
22.960000
26.400000
23.100000
23.259999
22.880001
22.820000
22.800000
25.219999
23.580002
23.100000
22.940001
22.900000
23.039998
22.679999
22.820000
22.700001
23.139998
22.979999
22.880001
22.699999
22.980001
22.860000
22.740001
22.760000
23.000000
22.960000
22.800000
22.639999
22.900000
22.900000
22.860000
22.760000
22.699999
22.740001
22.660000
22.720000
22.860000
22.839999
22.720000
22.839999
22.679999
22.660000
22.860000
22.800000
23.000000
22.760000
22.700001
22.679999
22.620000
22.600001
22.660000
22.759998
22.699999
22.680001
22.620000
22.760000
22.720000
22.639999
22.880001
27.419999
23.500001
23.000000
23.000000
23.000000
22.980001
22.680001
22.960000
22.980001
22.879999
23.240000
22.839999
22.700001
22.820000
30.940000
22.840001
22.780001
22.740001
22.879999
22.820000
22.760000
23.019999
22.900000
22.699999
22.620000
22.699999
22.860000
22.820001
22.699999
22.720000
23.020001
22.699999
22.900000
22.860000
22.720000
22.639999
22.620000
22.780001
22.779999
22.760000
22.620000
22.699999
22.599999
22.800000
22.760000
22.800000
22.960000
22.679999
22.779999
22.939999
22.580002
26.640000
23.400001
22.940001
22.919999
23.140000
22.720002
23.200000
22.940001
22.820000
22.779999
23.140000
22.899998
22.860000
22.840001
22.900000
22.940001
22.760000
22.720000
22.840001
22.679999
23.039998
22.919999
22.899998
22.580002
23.040000
22.840001
23.200000
22.780001
22.960000
22.820001
22.620000
22.659998
22.880001
22.620000
23.180000
22.620000
22.760000
22.699999
22.800000
22.680001
22.720000
22.779999
22.720002
22.580000
22.659998
22.620000
22.639999
22.580000
22.720000
22.720002
22.679999
26.360000
23.340000
23.220001
23.680000
23.020001
22.860000
23.079999
22.979999
22.879999
22.760000
22.860000
23.240000
22.919999
22.820000
22.900000
23.080001
22.760000
22.680001
22.779999
22.800000
22.720002
22.899998
22.880001
22.979999
22.760000
30.840000
22.860000
22.820000
22.700001
22.660000
22.700001
22.660000
22.679999
22.620000
22.939999
22.700001
23.019999
22.860000
22.879999
22.720000
22.720000
22.760000
22.760000
22.720000
22.700001
22.680001
22.699999
22.660000
22.580002
22.760000
22.700001
25.619999
23.320001
23.079999
23.220001
22.740001
23.040000
22.900000
22.820000
23.360001
22.660000
22.820000
22.760000
23.120001
22.740001
22.820000
22.919999
22.919999
22.960000
22.840001
22.639999
22.860000
22.800000
22.860000
22.839999
22.820000
22.860000
22.640001
22.840001
23.040000
22.720000
23.180000
23.640001
22.820000
22.599999
22.700001
22.800000
22.679999
22.760000
22.639999
22.779999
22.860000
22.839999
22.679999
22.639999
22.919999
22.840001
22.660000
22.700001
22.659998
22.620000
22.699999
25.620000
23.259999
23.180000
22.800000
22.860000
22.940001
22.900000
23.000000
23.340000
22.979999
22.840001
22.960000
22.779999
23.040000
22.920001
22.660000
22.760000
22.839999
23.060000
22.679999
22.739999
22.720000
22.860000
22.779999
22.880001
22.939999
22.739999
22.660000
22.760000
22.980001
22.780001
22.800000
22.919999
22.839999
23.119999
22.860000
23.359999
22.700001
22.660000
22.739999
22.880001
22.900000
22.599999
22.700001
22.760000
22.720002
22.660000
22.640001
22.620000
22.760000
28.740000
23.000000
25.339998
24.140000
23.079999
22.940001
22.940001
22.900000
23.040000
22.739999
22.779999
22.939999
22.900000
22.980001
22.900000
23.119999
22.900000
22.900000
22.900000
22.840001
22.679999
22.720000
22.860000
22.800000
22.680001
22.779999
22.760000
22.779999
22.840001
23.020001
22.780001
22.600001
22.739999
22.820000
22.660000
22.680001
22.600001
22.939999
22.620000
22.839999
22.620000
22.580000
22.760000
22.760000
22.599999
23.060000
22.800000
22.820000
22.599999
22.740001
22.680001
22.820000
22.620000
25.780000
23.500001
22.860000
22.820000
23.720000
22.940001
22.919999
22.879999
22.860000
22.760000
23.120001
22.779999
22.860000
22.979999
23.019999
23.019999
22.660000
22.720000
23.039998
22.660000
22.820001
22.820000
22.979999
22.760000
22.660000
22.700001
22.800000
22.699999
22.639999
22.779999
22.760000
22.680001
23.240000
22.820000
23.080001
22.840001
22.779999
22.800000
22.620000
23.060001
22.679999
22.760000
22.979999
22.640001
22.919999
22.620000
22.879999
22.580000
23.119999
22.699999
22.799999
25.979999
23.280000
23.019999
23.359999
22.760000
22.960000
22.780001
23.000000
23.180000
23.060000
23.080001
23.119999
23.000000
22.860000
22.840001
23.119999
22.720000
22.699999
23.100000
22.740001
22.780001
22.639999
22.820000
31.019999
22.900000
22.899998
22.699999
22.639999
22.759998
22.740001
22.679999
22.739999
22.600001
22.940001
23.219999
23.019999
22.580002
22.720000
23.259999
23.019999
23.019999
22.660000
22.760000
22.720000
22.679999
22.700001
22.639999
22.679999
22.679999
22.679999
22.700001
26.180001
23.340000
23.300001
22.820000
23.140000
22.879999
22.779999
22.960000
22.860000
23.079999
23.020001
22.879999
22.979999
22.919999
22.720000
23.019999
22.940001
22.980001
22.860000
22.720000
22.860000
22.800000
22.919999
22.700001
22.779999
22.779999
22.820000
22.620000
22.740001
22.860002
22.740001
22.700001
22.960000
22.739999
22.679999
22.660000
22.899998
22.760000
22.740001
22.700001
22.720000
22.760000
22.839999
22.820000
22.600001
22.740001
22.760000
22.740001
22.639999
22.760000
22.620002
26.060000
23.540001
22.980001
23.119999
22.840001
23.159999
23.140000
22.960000
23.419999
23.019999
23.000000
22.679999
22.760000
22.920001
22.820000
22.919999
22.760000
22.940001
22.700001
22.960002
23.420000
23.240000
22.639999
22.600001
22.760000
22.760000
22.740001
22.780001
22.760000
22.979999
22.919999
22.740001
22.639999
22.779999
22.839999
22.900000
22.600001
22.720000
22.620000
22.720000
22.779999
22.620000
22.640001
22.660000
22.700001
22.720002
22.580000
22.800000
27.600000
23.120001
22.680001
22.760000
26.060000
23.800001
23.040000
22.800000
22.840001
23.260001
23.119999
22.739999
22.680001
22.920001
23.060000
23.240000
23.119999
23.000000
22.760000
23.040000
22.840001
23.000000
22.839999
22.740001
22.620000
22.659998
22.779999
22.699999
22.820000
22.820000
22.620000
22.740001
22.640001
22.820000
22.580000
22.700001
22.820000
22.699999
22.740001
22.800000
22.680001
23.040000
22.659998
22.660000
22.760000
22.660000
22.659998
22.740001
22.700001
22.960000
22.740001
22.680001
22.620000
22.740001
23.140000
25.719998
23.559999
23.040000
22.960000
23.000000
22.739999
23.100000
22.800000
22.840001
22.900000
23.380000
22.760000
22.779999
22.740001
23.320001
22.679999
23.000000
22.860000
22.979999
22.700001
22.720000
22.960000
23.000000
22.639999
22.800000
22.760000
22.840001
22.600001
22.699999
22.700001
23.180000
23.280000
22.680001
22.779999
22.820000
22.580000
22.720000
22.820001
22.700001
22.740001
22.780001
22.620000
23.020001
22.779999
22.860000
22.640001
22.700001
22.760000
22.800000
22.699999
22.639999
25.640000
23.480000
22.860000
22.900000
22.660000
22.860000
22.900000
22.960000
22.880001
22.880001
