0.432000
0.441001
0.434000
0.428000
0.428000
0.427000
0.430000
0.428000
0.432000
0.428000
0.431000
0.426000
0.429000
0.426000
0.429001
0.426000
0.430000
0.426000
0.430000
0.426000
0.430000
0.426000
0.430000
0.429000
0.428000
0.423000
0.430000
0.429001
0.429999
0.426000
0.430000
0.426000
0.430000
0.426000
0.428000
0.429000
0.428000
0.429001
0.430000
0.426000
0.430000
0.426000
0.430000
0.426000
0.428000
0.426000
0.430000
0.426000
0.430000
0.426000
0.428000
0.426000
0.426000
0.426000
0.428000
0.425000
0.427000
0.426000
0.428000
0.429000
0.430000
0.430000
0.429999
0.429000
0.432000
0.430000
0.431000
0.428000
0.431000
0.430000
0.432000
0.430000
0.431000
0.426999
0.430000
0.430000
0.430999
0.430000
0.429001
0.428000
0.431000
0.426999
0.432000
0.428000
0.431000
0.428000
0.431000
0.428000
0.431000
0.428000
0.431000
0.426000
0.431000
0.428000
0.433000
0.427000
0.433000
0.430000
0.430000
0.431000
0.433000
0.430000
0.430000
0.428000
0.430000
0.429000
0.430000
0.430000
0.428000
0.428000
0.429000
0.426999
0.428000
0.427000
0.428000
0.429000
0.430000
0.428000
0.430000
0.426999
0.429000
0.427000
0.430000
0.431000
0.431000
0.431000
0.426999
0.430000
0.428000
0.430000
0.428000
0.429000
0.428000
0.428000
0.428000
0.429000
0.428000
0.429001
0.469000
0.430000
0.426000
0.428000
0.430000
0.430000
0.432000
0.430000
0.429001
0.430000
0.428000
0.430000
0.430000
0.430000
0.428000
0.428000
0.429000
0.430000
0.427000
0.429001
0.428000
0.430000
0.429001
0.429000
0.427000
0.430000
0.430000
0.430000
0.429001
0.430000
0.429000
0.430000
0.426000
0.430000
0.426000
0.430999
0.429001
0.427000
0.425000
0.427000
0.426001
0.426999
0.426000
0.427000
0.426000
0.427000
0.426000
0.431000
0.428000
0.427000
0.426000
0.432000
0.431000
0.430000
0.431000
0.429001
0.430999
0.429001
0.430999
0.427000
0.433000
0.429001
0.428000
0.430000
0.430000
0.429000
0.431000
0.429000
0.427000
0.429000
0.430000
0.428000
0.430000
0.429000
0.431000
0.429000
0.430000
0.429000
0.428000
0.428000
0.429000
0.427000
0.428000
0.429000
0.428000
0.428000
0.430000
0.428000
0.430000
0.429000
0.430000
0.428000
0.430000
0.428000
0.432000
0.428000
0.432000
0.428000
0.428000
0.426999
0.430000
0.429001
0.429000
0.428000
0.430000
0.429000
0.428000
0.432000
0.429000
0.430999
0.428000
0.431000
0.430000
0.429001
0.430000
0.430000
0.430000
0.429000
0.428000
0.428000
0.429000
0.428000
0.430000
0.428000
0.428000
0.432000
0.430000
0.428000
0.428000
0.428000
0.428000
0.426000
0.428000
0.427000
0.429001
0.426000
0.428000
0.428000
0.429000
0.426000
0.428000
0.428000
0.428000
0.428000
0.428000
0.428000
0.428000
0.428000
0.429000
0.431000
0.428000
0.430000
0.430000
0.428000
0.428000
0.428000
0.428000
0.430000
0.428000
0.425000
0.428000
0.428000
0.428000
0.434999
0.429000
0.428000
0.428000
0.430000
0.428000
0.428000
0.429000
0.428000
0.429000
0.428000
0.428000
0.428000
0.428000
0.428000
0.429000
0.432000
0.429000
0.430000
0.427000
0.430000
0.431000
0.428000
0.428000
0.428000
0.428000
0.428000
0.428000
0.428000
0.428000
0.427000
0.430000
0.428000
0.428000
0.427000
0.428000
0.427000
0.430000
0.428000
0.428000
0.426999
0.426999
0.427000
0.432000
0.428000
0.431000
0.428000
0.427000
0.428000
0.426999
0.430000
0.426999
0.428000
0.429000
0.428000
0.426000
0.430000
0.428000
0.430000
0.427000
0.428000
0.428000
0.431000
0.427000
0.430000
0.426999
0.430000
0.427000
0.428000
0.427000
0.428000
0.431000
0.427000
0.426999
0.430000
0.426999
0.428000
0.427000
0.428000
0.428000
0.432000
0.430000
0.429000
0.428000
0.428000
0.430000
0.429000
0.429000
0.428000
0.429000
0.428000
0.428000
0.428000
0.429000
0.429000
0.428000
0.430000
0.428000
0.431000
0.428000
0.429000
0.429000
0.428000
0.428000
0.429999
0.428000
0.428000
0.429000
0.426999
0.428000
0.430000
0.432000
0.432000
0.429001
0.426999
0.429000
0.428000
0.428000
0.428000
0.428000
0.427000
0.430000
0.428000
0.429000
0.428000
0.427000
0.427000
0.429000
0.427000
0.429000
0.427000
0.430000
0.428000
0.429001
0.426000
0.428000
0.428000
0.429001
0.428000
0.428000
0.426999
0.430000
0.427000
0.430000
0.433000
0.430000
0.429000
0.430000
0.429000
0.430000
0.428000
0.429001
0.429000
0.430000
0.431000
0.430000
0.430000
0.430000
0.428000
0.430000
0.430999
0.430000
0.429001
0.430000
0.432000
0.430000
0.430000
0.430000
0.430000
0.430000
0.430000
0.430000
0.430000
0.430000
0.429000
0.430000
0.430000
0.430000
0.430000
0.428000
0.429001
0.430000
0.429000
0.430000
0.429001
0.430000
0.430000
0.431000
0.429000
0.428000
0.431000
0.430000
0.429000
0.430000
0.430000
0.428000
0.430000
0.430000
0.430000
0.430000
0.430000
0.430000
0.429000
0.430000
0.429000
0.429000
0.432000
0.430000
0.430999
0.426000
0.430000
0.428000
0.430000
0.429000
0.432000
0.427000
0.429999
0.428000
0.430000
0.430000
0.430000
0.428000
0.428000
0.427000
0.430000
0.428000
0.430000
0.428000
0.430000
0.429000
0.430000
0.428000
0.430000
0.426999
0.430000
0.428000
0.430000
0.429001
0.431000
0.428000
0.429000
0.428000
0.430000
0.427000
0.430000
0.427000
0.434000
0.428000
0.428000
0.429000
0.430000
0.428000
0.428000
0.430000
0.428000
0.429000
0.430000
0.429000
0.430000
0.428000
0.431000
0.428000
0.430000
0.428000
0.428000
0.428000
0.430000
0.428000
0.430000
0.428000
0.430000
0.427000
0.591000
0.426000
0.428000
0.428000
0.430000
0.427000
0.430999
0.430000
0.430000
0.430000
0.427000
0.430000
0.428000
0.430000
0.428000
0.425001
0.429000
0.430000
0.430000
0.428000
0.431000
0.427000
0.428000
0.427000
0.428000
0.428000
0.428000
0.427000
0.430000
0.428000
0.428000
0.427000
0.428000
0.431000
0.428000
0.428000
0.426000
0.430999
0.428000
0.429000
0.428000
0.427000
0.427000
0.428000
0.428000
0.430000
0.428000
0.430999
0.428000
0.429000
0.428000
0.426999
0.428000
0.426999
0.427000
0.426999
0.427000
0.429000
0.426999
0.427000
0.428000
0.428000
0.428000
0.427000
0.434000
0.425000
0.428000
0.426999
0.428000
0.428000
0.429000
0.428000
0.429001
0.428000
0.428000
0.427000
0.429000
0.426000
0.429000
0.429000
0.429000
0.428000
0.428000
0.428000
0.430000
0.428000
0.429000
0.429000
0.430000
0.427000
0.429000
0.428000
0.429000
0.428000
0.430999
0.427000
0.429000
0.428000
0.429000
0.428000
0.427000
0.426000
0.427000
0.428000
0.427000
0.426000
0.428000
0.427000
0.428000
0.427000
0.428000
0.425000
0.428000
0.428000
0.428000
0.428000
0.428000
0.426000
0.428000
0.425000
0.428000
0.426000
0.427000
0.426000
0.429000
0.428000
0.427000
0.428000
0.429001
0.430000
0.430999
0.430000
0.429001
0.430000
0.430000
0.430000
0.429000
0.431000
0.429000
0.430999
0.429000
0.431000
0.430000
0.431000
0.429000
0.431000
0.429001
0.430000
0.431000
0.431000
0.428000
0.429999
0.429001
0.428000
0.429000
0.430999
0.428000
0.430000
0.429000
0.431000
0.430000
0.427000
0.429000
0.430000
0.430000
0.428000
0.429000
0.430000
0.428000
0.432000
0.428000
0.428000
0.428000
0.432000
0.428000
0.432000
0.428000
0.432000
0.428000
0.430000
0.428000
0.432000
0.428000
0.429000
0.429001
0.430000
0.429000
0.431000
0.429000
0.430999
0.429000
0.433000
0.429000
0.428000
0.428000
0.428000
0.429000
0.429000
0.427000
0.428000
0.429000
0.426999
0.429000
0.425001
0.429000
0.428000
0.429000
0.428000
0.430000
0.428000
0.429000
0.429000
0.430000
0.427000
0.429001
0.429000
0.428000
0.426999
0.427000
0.429001
0.429000
0.429000
0.429000
0.428000
0.427000
0.428000
0.429000
0.428000
0.429000
0.428000
0.428000
0.428000
0.428000
0.429001
0.429000
0.429000
0.429000
0.428000
0.429000
0.429000
0.429000
0.426000
0.430000
0.427000
0.429001
0.425000
0.428000
0.428000
0.428000
0.429000
0.428000
0.429000
0.429000
0.429000
0.429000
0.429000
0.432000
0.429000
0.429000
0.429000
0.428000
0.430000
0.428000
0.430000
0.428000
0.429000
0.429000
0.430000
0.426000
0.430000
0.428000
0.430000
0.428000
0.430000
0.428000
0.429001
0.428000
0.432000
0.429000
0.430000
0.428000
0.430000
0.428000
0.429000
0.428000
0.430000
0.428000
0.429999
0.429000
0.429000
0.428000
0.430000
0.427000
0.430000
0.429000
0.432000
0.426000
0.430000
0.427000
0.430000
0.430000
0.430000
0.430000
0.430000
0.429000
0.430000
0.428000
0.430000
0.428000
0.430000
0.428000
0.430000
0.428000
0.431000
0.428000
0.431000
0.426000
0.429001
0.427000
0.429001
0.432000
0.426000
0.429000
0.428000
0.429000
0.428000
0.428000
0.428000
0.429000
0.427000
0.429000
0.427000
0.429000
0.428000
0.429000
0.426999
0.428000
0.426999
0.428000
0.426000
0.429000
0.426000
0.428000
0.426000
0.428000
0.428000
0.430000
0.428000
0.429001
0.426000
0.428000
0.426000
0.427000
0.427000
0.427000
0.426000
0.426999
0.428000
0.428000
0.426000
0.429000
0.427000
0.427000
0.427000
0.429000
0.427000
0.429000
0.428000
0.429001
0.428000
0.465000
0.427000
0.431000
0.428000
0.427000
0.426999
0.426000
0.428000
0.428000
0.427000
0.426000
0.426000
0.426999
0.428000
0.429000
0.431000
0.427000
0.428000
0.427000
0.426999
0.426000
0.428000
0.431000
0.428000
0.429000
0.429000
0.430999
0.428000
0.427000
0.430000
0.430000
0.427000
0.426000
0.433000
0.430000
0.429000
0.427000
0.429000
0.426999
0.432000
0.430000
0.430999
0.427000
0.428000
0.430000
0.432000
0.430000
0.427000
0.425000
0.432000
0.430000
0.430999
0.430000
0.426999
0.429000
0.432000
0.430999
