3975.220000
3967.300001
3980.040000
3975.700000
3979.719999
3975.800000
3979.420000
3974.580000
3978.260000
3980.880000
3973.920000
3977.740000
3968.140000
3973.680000
3978.159999
3981.460000
3983.920000
3978.499999
3978.399999
3977.500000
3973.360000
3973.920000
3968.320000
3974.800000
3979.000000
3974.260000
3977.299999
3975.180000
3972.039999
3972.340000
3970.360001
3973.880000
3971.100001
3974.880001
3974.440000
3969.420000
3971.660000
3972.680001
3973.240000
3975.940000
3975.000001
3976.420000
3972.259999
3975.959999
3971.220000
3976.880000
3970.560000
3976.500000
3970.040000
3970.420000
3973.580000
3975.800000
3976.720000
3973.080000
3971.480001
3971.480000
3972.820001
3979.720000
3968.560000
3973.980000
3972.900000
3972.740000
3979.400001
3971.740000
3976.680000
3970.980000
3969.980001
3973.660001
3978.660000
3978.620000
3970.939999
3976.360001
3972.460000
3971.880000
3974.620000
3975.340000
3975.980001
3976.560000
3969.800000
3972.840000
3967.340000
3970.020000
3975.620000
3975.040000
3967.580000
3975.020001
3974.620000
3970.460000
3970.140000
3973.900001
3971.240000
3968.520000
3977.860000
3977.899999
3973.119999
3976.320000
3975.400000
3979.700000
3970.380001
3970.560000
3979.580000
3975.680000
3978.300001
3975.800000
3976.760000
3978.279999
3976.680000
3975.860001
3969.480000
3976.120001
3968.260000
3975.300000
3974.500000
3971.919999
3971.320000
3973.540001
3973.760000
3973.220000
3974.620000
3980.340000
3970.500000
3970.240000
3971.440000
3975.580000
3978.999999
3971.160000
3969.459999
3979.180000
3971.540000
3973.980000
3967.900001
3968.460000
3971.560000
3980.100000
3978.159999
3973.760000
3977.680000
3977.620000
3970.940000
3971.220000
3969.760000
3977.100001
3966.980000
3971.880000
3961.560000
3975.840000
3977.900000
3973.720000
3977.200000
3977.460000
3975.700000
3977.560000
3978.780000
3974.660000
3972.660000
3969.380001
3973.240000
3969.620001
3973.560000
3970.480000
3977.620000
3971.880000
3965.020000
3974.800000
3962.760000
3976.700000
3968.600000
3971.680000
3970.559999
3971.340000
3974.420000
3974.459999
3968.960000
3969.500001
3970.700000
3974.300000
3977.600000
3968.980000
3973.540001
3971.720000
3973.100000
3968.780000
3972.840000
3972.240000
3971.360001
3971.940000
3976.500000
3972.960000
3970.060000
3975.160000
3970.960001
3974.660000
3980.040000
3971.940001
3974.319999
3970.240000
3977.740000
3970.180000
3979.499999
3973.040001
3982.000000
3973.460000
3973.999999
3964.240001
3976.680000
3973.740000
3974.780000
3971.080001
3978.500000
3973.820000
3972.720000
3970.400000
3972.540000
3971.160000
3969.540000
3975.260000
3972.560000
3974.120000
3967.740000
3974.260000
3973.220000
3971.799999
3968.760000
3971.179999
3974.479999
3970.940000
3971.020000
3972.900000
3970.680000
3971.120000
3981.520000
3973.759999
3965.140000
3974.380000
3977.060000
3975.220000
3971.160000
3972.020000
3970.700000
3973.460000
3974.740000
3973.380000
3972.960000
3966.740000
3977.200001
3974.640001
3980.800000
3978.999999
3971.800000
3970.900000
3969.620000
3966.040000
3975.080000
3972.740000
3974.940000
3971.560000
3975.880000
3978.660000
3972.880000
3977.060000
3962.240000
3970.560000
3980.239999
3970.720000
3977.240000
3971.000001
3970.820000
3971.560000
3956.840000
3970.840001
3978.560000
3972.440001
3975.040000
3967.820000
3977.100000
3970.780000
3980.060000
3967.040000
3975.240001
3971.600000
3974.040000
3972.120000
3970.520000
3971.280000
3974.320000
3975.040000
3978.020000
3969.680000
3977.280000
3977.580000
3976.179999
3971.820000
3981.580000
3978.140000
3978.440001
3979.100000
3969.860000
3972.440001
3976.880000
3968.380000
3977.820001
3970.880000
3973.040000
3973.060000
3969.000000
3974.660000
3969.140000
3968.700000
3975.580000
3975.620000
3977.100000
3972.500000
3976.420000
3975.840000
3975.680000
3977.059999
3972.020000
3981.500001
3972.660000
3969.339999
3975.780000
3969.980001
3974.839999
3975.140000
3981.120000
3979.619999
3977.500000
3975.980001
3977.980000
3973.440000
3973.840000
3977.360000
3977.200000
3976.880000
3973.440000
3967.640000
3970.600000
3973.760000
3968.700000
3981.040000
3976.500000
3968.720000
3972.980000
3970.380000
3972.060000
3974.920000
3971.120000
3969.820000
3978.480000
3973.640000
3973.960000
3975.600000
3971.620000
3977.260000
3972.340000
3974.300000
3977.879999
3972.920000
3975.500000
3973.980000
3977.580001
3968.400000
3971.080000
3973.060000
3971.700000
3971.520000
3973.320000
3972.840000
3977.440001
3979.139999
3978.380000
3973.300000
3970.600000
3979.740000
3974.520000
3975.900000
3970.880001
3980.340000
3985.940000
3976.240001
3977.120001
3972.680001
3977.360000
3976.100000
3971.800000
3976.920000
3976.760000
3977.740000
3978.220000
3970.620000
3970.120000
3973.380000
3979.480000
3971.980000
3968.880001
3973.040000
3967.440000
3975.440000
3972.480000
3972.260000
3974.280000
3970.400000
3979.499999
3970.520000
3973.360000
3971.560000
3971.840000
3975.840000
3979.360000
3976.520000
3968.420000
3977.520000
3978.380000
3973.740000
3975.780000
3969.680000
3968.160000
3972.399999
3977.700001
3972.160000
3969.720000
3970.720000
3973.480000
3976.600001
3975.540000
3978.639999
3973.000000
3975.860000
3959.220000
3974.520000
3971.700001
3975.540000
3971.680000
3976.480000
3972.820000
3976.060000
3976.400000
3968.360000
3974.140000
3974.300000
3969.300000
3975.920000
3985.700000
3976.260000
3975.280000
3974.580000
3971.899999
3969.160000
3972.060001
3972.660000
3974.020000
3972.060000
3968.579999
3974.380000
3971.220001
3970.880000
3974.859999
3978.480000
3976.320000
3972.759999
3969.520001
3970.340000
3971.140000
3971.880000
3969.000000
3979.060000
3972.740000
3976.580000
3974.340000
3979.020000
3970.559999
3978.120000
3974.859999
3979.060000
3966.779999
3973.780000
3976.260000
3969.080000
3975.420000
3974.380000
3968.780000
3965.420000
3977.000000
3974.240000
3970.480001
3974.240000
3971.640000
3969.700000
3980.900000
3975.460000
3975.819999
3969.220000
3976.800000
3977.700000
3973.239999
3974.820000
3973.140000
3974.160001
3971.460000
3967.139999
3975.660000
3976.420000
3980.840000
3974.680000
3977.000000
3982.160000
3974.239999
3976.199999
3971.960000
3972.639999
3981.240001
3971.200000
3972.100000
3975.080000
3973.040001
3972.660000
3972.160000
3977.320000
3971.760000
3977.800000
3980.180000
3975.740000
3966.260000
3976.799999
3972.760000
3973.220000
3972.120000
3975.840000
3972.300000
3976.040000
3970.360000
3972.379999
3968.760001
3971.080000
3972.520000
3974.000000
3969.560000
3973.220000
3973.600000
3970.340000
3968.660000
3972.779999
3974.740000
3975.099999
3968.920000
3972.580000
3971.540000
3982.240000
3971.300000
3973.340000
3973.960000
3976.880000
3970.820000
3967.960000
3968.340000
3973.540001
3973.480000
3982.020000
3967.180000
3978.300001
3973.840000
3978.360000
3973.920000
3970.820000
3970.320000
3977.160000
3972.180000
3971.940000
3977.440000
3973.760000
3968.680000
3969.720000
3977.240000
3976.240000
3971.040000
3971.020000
3969.100000
3972.620000
3978.040000
3970.140000
3974.700000
3972.160000
3974.440000
3972.900000
3981.459999
3972.180001
3979.060000
3975.160000
3974.260001
3978.560000
3975.980000
3979.119999
3974.060000
3969.580000
3972.860000
3980.300000
3978.979999
3971.600001
3971.960000
3978.120000
3978.340000
3982.240001
3965.700000
3969.839999
3973.940000
3975.620000
3970.660000
3980.500000
3967.900000
3972.140000
3965.900000
3984.680000
3972.500000
3978.280000
3972.020000
3972.780000
3973.080000
3971.419999
3973.040000
3970.720000
3972.560000
3977.520000
3972.940001
3972.580000
3975.900000
3974.500000
3974.860000
3976.180000
3970.580000
3968.760000
3975.180000
3982.580001
3978.420000
3973.200000
3965.179999
3976.799999
3974.040000
3974.859999
3978.259999
3976.760000
3973.740000
3973.240000
3972.840000
3971.320000
3969.460000
3982.860000
3973.640000
3972.619999
3969.060000
3976.680000
3979.460000
3976.140000
3981.380000
3972.280000
3969.900000
3976.280000
3973.160000
3963.900000
3974.859999
3975.800000
3968.840000
3970.860000
3971.620000
3969.860000
3974.200000
3975.699999
3971.160000
3971.919999
3971.000000
3971.780000
3976.960000
3973.720000
3973.940000
3970.540000
3976.800000
3975.340000
3973.140000
3969.100000
3976.440000
3970.440000
3977.800000
3969.340000
3977.560000
3976.680000
3967.180001
3965.580000
3972.220000
3976.880000
3974.420001
3979.160001
3979.680000
3979.120000
3977.940000
3974.200000
3970.120000
3983.520000
3976.299999
3977.060000
3973.380000
3970.020000
3968.000000
3978.960000
3973.200000
3971.460001
3975.260001
3977.140000
3970.500000
3970.360000
3975.620001
3967.519999
3971.100000
3973.560000
3969.240000
3978.759999
3972.360000
3973.300000
3970.520000
3977.100000
3967.440000
3978.820001
3977.060000
3972.740000
3974.380000
3975.620000
3978.320000
3976.540000
3975.260001
3973.960000
3977.200001
3973.800000
3976.220000
3976.060000
3973.660000
3976.000000
3975.540000
3971.220000
3976.000000
3972.680001
3980.520000
3972.119999
3977.160000
3983.759999
3975.160000
3974.240000
3977.740000
3972.680000
3981.320000
3976.340001
3974.520000
3978.540000
3977.880000
3972.200000
3972.760000
3981.200000
3968.640001
3970.900000
3976.900000
3978.860000
3977.700000
3972.500000
3974.140001
3975.219999
3973.979999
3976.160000
3974.900000
3973.700000
3976.720000
3974.180000
3976.939999
3974.260001
3976.080000
3973.759999
3981.840000
3972.260000
3973.640000
3975.760000
3976.000001
3977.620000
3969.440000
3978.480000
3974.640001
3974.180000
3982.260001
3973.320000
3978.740000
3974.320000
3969.240000
3975.160000
3975.940000
3976.300000
3968.739999
3969.420000
3977.640000
3976.180000
3971.720000
3986.380000
3971.240000
3967.900001
3973.680000
3973.560000
3973.940001
3970.040000
3972.720000
3977.760000
3976.100001
3975.040000
3974.720000
3971.420000
3976.040000
3969.600000
3977.520000
3969.100000
3971.240001
3977.300000
3974.700000
3967.700000
3973.180000
3972.360000
3977.200000
3973.239999
3984.380000
3972.379999
3975.900000
3973.100000
3973.340000
3980.480000
3973.380000
3973.220000
3972.740000
3979.100000
3983.220000
3973.020000
3969.720000
3959.800000
3971.640000
3975.420000
3973.060001
3971.640000
3972.759999
3964.020000
3967.860000
3973.820000
3974.140000
3975.240000
3970.340000
3976.580000
3977.040000
3978.080000
3978.980000
3973.800000
3973.960000
3976.760000
3976.540000
3982.679999
3974.359999
3977.260000
3973.700000
3973.540000
3978.080000
3976.559999
3973.960000
3978.440000
3979.620000
3978.260000
3976.540000
3974.020000
3977.860000
3976.720001
3975.920000
3974.580000
3984.180000
3970.700000
3974.420000
3977.080000
3976.360001
3982.480000
3975.520000
3973.000000
3972.220000
3977.900000
3974.800000
3972.940000
3971.560000
3974.220000
3973.139999
3968.460000
3972.660000
3976.199999
3967.020000
3976.100000
3980.040000
3974.060000
3969.540000
3973.000000
3972.640000
3970.280000
3977.240001
3969.980000
3976.980000
3969.980001
3974.140000
3975.000000
3969.559999
3984.940000
3975.240000
3974.860000
3970.140000
3971.520000
3974.979999
3969.780000
3970.740001
3974.600000
3975.760000
3977.120000
3966.940000
3977.340001
3972.899999
3968.780000
3976.540000
3973.599999
3974.640001
3977.120000
3965.220000
3967.960000
3970.020000
3973.980000
3975.080000
3972.120000
3970.880000
3977.040000
3973.820000
3981.540000
3974.160000
3976.980000
3976.820000
3971.200000
3976.840000
3969.240000
3977.020000
3973.099999
3971.220000
3981.900000
3974.280000
3970.080000
3974.760000
3973.440000
3977.820001
3971.480000
3978.540000
3977.800000
3976.000001
3972.460000
3972.240000
3974.420000
3978.500000
3974.660000
3982.020000
3979.040000
3979.200000
3971.660000
3976.400000
3975.000000
3979.640000
3974.959999
3971.860000
3972.920000
3975.600000
3975.100000
3973.900000
3973.139999
3970.660000
3972.480000
3975.099999
3970.700000
3974.120000
3975.160000
3973.800001
3972.039999
3971.480001
3978.120000
3980.160000
3969.120000
3971.919999
3978.039999
3970.560000
3975.980000
3976.280000
3971.980000
3967.860000
3978.160000
3976.120000
3974.320000
3977.460000
3974.600000
3974.840000
3973.900000
3974.040001
3975.579999
3976.720001
3968.740000
