42.533000
47.937000
43.158000
42.531000
42.154999
42.277000
42.163000
42.123000
42.393000
42.048000
41.887000
42.142000
42.009000
42.045999
42.340999
41.990999
42.106000
42.206001
42.097000
41.905999
42.105000
42.079000
41.978001
42.113000
42.010000
42.200000
42.267000
41.716000
41.894000
41.929000
41.983999
41.999999
41.930000
41.900001
41.895000
42.105000
41.782000
42.006001
41.887000
42.785000
42.075000
41.918000
41.964000
41.987000
42.070000
42.092000
41.990000
41.900000
42.013000
41.835000
41.811000
41.907000
41.927000
42.032000
42.098000
42.110000
42.185999
42.733000
41.929000
42.188000
41.998000
42.123000
41.910000
42.095000
42.090000
41.870000
42.090001
41.912000
41.828000
42.043000
41.863999
41.934000
41.908000
41.731000
41.839000
42.016000
41.998000
41.825000
41.692000
41.987999
41.820000
41.917000
42.522000
41.789000
42.003000
41.732999
41.944000
42.134000
42.120000
41.789999
41.831000
41.902000
41.732000
42.030999
41.889000
41.831000
41.820000
41.951001
41.820001
41.880000
41.829000
41.932000
42.084000
42.042000
41.910000
41.712000
41.874001
41.916000
41.823000
41.834000
41.716999
42.009001
42.602000
41.928000
42.030000
41.862001
41.862001
41.861000
42.005000
41.884000
41.900001
41.950000
41.895000
41.758000
42.022000
42.356000
41.979000
41.944000
41.869000
42.043000
41.904000
41.901000
42.023000
41.964000
41.845000
42.034000
41.902000
41.647000
42.052000
41.692000
41.711000
41.976999
41.731000
42.242000
41.823000
42.024001
41.940001
41.863999
41.909000
41.848000
41.936000
41.914999
41.816000
41.767000
41.913000
41.827001
41.908000
41.795000
41.985000
42.038000
41.899000
41.785001
41.962000
42.034999
41.765000
41.944000
41.905000
42.467000
42.636001
42.114001
42.094000
41.908001
41.914000
41.897000
41.988000
41.929999
41.928000
41.815000
41.847000
41.937000
41.860000
41.926000
41.812000
41.747000
41.899000
42.026000
41.817999
41.785000
41.808000
42.075000
41.871000
41.819000
41.956000
41.836999
42.180000
41.798000
41.718001
42.020001
41.945999
41.889000
41.796001
41.813000
41.906000
41.927001
41.956000
41.826000
41.801000
41.708999
42.134000
41.983999
42.588000
41.989000
41.985000
41.959000
41.804999
42.041000
41.702000
41.857000
41.848000
41.761001
41.429999
41.809000
41.871999
46.206000
42.210001
41.908000
41.926000
41.991000
41.838001
41.962000
41.812000
41.990000
41.892000
41.677000
41.760000
41.905000
41.735000
41.689999
41.800000
41.761001
41.775000
41.615999
41.669000
41.836000
41.932000
41.927001
41.745001
41.804000
41.916001
41.517001
41.907000
41.699000
41.584000
42.536000
41.905000
41.935000
41.891000
41.739999
41.761001
41.875999
41.731000
41.652000
41.765000
41.949000
41.813999
41.797000
41.702000
41.777000
41.889000
41.759000
41.817000
41.763000
41.847999
41.880000
41.967000
41.669999
41.818000
41.905000
41.653000
42.226000
41.954000
41.839001
41.861000
41.698000
41.874000
41.886999
41.745000
42.028000
41.898000
41.675000
41.733000
41.710000
41.817999
41.707000
41.952999
42.440000
41.991000
41.790000
42.095000
41.851000
41.781000
41.950000
41.931000
41.822000
41.796001
41.808001
41.711000
41.875000
41.755000
41.937000
41.875999
41.997000
41.785000
41.766000
41.867000
41.834000
41.850000
41.714001
41.735000
41.808000
41.786000
41.690000
42.072999
42.002001
42.048000
41.810000
41.786000
41.919000
41.774000
41.755999
41.885000
41.877000
41.896000
41.611000
42.594000
41.840000
42.057000
41.857000
42.641000
41.968000
41.846001
41.911000
41.898000
41.763000
41.729000
41.712000
41.732000
41.871000
41.714000
41.922000
41.750000
41.676000
41.596000
41.727001
41.822000
41.814000
41.823000
41.983000
41.972999
41.772000
41.820000
41.732999
41.573999
41.784000
41.649000
41.743000
41.750000
41.922000
41.766999
41.707000
41.768000
41.732999
41.777000
41.553000
41.749000
41.482000
41.627000
41.856000
41.870000
41.574000
41.749001
42.376000
41.969000
41.673000
41.640000
41.592000
41.797001
41.741000
41.933999
46.839000
42.255000
41.912000
41.804000
41.836000
41.924000
41.882000
41.801000
41.812000
41.728000
41.814000
41.711001
41.922000
41.687001
41.831000
41.815000
41.779000
41.789000
41.761000
41.816000
41.697999
41.909000
41.681000
41.867000
41.770000
41.769000
41.831000
41.777001
41.752000
41.778999
41.878000
41.596000
41.700000
41.752000
42.595000
41.794000
41.660000
41.805000
41.924001
41.751000
41.810000
41.839000
41.789001
41.584000
41.702000
41.759999
41.467000
41.761000
41.909000
41.756000
41.806000
41.597000
41.897001
41.500000
41.716000
41.647000
42.350001
41.940000
41.738000
41.876000
41.895000
41.816999
42.191000
41.685000
41.795000
41.649000
41.658000
41.745000
41.787000
41.696001
41.572000
41.829000
41.761000
41.761000
42.212999
41.838001
41.808001
42.319001
41.951000
41.824000
41.938000
41.660000
41.861000
41.758000
41.737000
41.804000
41.801999
41.986000
41.585000
41.696000
41.805000
41.634000
41.780000
41.879000
41.851000
41.589000
41.724000
41.625000
41.906000
41.973000
41.827000
41.809000
41.775000
41.917001
41.866000
41.716000
41.802000
41.801999
41.845000
41.788000
41.873001
45.907000
42.211000
41.886000
41.851000
41.877000
41.826000
41.653000
41.604999
41.658999
42.045000
41.910000
41.933000
41.924000
41.680000
41.906000
41.861000
41.738000
41.863000
41.736000
41.991999
41.807001
41.677999
41.826000
41.850000
41.784000
41.661999
41.729000
41.677000
41.721000
41.565000
41.767000
41.754001
41.931001
41.774000
41.742000
41.711001
41.879000
41.578000
41.674000
41.877000
41.720000
41.964000
41.914000
41.927000
41.663000
41.766999
41.724999
41.789000
41.644000
41.819000
41.600000
42.344000
41.865000
41.590001
41.765000
41.873000
42.695000
41.910000
41.755000
41.667000
41.852999
42.006000
41.819000
41.628000
41.796000
41.801999
41.747000
41.613000
41.801000
41.933000
41.535000
41.950000
41.765000
41.561000
41.637000
41.821999
41.740000
41.791000
41.678000
41.853000
41.793000
41.902000
41.857000
41.485000
41.647000
41.861000
41.654999
41.872000
41.891000
41.691001
41.689000
41.684000
41.815000
41.999000
42.417999
42.056000
41.854001
41.819000
41.743000
41.959000
41.680001
41.890000
41.840000
41.813000
41.779000
41.969000
41.709000
41.770999
41.620000
41.816001
41.781000
41.596999
42.269999
41.855000
41.838001
41.692000
41.648000
41.680000
41.748000
41.818000
41.790000
41.863000
41.742000
41.880000
41.934000
41.830000
41.848000
41.889000
41.865001
41.765001
41.696000
41.675000
41.816000
41.666000
41.934000
42.038000
41.918000
42.315000
41.955000
41.895000
41.694000
41.708999
41.888000
41.875000
41.923000
41.739000
41.639999
41.690000
41.624000
41.770000
41.786000
41.941999
41.786000
41.767000
41.846000
41.686000
41.520000
41.982001
42.053000
41.677000
41.843999
41.867999
41.716000
42.053000
41.983999
41.673000
41.540000
42.661999
41.893000
41.871000
41.816000
41.749001
41.767000
41.997000
41.710000
41.731000
41.664001
41.831000
41.810000
42.452000
41.979000
41.816000
41.876000
41.795000
41.887000
41.763000
41.832000
41.770000
41.739999
41.790000
41.800000
41.598001
41.909000
41.715000
41.730000
41.780000
41.772000
41.755000
41.700999
41.931001
41.692999
41.739000
41.654000
41.874999
41.708000
41.732999
41.676000
41.755999
41.585000
41.585000
41.568000
41.574000
41.480000
41.573000
41.766999
41.625000
41.770000
41.693000
41.561000
41.678000
41.607000
41.595000
42.284001
42.176000
41.801999
41.799000
41.711000
41.820000
41.642000
41.551000
41.781000
41.681000
41.881001
41.623000
41.629000
41.823000
41.650000
41.714001
41.650000
41.724999
41.760000
41.776001
41.699001
41.747000
41.755000
41.763999
41.869001
41.665000
41.930000
41.963000
41.796000
41.782999
41.760000
41.726000
41.901000
41.860000
41.882000
41.836000
41.844000
41.775000
41.823001
41.927000
41.893000
41.830000
41.762000
42.526999
41.914000
41.790000
41.788001
41.785000
41.689000
41.882999
41.795000
41.684000
41.649000
41.761000
41.865001
41.810000
42.335000
41.704999
41.771000
41.973000
41.780001
41.725000
41.710000
41.834000
41.994000
42.024000
41.873001
41.770999
41.719000
41.723000
41.890000
41.734000
41.623999
41.989000
41.895000
41.728000
41.748000
41.786000
41.840000
41.770000
41.775000
41.861000
41.858000
41.860000
41.776000
42.389000
41.882000
41.821000
41.827000
42.004000
41.762000
41.761001
41.987000
41.893000
41.642000
41.683000
41.754000
41.692000
41.692999
41.678000
41.658999
41.696001
41.655000
41.858000
41.634000
41.574000
41.637001
41.833000
41.692000
41.545000
41.537000
41.622000
42.361000
42.113000
41.732000
41.627000
41.837000
41.836000
41.999000
41.844000
41.870001
41.711000
41.955000
41.699000
41.700000
41.980000
41.932000
41.885001
42.409000
41.913000
41.971000
41.924999
41.933000
41.785000
41.923000
41.734000
41.846001
41.960000
41.787000
41.900001
42.061999
41.789001
41.866000
41.946000
41.915000
41.804000
41.884000
41.719000
41.884000
41.805999
41.722000
41.872000
41.726000
41.926000
41.944000
41.545000
41.899000
41.764000
41.832000
41.809000
42.007999
41.928000
41.824000
41.682000
41.703000
41.831000
41.544001
42.277000
41.906999
41.768000
41.863000
42.531000
41.699000
41.869001
41.889000
41.723000
41.859999
41.962000
41.718001
41.847000
41.866000
41.792001
41.806000
41.772000
41.785000
41.806000
41.856000
41.611000
41.775000
41.882000
41.616000
41.697000
41.873001
41.709000
41.714001
41.646000
42.025000
41.570000
41.808000
41.611000
41.702000
41.723999
41.666000
41.692000
41.795000
41.672000
41.835000
41.708000
41.695001
41.602000
41.646999
41.653000
41.840999
42.485000
41.848000
42.039000
41.846000
41.632000
41.770000
41.665000
41.701999
41.987000
41.848000
42.164000
41.951000
41.670999
41.662000
41.638000
41.458000
41.916001
42.070000
41.797000
41.567001
41.787000
41.788000
41.777000
41.755000
41.596000
41.871999
41.817000
41.892000
41.783000
41.697000
41.731000
41.829000
41.708000
41.763000
41.813000
41.596000
41.850001
41.890999
41.792001
41.750000
41.916000
41.801000
41.835000
42.603000
41.726000
41.981000
41.825000
41.905000
41.697000
41.571001
41.921999
41.849000
41.828000
41.769000
41.762000
41.820000
41.715000
41.648000
41.728000
41.735000
41.663000
41.520000
41.731001
41.625001
41.821000
