185.995000
184.924000
184.021000
184.248000
183.276000
183.904000
183.390000
183.320000
183.763999
183.631000
183.722000
183.736000
183.050999
183.961000
183.629000
183.030000
184.402000
182.835000
182.871000
184.249000
183.271000
183.628000
183.115999
182.740000
183.359001
183.739999
183.744000
182.624000
184.131000
183.684000
183.338000
183.420000
182.973000
183.201000
183.360000
183.166000
182.517000
183.327000
183.576000
182.982000
182.742001
183.054999
183.371000
183.980000
183.215000
183.233000
183.047000
183.209999
183.320000
183.358001
182.664000
183.518000
183.085999
183.200000
183.549999
183.542000
183.192000
183.859000
189.103000
183.970000
183.375999
183.723000
184.064000
182.719001
183.499000
183.555000
183.107001
182.920000
183.305999
183.195001
182.755000
183.039000
183.344000
188.879000
183.956000
183.305000
183.137000
183.724000
183.184001
183.218000
183.673000
183.079001
183.106000
183.208000
183.145001
183.096000
183.208000
183.727001
183.310000
184.060000
183.143999
183.171000
183.178000
183.091000
182.913001
183.184000
183.352000
183.282999
183.395999
183.291000
183.383999
183.099000
183.400000
183.094000
183.743000
183.796000
183.302999
183.628000
183.358000
183.378000
183.088000
183.606001
183.155000
182.774000
182.826000
183.581000
183.303000
183.553999
183.403000
183.969000
183.354001
183.288001
183.423000
183.150999
183.353000
183.218000
183.732999
183.455000
182.788000
183.693000
183.101000
183.767000
182.645001
183.246000
183.970000
183.655000
183.861000
183.005000
182.886000
182.647999
183.137000
182.970000
183.598000
183.320000
182.963000
183.171000
183.300000
184.390000
183.130000
188.697999
183.870000
183.119000
182.978000
183.194000
183.158000
182.972000
183.584000
183.339001
183.879999
183.068000
183.009000
182.747000
183.359999
183.096000
188.203000
184.303000
183.105000
183.599000
183.259999
183.285001
183.129000
183.203000
183.488999
182.987000
182.956000
182.720000
183.171000
183.342000
183.127000
183.225000
183.255999
183.168001
183.472999
182.889001
183.374000
183.050000
182.683000
182.515000
183.348999
183.220999
183.846001
183.155000
183.156000
183.409000
183.073000
184.367000
183.471000
183.180001
183.539000
183.356999
183.113000
183.188000
183.116999
182.727000
182.917000
182.974000
183.363000
183.087000
182.965999
182.755999
184.092000
183.325000
183.413000
183.078000
183.923000
183.293000
183.274000
182.684001
182.827000
183.484000
183.472000
183.147999
183.141000
182.845000
183.216000
183.762000
183.156000
183.213999
183.567000
183.596999
183.703000
183.375000
182.889000
183.517000
183.321000
182.839001
183.052000
183.193000
182.697000
183.541000
188.635000
184.005001
183.359000
183.219000
183.361000
182.977000
183.262000
183.244999
183.557000
183.381000
183.072000
183.034999
183.332000
183.111000
183.331000
183.221000
184.095000
183.395999
183.462000
183.471000
182.899999
183.653000
183.524000
183.481000
183.058999
183.593000
183.189000
183.067000
183.168000
182.990001
183.501001
183.990000
183.975999
183.892000
183.437999
183.993000
182.855000
183.098000
183.678000
183.433000
183.411000
182.737000
183.748000
183.058000
183.331001
183.389001
183.968999
184.043000
183.343000
183.109000
183.161000
183.125000
183.379000
183.215000
183.100999
183.501000
183.552000
182.681001
183.191000
183.484999
183.339000
184.315001
183.178000
183.313000
182.804000
183.639000
182.986000
183.360999
183.436000
183.080000
183.196000
182.922000
183.693000
183.346000
183.345000
183.326000
183.945999
183.626000
184.315001
183.232000
183.265000
183.500000
183.242001
183.738000
183.117000
183.258000
183.199000
183.718000
183.319000
183.439000
183.441000
188.765000
183.767000
183.281000
183.465000
183.153000
183.218000
183.482001
182.739000
183.290000
183.807000
183.540001
183.108000
183.400000
183.289000
183.413000
188.182000
183.830000
183.281000
183.555000
183.331001
183.215001
182.927000
183.571001
183.444000
183.563001
183.280000
183.291000
183.798000
183.320000
183.402000
183.906000
183.003000
183.122001
182.878000
183.209000
183.236999
182.837000
183.261000
182.668000
183.396000
183.274000
183.112000
183.313000
182.967000
183.147000
183.273000
183.828000
183.258000
183.471000
183.338000
183.817999
183.400000
182.662000
183.331000
182.984000
183.466000
182.913000
183.235000
184.148000
183.241000
183.449999
183.840999
184.045000
183.754000
183.030000
183.459000
183.226000
183.072999
183.139999
182.882000
183.111000
182.750000
184.314000
182.938999
182.978000
183.364000
184.559001
183.382000
183.125000
183.185000
183.317000
184.083000
183.244000
183.053999
183.300000
183.068001
183.147000
183.222000
183.406000
182.685000
183.835000
184.358000
183.690000
183.240000
183.580000
183.395000
183.165000
183.352000
183.348000
183.157001
182.725000
183.014000
183.125000
183.795000
183.425000
182.847000
188.420000
183.810000
183.180001
183.281001
183.041001
183.340000
183.295000
183.419000
183.549000
184.327000
183.595000
183.440000
183.658999
183.075000
183.252000
182.814999
183.932000
184.052999
183.049999
183.285000
183.511000
182.992999
183.169999
182.867000
182.900000
182.918000
183.335000
183.414000
183.480999
183.158999
183.094000
183.648000
183.406000
183.753000
183.325000
183.439000
183.391000
183.222000
183.000000
183.142000
183.152000
182.975000
183.041000
183.794999
183.240000
183.130000
183.608000
183.551000
183.265001
183.124000
182.680000
182.964000
183.724999
183.031000
183.193000
183.064000
182.953000
183.070000
183.089000
183.372000
183.197000
184.005000
183.140000
183.785000
184.047000
183.931000
183.195000
183.325999
183.029000
183.149000
183.701000
183.274000
183.397001
183.512000
182.893001
182.926000
183.736000
183.851000
183.280000
182.782999
183.638000
183.040000
183.228000
183.417000
183.309999
183.573000
183.443000
183.779000
183.324999
183.147999
183.587000
188.556000
184.182000
182.945999
184.156001
183.280000
183.067000
183.129000
183.366000
182.727000
183.208000
182.776000
183.071000
183.047000
183.556000
183.204000
183.255999
183.423000
183.178000
182.975000
182.990000
183.808000
183.322000
183.054999
183.451000
182.655000
182.790999
183.281000
182.843001
183.293000
183.248000
183.476000
184.521000
183.943000
182.950000
183.116000
183.221000
183.199001
183.026000
182.944000
183.192000
182.980000
182.813999
182.263000
183.534000
183.600000
183.140000
184.473000
183.348000
182.951000
182.876999
182.967000
183.431000
183.169000
182.976000
182.731000
182.771000
182.997000
183.007000
183.227000
183.211001
183.054000
183.958000
182.860000
183.051000
182.994000
183.285000
183.305000
183.105000
183.420001
183.499000
182.901000
183.006000
182.508000
183.469000
183.288000
183.346001
187.942000
184.319000
183.573000
183.472999
183.380000
182.647000
183.403000
182.769001
183.089999
183.429000
183.387999
182.961000
183.553000
183.893000
182.872999
187.910000
183.727000
182.933000
183.607000
182.995000
183.426000
183.135999
182.899999
183.134000
183.234000
183.123000
183.598001
183.282000
183.408000
183.035000
183.509000
183.399000
183.383999
183.123000
182.949000
183.005000
183.645000
183.080000
183.154999
182.805000
183.200001
183.192000
182.647000
183.093000
183.620000
183.278000
184.100000
183.130000
183.632000
183.590000
183.110000
183.159000
183.094000
182.972000
183.470000
184.144000
183.127000
183.342000
183.501000
183.440999
183.056000
184.198000
183.343000
182.942000
183.379000
183.013001
183.649000
183.399000
183.220000
183.014000
182.906000
182.849000
182.608000
182.967001
183.183000
183.472999
184.085000
183.174999
183.585000
183.258000
183.173999
182.735000
183.399000
183.393000
183.018001
183.504000
183.265000
182.987000
183.098000
183.004000
183.332999
188.224999
183.451000
183.753001
183.207001
183.202000
183.060001
183.080999
183.702000
183.302999
183.515000
183.400000
183.360000
183.312000
183.205000
183.102000
188.572000
183.968000
183.374000
183.269000
183.016000
183.082000
183.041000
182.775000
183.292001
183.376000
183.145001
183.237000
182.722000
182.906999
182.783000
183.070000
183.436999
183.347000
182.991000
182.561000
182.855001
183.255000
182.829000
183.428000
183.724000
182.977000
183.187000
183.215000
183.524000
182.915000
182.576000
183.921000
183.720000
184.101000
182.746000
183.773000
183.138001
183.430000
182.980000
183.255000
182.996000
183.496000
183.140000
182.992000
183.034000
183.470001
184.155000
182.980000
183.278999
183.305000
182.684000
183.466000
183.413000
183.699000
182.974000
182.734000
182.649000
182.656000
183.249000
183.208999
183.275000
187.375001
182.982001
183.487000
183.315000
183.327000
182.667000
182.957000
183.373000
183.272000
182.655000
182.738000
182.974000
183.605000
183.135000
183.355000
188.240999
184.440999
183.496000
183.351001
183.312000
183.433000
182.837000
183.249000
183.031000
183.349000
183.028000
183.324001
183.190000
182.852000
183.077999
183.218000
183.572000
183.619999
183.438000
182.955001
182.964999
182.811000
182.930000
183.385001
183.375000
183.167000
183.095000
183.139999
183.138000
183.501001
182.814999
183.449000
183.200000
183.070000
183.197000
182.902000
183.267999
182.780000
182.941000
182.642000
183.478000
182.692000
182.946000
183.129000
183.871000
182.674000
184.025001
182.948000
183.202000
183.182000
182.979000
182.627999
183.158999
183.681000
182.991001
183.270000
183.222000
183.493000
183.530000
183.223001
183.236000
184.562000
184.270000
183.527000
183.452000
182.724000
182.978000
183.190000
183.059000
182.988000
183.722001
182.954000
183.569000
183.710000
183.103000
183.418000
189.084000
183.842000
183.377000
183.719001
182.707001
182.559000
183.374001
183.061999
183.515000
183.045000
183.703000
183.843000
183.413000
182.809000
183.353000
187.783999
183.640000
182.990000
182.939000
183.412001
183.310000
183.311000
182.984000
183.372000
183.289000
183.390000
183.004000
183.068000
183.296000
183.315000
183.769001
183.836000
183.275000
183.218000
182.942000
183.075001
182.804001
183.128000
182.717999
183.285000
183.627999
183.130001
183.061000
183.057000
183.175000
182.849000
183.146000
183.551000
183.251000
183.236000
183.167000
183.313000
183.337000
183.700000
183.293000
183.053999
183.316000
183.357000
182.599000
182.551000
182.933000
183.761000
183.069000
183.094000
183.321000
183.696000
183.262999
183.353000
182.999000
183.518000
183.327001
182.843000
183.236999
183.480000
183.476000
182.899000
183.766001
183.032000
182.902000
183.061000
183.105000
182.764000
183.533000
183.672000
183.448999
183.910000
183.092999
182.939000
183.365000
183.718001
182.820001
183.621000
183.498001
183.588000
183.444000
183.259000
183.625000
182.607000
183.297000
182.814000
183.389000
183.475000
183.114001
183.008000
183.470000
183.308000
188.342000
183.862000
183.461000
183.130000
182.692001
183.677000
182.899000
183.425000
183.313000
183.445000
183.279000
183.210000
182.728000
183.583000
183.157001
183.373000
183.489000
183.613000
183.607000
183.157000
182.694000
183.538000
183.019000
182.864000
183.322000
183.521000
183.188000
183.031000
183.022000
183.251999
183.104000
184.118000
