0.120000
0.108000
0.109000
0.107000
0.107001
0.107000
0.107001
0.107001
0.107000
0.107000
0.107000
0.108000
0.108001
0.107001
0.107000
0.108000
0.107001
0.107000
0.107001
0.108001
0.107000
0.107000
0.107000
0.107001
0.107000
0.107001
0.107000
0.107001
0.107001
0.107000
0.107001
0.105999
0.108000
0.107001
0.108000
0.109000
0.108000
0.108000
0.108000
0.107000
0.108000
0.108000
0.108000
0.108000
0.109000
0.108000
0.107001
0.108000
0.108000
0.108000
0.108000
0.108000
0.108001
0.108000
0.108000
0.108000
0.124000
0.108000
0.108000
0.108001
0.108000
0.108000
0.107001
0.108000
0.108000
0.108000
0.107000
0.107001
0.108000
0.108000
0.130000
0.108000
0.108000
0.108000
0.107000
0.108000
0.108000
0.108000
0.108000
0.107000
0.107000
0.107000
0.107001
0.107000
0.108000
0.107000
0.107000
0.108000
0.108001
0.108000
0.107000
0.108001
0.108000
0.108000
0.108000
0.108001
0.108000
0.108000
0.108000
0.108000
0.107000
0.126000
0.108000
0.107000
0.108000
0.108000
0.107000
0.108000
0.108001
0.107000
0.108000
0.107001
0.108000
0.108000
0.108000
0.107001
0.108000
0.108000
0.108000
0.108001
0.107001
0.108000
0.107001
0.108000
0.108000
0.108000
0.108000
0.108001
0.108000
0.108000
0.107001
0.108000
0.108000
0.108000
0.108000
0.108000
0.107000
0.108000
0.108000
0.107001
0.108000
0.108000
0.108001
0.107000
0.108000
0.107000
0.108000
0.108000
0.108000
0.108001
0.107000
0.108000
0.108000
0.108000
0.108000
0.108000
0.108000
0.107001
0.108999
0.108000
0.108000
0.108000
0.108000
0.108000
0.107001
0.108000
0.108000
0.108000
0.108000
0.108001
0.108000
0.107000
0.108000
0.107000
0.107000
0.107000
0.108000
0.108000
0.108000
0.108000
0.108000
0.130000
0.147999
0.108000
0.109000
0.107000
0.108000
0.108001
0.107000
0.110000
0.108000
0.108000
0.108001
0.108000
0.108000
0.108001
0.108000
0.108000
0.107001
0.107001
0.108000
0.108000
0.107000
0.107000
0.108000
0.108001
0.108000
0.108000
0.108001
0.108000
0.108000
0.108000
0.107001
0.108000
0.108000
0.108000
0.108000
0.108000
0.108000
0.108000
0.108000
0.108000
0.108000
0.107001
0.108000
0.107001
0.107001
0.108000
0.108000
0.107000
0.108000
0.108000
0.108000
0.108000
0.108000
0.108000
0.108000
0.108000
0.108001
0.108000
0.108999
0.107000
0.107000
0.130001
0.108001
0.107000
0.108000
0.108000
0.108000
0.107001
0.108000
0.108000
0.108000
0.107000
0.107000
0.107001
0.108000
0.108000
0.108000
0.108000
0.107001
0.108000
0.108000
0.108000
0.108000
0.108000
0.107000
0.108000
0.107000
0.108001
0.108000
0.107000
0.107000
0.107000
0.130001
0.108000
0.108000
0.108000
0.108000
0.108000
0.108001
0.108000
0.108000
0.108000
0.107000
0.108000
0.108000
0.108001
0.108001
0.108000
0.107000
0.109000
0.108000
0.108000
0.108000
0.108000
0.108000
0.108001
0.108000
0.107000
0.108000
0.108000
0.108000
0.108000
0.108000
0.107000
0.107001
0.108000
0.108001
0.108000
0.108000
0.108000
0.108001
0.108001
0.108000
0.107000
0.108000
0.107000
0.108000
0.108000
0.108001
0.108001
0.107001
0.108001
0.107000
0.108000
0.108001
0.108000
0.107000
0.107000
0.107000
0.108000
0.108000
0.108000
0.108000
0.107001
0.108000
0.108000
0.108000
0.108000
0.108000
0.108000
0.108000
0.108000
0.108000
0.107000
0.108000
0.107000
0.108000
0.108000
0.107000
0.107000
0.107000
0.107000
0.108000
0.107001
0.108000
0.108000
0.108000
0.108000
0.107001
0.108000
0.108000
0.107000
0.108000
0.108000
0.107000
0.107000
0.107000
0.108000
0.108000
0.108000
0.107000
0.107000
0.108000
0.108000
0.107001
0.107000
0.108001
0.107000
0.108000
0.108001
0.108000
0.107000
0.107000
0.108000
0.108000
0.108000
0.108000
0.108000
0.107000
0.108000
0.108000
0.107000
0.124000
0.108000
0.135000
0.108000
0.108000
0.108000
0.108000
0.107001
0.108000
0.107000
0.109000
0.107001
0.107001
0.107001
0.107001
0.107001
0.108000
0.107000
0.108000
0.108001
0.108000
0.108000
0.108001
0.108000
0.107000
0.108001
0.108001
0.107000
0.108000
0.108000
0.108000
0.108000
0.108000
0.107000
0.108000
0.108000
0.108000
0.108000
0.108000
0.108000
0.107000
0.108000
0.107000
0.108000
0.108001
0.108000
0.108000
0.107001
0.107001
0.108000
0.108001
0.109000
0.108000
0.108000
0.108000
0.108000
0.108000
0.107000
0.108000
0.107001
0.108000
0.108000
0.108000
0.107000
0.108999
0.108001
0.108000
0.107001
0.108000
0.107000
0.108001
0.107000
0.107001
0.108000
0.107000
0.108000
0.108000
0.108000
0.108000
0.108000
0.108000
0.108000
0.108000
0.108000
0.107000
0.107001
0.108000
0.108000
0.108000
0.108000
0.130000
0.130001
0.108000
0.107000
0.109000
0.108000
0.108000
0.107000
0.108000
0.108000
0.107000
0.108000
0.109000
0.108001
0.108000
0.108000
0.108000
0.108000
0.108001
0.108000
0.108000
0.108001
0.107001
0.107001
0.107001
0.108001
0.108000
0.108000
0.108000
0.107000
0.107000
0.108000
0.107000
0.107000
0.108000
0.108000
0.107001
0.108000
0.108000
0.108001
0.108000
0.108000
0.108000
0.108000
0.108000
0.108000
0.108000
0.108000
0.109000
0.107001
0.108000
0.108000
0.108000
0.108001
0.107001
0.108000
0.108000
0.107000
0.109000
0.108000
0.107001
0.108000
0.108000
0.123001
0.108000
0.107000
0.108001
0.108000
0.108000
0.108000
0.108000
0.108000
0.108000
0.108000
0.108000
0.108001
0.108000
0.130001
0.109000
0.108000
0.128999
0.108000
0.108000
0.107000
0.108000
0.108000
0.108000
0.108001
0.107000
0.107001
0.107000
0.108000
0.107000
0.108000
0.108000
0.108000
0.108001
0.108001
0.108000
0.107000
0.108000
0.108000
0.108000
0.107000
0.108000
0.108000
0.108000
0.108000
0.108000
0.107000
0.108000
0.108000
0.108000
0.108000
0.108000
0.107000
0.107000
0.108000
0.108000
0.108000
0.108000
0.107001
0.108000
0.108001
0.108000
0.107000
0.108000
0.108000
0.108000
0.108000
0.108000
0.108000
0.108000
0.108000
0.109000
0.108000
0.108001
0.108000
0.108001
0.108000
0.130000
0.108000
0.108001
0.108000
0.108000
0.108001
0.107001
0.108000
0.108000
0.107000
0.108001
0.108000
0.107000
0.108001
0.108000
0.107000
0.108000
0.107000
0.108000
0.108000
0.108000
0.108001
0.108000
0.108000
0.108000
0.108001
0.108000
0.130001
0.108001
0.130000
0.108000
0.108000
0.108000
0.108001
0.108000
0.108001
0.109000
0.107000
0.107000
0.108001
0.108000
0.108000
0.108000
0.108000
0.107001
0.108000
0.109000
0.107000
0.108001
0.108000
0.107001
0.108000
0.107000
0.107001
0.108001
0.108000
0.108000
0.107001
0.108001
0.108000
0.108000
0.108000
0.108000
0.108000
0.108000
0.108000
0.107000
0.107000
0.107000
0.108000
0.108000
0.108000
0.107000
0.108000
0.108000
0.107000
0.129000
0.108999
0.108000
0.108000
0.109000
0.108000
0.108000
0.108000
0.107000
0.107001
0.108000
0.108000
0.107000
0.108000
0.108000
0.107000
0.108000
0.108000
0.108000
0.107000
0.108000
0.107001
0.108000
0.108000
0.108000
0.108000
0.108000
0.108000
0.109000
0.108000
0.108000
0.107000
0.107001
0.108000
0.107001
0.108000
0.108000
0.108000
0.107000
0.108001
0.108000
0.108000
0.108000
0.108000
0.108000
0.108000
0.108000
0.108000
0.107001
0.108000
0.108000
0.108000
0.109000
0.108000
0.108000
0.108001
0.107000
0.107000
0.108001
0.108000
0.107001
0.107000
0.108000
0.108000
0.107000
0.108000
0.108000
0.108001
0.107000
0.108000
0.107000
0.108000
0.107000
0.108000
0.108000
0.108000
0.107000
0.108000
0.108000
0.108000
0.108000
0.108001
0.108000
0.108000
0.108000
0.107001
0.107001
0.108000
0.108000
0.107001
0.108000
0.108000
0.108000
0.108000
0.108000
0.108000
0.107000
0.108000
0.108001
0.108000
0.107000
0.108000
0.108000
0.109000
0.107000
0.107001
0.108000
0.107000
0.108000
0.108000
0.108000
0.107000
0.107000
0.108000
0.108000
0.108000
0.108000
0.107000
0.107001
0.108000
0.108001
0.108000
0.108000
0.108001
0.107000
0.108000
0.108000
0.107001
0.107001
0.108000
0.108000
0.108000
0.108000
0.108000
0.108000
0.133000
0.108000
0.108000
0.108000
0.108001
0.108000
0.108000
0.107001
0.108000
0.108000
0.108000
0.108000
0.107001
0.108000
0.108000
0.108000
0.108000
0.108000
0.108000
0.108000
0.108000
0.107000
0.107001
0.108000
0.108000
0.108001
0.107001
0.107000
0.107000
0.107001
0.108000
0.108000
0.108000
0.108000
0.108000
0.108000
0.108000
0.107000
0.107001
0.108000
0.108000
0.107000
0.108000
0.108000
0.108000
0.108000
0.107000
0.107000
0.108000
0.107000
0.108000
0.107001
0.108000
0.107000
0.107000
0.108000
0.108000
0.108000
0.107000
0.108001
0.107000
0.107000
0.108000
0.107001
0.108000
0.108000
0.108000
0.107000
0.108000
0.108000
0.108000
0.108000
0.108000
0.161000
0.108000
0.108000
0.107000
0.107000
0.108000
0.108000
0.107000
0.108000
0.108000
0.108000
0.107001
0.108000
0.107000
0.108000
0.108000
0.108000
0.108000
0.107000
0.108000
0.108000
0.108000
0.109000
0.107001
0.107000
0.107000
0.107000
0.108000
0.108000
0.108000
0.108000
0.108000
0.107001
0.108000
0.109000
0.108001
0.108000
0.108000
0.107000
0.108000
0.108000
0.108000
0.108000
0.108000
0.107000
0.108000
0.107001
0.108000
0.108000
0.127001
0.108000
0.108000
0.108000
0.108000
0.108001
0.107001
0.109000
0.108000
0.108000
0.108000
0.108000
0.108000
0.108001
0.108000
0.108000
0.107000
0.108000
0.107001
0.108000
0.108000
0.107000
0.108000
0.107000
0.108000
0.108001
0.108000
0.108001
0.108000
0.108000
0.108000
0.107000
0.108000
0.108000
0.108000
0.108000
0.108000
0.109999
0.109000
0.108000
0.108000
0.130001
0.108000
