208.168999
209.086000
203.568000
211.731001
205.103000
209.973000
199.174000
204.717999
198.509000
206.737000
202.200000
206.663000
205.719001
208.455000
208.988000
207.804000
204.944001
203.934000
204.671000
210.646000
207.299001
207.572000
203.548000
206.654999
208.445000
198.980000
198.525000
208.133000
204.690000
206.729000
211.137000
204.818000
207.114999
200.182000
202.062000
204.322000
206.569000
209.046000
205.709000
209.210000
205.438000
205.346000
205.362000
205.730001
207.222000
207.087000
210.075000
204.450000
208.762000
203.418001
204.944000
207.739000
204.721000
205.640000
205.943001
204.725000
204.951000
214.050001
204.548000
205.112000
207.991000
204.798000
207.431001
205.015000
204.510000
205.902000
205.259001
208.041999
204.472000
207.355000
204.850000
205.525000
204.628999
203.852000
207.251000
205.451000
206.819000
205.321000
207.722000
206.499000
206.541000
203.872001
210.919000
206.228999
205.135000
203.849999
206.060000
206.254000
205.963000
205.217000
206.636000
206.898999
209.695000
207.566001
204.799000
206.885000
205.225999
207.504001
205.000000
210.272999
198.372000
204.582000
205.933000
204.732000
209.264000
206.286999
206.981000
203.686000
201.291000
208.229001
206.465000
203.470999
209.332000
205.995000
207.572000
204.134000
206.220000
205.801000
203.571000
205.673999
208.092000
207.909000
208.108000
207.310000
205.544000
205.910000
204.502000
206.162999
205.015000
205.153000
206.163000
209.186000
199.786000
199.733000
205.256000
208.421000
205.314000
199.436000
209.023000
209.107000
205.302999
207.930000
204.438000
203.070000
205.784000
203.829000
208.611000
204.020000
205.796000
205.860999
209.341999
207.191000
203.698000
207.417999
201.949000
208.130000
205.274000
205.099001
196.990999
209.026000
205.271000
209.117000
204.450000
206.133000
205.181000
213.671001
208.483000
204.785000
212.098000
207.802000
206.214000
206.367000
206.881001
205.805001
205.753000
206.063000
205.858001
207.918000
207.388000
200.923000
208.981000
206.524000
207.198000
206.011000
206.280001
206.762000
205.775000
205.779000
204.043000
210.438000
207.439000
206.950000
206.417000
206.617001
210.079000
204.385000
206.421000
204.018000
205.741000
209.776000
206.618001
208.071000
209.665000
205.499001
208.535001
205.579000
207.170000
204.140000
202.581000
207.535001
208.123000
207.719000
208.237001
205.510000
206.981000
205.085000
205.307000
204.322999
207.964000
203.602000
204.855000
200.371000
204.235001
208.505999
204.481000
203.521000
206.228999
207.766000
205.246000
205.608000
204.031000
207.273000
205.468000
209.289000
204.342999
205.270000
207.237001
205.968000
203.649000
206.961000
205.368999
208.964000
205.035999
206.917000
204.466000
204.442000
205.223000
205.268000
206.809000
206.335000
204.384000
204.225000
206.305000
198.788000
204.974000
205.754000
211.023000
204.759000
206.133001
206.469000
207.051001
203.640000
205.936000
206.165000
211.136000
205.849000
203.246000
208.999000
204.119000
201.853000
208.910000
204.685000
208.423000
207.234000
204.218000
205.333000
207.442000
206.272000
209.750000
206.460999
207.274999
204.625000
204.579000
206.122001
206.146000
207.250000
206.581000
206.041000
204.324000
204.762000
206.041000
207.332999
207.122001
199.035000
205.308001
207.086000
205.842000
211.427000
207.208999
207.219999
207.868000
205.755000
205.188000
204.332001
204.798000
205.657000
204.584000
207.158000
205.788000
206.697000
208.563000
204.571000
200.918000
205.919000
206.867000
207.335000
197.142000
206.754000
205.074000
208.312000
208.423000
205.641000
207.201000
208.254000
199.934999
207.736000
207.173999
209.892000
205.978001
205.229000
206.244000
212.950000
208.027000
202.899000
207.730001
210.430000
209.119000
206.152000
208.221000
203.303000
209.243000
207.760001
203.930000
205.045000
206.941999
209.253999
204.338000
206.901000
206.842001
205.074000
205.460000
204.259000
210.499000
210.632999
204.768000
207.834000
206.641001
199.049000
206.269000
206.872000
206.381000
208.245000
206.015000
209.365000
205.109000
205.930999
204.677001
206.107001
207.584000
205.136999
209.116000
204.980000
210.341000
205.139000
209.556000
206.157000
212.900000
204.983000
206.280000
205.906000
207.190000
206.847000
205.063000
205.760000
209.253999
204.356000
209.732001
204.824001
206.160000
205.996000
207.131000
203.460000
205.254000
207.035000
206.576999
207.554000
206.763000
208.319000
204.845000
206.245000
209.251000
202.960000
205.232000
205.677000
205.713000
204.783000
206.209000
205.386001
207.285000
205.883000
203.709001
208.800000
206.149000
206.519000
204.950999
205.309000
207.161000
206.916000
206.962000
205.008000
207.440999
205.680000
205.182000
204.972001
206.012000
209.286000
207.718999
206.524001
204.855000
204.841999
208.575000
205.402000
196.599000
206.293000
207.784000
208.225000
206.517000
205.616000
203.431000
204.577000
204.355000
209.793000
206.121000
204.249999
206.787000
204.229999
208.281000
205.647000
204.039000
200.228000
208.062001
205.790000
206.372000
206.048000
206.347001
205.523000
203.676000
204.182001
208.144000
204.750000
204.859000
208.459000
206.754000
205.052000
204.396999
207.056000
198.670000
204.328001
205.582000
205.835000
200.691001
207.163000
205.823000
203.933000
205.196000
206.369000
208.842000
204.900000
206.579000
206.632000
206.863000
203.802000
206.799000
209.797000
210.775000
208.439000
203.761999
207.356000
202.875000
205.883000
207.456000
208.334001
206.981000
206.530000
204.564000
204.354000
204.759001
207.307000
207.486000
208.215000
197.250000
205.758000
205.151000
207.118000
199.129000
205.607999
204.999000
206.939000
204.449000
206.972999
206.062000
209.167000
205.325000
206.825000
204.555999
205.465000
206.960000
204.315000
206.559001
205.244999
203.745000
207.284000
208.725000
205.628000
205.615000
205.180000
207.549000
205.715000
207.876001
205.684001
206.921000
205.822000
208.544000
207.572000
204.740000
207.690001
207.347000
203.895001
207.511000
206.927001
207.101000
206.770000
208.141999
204.335000
200.939001
204.841000
205.483001
206.627000
204.671000
207.644001
204.943000
208.439000
205.453000
204.953000
205.282000
205.640000
203.815999
206.687000
205.276000
207.595000
206.723001
206.366001
209.001000
203.698000
204.640999
209.863000
203.872000
208.597000
205.150000
208.632001
206.600000
203.665000
208.006000
203.383000
204.826999
207.115999
206.489000
205.665000
206.261001
198.658000
210.582000
209.001000
206.660000
207.059000
207.454001
204.946000
206.724999
209.979001
207.684000
206.585000
208.597000
207.585000
206.895000
205.002001
205.478000
204.474000
205.717999
206.203001
204.956000
208.723000
203.590999
206.110000
207.380000
206.171000
205.608000
199.181000
209.469000
206.986000
205.597000
208.330000
204.651999
206.959999
205.377000
206.277000
206.869001
209.407000
205.494000
204.845000
204.794001
205.242000
201.356000
204.890001
205.848000
205.886000
206.410000
206.846001
205.917000
204.898000
204.150000
208.988000
213.050000
206.791000
208.215000
205.400000
204.631000
203.961001
205.707000
206.920000
207.095000
208.903001
207.215000
204.164000
208.515001
205.545999
204.189000
205.240000
205.571000
208.142000
207.663000
205.352000
203.591000
205.191000
206.243000
208.967000
205.748999
204.677000
206.029000
205.615000
209.366000
208.804999
205.694000
206.216000
208.246000
204.809001
207.785000
204.522001
203.871000
207.288001
205.597000
204.162001
205.848000
204.719000
206.381000
203.695000
205.422999
205.380000
207.543000
207.447000
205.248000
204.946000
205.927000
209.331000
203.329001
206.440000
210.960001
207.037000
204.841000
205.067000
206.131000
206.171000
208.914000
206.561000
205.989000
205.105000
206.709000
204.229000
206.205000
206.158000
206.392000
203.594000
206.671000
203.562999
206.263999
195.265001
204.690000
203.147001
207.075000
204.088001
206.679000
209.239000
205.654000
204.961000
206.631000
206.761000
209.347000
205.775000
204.914000
208.756999
211.154000
208.393000
205.726000
206.315000
215.625999
200.168000
208.887000
209.065000
206.114000
204.279001
207.156000
207.283000
205.356000
208.810000
202.721000
211.522001
204.798001
209.243000
204.498000
204.745000
204.988000
204.407000
207.761001
205.496000
206.210000
207.562000
205.223000
206.344999
204.898000
203.911000
206.392000
205.580000
204.605000
208.323999
205.873000
205.182999
210.880000
205.371000
206.543000
205.635000
205.107000
205.902999
214.083000
210.011000
205.052000
205.856000
205.583001
205.380999
205.033000
211.553000
204.744999
205.734000
204.599000
206.226000
207.503000
207.297999
209.096000
204.307000
205.132000
206.096000
208.870000
207.073000
206.701000
205.646000
206.990000
205.171000
210.210000
205.264000
205.647000
212.753000
205.494000
206.038000
206.029000
203.509000
205.973000
207.682000
205.106000
206.262000
205.658000
204.716001
209.665000
206.161000
205.910999
204.344000
210.671000
205.739000
205.705000
207.766000
206.986000
207.801000
208.058000
206.518000
206.189000
206.056000
204.326000
209.614000
209.873999
204.578000
202.857000
208.522000
205.469000
204.839000
204.092000
204.829000
202.245000
208.484001
206.983999
206.138000
208.631000
205.922000
204.430000
205.248999
203.382000
205.174000
205.597000
204.161000
205.375000
204.517000
209.005000
207.550000
205.379000
208.513999
206.902999
205.287999
202.206000
207.734000
206.809000
205.178000
210.101000
207.832000
206.932000
205.486000
200.270000
207.378999
208.974000
206.822000
203.873999
208.255000
208.477000
206.572000
204.270000
207.005000
205.501000
207.435000
206.150000
210.674000
207.308000
205.880000
204.915000
209.259000
206.890000
206.370000
209.034000
206.987000
205.030000
200.789999
208.357001
210.470000
206.495000
205.618000
203.915000
210.674000
206.773001
204.799000
208.865999
207.560000
205.839000
207.016000
204.503999
205.805001
205.549000
206.290000
207.837000
204.586000
205.224000
204.591000
208.076000
206.125000
206.252000
203.812000
203.916000
206.567000
206.189000
209.356001
205.012000
206.746000
204.382000
206.459000
203.625000
207.514000
205.299000
206.797999
206.435000
204.423000
202.836000
206.029000
205.561000
205.351001
205.579001
206.090000
207.238000
207.992001
202.781999
205.853000
204.256000
203.353999
208.060000
205.040000
208.821001
198.357000
208.577000
207.078001
203.795000
209.729000
204.988999
205.609000
206.178000
206.518000
208.583000
206.090000
207.261001
205.301000
208.684000
206.595000
204.945000
206.464000
205.180000
206.408000
206.575001
207.301999
208.905000
208.322000
205.758000
203.398000
205.292000
205.731000
206.097000
206.363000
204.941000
203.669000
205.015000
206.054000
208.593000
207.649000
198.872000
209.506000
211.200000
206.176000
206.773001
207.885001
207.055000
207.091000
207.686001
207.274999
209.063000
211.109000
206.581000
204.466000
209.864000
207.112000
209.271001
204.400000
204.182000
206.575000
206.161000
204.590000
206.069000
204.545000
210.355000
205.040000
206.988000
203.798000
204.760000
206.631000
207.851999
204.661000
205.731001
206.284001
209.161000
204.380999
206.310000
206.282999
