0.539999
0.539999
0.542000
0.537999
0.539999
0.542000
0.540998
0.546999
0.538003
0.536997
0.539999
0.765000
0.542000
0.544999
0.542000
0.535998
0.539001
0.537999
0.538997
0.540998
0.540003
0.537001
0.539999
0.540998
0.537999
0.542000
0.550002
0.537001
0.537999
0.538003
0.539999
0.542998
0.542000
0.536997
0.539001
0.540003
0.539001
0.538003
0.542000
0.535000
0.539999
0.537999
0.537999
0.537001
0.537999
0.537001
0.541002
0.546999
0.537999
0.537001
0.540998
0.542000
0.543002
0.537001
0.537999
0.539999
0.539001
0.539001
0.538003
0.537001
0.536002
0.537001
0.538003
0.539001
0.537999
0.537001
0.537001
0.537001
0.537999
0.535000
0.539999
0.536997
0.538997
0.537001
0.537001
0.537999
0.542000
0.537001
0.536997
0.536997
0.537999
0.540003
0.539001
0.539999
0.542998
0.542000
0.537999
0.535998
0.539001
0.537999
0.538003
0.537001
0.542000
0.537001
0.537999
0.536002
0.537001
0.537001
0.539001
0.535998
0.543002
0.537999
0.537999
0.537999
0.535998
0.537001
0.539001
0.540998
0.539999
0.536002
0.537001
0.535000
0.670001
0.535000
0.536997
0.537001
0.541002
0.537001
0.544999
0.535000
0.536997
0.535000
0.536997
0.536002
0.539999
0.536002
0.539999
0.536002
0.535998
0.535000
0.537001
0.539001
0.536002
0.537999
0.537001
0.536002
0.536002
0.535000
0.536002
0.536002
0.535998
0.537999
0.536002
0.536002
0.539999
0.541002
0.537001
0.537001
0.536002
0.535000
0.537001
0.537001
0.535998
0.536002
0.535998
0.536002
0.542000
0.535000
0.536002
0.535000
0.539001
0.535998
0.535998
0.537001
0.537999
0.539999
0.536002
0.536002
0.536002
0.535998
0.535998
0.535998
0.535998
0.535000
0.536002
0.535998
0.536002
0.539001
0.539001
0.537001
0.537001
0.535998
0.535998
0.536002
0.537999
0.537001
0.537001
0.535998
0.537001
0.535998
0.535998
0.537001
0.537001
0.538997
0.539999
0.535998
0.536997
0.556000
0.542998
0.537001
0.535998
0.537999
0.544000
0.540998
0.536002
0.537001
0.537999
0.537001
0.537001
0.540998
0.537999
0.539001
0.539999
0.539999
0.535000
0.537999
0.540998
0.535998
0.539001
0.537999
0.537001
0.537999
0.537999
0.541002
0.538003
0.537999
0.539001
0.535998
0.537001
0.536997
0.537001
0.541002
0.536002
0.535998
0.536002
0.536997
0.539001
0.539001
0.537001
0.539001
0.539001
0.537001
0.537001
0.541002
0.537999
0.537001
0.535998
0.537999
0.537001
0.537001
0.538003
0.543002
0.542000
0.538003
0.535998
0.539999
0.539999
0.537999
0.543002
0.537001
0.535998
0.539001
0.538003
0.544999
0.538003
0.537999
0.537999
0.542998
0.536002
0.535000
0.537999
0.537001
0.538003
0.539001
0.538997
0.537999
0.536002
0.536997
0.537999
0.537999
0.537001
0.541002
0.798002
0.537001
0.537999
0.536002
0.536002
0.542000
0.539999
0.540003
0.542000
0.539999
0.542000
0.542000
0.536002
0.536997
0.546001
0.537001
0.536002
0.541002
0.539001
0.536997
0.539001
0.544000
0.539001
0.538003
0.535998
0.537001
0.539001
0.537999
0.537999
0.542000
0.535998
0.535998
0.538003
0.536997
0.539001
0.542998
0.542998
0.537999
0.539001
0.537001
0.535000
0.537001
0.542000
0.542998
0.537999
0.537001
0.537001
0.537001
0.537001
0.539001
0.541002
0.537999
0.539001
0.543997
0.537999
0.539999
0.539999
0.537001
0.539001
0.542000
0.538003
0.537001
0.539001
0.537001
0.537001
0.537001
0.539001
0.537999
0.536997
0.538997
0.540998
0.538003
0.537999
0.537999
0.537999
0.536997
0.538997
0.537001
0.536002
0.537001
0.540003
0.535000
0.536002
0.537001
0.537001
0.537999
0.556000
0.538997
0.540998
0.537999
0.539999
0.537999
0.539001
0.542000
0.537001
0.537001
0.539999
0.537001
0.547998
0.538997
0.537001
0.537001
0.537999
0.537001
0.542000
0.542000
0.540998
0.539001
0.537999
0.542998
0.537999
0.540998
0.539999
0.542000
0.542998
0.539001
0.544000
0.537999
0.539999
0.540998
0.542998
0.538997
0.537001
0.542000
0.540998
0.541002
0.539001
0.539999
0.540003
0.543002
0.537001
0.537001
0.539001
0.538003
0.540998
0.537001
0.539999
0.537001
0.543002
0.537999
0.539001
0.537001
0.537999
0.536997
0.544000
0.543002
0.539001
0.544000
0.537001
0.538003
0.537999
0.537999
0.539999
0.537999
0.542000
0.543002
0.540003
0.538997
0.539001
0.538997
0.540003
0.538003
0.542998
0.541002
0.542998
0.550997
0.546001
0.539001
0.538003
0.544999
0.539001
0.557002
0.543002
0.539001
0.538003
0.544999
0.539001
0.539999
0.539999
0.541002
0.538003
0.539999
0.539999
0.537001
0.537001
0.537001
0.540998
0.542000
0.539001
0.537001
0.539999
0.537001
0.537999
0.541002
0.542000
0.537999
0.539001
0.537001
0.537999
0.536997
0.547998
0.540998
0.537999
0.537001
0.539001
0.537001
0.535998
0.544999
0.537001
0.536002
0.537001
0.539001
0.537999
0.545003
0.539999
0.537999
0.542000
0.543997
0.543002
0.537999
0.539999
0.538997
0.538003
0.537999
0.539999
0.538003
0.539001
0.539001
0.540998
0.537999
0.539999
0.540998
0.535998
0.535000
0.771999
0.540003
0.537999
0.537001
0.540998
0.538997
0.537001
0.537001
0.537999
0.539999
0.535998
0.538003
0.535998
0.537999
0.539001
0.537999
0.542000
0.539999
0.541002
0.546999
0.543002
0.537999
0.684999
0.539999
0.541002
0.540998
0.535998
0.536997
0.542998
0.536002
0.539001
0.541002
0.535998
0.537001
0.535998
0.535998
0.536002
0.536997
0.536002
0.540998
0.537999
0.537999
0.539001
0.537001
0.536002
0.539999
0.544000
0.537001
0.539999
0.537001
0.536002
0.537999
0.539001
0.542998
0.538997
0.537001
0.535998
0.537001
0.536002
0.537999
0.539001
0.535998
0.539999
0.537001
0.535998
0.536002
0.542000
0.537999
0.537999
0.541002
0.539999
0.537001
0.538003
0.537001
0.539999
0.537001
0.536002
0.536002
0.537001
0.539001
0.537001
0.540998
0.537999
0.536997
0.538997
0.539999
0.537001
0.537001
0.536002
0.535998
0.539999
0.535000
0.535998
0.535000
0.536002
0.537999
0.540998
0.537999
0.538997
0.537999
0.537999
0.539999
0.537999
0.542000
0.538003
0.545997
0.541002
0.537999
0.553999
0.538003
0.537001
0.535000
0.535998
0.536002
0.535998
0.535000
0.535998
0.539001
0.535998
0.535000
0.535998
0.539999
0.536997
0.535998
0.535998
0.539001
0.536997
0.536002
0.535998
0.535000
0.537001
0.536002
0.536997
0.535000
0.536002
0.535000
0.536002
0.536002
0.536002
0.535000
0.536002
0.539999
0.539999
0.539001
0.538003
0.538003
0.536002
0.537001
0.537999
0.535000
0.535998
0.535000
0.536002
0.536002
0.537999
0.536002
0.535998
0.537001
0.536002
0.535998
0.536002
0.535998
0.535998
0.536002
0.535998
0.537001
0.536997
0.538997
0.539001
0.537999
0.535998
0.535998
0.535998
0.537999
0.537999
0.537001
0.535998
0.539001
0.537001
0.535000
0.535998
0.535000
0.535998
0.535998
0.539001
0.537001
0.539001
0.535998
0.539001
0.536002
0.535998
0.542000
0.535998
0.546999
0.539999
0.539999
0.541002
0.536002
0.537001
0.538003
0.537999
0.537001
0.538003
0.539999
0.542998
0.537999
0.539001
0.539001
0.535000
0.539999
0.541002
0.539999
0.539001
0.539001
0.543002
0.537999
0.542000
0.537001
0.543002
0.536997
0.535998
0.537999
0.538003
0.537001
0.540003
0.539001
0.537999
0.537001
0.537999
0.536997
0.539001
0.537001
0.538997
0.539001
0.535998
0.537999
0.537001
0.535000
0.539001
0.537001
0.535998
0.539001
0.536002
0.537001
0.536002
0.535998
0.536002
0.541002
0.535998
0.535998
0.536002
0.537999
0.536002
0.539999
0.539001
0.536002
0.539001
0.539001
0.537001
0.544000
0.541002
0.535998
0.537999
0.539001
0.537999
0.536002
0.535998
0.535998
0.538003
0.536002
0.536997
0.536002
0.535998
0.537001
0.537999
0.535998
0.536002
0.536002
0.702001
0.538003
0.538003
0.539001
0.535998
0.535998
0.543002
0.537999
0.536002
0.535998
0.536002
0.536997
0.545003
0.542000
0.542000
0.540998
0.541002
0.542998
0.539999
0.541002
0.542998
0.543002
0.542998
0.538003
0.537999
0.537001
0.537999
0.537999
0.541002
0.539999
0.539999
0.539001
0.540998
0.541002
0.542000
0.537999
0.539999
0.542998
0.539999
0.540998
0.537999
0.542000
0.545003
0.542000
0.539999
0.539999
0.543002
0.538997
0.543002
0.537999
0.538997
0.537999
0.539001
0.539001
0.537999
0.537999
0.540003
0.537999
0.539999
0.537999
0.537999
0.537999
0.540998
0.537999
0.535998
0.537999
0.536997
0.540998
0.538997
0.538003
0.543002
0.539001
0.540998
0.546999
0.541002
0.537999
0.539999
0.541002
0.542000
0.537999
0.537999
0.537001
0.538997
0.537999
0.536997
0.537001
0.549000
0.539999
0.539001
0.539001
0.535998
0.536997
0.539001
0.537001
0.539999
0.536997
0.537001
0.539001
0.539999
0.537001
0.535000
0.537001
0.537001
0.539001
0.543997
0.539999
0.539999
0.540998
0.537001
0.537001
0.537001
0.543002
0.539001
0.537999
0.537999
0.535998
0.535998
0.535000
0.537001
0.536002
0.535998
0.536002
0.536002
0.541002
0.535998
0.535000
0.537001
0.539001
0.537001
0.535998
0.536002
0.535998
0.539999
0.537999
0.536002
0.537999
0.536002
0.537001
0.540998
0.535998
0.537999
0.539001
0.537001
0.542000
0.537999
0.539001
0.537999
0.539001
0.535998
0.536002
0.538997
0.535998
0.537001
0.537999
0.537001
0.536002
0.536002
0.536002
0.536002
0.536002
0.535998
0.542998
0.537001
0.535998
0.537999
0.535998
0.537999
0.539999
0.539999
0.542000
0.537999
0.550002
0.539999
0.535998
0.535998
0.537999
0.539001
0.542000
0.537999
0.539001
0.537999
0.537999
0.537999
0.542998
0.537999
0.539001
0.544000
0.544999
0.539999
0.541002
0.540003
0.541002
0.539001
0.538003
0.538997
0.537999
0.537001
0.541002
0.543002
0.535998
0.537001
0.537999
0.535998
0.537001
0.536002
0.542000
