214.478999
211.413000
211.716998
210.356999
207.986001
207.653999
208.408000
207.359999
208.587000
208.683999
209.160000
208.823999
208.715999
218.419999
207.917999
209.512001
209.600000
207.243001
207.310999
208.162000
208.756000
208.880000
206.952000
208.569000
207.601001
210.798001
207.328001
207.962001
208.810000
206.735000
216.024000
210.622000
208.890000
208.106000
208.355000
208.627000
207.540000
208.012000
209.998999
209.129998
207.442999
209.093999
208.228000
210.337000
209.620001
209.043000
207.054999
216.892000
207.594000
207.525000
208.059000
208.662000
208.215000
209.063001
208.166000
207.991000
208.682999
208.758999
207.982000
208.879000
207.413001
207.962999
206.834000
207.494000
215.655999
208.192000
207.498001
209.183000
207.436999
208.188001
208.895000
207.543001
208.112000
208.655000
208.705001
207.268000
207.917001
209.128000
208.467999
207.733000
206.953000
207.849000
208.316000
209.255999
207.986999
207.509000
207.655001
208.566001
208.385000
207.804000
207.765000
208.292000
207.392002
209.728001
209.558001
208.546000
208.873000
207.504001
179.480001
207.854999
208.039999
208.633998
208.147001
208.600000
207.075002
207.247000
208.290001
206.630001
206.448000
207.086001
209.737999
208.200999
207.837000
208.701000
207.266999
217.464000
207.776001
208.228000
208.017001
208.230000
207.320001
208.644999
207.986001
208.038000
210.904000
209.887000
208.097000
208.836000
208.343999
208.502000
207.607001
209.301000
216.830000
207.219999
207.395000
205.953000
206.734000
208.717002
208.707001
208.481001
209.076000
207.363000
206.746001
207.951002
209.288001
209.621001
208.241999
207.853999
207.527000
173.110999
210.342001
207.341000
208.387000
206.591999
207.581000
208.062999
207.535999
209.753999
206.950000
207.255000
206.969000
209.353000
207.927000
207.280999
206.221001
207.485000
214.666001
208.114000
206.621999
207.924001
207.264001
208.162000
208.041999
207.876001
208.337002
207.667999
208.154999
208.480000
209.610999
208.264999
207.521999
210.192000
207.392000
215.543000
207.883999
206.977000
208.903000
208.550001
207.689000
208.594000
208.962999
207.469000
207.145000
207.353000
207.883000
208.852001
208.730999
208.293000
208.822001
207.067000
215.979001
209.110999
206.351001
208.658999
207.886999
207.984000
207.575001
207.706001
207.629999
207.511000
207.331000
207.260000
208.145000
207.683999
207.273001
206.403000
206.902999
214.090999
207.955001
209.698999
207.298001
207.389001
208.351001
209.276000
208.819000
207.256000
207.092999
206.876000
208.293000
208.519001
208.973000
206.185000
207.889000
207.933001
207.839999
208.913000
207.881000
208.485000
206.230000
208.844000
209.779000
207.790999
207.888000
208.075000
208.058000
207.622999
208.418999
208.469000
208.088001
207.747001
206.104999
209.103001
208.028000
208.261000
207.301999
208.544001
209.417000
209.902000
207.700999
207.846001
207.922000
208.906000
208.986001
208.787000
207.482001
206.918001
209.945999
208.464000
209.253000
209.652999
207.759000
208.645001
207.131000
208.629001
209.158000
207.901999
208.009999
208.340999
208.732000
210.602000
210.411001
208.985001
208.324000
208.029998
207.252000
172.798000
207.396001
208.436001
206.380000
208.580000
208.667999
207.090000
208.568001
208.144000
208.849000
207.489001
208.430002
209.519999
208.093001
208.641000
208.321000
208.459999
219.345000
208.440999
209.974000
211.276000
210.697999
207.407001
209.701000
210.010001
207.852999
207.296001
207.377000
207.171999
207.657998
209.285000
208.788000
207.141001
208.209999
216.370001
208.126999
207.017001
208.235001
208.375001
207.115998
209.592000
207.170999
208.279999
208.324000
207.727998
207.795000
207.966000
208.219001
207.768001
209.085001
208.936000
217.127001
209.566001
207.380001
207.114000
208.753001
207.359001
207.263999
207.551999
209.326999
207.886999
208.612001
209.260998
207.074001
206.879999
208.722999
209.154001
207.730001
215.981001
208.075998
209.327001
208.172001
209.073000
206.532000
208.373001
208.079999
208.105000
208.275001
208.116999
209.184000
210.812001
208.403999
208.365999
207.235999
207.907001
217.458999
208.518000
207.368001
208.485000
207.185000
207.446000
207.993001
207.008000
208.537001
209.089000
209.090000
207.700999
208.269998
209.458001
209.593000
207.815001
207.022000
213.435000
208.782000
209.615000
209.036000
208.360001
207.156001
209.016999
209.015001
208.771002
207.789999
208.448000
208.319001
208.298000
206.687000
208.250999
208.800999
207.471000
208.413001
210.694000
207.826000
208.445001
207.961999
208.513001
208.078001
210.269000
208.143000
208.459001
207.825001
207.689000
207.857000
207.191000
207.821000
206.893001
209.422000
206.827000
208.386999
206.028000
208.464999
208.774999
207.365001
209.735001
207.720999
208.549000
208.056001
208.939999
207.577001
208.651999
207.884999
208.999000
208.603000
207.537999
218.187001
208.069000
207.868999
208.975000
206.994001
207.156999
209.430000
208.767999
206.693999
208.252000
207.791001
218.462000
208.891999
209.163999
209.046001
208.613001
209.234999
207.163000
207.666000
208.531000
206.246002
207.493000
208.439000
209.212000
208.320001
208.120000
207.959000
209.078999
210.512999
209.650001
208.988000
208.427999
206.556000
208.350001
209.297001
208.842000
209.544001
207.332999
207.261000
207.352001
209.315000
209.604001
207.310000
207.678001
206.697999
208.575999
207.185000
207.105000
209.120998
207.232999
208.006000
206.699999
207.386000
208.068000
208.083000
207.823001
209.994001
206.955001
208.133001
207.002999
208.462000
208.554000
206.997002
206.633000
207.606999
209.252000
207.864001
209.663000
207.225000
208.377000
207.997000
208.443999
207.982000
207.985999
208.407000
206.766000
207.244001
207.597999
207.922000
208.433000
207.952000
208.733000
207.280999
208.651999
208.452001
207.619000
208.424000
207.714999
209.704001
210.084001
208.608000
206.189999
207.862001
207.860000
213.012001
214.926001
214.867001
215.120999
210.805001
222.369000
210.375000
208.366999
209.330000
209.139001
208.743000
209.764000
207.328999
207.709001
210.527999
209.207000
220.760999
208.787000
209.149001
207.566001
206.998000
208.912000
209.681001
207.647000
207.844000
207.233001
208.784001
218.025001
208.682001
207.870999
208.701000
209.917000
208.046000
207.427999
209.411001
207.799999
207.266999
209.667001
208.698999
210.235002
206.222000
207.939001
209.305000
208.021000
218.073001
207.544001
214.625999
214.540001
210.816000
210.028000
211.150000
209.953999
209.587999
208.604001
210.168000
209.762000
211.722001
209.054001
209.972000
209.695000
209.565999
209.832000
208.459999
209.740000
209.632000
209.548000
209.950000
213.465000
209.301000
209.743001
209.745001
209.802000
209.025001
211.192001
208.085001
210.858000
208.800999
209.343001
208.050001
212.106999
209.182000
209.587000
208.126001
207.796000
209.859999
209.087001
210.282000
210.120000
207.690001
210.360000
209.720001
210.988000
209.192999
209.425000
209.970001
210.835001
208.448000
209.856000
212.709000
217.091000
222.263999
217.201000
211.843999
211.130001
210.963000
212.046999
210.473999
211.550999
213.539999
217.574999
215.743000
215.904001
215.561999
217.298001
216.165001
215.041000
216.615001
221.733000
216.578001
215.611000
214.991000
213.497000
214.170000
216.475001
214.546001
213.235000
214.954000
215.475000
217.347000
212.669000
212.557999
213.505998
215.970999
215.743000
213.746000
216.574999
215.608999
214.769000
213.142000
214.013999
214.977000
214.984000
213.051001
212.980000
217.744000
215.654999
214.845000
214.410000
213.360000
217.095001
216.626000
215.260999
212.628001
218.023000
217.443999
210.256999
215.177000
213.284999
214.951001
215.682000
213.020001
214.429999
212.529000
213.806000
210.943000
211.553000
210.114000
217.809999
215.093000
213.072000
214.634001
211.591000
210.739000
208.532000
207.698001
209.182000
207.468001
220.519999
225.895001
215.742001
214.857001
212.649001
210.831001
215.340000
210.347001
209.472999
209.098998
208.252000
208.999000
208.330000
208.095001
208.865000
208.118999
207.958000
210.754000
207.719000
208.199000
207.489001
207.883000
207.889000
207.527000
206.215000
207.277000
208.057001
206.597999
218.699001
207.883000
208.861001
207.381999
208.319999
207.659999
209.113000
207.307000
207.643000
208.458999
208.039001
206.529001
208.156999
209.685000
208.520999
210.346000
208.710000
219.842000
210.239999
206.561999
207.096001
206.931001
207.045000
208.438000
206.586000
208.301999
208.984001
207.065001
205.633000
208.117001
207.865000
207.659999
207.983000
206.736000
219.171001
207.590999
206.981000
207.893999
206.145000
207.627000
207.081001
206.814000
208.405999
207.086001
207.967000
217.956999
207.102001
206.676001
208.493000
207.161000
206.358001
208.706001
208.354000
207.790000
208.188999
207.835000
219.354000
208.432999
208.755000
206.904002
207.966000
208.195999
207.318000
209.028000
206.449000
209.293999
207.761999
206.960000
208.852001
208.255000
208.792999
206.441000
208.877999
219.562000
209.948001
209.176000
209.107999
207.926001
206.525998
208.254000
207.836000
208.500000
207.983000
207.678000
208.780000
208.984001
208.426999
208.006000
207.264999
208.384000
218.894999
208.684001
207.891000
207.690001
208.207000
207.259001
209.326999
208.247000
206.671000
208.031999
206.840999
218.739999
207.305999
208.634000
205.705000
207.248000
208.048001
208.663000
208.036000
208.751000
206.952000
207.145000
220.357001
210.189000
209.224999
207.673000
206.941999
209.547000
208.522001
206.881000
209.849000
208.585000
207.618000
208.458001
208.764000
207.309999
208.425999
209.806001
209.015999
218.675001
207.778001
208.191000
207.773000
206.442999
206.798000
209.665000
207.309000
210.274002
207.769999
206.745001
206.547000
205.894001
207.766000
207.324000
208.394999
206.996001
219.320999
207.607999
208.666001
207.550000
210.319001
207.928000
208.471000
209.709000
207.542999
208.074000
208.072001
207.779001
209.465001
209.800001
209.163001
208.110001
209.998000
218.663000
208.001999
210.038001
207.312001
207.841000
207.918001
207.983000
208.810000
208.315000
208.033001
209.819000
208.012000
208.364999
207.538001
209.251000
209.023001
206.945000
185.953001
208.688000
208.179001
208.512999
206.607001
208.760001
208.865000
208.189001
208.892001
209.180001
208.660999
206.946999
208.269000
207.848001
208.921000
209.768001
207.750000
219.236000
208.459001
207.418000
208.246998
207.085000
209.057000
207.876001
209.439000
208.126999
207.920000
207.502000
209.272001
209.197000
208.707999
207.783999
206.404001
208.431000
219.724001
208.823999
206.761001
207.315000
207.892001
207.739001
208.492000
207.581000
208.050001
209.318999
206.961000
205.778001
208.556999
209.953001
209.081000
207.017001
208.759001
217.867000
207.952000
209.091999
209.109999
207.421999
208.644001
209.083000
208.283000
208.205000
207.550999
207.661999
207.277998
210.026002
208.596000
207.580000
206.733000
208.257999
217.387000
207.098000
207.898000
208.688999
207.585000
208.218999
208.992001
208.786000
210.517999
206.845000
209.585000
208.034001
207.850000
207.062000
207.427001
