357.829001
357.874999
357.825000
357.825000
357.840000
357.832000
357.826000
357.789000
357.959999
365.713999
357.789999
357.809000
357.838001
357.785000
357.812000
357.864000
357.864000
357.789000
357.776999
357.786000
357.796000
357.789000
357.822999
357.801000
357.831001
357.802000
357.826000
357.826000
357.830999
357.803000
357.826000
357.804999
357.786000
358.019000
357.779000
357.812000
357.760001
357.776999
357.773999
358.057000
357.791999
357.768001
357.745001
357.757000
357.790999
357.754000
357.726000
357.763000
357.785000
357.789000
357.799999
357.713999
357.731000
357.754000
357.788999
357.767999
363.357000
357.803000
357.764000
357.776001
357.768999
357.765999
357.796000
357.777001
357.794000
357.789000
357.790999
357.781999
357.790999
357.783999
357.797999
357.774999
357.765000
357.775999
357.776001
357.759001
357.760999
357.790999
357.804000
357.802000
362.173000
357.838001
357.760999
357.796999
357.793000
357.833000
357.762000
357.838001
357.782001
357.813001
357.794000
357.832000
357.804000
357.883999
357.811999
357.836001
357.762001
357.765000
357.742999
357.755000
357.744999
357.791999
357.782001
363.403000
357.796000
357.794000
357.760999
357.793000
357.771000
357.773000
357.796000
357.798999
357.795000
357.799999
357.785000
357.802998
357.801000
357.799001
357.790001
357.824000
357.810998
357.802000
357.780999
357.797999
357.818000
357.799999
357.780000
362.745000
357.761001
357.776001
357.802000
357.801000
357.825000
357.801000
357.850000
357.802002
357.820999
357.800001
357.831001
357.774001
357.833000
357.801000
357.830999
357.805001
357.814001
357.787000
357.819000
357.797999
357.826000
357.828999
357.812999
357.797999
357.849000
357.805999
357.787000
357.789000
357.823001
357.805001
357.802000
357.778000
357.833000
357.803000
357.820999
357.802000
357.785000
357.774001
357.803000
357.767999
357.776999
357.795000
357.793000
357.798999
357.779000
357.823001
362.461001
357.772000
357.806001
357.817000
357.790999
357.818998
357.809000
357.764998
357.817000
357.790001
357.805999
357.818000
357.815001
357.818000
357.817000
357.823001
357.816000
357.815001
357.811999
357.834000
357.827000
357.824000
357.813001
357.811999
357.821999
357.790001
357.811000
357.781999
357.798001
357.782999
357.793001
357.779000
357.782001
357.818000
357.787000
357.788999
357.811000
357.816001
357.788000
357.787998
357.787000
357.814001
357.812000
357.811999
357.799999
357.810000
357.814999
362.408001
357.816001
357.808001
357.810000
357.807999
357.783001
357.781000
357.810000
357.789000
357.818000
357.793000
357.816000
357.789000
357.834000
357.780000
357.830001
357.787000
357.834999
357.794000
357.830001
357.819000
357.813999
357.813999
357.816000
362.563001
357.858999
357.826000
357.827000
357.813001
357.824000
357.778002
357.830999
357.777001
357.793001
357.764998
357.758999
357.739000
357.738001
357.717000
357.742999
357.787000
357.756000
357.773000
357.783999
357.772000
357.726000
357.787000
362.148002
357.787000
357.761001
357.772000
357.795998
357.757000
357.757999
357.773000
357.783001
357.786000
357.756998
357.767999
357.768999
357.742000
357.752001
357.744999
357.756000
357.772000
357.797999
357.738001
357.785000
357.761001
357.757000
357.752999
362.738000
357.795000
357.817000
357.825000
357.790001
357.798999
357.816001
357.822999
357.840000
357.816000
357.807999
357.791999
357.767001
357.801000
357.794000
357.797001
357.801000
357.762000
357.743999
357.814999
357.773000
357.803000
357.795000
362.337001
357.834999
357.812000
357.786000
357.833002
357.795000
357.801000
357.795000
357.797001
357.796000
357.788000
357.767999
357.798999
357.768999
357.806001
357.822001
357.825000
357.789000
357.835000
357.806999
357.790999
357.796000
357.812000
357.763000
363.215001
357.877001
357.822999
357.789999
357.794002
357.776001
357.791001
357.781000
357.806001
357.804000
357.793000
357.760999
357.819000
357.796000
357.813001
357.795000
357.805001
357.780999
357.816000
357.794000
357.810000
357.769001
357.773000
357.775001
358.055001
357.810000
357.799001
357.821999
357.803000
357.810002
357.803999
357.811999
357.772000
357.832002
357.742000
357.772000
357.780000
357.805001
357.782999
357.805001
357.807999
357.814999
357.795000
357.784001
357.775001
357.788000
357.774001
362.870999
357.783001
357.755000
357.807001
357.817000
357.768001
357.834000
357.820000
357.829001
357.781000
357.801000
357.779000
357.822999
357.782999
357.840000
357.804999
357.829999
357.798001
357.828001
357.825000
357.812999
357.805999
357.819000
357.819999
362.388000
357.821001
357.833000
357.822001
357.760001
357.797001
357.822001
357.781000
357.798001
357.789000
357.793000
357.773999
357.809000
357.835999
357.817000
357.791999
357.778000
357.815001
357.840000
357.816000
357.816000
357.801000
357.811000
363.018999
357.833000
357.781000
357.828999
357.797001
357.809000
357.804999
357.807999
357.818000
357.806999
357.809000
357.817000
357.840002
357.817000
357.811000
357.850000
357.773999
357.769001
357.806001
357.804999
357.804000
357.849000
357.798001
357.841000
362.589000
357.790001
357.789999
357.830999
357.787000
357.825998
357.791999
357.826000
357.820000
357.803000
357.773000
357.810000
357.778000
357.805001
357.801000
357.826000
357.829001
357.827000
357.794000
357.816000
357.815001
357.812000
357.803000
362.949001
357.771000
357.849998
357.766999
357.774001
357.796000
357.821999
357.832000
357.832002
357.818000
357.834000
357.791001
357.816000
357.786002
357.838001
357.799999
357.849000
357.795000
357.789999
357.801000
357.809000
357.772000
357.778002
357.793000
362.340000
357.774999
357.821999
357.801000
357.818998
357.816001
357.809000
357.801000
357.791999
357.793000
357.797001
357.786000
357.799999
357.791001
357.783999
357.798999
357.757999
357.806001
357.788000
357.798001
357.793000
357.811000
357.811000
357.775999
357.836001
357.774999
357.778000
357.774999
357.787000
357.779000
357.785000
357.775999
357.795000
357.809000
357.796000
357.773000
357.795998
357.787000
357.783001
357.787000
357.787000
357.799001
357.751001
357.754000
357.796000
357.752001
357.763000
363.015000
357.797999
357.754000
357.762000
357.757000
357.759999
357.755000
357.795000
357.785000
357.779000
357.763002
357.790001
357.773000
357.772000
357.759999
357.798999
357.799001
357.793001
357.774001
357.771000
357.768999
357.796999
357.777001
357.807999
363.088999
357.814001
357.787000
357.781000
357.764000
357.803000
357.810000
357.795000
357.797001
357.799999
357.775001
357.816000
357.781999
357.827000
357.803999
357.861999
357.770000
357.828001
357.776999
357.771000
357.785000
357.775999
357.718000
362.537000
357.835000
357.773000
357.783001
357.765999
357.776999
357.772999
357.775999
357.772000
357.795000
357.798999
357.778000
357.791001
357.776999
357.766001
357.775001
357.778000
357.754000
357.764000
357.773999
357.754000
357.804999
357.776999
357.774999
363.024000
357.797001
357.787000
357.766001
357.813999
357.824000
357.791001
357.820999
357.819000
357.786000
357.795000
357.805001
357.821001
357.821001
357.819000
357.781000
357.790999
357.781000
357.790001
357.813001
357.774001
357.798001
357.789000
362.456001
357.774999
357.757000
357.770000
357.793000
357.765000
357.796000
357.764000
357.786000
357.788000
357.781999
357.790999
357.774001
357.764000
357.772000
357.762000
357.796000
357.766001
357.795000
357.774001
357.767999
357.743001
357.782999
357.756998
363.367001
357.834000
357.774001
357.782001
357.798001
357.802000
357.824001
357.775001
357.806999
357.776999
357.795998
357.775999
357.807999
357.796000
357.772999
357.764000
357.821001
357.787000
357.806001
357.793000
357.826000
357.797999
357.824000
357.816000
358.045999
357.817000
357.821999
357.811000
357.788999
357.780000
357.832000
357.795000
357.829999
357.802998
357.797999
357.805001
357.842000
357.809000
357.828999
357.796000
357.798999
357.820000
357.801000
357.794000
357.801000
357.795000
357.791001
362.629998
357.813001
357.783001
357.771000
357.814001
357.783001
357.787998
357.782001
357.778000
357.788999
357.821001
357.788000
357.804999
357.774999
357.804999
357.818000
357.807999
357.809000
357.791999
357.777001
357.803000
357.776999
357.837999
357.799001
362.625999
357.811000
357.807999
357.821999
357.807001
357.820000
357.817000
357.816001
357.825000
357.818000
357.851001
357.748998
357.791999
357.768999
357.817000
357.845001
357.806001
357.814999
357.824001
357.829001
357.826998
357.817000
357.808001
363.092000
357.797001
357.811000
357.804999
357.785000
357.797001
357.808001
357.786000
357.797001
357.786000
357.809000
357.790001
357.773000
357.791001
365.889000
357.799999
357.796999
357.806001
357.796000
357.822999
357.801002
357.802000
357.798001
357.803000
362.559998
357.810000
357.779000
357.773999
357.776001
357.740000
357.748000
357.754000
357.773000
357.779998
357.773000
357.797001
357.788000
357.794000
357.807999
357.789999
357.787000
357.793000
357.776001
357.820000
357.788000
357.795000
357.787000
363.049001
357.814999
357.798001
357.805001
357.772000
357.775001
357.799999
357.803999
357.803000
357.803000
357.814999
357.780999
357.813999
357.803999
357.819999
357.798999
357.819000
357.819999
357.790001
357.795000
357.829999
357.797999
357.790999
357.809000
362.367999
358.010000
357.817000
357.814001
357.811000
357.820000
357.825002
357.813999
357.814001
357.861999
357.820999
357.832000
357.812000
357.809002
357.812000
357.816000
357.829001
357.819000
357.829001
357.779000
357.786000
357.799001
357.807999
357.793000
357.804000
357.825000
357.812000
357.791001
357.779000
357.791999
357.822999
357.789999
357.812000
357.790999
357.816000
357.791001
357.811000
357.793000
357.827000
357.814999
357.811000
357.793001
357.826000
357.788000
357.825000
357.814999
357.811000
362.577001
357.795000
357.802000
357.827999
357.815001
357.824000
357.809000
357.786000
357.811000
357.805999
357.821999
357.756000
357.803000
357.782001
357.816001
357.791999
357.814999
357.795000
357.747000
357.715001
357.807001
357.803999
357.801000
357.774999
363.048000
357.775001
357.786000
357.789000
357.812000
357.773999
357.793000
357.795000
357.774001
357.779000
357.745999
357.827000
357.758000
357.774999
357.757999
357.814999
357.759001
357.836001
357.809000
357.843000
357.809000
357.814001
357.815001
361.904999
357.767001
357.805001
357.793001
357.768999
357.813999
357.810000
357.792001
357.775999
357.783001
357.853001
357.782999
357.803000
357.772999
357.812000
357.766001
357.819000
357.788999
357.810000
357.812000
357.807999
357.774999
357.781000
357.756000
363.304000
357.798001
357.776999
357.747002
357.822999
357.743001
357.780000
357.772000
357.787998
357.772000
357.795998
357.751999
357.791999
357.803000
357.794000
357.765000
357.786000
357.747000
357.783999
357.747002
357.798999
357.771000
357.803000
362.160999
357.789000
357.787000
357.809002
357.756000
357.807001
357.795000
357.828001
357.811000
357.833000
357.822999
357.810000
357.795000
357.811999
357.810000
357.807001
357.797001
357.836999
357.770000
357.795000
357.796000
357.791999
357.810000
357.788999
363.061000
