45.050001
45.032000
45.005001
44.997001
45.048000
45.022000
44.985998
44.987001
44.976000
44.985998
44.977000
44.986999
44.978000
44.982001
44.969000
44.979999
44.977000
44.986999
45.000000
44.987001
44.976000
44.981999
44.977000
44.985998
44.977000
44.985998
44.976000
44.987001
44.977000
44.987999
44.977000
44.986000
44.977000
44.987001
44.977000
44.983000
44.977000
44.982001
44.976000
44.987001
44.992000
44.972001
44.992000
44.979999
44.992000
44.976000
44.993000
44.973001
44.992000
44.978000
44.993000
44.975000
44.992000
44.973001
44.993000
44.978999
44.993000
44.973001
44.993000
44.979999
44.993000
44.974001
44.993000
44.973999
44.991000
44.976000
44.993000
44.975000
44.993000
44.979999
44.993000
44.975000
44.992002
44.996999
44.992998
44.996999
44.993000
45.002000
44.984000
44.996001
44.993000
45.008000
44.993000
44.997999
45.016000
44.995999
44.993000
45.008000
44.992998
44.996001
44.993000
45.010000
44.993000
44.995999
44.993000
45.003001
44.993000
44.996999
44.993000
45.001999
44.993000
44.996999
44.993000
45.010000
44.999000
45.003999
44.993000
45.008000
44.991000
45.008000
44.993000
45.007000
44.993000
45.002000
44.996999
45.005001
44.997001
45.007000
44.997001
45.008998
45.017000
45.008000
44.996999
45.015000
44.997001
45.008000
44.997001
45.014000
44.999000
45.015000
44.996999
45.008000
44.997001
45.008000
44.992000
45.012999
44.997999
45.009000
45.001000
52.406000
45.040000
45.037000
44.996001
45.004999
44.999002
44.988999
44.994000
44.972999
44.994000
44.976000
44.994999
44.978000
44.994999
44.979000
44.972001
44.972001
44.971999
44.955000
44.971000
44.961000
44.972999
44.994000
44.971999
44.960000
44.971000
44.957999
44.975000
44.955000
44.971000
44.954000
44.973999
44.953000
44.973999
44.956001
44.975000
44.974001
44.996001
44.957999
44.996999
44.953000
44.971000
44.957999
44.971999
44.960000
44.975000
44.981999
44.975000
44.953002
45.010999
44.958999
44.972999
44.950999
44.968002
44.986000
44.975000
44.959001
44.973001
44.985000
44.977000
44.960000
44.992000
44.954000
44.972999
44.954000
44.973001
44.955000
44.975000
44.961000
44.980999
45.008000
44.966999
44.958999
44.975000
44.955000
44.969000
44.979000
44.966001
44.952000
44.952001
44.956001
44.953000
44.970000
44.946998
44.934001
44.947000
44.952000
44.950999
44.950999
44.965999
44.933999
44.953000
44.938998
44.970000
44.933001
44.973999
44.955000
45.010000
44.978000
44.992000
44.971999
44.968000
44.956001
44.969000
44.956001
44.973001
44.957999
44.968000
44.953000
44.968000
44.953998
44.968000
44.950001
44.968000
44.955999
44.972001
44.953000
44.973001
44.955000
44.992000
44.950999
44.968000
44.950999
44.969000
44.948000
44.973999
44.973999
44.971000
44.950999
44.972001
44.978000
44.984002
44.953998
44.969000
44.955000
45.005001
44.974001
44.972001
44.958999
44.990001
44.958999
44.973999
44.954000
44.991000
44.956001
44.973999
44.958001
44.997999
44.953000
44.974001
44.960000
44.991000
44.961000
44.999000
44.957999
44.974001
44.975001
44.976000
44.953000
44.969000
44.954000
44.972001
44.958999
44.969000
45.169001
45.019001
44.957001
44.975001
44.958999
44.969000
44.949999
44.977000
44.953000
44.978000
44.954000
44.971999
44.954998
44.968000
44.955000
44.975000
44.953000
44.975000
44.949001
44.975000
44.953002
44.977000
44.955000
44.970000
44.972001
44.970000
44.958001
44.972001
44.954000
44.973001
44.954000
44.979000
44.949001
44.972001
44.953002
44.973999
44.955000
44.972001
44.954000
44.972001
44.958999
44.976000
44.972001
44.972999
44.958001
44.973001
44.960001
44.994000
44.954000
44.972999
44.976000
44.996001
44.977998
44.975000
44.980001
44.970999
44.989999
44.973001
44.999000
44.995001
44.960000
44.973999
44.978000
44.972001
44.960000
44.966999
44.949001
44.966999
44.954000
44.968000
44.961000
44.976000
44.953000
44.991000
44.973001
44.976002
44.955000
44.976000
44.951001
44.966999
44.955000
44.968002
44.953000
44.967001
44.949001
44.969000
44.954998
44.971000
44.954000
45.011999
44.976000
44.966999
44.948000
44.989999
44.956999
44.973999
44.951001
44.968000
44.957999
44.971000
44.962000
44.968002
44.956001
44.972999
44.948000
44.973999
44.953002
44.966999
44.953002
44.974001
44.956001
44.990001
44.976000
44.968000
44.959001
44.995001
44.950001
44.966999
44.960000
44.996001
44.958999
44.971000
44.963000
44.972001
44.977000
44.971000
44.981999
44.977000
44.962998
44.973001
44.972001
44.972001
44.958999
44.972999
44.964999
44.966999
44.954000
44.989999
44.953000
44.975000
44.959001
44.977000
44.982001
44.992000
44.958999
44.966999
44.960000
44.972001
44.978000
44.969000
44.955000
44.977000
44.954000
44.998001
44.972001
44.972001
44.954000
44.968000
44.960000
44.978000
44.957001
44.969000
44.962000
49.607001
44.995001
44.947000
44.952000
44.963999
44.977000
44.971999
44.977000
44.972001
44.979000
44.968000
44.958999
44.972001
44.959001
44.967001
44.960000
44.972999
44.955000
44.975001
44.954000
44.971999
44.954000
44.972001
44.988001
44.975000
44.966001
44.972001
44.958001
44.972001
44.952000
44.971000
44.953000
44.968000
44.950001
44.973001
44.958001
44.966999
44.953000
44.971000
44.958999
44.974001
44.954000
44.992000
44.959001
44.989999
44.949999
44.990001
44.953000
44.990001
44.954000
44.990001
44.958999
44.989999
44.957001
44.979000
44.957999
44.977998
44.957999
44.975000
44.954000
44.973999
44.962000
44.976000
44.956001
44.975001
44.929000
44.951001
44.938000
44.950999
44.942001
44.954998
44.938000
44.950999
44.929000
44.954000
44.933001
44.951001
44.933999
44.953000
44.952001
44.952000
44.951001
44.947000
44.938000
44.971999
44.977000
44.972999
44.961000
44.973001
44.955000
44.971999
44.953000
44.971000
44.953000
44.969000
44.957999
44.973999
44.961000
44.971999
44.960000
44.971999
44.970000
44.973001
44.954998
44.972999
44.961000
44.972001
44.960001
44.972999
44.960001
44.975000
44.977000
44.973999
44.960000
44.973999
44.954000
44.971999
44.949999
44.972999
44.958001
44.971000
44.957001
44.990001
44.958999
44.974001
44.961000
44.974001
44.954000
44.992000
44.965999
44.996999
44.971999
44.973999
44.964001
44.973999
44.977000
44.974001
44.962000
44.973001
44.954000
44.974001
44.960000
44.992000
44.958999
44.975001
44.975000
44.972001
44.953000
44.971000
44.993000
44.972999
44.951001
44.976000
44.955000
44.971000
44.954000
44.991000
44.956001
44.975000
44.953000
44.968002
44.964001
44.971999
44.981999
50.577002
44.981001
44.948000
44.934999
44.950999
44.954000
44.953000
44.932999
44.954000
44.952001
44.955000
44.958001
44.949001
44.949001
44.950001
44.956001
44.968000
44.949999
44.973001
44.955999
44.971000
44.954000
44.976000
44.984000
44.971000
44.954000
44.976000
44.949001
44.966999
44.958001
44.991000
44.956001
44.990001
44.953000
44.996001
44.954000
44.990001
44.956001
44.975000
44.964999
44.973999
44.952000
44.973999
44.957999
45.003001
44.972999
44.970000
44.951001
44.969000
44.955999
44.996999
44.991000
44.997001
44.952001
44.993000
44.954000
44.971000
44.953000
44.968000
44.953000
44.971000
44.956001
44.972999
44.950001
44.968000
44.950999
44.996001
44.987001
44.969000
44.972001
45.004001
44.985000
44.973001
44.962000
44.971000
44.988001
44.994000
44.961000
44.989999
44.952000
44.972001
44.971999
44.970000
44.933001
44.964001
44.972001
44.953000
44.975000
44.948000
44.994000
44.952000
44.930000
44.971000
44.933999
44.953002
44.934001
44.951001
44.953000
44.952000
44.932000
44.947999
44.929001
44.987999
44.953000
44.989999
44.928001
44.975000
44.952001
44.950999
44.975001
44.949999
44.980999
44.973001
44.956999
44.976000
44.950999
44.950999
44.940000
44.952000
44.956001
44.950999
44.939000
44.952000
44.962000
44.948000
44.957001
44.952000
44.956001
44.950999
44.933001
44.949999
44.938000
44.948000
44.993000
44.953000
44.956001
44.948000
44.934001
44.952001
44.956001
44.947000
44.933999
44.952000
44.964001
44.947000
44.985000
44.948999
44.929000
44.947000
44.933999
44.954000
44.934001
44.947000
44.932000
44.947999
44.934001
44.979999
44.986999
44.954000
44.929000
44.947000
44.934001
44.950999
49.349999
44.970999
44.968000
44.963000
44.933001
44.954000
44.927999
44.962000
44.934001
44.947000
44.927999
44.965999
44.933999
44.948000
44.933001
44.962000
44.933001
44.993000
44.963000
44.970000
44.933001
44.956001
44.928001
44.962000
44.934001
44.947000
44.952000
44.961998
44.951001
44.947000
44.950999
44.988999
44.974001
44.970000
44.973999
44.988001
44.951001
44.951001
44.950999
44.965999
44.950999
44.947000
44.932999
44.947000
44.933001
44.950999
45.000000
44.950999
44.957001
44.950999
44.976000
44.973999
44.956001
44.969998
44.956001
44.950001
44.939000
44.947000
44.934001
44.972999
44.955999
44.947000
44.952000
44.954000
44.956001
44.947000
44.956001
44.947999
44.956001
44.947000
44.992000
44.950001
44.999000
44.947000
44.964999
44.947999
44.956999
44.947000
44.942999
44.978000
44.954998
44.953002
44.928001
44.947000
44.933001
44.947000
44.927999
44.947000
44.938000
44.987001
44.928001
44.953000
44.927999
44.947000
44.933999
44.948000
44.927999
44.946998
44.955000
44.971000
44.958001
44.948000
44.933001
44.999000
44.987001
44.947000
44.929000
44.947000
44.929000
44.947999
44.933001
44.962000
44.929000
44.947000
44.929000
44.963000
44.929001
44.947000
44.932000
44.963000
44.952000
44.948000
44.928001
44.969000
44.938000
44.947000
44.956999
44.966001
44.933001
44.948000
44.933001
44.952001
44.933999
44.952000
44.953000
44.991000
44.957999
44.973999
44.953000
44.970000
44.953000
44.970000
44.955000
44.975000
44.959001
44.970000
44.953000
44.970000
44.957001
44.969000
44.977000
45.013001
44.976000
44.970000
44.975001
44.984000
44.956001
44.969000
44.956001
44.968000
44.952000
44.968000
44.953000
45.015002
49.513999
44.969000
45.051999
44.953000
44.950999
44.969000
44.939000
44.970000
44.938000
44.952000
44.970000
44.953000
44.932999
44.952000
44.987001
44.952000
44.934001
44.952000
44.952001
44.955000
44.969000
44.970000
45.033000
44.994000
44.932999
44.970000
44.953002
44.993998
44.933001
44.970000
44.952001
44.971999
44.933999
44.978999
44.933001
44.948000
44.927999
44.947000
44.929000
44.954000
44.932000
44.957999
44.975001
