0.330999
0.334000
0.327000
0.303000
0.320001
0.303000
0.318000
0.305001
0.317000
0.305001
0.318000
0.302998
0.319999
0.303000
0.319000
0.303999
0.318000
0.305999
0.318000
0.305001
0.337999
0.305001
0.320001
0.306001
0.320001
0.302000
0.319000
0.302000
0.319000
0.304999
0.319000
0.305001
0.318000
0.302000
0.319000
0.304999
0.320001
0.302000
0.319999
0.304000
0.319999
0.302000
0.320001
0.302000
0.318998
0.303000
0.319000
0.305001
0.319000
0.303000
0.319000
0.302000
0.318000
0.302000
0.319000
0.304999
0.320001
0.302998
0.318998
0.302000
0.320001
0.303000
0.320001
0.317000
0.319000
0.303000
0.317998
0.305001
0.319000
0.302000
0.318000
0.305001
0.318000
0.305001
0.318000
0.306001
0.318000
0.304999
0.318000
0.306001
0.319000
0.302000
0.318000
0.305999
0.318000
0.303999
0.318000
0.305999
0.320001
0.303999
0.319000
0.305001
0.318000
0.305001
0.318000
0.306001
0.318000
0.303000
0.318000
0.305999
0.318000
0.302000
0.320001
0.305001
0.319000
0.302000
0.319000
0.302000
0.319000
0.303000
0.319000
0.305001
0.318000
0.305001
0.319000
0.302000
0.320001
0.303000
0.318000
0.305001
0.319000
0.303000
0.318000
0.302998
0.318000
0.330999
0.319000
0.304000
0.317000
0.304000
0.319000
0.302000
0.319000
0.303000
0.317000
0.305999
0.318000
0.302998
0.319000
0.306001
0.318000
0.303000
0.319000
0.306001
0.320001
0.303000
0.319999
0.304000
0.319000
0.303000
0.318998
0.306001
0.319000
0.302000
0.319000
0.302000
0.318000
0.303000
0.319000
0.305999
0.318000
0.302000
0.319000
0.302000
0.319000
0.302000
0.318998
0.306001
0.318998
0.303000
0.319000
0.302000
0.319000
0.303999
0.320001
0.306001
0.318000
0.303000
0.318000
0.302000
0.318000
0.305001
0.318998
0.329999
0.319000
0.303000
0.318000
0.304000
0.318000
0.302000
0.317000
0.304999
0.318000
0.304000
0.318000
0.305999
0.319000
0.374999
0.319000
0.303000
0.317002
0.304000
0.320001
0.302000
0.317000
0.306001
0.318000
0.304000
0.317000
0.303000
0.318998
0.304999
0.317000
0.303000
0.317000
0.329999
0.317002
0.302000
0.317000
0.302000
0.319000
0.305001
0.319000
0.304000
0.317000
0.303000
0.317000
0.303000
0.318998
0.302998
0.320001
0.303000
0.319000
0.303000
0.317000
0.303000
0.317000
0.305999
0.317000
0.333000
0.317000
0.302000
0.320001
0.304000
0.317000
0.303000
0.319999
0.329999
0.317000
0.331001
0.317002
0.332000
0.319000
0.333000
0.319000
0.333000
0.317002
0.303000
0.320001
0.303000
0.317000
0.302998
0.317000
0.304000
0.319000
0.303000
0.317002
0.303000
0.317000
0.303000
0.317000
0.305001
0.317000
0.304000
0.318998
0.305001
0.319000
0.302000
0.317000
0.303000
0.318000
0.303000
0.317000
0.301002
0.317002
0.301000
0.317000
0.303000
0.317000
0.334000
0.318000
0.302000
0.317000
0.302000
0.317000
0.330001
0.317000
0.302000
0.318000
0.302998
0.317000
0.332000
0.318000
0.334000
0.318000
0.301000
0.320001
0.302000
0.319000
0.302000
0.320001
0.303999
0.319000
0.303000
0.317000
0.301000
0.319000
0.302000
0.317000
0.302000
0.319000
0.303000
0.318000
0.305001
0.319000
0.305001
0.319000
0.305001
0.319000
0.301000
0.317000
0.302000
0.317000
0.305999
0.319999
0.306001
0.317000
0.303000
0.317000
0.303000
0.319000
0.303000
0.319000
0.305001
0.319000
0.305999
0.319999
0.305999
0.319000
0.303000
0.319000
0.303000
0.319000
0.302000
0.318000
0.302000
0.317000
0.306001
0.318998
0.304000
0.318000
0.303000
0.318000
0.302998
0.317002
0.305001
0.319000
0.303000
0.319000
0.303000
0.319000
0.303000
0.319000
0.302000
0.319000
0.304000
0.320001
0.302000
0.319000
0.304999
0.319000
0.306001
0.319000
0.304000
0.319000
0.303000
0.319999
0.303000
0.319000
0.302000
0.318998
0.303000
0.317000
0.303000
0.317000
0.302000
0.318998
0.302000
0.317000
0.305001
0.318000
0.303000
0.319000
0.304000
0.319000
0.302000
0.317002
0.303000
0.319000
0.303000
0.318998
0.302000
0.317002
0.305999
0.319000
0.304000
0.317000
0.303000
0.318000
0.305001
0.317000
0.302998
0.318000
0.303999
0.317000
0.302000
0.317002
0.302000
0.319000
0.304000
0.317000
0.305999
0.317000
0.303000
0.317000
0.304000
0.319000
0.305001
0.317000
0.305001
0.319000
0.305001
0.319000
0.305001
0.319000
0.305999
0.317000
0.303999
0.318998
0.301000
0.320001
0.303000
0.319000
0.304000
0.318998
0.305001
0.318998
0.303000
0.317000
0.302000
0.317000
0.301000
0.317000
0.304000
0.317000
0.302000
0.317000
0.302000
0.317000
0.301000
0.317000
0.304000
0.320001
0.301000
0.320001
0.303000
0.318998
0.302000
0.320001
0.304000
0.317000
0.302000
0.317000
0.301000
0.317000
0.302000
0.320001
0.302998
0.320001
0.302000
0.317000
0.304000
0.318000
0.302000
0.318998
0.303999
0.320001
0.304000
0.320001
0.303000
0.320001
0.304999
0.320001
0.303999
0.319000
0.302000
0.319999
0.305001
0.317000
0.302000
0.317000
0.305001
0.320001
0.302998
0.319999
0.302000
0.320001
0.304000
0.319000
0.305001
0.319000
0.302000
0.320001
0.302000
0.318000
0.305999
0.319000
0.304000
0.319000
0.302000
0.319000
0.304000
0.319000
0.330999
0.320001
0.329999
0.319999
0.330999
0.320001
0.331001
0.317000
0.333000
0.319999
0.330999
0.318998
0.332000
0.319000
0.303000
0.319000
0.302000
0.319999
0.304000
0.320001
0.302000
0.320001
0.302000
0.320001
0.302000
0.319000
0.305001
0.319000
0.302000
0.320001
0.303000
0.318998
0.302000
0.318000
0.305001
0.321001
0.305999
0.318000
0.303000
0.318000
0.305999
0.319000
0.303000
0.317000
0.304000
0.319000
0.302000
0.320001
0.303000
0.319999
0.304000
0.318000
0.302000
0.318000
0.302000
0.319000
0.303000
0.319000
0.303000
0.318000
0.303999
0.319000
0.304999
0.319000
0.329999
0.319000
0.305001
0.319000
0.303000
0.320001
0.329999
0.317000
0.329999
0.319000
0.304000
0.319000
0.332000
0.319000
0.303000
0.319999
0.302000
0.318998
0.304000
0.319000
0.304999
0.318000
0.301000
0.317000
0.303000
0.320001
0.304000
0.318000
0.305001
0.318998
0.302000
0.319000
0.303000
0.319000
0.305001
0.319999
0.304999
0.320001
0.305001
0.319000
0.302000
0.318998
0.304000
0.318000
0.304999
0.320001
0.302000
0.318000
0.303000
0.318000
0.303999
0.319000
0.305001
0.319000
0.302000
0.318000
0.303000
0.319999
0.304000
0.318998
0.302000
0.319999
0.303999
0.351999
0.306001
0.318000
0.305001
0.320001
0.303000
0.318998
0.303000
0.319000
0.305001
0.319000
0.304000
0.319000
0.303000
0.318000
0.303000
0.320001
0.302000
0.319999
0.304000
0.319999
0.303000
0.318000
0.303000
0.319000
0.302000
0.319000
0.305001
0.318000
0.302000
0.319000
0.305001
0.319000
0.302000
0.320001
0.305999
0.318998
0.302002
0.318000
0.303000
0.320001
0.302002
0.319999
0.305999
0.317000
0.302000
0.318000
0.305001
0.319999
0.302000
0.320001
0.306001
0.319000
0.302002
0.319999
0.304000
0.318000
0.302000
0.319000
0.304000
0.319000
0.302000
0.319999
0.303999
0.318000
0.302000
0.317002
0.305001
0.320001
0.302998
0.319999
0.303999
0.317000
0.305999
0.318000
0.305001
0.318000
0.302000
0.318000
0.302998
0.319000
0.302000
0.320001
0.305001
0.317000
0.305001
0.317000
0.302000
0.319000
0.303999
0.320001
0.306001
0.318998
0.305999
0.319000
0.303999
0.319999
0.366999
0.318000
0.305001
0.319000
0.303000
0.319999
0.303000
0.318000
0.305001
0.320001
0.304000
0.320001
0.302998
0.319000
0.303000
0.319000
0.305001
0.318000
0.302000
0.318000
0.302000
0.318000
0.303000
0.318000
0.305001
0.318000
0.304000
0.319000
0.303000
0.318000
0.304000
0.319000
0.304000
0.318000
0.304000
0.320001
0.302000
0.318000
0.303000
0.318998
0.304999
0.318000
0.304999
0.318000
0.303000
0.318000
0.306001
0.318000
0.304000
0.317000
0.302000
0.319000
0.306001
0.320001
0.304999
0.319000
0.303000
0.318000
0.305001
0.317000
0.302000
0.319000
0.302000
0.318998
0.304000
0.319000
0.302000
0.320001
0.302000
0.318000
0.302000
0.320999
0.306999
0.319999
0.301000
0.319000
0.303000
0.319000
0.302000
0.318998
0.304999
0.318000
0.304000
0.317000
0.304999
0.318000
0.303000
0.320001
0.304000
0.318998
0.303999
0.320001
0.305001
0.319000
0.305001
0.318000
0.305001
0.319000
0.304000
0.318000
0.304999
0.317000
0.303000
0.319999
0.303000
0.319999
0.302000
0.319000
0.302000
0.319999
0.303000
0.318000
0.307001
0.319000
0.302000
0.319000
0.331001
0.318000
0.332000
0.318000
0.329001
0.319000
0.302000
0.319000
0.329999
0.320001
0.334000
0.318000
0.329999
0.319999
0.306001
0.320001
0.302000
0.318000
0.302000
0.320001
0.304000
0.317000
0.302000
0.318000
0.306001
0.319000
0.303000
0.319000
0.303000
0.318000
0.304999
0.318000
0.302000
0.318000
0.305001
0.319000
0.305999
0.318000
0.303000
0.319000
0.302000
0.318000
0.303000
0.319000
0.303999
0.317002
0.302000
0.319999
0.304999
0.318000
0.302000
0.319000
0.303999
0.318000
0.304000
0.319000
0.305999
0.319000
0.303000
0.318000
0.306001
0.320001
0.303000
0.318000
0.304000
0.318000
0.306001
0.319000
0.305001
0.317000
0.304000
0.318000
0.302000
0.318000
0.303000
0.318000
0.305001
0.320001
0.302998
0.319000
0.302000
0.318000
0.303000
0.318000
0.307001
0.318000
0.303000
0.318000
0.302000
0.318000
0.302000
0.319000
0.304999
0.318000
0.302000
0.318998
0.302000
0.318000
0.302000
0.318000
0.303999
0.318000
0.302000
0.319000
0.303000
0.318000
0.302000
0.318998
0.303999
0.319000
0.303000
0.320001
0.303000
0.319000
0.302000
0.319000
0.302998
0.317000
0.302000
0.318000
0.302000
0.320001
0.302000
0.320999
0.305001
0.318000
0.305001
