0.577000
0.385000
0.380000
0.384000
0.388000
0.398000
0.388000
0.385000
0.533000
0.385000
0.537000
0.382000
0.387000
0.386000
0.382000
0.384000
0.387000
0.383000
0.383000
0.384000
0.385000
0.379000
0.380000
0.386000
0.387000
0.383000
0.384000
0.384000
0.385000
0.385000
0.390000
0.387000
0.386000
0.388000
0.391000
0.387000
0.388000
0.384000
0.383000
0.384000
0.534000
0.381000
0.387000
0.381000
0.382000
0.383000
0.383000
0.387000
0.384000
0.382000
0.385000
0.388000
0.387000
0.385000
0.386000
0.383000
0.383000
0.385000
0.385000
0.384000
0.383000
0.385000
0.533000
0.384000
0.385000
0.385000
0.382000
0.385000
0.382000
0.384000
0.388000
0.390000
0.383000
0.384000
0.388000
0.382000
0.386000
0.536000
0.385000
0.383000
0.381000
0.385000
0.384000
0.384000
0.387000
0.384000
0.387000
0.535000
0.385000
0.383000
0.387000
0.387000
0.390000
0.385000
0.379000
0.381000
0.382000
0.386000
0.384000
0.384000
0.386000
0.384000
0.382000
0.401000
0.383000
0.384000
0.385000
0.386000
0.384000
0.383000
0.383000
0.384000
0.383000
0.385000
0.384000
0.384000
0.383000
0.384000
0.387000
0.383000
0.381000
0.388000
0.382000
0.381000
0.387000
0.382000
0.384000
0.383000
0.384000
0.385000
0.380000
0.382000
0.388000
0.386000
0.385000
0.383000
0.389000
0.386000
0.384000
0.384000
0.386000
0.387000
0.386000
0.404000
0.385000
0.385000
0.384000
0.383000
0.388000
0.383000
0.385000
0.384000
0.387000
0.388000
0.384000
0.385000
0.384000
0.386000
0.386000
0.385000
0.388000
0.382000
0.387000
0.381000
0.388000
0.383000
0.386000
0.384000
0.385000
0.385000
1.266000
0.387000
0.729000
0.392000
0.384000
0.386000
0.397000
0.386000
0.387000
0.389000
0.386000
0.390000
0.386000
0.385000
0.390000
0.389000
0.388000
0.388000
0.389000
0.386000
0.382000
0.382000
0.387000
0.386000
0.382000
0.383000
0.384000
0.385000
0.381000
0.385000
0.386000
0.386000
0.380000
0.385000
0.385000
0.387000
0.384000
0.385000
0.385000
0.382000
0.383000
0.384000
0.385000
0.385000
0.380000
0.392000
0.386000
0.384000
0.387000
0.382000
0.387000
0.383000
0.387000
0.392000
0.385000
0.384000
0.386000
0.385000
0.385000
0.386000
0.383000
0.385000
0.387000
0.384000
0.384000
0.388000
0.380000
0.385000
0.387000
0.388000
0.383000
0.383000
0.384000
0.383000
0.389000
0.385000
0.389000
0.385000
0.387000
0.388000
0.384000
0.384000
0.381000
0.384000
0.388000
0.383000
0.386000
0.386000
0.380000
0.387000
0.388000
0.384000
0.381000
0.387000
0.386000
0.389000
0.385000
0.384000
0.385000
0.387000
0.383000
0.385000
0.390000
0.386000
0.384000
0.384000
0.385000
0.383000
0.387000
0.385000
0.387000
0.385000
0.382000
0.386000
0.381000
0.382000
0.381000
0.388000
0.383000
0.384000
0.384000
0.386000
0.388000
0.384000
0.382000
0.386000
0.381000
0.387000
0.389000
0.386000
0.387000
0.543000
0.386000
0.388000
0.387000
0.382000
0.383000
0.385000
0.385000
0.386000
0.383000
0.390000
0.380000
0.384000
0.383000
0.395000
0.388000
0.383000
0.379000
0.386000
0.382000
0.389000
0.387000
0.386000
0.387000
0.384000
0.382000
0.383000
0.384000
0.386000
0.384000
0.392000
0.385000
0.585000
0.385000
0.388000
0.382000
0.384000
0.385000
0.385000
0.381000
0.384000
0.383000
0.387000
0.386000
0.389000
0.383000
0.384000
0.380000
0.386000
0.382000
0.387000
0.381000
0.385000
0.380000
0.386000
0.385000
0.380000
0.383000
0.388000
0.387000
0.383000
0.382000
0.385000
0.385000
0.384000
0.387000
0.385000
0.384000
0.385000
0.386000
0.383000
0.382000
0.386000
0.384000
0.386000
0.389000
0.384000
0.387000
0.382000
0.384000
0.384000
0.382000
0.380000
0.385000
0.384000
0.385000
0.382000
0.384000
0.384000
0.383000
0.387000
0.386000
0.386000
0.386000
0.387000
0.386000
0.385000
0.386000
0.384000
0.381000
0.379000
0.381000
0.384000
0.388000
0.385000
0.382000
0.383000
0.383000
0.383000
0.386000
0.387000
0.383000
0.382000
0.389000
0.383000
0.380000
0.404000
0.383000
0.384000
0.386000
0.381000
0.384000
0.384000
0.388000
0.385000
0.386000
0.384000
0.380000
0.385000
0.380000
0.381000
0.386000
0.388000
0.381000
0.387000
0.384000
0.387000
0.382000
0.384000
0.383000
0.389000
0.391000
0.383000
0.385000
0.386000
0.382000
0.384000
0.387000
0.384000
0.385000
0.385000
0.381000
0.385000
0.383000
0.383000
0.388000
0.384000
0.384000
0.384000
0.387000
0.384000
0.384000
0.385000
0.382000
0.388000
0.383000
0.384000
0.384000
0.384000
0.383000
0.386000
0.386000
0.385000
0.381000
0.386000
0.387000
0.390000
0.382000
0.383000
0.386000
0.385000
0.389000
0.382000
0.380000
0.381000
0.384000
0.391000
0.389000
0.384000
0.384000
0.383000
0.386000
0.383000
0.387000
0.382000
0.384000
0.387000
0.386000
0.384000
0.384000
0.389000
0.386000
0.385000
0.385000
0.608000
0.554000
0.381000
0.384000
0.379000
0.385000
0.383000
0.385000
0.382000
0.380000
0.383000
0.381000
0.376000
0.404000
0.378000
0.381000
0.381000
0.382000
0.386000
0.381000
0.379000
0.383000
0.385000
0.377000
0.383000
0.389000
0.379000
0.382000
0.381000
0.461000
0.381000
0.384000
0.381000
0.385000
0.381000
0.382000
0.381000
0.385000
0.382000
0.387000
0.381000
0.385000
0.383000
0.383000
0.384000
0.385000
0.380000
0.389000
0.379000
0.385000
0.382000
0.383000
0.378000
0.381000
0.381000
0.387000
0.385000
0.388000
0.377000
0.384000
0.382000
0.381000
0.382000
0.381000
0.383000
0.384000
0.385000
0.380000
0.378000
0.382000
0.380000
0.382000
0.381000
0.382000
0.385000
0.381000
0.383000
0.387000
0.380000
0.385000
0.382000
0.381000
0.383000
0.384000
0.386000
0.384000
0.381000
0.385000
0.382000
0.380000
0.380000
0.381000
0.381000
0.383000
0.382000
0.384000
0.379000
0.384000
0.382000
0.381000
0.378000
0.386000
0.379000
0.385000
0.379000
0.386000
0.380000
0.382000
0.380000
0.382000
0.380000
0.382000
0.387000
0.383000
0.385000
0.386000
0.385000
0.387000
0.381000
0.383000
0.384000
0.383000
0.381000
0.382000
0.386000
0.386000
0.387000
0.383000
0.386000
0.383000
0.384000
0.383000
0.538000
0.380000
0.377000
0.381000
0.382000
0.384000
0.380000
0.383000
0.384000
0.389000
0.379000
0.383000
0.383000
0.384000
0.380000
0.385000
0.383000
0.385000
0.378000
0.384000
0.381000
0.385000
0.385000
0.381000
0.381000
0.387000
0.383000
0.383000
0.385000
0.384000
0.382000
0.380000
0.380000
0.387000
0.380000
0.383000
0.378000
0.385000
0.384000
0.381000
0.379000
0.538000
0.389000
0.383000
0.389000
0.379000
0.386000
0.385000
0.387000
0.383000
0.387000
0.384000
0.387000
0.387000
0.393000
0.388000
0.387000
0.384000
0.388000
0.386000
0.385000
0.385000
0.385000
0.382000
0.390000
0.382000
0.387000
0.382000
0.385000
0.383000
0.387000
0.382000
0.389000
0.384000
0.387000
0.382000
0.387000
0.384000
0.390000
0.382000
0.386000
0.382000
0.384000
0.386000
0.386000
0.382000
0.393000
0.387000
0.388000
0.383000
0.388000
0.384000
0.386000
0.386000
0.387000
0.381000
0.388000
0.386000
0.386000
0.387000
0.386000
0.384000
0.390000
0.385000
0.383000
0.386000
0.389000
0.387000
0.387000
0.380000
0.385000
0.381000
0.388000
0.385000
0.389000
0.383000
0.387000
0.383000
0.388000
0.386000
0.385000
0.384000
0.381000
0.380000
0.384000
0.384000
0.388000
0.387000
0.386000
0.385000
0.385000
0.383000
0.385000
0.385000
0.386000
0.386000
0.386000
0.387000
0.389000
0.389000
0.385000
0.391000
0.387000
0.383000
0.384000
0.384000
0.382000
0.382000
0.383000
0.385000
0.388000
0.386000
0.388000
0.386000
0.385000
0.383000
0.384000
0.381000
0.388000
0.385000
0.385000
0.383000
0.386000
0.384000
0.386000
0.385000
0.386000
0.384000
0.387000
0.383000
0.386000
0.384000
0.392000
0.385000
0.382000
0.386000
0.387000
0.382000
0.384000
0.392000
0.385000
0.388000
0.392000
0.392000
0.393000
0.384000
0.385000
0.390000
0.386000
0.388000
0.385000
0.383000
0.384000
0.382000
0.389000
0.386000
0.391000
0.386000
0.387000
0.389000
0.388000
0.388000
0.387000
0.388000
0.387000
0.384000
0.389000
0.383000
0.388000
0.385000
0.389000
0.382000
0.387000
1.225000
0.384000
0.386000
0.384000
0.387000
0.386000
0.384000
0.380000
0.385000
0.384000
0.388000
0.385000
0.383000
0.385000
0.387000
0.385000
0.391000
0.388000
0.388000
0.390000
0.387000
0.381000
0.388000
0.385000
0.382000
0.390000
0.385000
0.386000
0.387000
0.391000
0.399000
0.382000
0.386000
0.384000
0.385000
0.388000
0.385000
0.384000
0.387000
0.382000
0.384000
0.384000
0.390000
0.383000
0.386000
0.382000
0.384000
0.383000
0.386000
0.385000
0.387000
0.389000
0.384000
0.383000
0.383000
0.384000
0.387000
0.382000
0.387000
0.387000
0.392000
0.386000
0.389000
0.385000
0.386000
0.380000
0.389000
0.385000
0.386000
0.386000
0.388000
0.381000
0.388000
0.383000
0.385000
0.385000
0.389000
0.384000
0.392000
0.381000
0.387000
0.384000
0.387000
0.384000
0.389000
0.382000
0.390000
0.383000
0.387000
0.383000
0.386000
0.382000
0.384000
0.387000
0.387000
0.382000
0.382000
0.386000
0.384000
0.381000
0.384000
0.382000
0.386000
0.384000
0.383000
0.384000
0.387000
0.383000
0.390000
0.379000
0.390000
0.384000
0.383000
0.380000
0.386000
0.382000
0.386000
0.380000
0.384000
0.382000
0.389000
0.390000
0.383000
0.385000
0.387000
0.381000
0.384000
0.384000
0.386000
0.383000
0.387000
0.383000
0.379000
0.383000
0.385000
0.383000
0.382000
0.388000
0.391000
0.380000
0.384000
0.384000
0.385000
0.378000
0.386000
0.382000
0.386000
0.381000
0.388000
0.389000
