9.192000
8.968000
8.486999
8.572000
8.404000
8.304000
8.149000
8.167000
8.092000
8.038000
8.041000
7.953000
7.952000
7.939000
7.932001
7.894000
7.895000
7.905001
7.941000
7.926000
7.923000
7.799000
7.943000
7.898000
7.914999
7.851000
7.830000
7.815000
7.978000
7.755000
7.855000
7.857000
7.879000
7.874000
7.795000
7.854001
7.798000
7.743000
7.734000
7.827000
7.723999
7.720000
7.816000
7.774000
7.736000
7.815000
7.688000
7.727000
7.703000
7.757000
7.782000
7.813000
8.418000
8.206000
8.078000
7.992000
7.986000
7.848000
7.928000
7.958000
7.947001
7.963000
7.793000
7.867999
7.871000
7.824000
7.887000
7.889001
7.898000
7.892000
7.804000
7.719000
7.759999
7.751000
7.878000
7.724000
7.774999
7.865000
7.859000
7.839000
8.003000
7.900000
7.755000
7.872000
7.813000
7.809000
7.885000
7.853000
7.808000
7.717000
7.962001
7.836000
7.951001
7.839000
7.746000
7.812000
7.892000
7.721000
7.699000
7.726000
7.758000
7.839001
7.709000
7.765000
7.898999
7.697000
7.852000
7.750001
7.747999
7.795000
7.778000
7.803001
7.680000
7.712000
7.833000
7.724000
7.691001
7.653000
7.716000
7.743000
7.775000
7.846001
7.740000
7.714001
7.710000
7.808001
7.801000
7.898999
7.728999
7.859999
7.735000
7.747000
7.756000
7.862001
7.777000
7.747000
7.773001
7.775000
7.809000
7.718000
16.093000
8.245000
8.072000
8.023000
7.960999
7.933999
7.985000
7.885001
7.942000
7.906000
7.881000
7.954000
7.901000
7.891000
7.893001
7.855000
7.779000
7.809000
7.814000
7.857000
7.804001
7.863000
7.802000
7.877001
7.907000
7.797000
7.814000
7.868000
7.838001
7.842001
7.839001
7.824000
7.837000
7.862000
7.883000
7.856000
7.868000
7.773001
7.770000
7.882000
7.788001
7.850000
7.894000
7.825000
7.778000
7.806000
7.722000
7.819000
7.813000
7.881000
7.827001
7.834000
7.750999
7.711999
7.762000
7.799000
7.824000
7.823000
7.690000
7.745001
7.767000
7.765000
7.834000
7.829000
7.899000
7.813000
7.751000
7.776001
7.728000
7.830000
7.704000
7.842000
7.813000
7.648000
7.790000
7.779000
7.735000
7.681999
7.695001
7.772000
7.764000
7.773999
7.817999
7.811000
7.920001
7.751000
7.748000
7.758000
7.807000
9.526000
9.008001
8.790000
8.635000
8.376000
8.259000
8.203000
8.093000
8.065000
8.056001
8.033000
7.969000
7.918000
7.912001
7.870999
7.824999
7.920001
7.885000
7.801000
7.825000
7.792000
7.834000
7.818000
7.952000
7.785000
7.850000
7.744000
7.904001
7.843000
7.850000
7.777000
7.867000
7.820001
7.778000
7.806000
7.793000
7.830000
7.731001
7.779000
7.844000
7.804000
7.819000
7.852999
7.789000
7.805000
7.864000
7.728000
7.922000
7.716000
7.835000
7.814000
7.708999
7.745001
7.765000
7.779000
7.819000
7.859000
7.736000
7.717000
7.805000
7.918000
7.712000
7.796000
7.875000
7.724000
7.814000
7.764000
7.975000
7.677000
7.795000
7.724999
7.750000
7.835000
7.851000
7.713000
7.744000
7.701000
7.711000
7.828000
7.739000
7.699000
7.747000
7.789000
7.807000
7.697000
7.745000
8.144001
7.981000
7.995000
7.778000
7.825000
7.894000
7.848000
7.850001
7.777000
7.724000
7.716999
7.882999
7.868000
7.719000
7.809000
7.776000
7.835000
7.726000
7.844999
7.754000
7.694000
7.795000
7.711000
7.800000
7.830000
7.750000
7.671000
7.727000
7.669000
7.721000
7.648000
7.805999
7.694000
7.730000
7.771000
7.700001
7.713000
7.764000
7.758000
7.825000
7.727999
7.759000
7.722000
7.735999
7.752000
7.755000
7.692001
7.714000
7.771000
7.701000
7.781000
7.811000
7.741000
7.634999
7.768000
7.819000
7.728999
7.762000
7.670000
7.747000
7.743000
7.792000
7.726000
7.793000
7.753000
7.780000
7.643000
7.766999
7.893000
7.749000
7.803000
7.748000
7.802000
7.871000
7.786000
7.704999
7.740000
7.792000
7.803001
7.835000
7.782999
7.821000
7.754999
7.745001
7.786000
7.668001
7.693000
7.757000
7.624000
8.134000
7.904001
7.957000
7.825000
7.824000
7.783000
7.861000
7.866000
7.850000
7.935001
7.805000
7.813000
7.794000
7.848999
7.939000
7.788001
7.830000
7.792000
7.737000
7.789000
7.718001
7.751999
7.777000
7.766000
7.859000
7.736000
7.691000
7.969000
7.851000
7.754999
7.826000
7.741000
7.656000
7.707000
7.794000
7.889000
7.705000
7.830000
7.754999
7.804000
7.662999
8.045999
7.856000
7.810000
7.746000
7.860000
7.672001
7.807000
7.826000
7.652000
7.789000
7.840999
7.765000
7.767000
7.721000
7.646999
7.605000
7.655000
7.740000
7.723000
7.892000
7.720999
7.694000
7.638000
7.687001
7.751000
7.703000
7.689000
7.734000
7.740000
7.667000
7.751000
7.725000
7.773000
7.737000
7.795000
7.791000
7.648000
7.674000
7.653999
7.774000
7.674000
7.714000
7.679000
7.723000
7.790000
7.722000
7.648000
7.596000
7.966000
7.914000
7.857000
7.841000
7.781999
7.816000
7.830000
7.693000
7.759999
7.719000
7.740000
7.759000
7.778000
7.726000
7.902000
7.978000
7.813000
7.921000
8.177000
7.977000
7.855999
8.028000
8.256000
8.187000
7.924001
8.045999
7.822000
7.881000
7.876000
7.727001
7.710001
8.008000
7.751000
7.807000
7.822000
7.686000
7.767000
7.740000
7.729000
7.628000
7.609000
7.848000
7.684001
7.770000
7.734000
7.650000
7.731999
7.649001
7.712000
7.744000
7.846001
7.762000
8.176000
7.813999
7.720999
7.759000
7.755000
7.701000
7.735000
7.840000
7.849000
7.867000
7.716000
7.797000
7.972000
7.842000
7.755000
7.755000
7.783000
7.823000
7.626000
7.783000
7.695001
7.756000
7.710001
7.744000
7.731000
7.583000
7.716000
7.762999
7.647000
7.690000
7.731000
7.622000
7.647000
7.696999
7.704000
7.730000
307.372999
9.158000
8.779000
8.463000
8.390000
8.182000
8.285000
8.053000
8.041000
8.020001
8.018000
8.172000
8.041000
7.963000
7.951000
7.854001
7.945000
7.738001
7.850000
7.834001
7.831000
7.859999
7.762000
7.703001
7.752000
7.778000
7.717000
7.841000
7.958001
7.670000
7.764000
7.830000
7.713000
7.743000
7.772000
7.854001
7.824999
7.724000
7.710000
7.799000
7.689999
7.715000
7.971000
7.693000
7.790999
7.688999
7.697999
7.833000
7.631999
7.840000
7.803001
7.662000
7.784001
7.908000
7.799000
7.764000
7.897001
7.894000
7.701000
7.868000
7.899000
7.734000
7.789000
7.704000
7.760000
7.820000
7.761001
7.804000
7.748000
7.719999
7.731000
7.752000
7.752000
7.829000
7.965000
7.845000
7.843000
7.683000
7.664001
7.820000
7.685999
7.707000
7.734001
7.731999
7.738000
7.801999
7.756000
8.180000
7.886000
7.910000
7.814000
7.863000
7.866001
7.831000
7.749001
7.735000
7.998999
7.842000
8.044000
7.870000
7.813000
7.906000
7.865001
7.759000
7.778000
7.773000
7.784000
7.793999
7.854000
7.762000
7.776000
7.861000
7.812999
7.780001
7.851000
7.964999
7.751000
7.676000
7.699000
7.780000
7.851000
7.691000
7.733000
7.971000
7.712000
7.692000
7.654000
7.690000
7.779000
7.789000
7.696000
7.706000
7.661001
7.763000
7.682000
7.770000
7.725000
7.733000
7.732000
7.791000
7.756000
7.715001
7.682000
7.855000
7.698000
7.763000
7.669000
7.766000
7.764000
7.730000
7.696999
7.769000
7.874000
7.745001
7.790999
7.625001
7.758000
7.741001
7.729000
7.753001
7.687001
7.710001
7.700000
7.675000
7.706000
7.648000
7.789000
7.760000
7.715000
7.772000
7.807000
7.909000
7.745001
7.707001
7.816000
7.671000
8.049000
8.029000
7.846000
7.904000
7.952000
7.898999
7.890999
7.873000
7.885000
7.916000
7.840000
7.867000
7.824000
7.722000
7.866001
7.853000
7.820999
7.844000
7.821000
7.808000
7.784000
7.763000
7.836999
7.878000
7.775000
7.752000
7.789999
7.693000
7.818000
7.753000
7.883000
7.777000
7.919000
7.743000
7.780000
7.847000
7.761000
7.808001
7.695001
7.728000
7.733000
7.666000
7.801000
7.975000
7.785000
7.833000
7.761000
7.742000
7.714000
7.649000
7.744000
7.782000
7.716999
7.763000
7.692000
7.852000
7.733000
7.658000
7.676000
7.716000
7.714000
7.720000
7.696000
7.670000
7.757001
7.840000
7.727001
7.649000
7.801000
7.774000
7.829000
7.715001
7.673999
7.792000
7.705000
7.757000
7.818000
7.746000
7.707001
7.753000
7.843000
7.690000
7.810000
7.774999
7.884000
7.770000
7.783000
7.701000
7.738000
8.126999
8.028001
7.945000
7.919000
7.940000
7.768000
7.925000
7.842001
7.871000
7.786000
7.838001
7.900000
7.801000
7.824000
7.862001
7.801000
7.854000
7.808000
7.836000
7.844999
7.936000
7.743000
7.768000
7.750000
7.860000
7.744000
7.888000
7.933000
7.726001
7.848999
7.805000
7.785000
7.736000
7.750000
7.704000
7.764000
7.664000
7.673000
7.677000
7.696000
7.628000
7.743000
7.746000
7.766000
7.774999
7.759000
7.764000
7.801999
7.773000
7.712000
7.800001
7.759000
7.770000
7.711000
7.747999
7.790000
7.824000
7.809000
7.805000
7.824000
7.726001
7.801000
7.918000
7.735000
7.882000
7.723000
7.698000
7.814000
7.797000
7.664000
7.759000
7.737000
7.788000
7.707000
7.800000
7.789001
7.764000
7.743000
7.755999
7.801000
7.724999
7.817000
7.807000
7.817000
7.735999
7.769000
7.805000
7.711000
7.859999
9.217000
8.871000
8.508000
8.392000
8.226000
8.238000
8.118000
8.005000
8.092999
8.048000
7.976000
8.011000
8.107999
7.949000
7.844000
8.018000
7.834001
7.940001
7.801000
7.867000
7.849000
7.859000
7.879999
7.840999
8.095000
7.806000
7.842000
7.734000
7.744000
7.870000
7.797999
7.921000
7.854000
7.870000
7.891000
7.778000
7.828999
7.777000
7.862000
7.963000
7.812000
7.886000
7.872000
7.866000
7.844000
7.758000
7.881000
7.796000
7.771000
7.821000
7.806000
7.830000
7.804000
7.796000
7.851001
7.662000
7.705000
7.764000
7.828999
7.780000
7.761000
7.877000
7.809000
7.855000
7.854000
