4.420000
5.020000
4.240000
4.680000
5.360000
4.460000
5.380000
4.520000
4.760000
4.620000
4.640000
4.760000
4.720000
4.640000
4.740000
4.680000
4.240000
5.000000
4.340000
4.800000
4.660000
4.460000
5.020000
4.260000
4.960000
4.080000
59.420000
5.480000
4.580000
5.240000
4.860000
4.300000
5.000000
4.260000
4.740000
4.460000
4.420000
4.620000
4.660000
4.440000
4.700000
4.600000
5.000000
4.240000
4.900000
4.320000
4.960000
4.480000
4.600000
4.640000
4.960000
4.220000
5.000000
4.060000
5.180000
4.840000
5.280000
5.100000
4.680000
4.600000
4.640000
4.280000
4.720000
5.080000
4.320000
5.240000
4.260000
57.440000
5.100000
4.440000
5.000000
4.260000
5.040000
4.260000
4.800000
4.620000
4.400000
4.800000
5.220000
4.460000
5.440000
4.220000
4.980000
4.620000
4.600000
4.640000
4.700000
4.820000
4.980000
4.500000
5.060000
4.380000
4.660000
4.640000
4.640000
4.660000
4.720000
4.280000
4.800000
4.080000
4.800000
4.620000
4.280000
4.720000
4.660000
4.640000
4.640000
4.260000
4.780000
4.060000
5.020000
4.260000
5.440000
5.040000
4.540000
5.260000
4.260000
4.300000
15.100000
4.820000
4.480000
5.040000
4.820000
4.600000
4.480000
4.620000
4.560000
4.280000
4.640000
4.680000
4.680000
4.380000
4.320000
4.820000
4.980000
4.200000
4.760000
4.480000
4.340000
4.420000
4.320000
4.740000
4.640000
4.700000
5.060000
4.600000
5.240000
4.960000
4.540000
4.720000
4.280000
4.820000
4.100000
4.880000
4.480000
4.680000
4.680000
4.720000
4.540000
5.020000
4.120000
5.020000
4.160000
5.100000
4.840000
4.820000
4.640000
5.100000
4.200000
5.060000
4.520000
4.580000
4.540000
4.300000
4.400000
4.660000
4.680000
5.000000
4.220000
4.600000
4.240000
4.960000
4.480000
4.580000
4.700000
4.620000
4.700000
5.040000
4.040000
4.960000
4.040000
4.960000
4.380000
4.600000
4.520000
4.600000
4.540000
5.060000
4.640000
4.720000
4.020000
4.940000
4.620000
4.580000
4.360000
4.600000
4.380000
4.260000
4.580000
4.580000
4.240000
4.920000
4.200000
4.720000
4.560000
4.560000
4.420000
4.580000
4.380000
4.940000
4.300000
5.100000
4.360000
4.980000
4.400000
4.460000
5.000000
4.940000
4.180000
5.120000
4.420000
4.900000
4.400000
5.100000
4.560000
4.500000
4.520000
4.720000
4.300000
4.780000
4.080000
4.960000
4.300000
5.020000
4.700000
4.680000
4.600000
19.100000
4.680000
4.240000
4.340000
4.460000
4.300000
4.840000
4.600000
4.520000
4.380000
4.180000
4.480000
4.380000
5.400000
3.820000
4.100000
4.100000
3.740000
3.800000
3.860000
3.820000
3.780000
4.480000
3.840000
4.360000
3.780000
3.860000
4.040000
4.120000
3.840000
4.100000
3.740000
4.060000
3.740000
4.100000
3.740000
4.120000
3.740000
4.100000
4.280000
4.300000
4.680000
3.980000
4.200000
3.860000
4.140000
3.740000
4.100000
3.760000
4.200000
3.940000
4.440000
4.000000
4.360000
3.940000
4.300000
4.200000
3.860000
4.320000
3.880000
4.180000
3.920000
4.200000
3.740000
4.160000
3.860000
4.080000
3.740000
4.100000
3.780000
4.080000
3.740000
4.140000
3.740000
4.100000
3.780000
4.140000
3.720000
4.080000
3.740000
4.100000
3.740000
4.120000
4.060000
3.740000
3.740000
3.720000
3.740000
4.100000
3.740000
4.100000
4.100000
3.740000
4.120000
3.800000
4.100000
3.740000
4.100000
3.740000
4.280000
3.740000
4.100000
3.780000
4.120000
3.820000
4.080000
3.720000
4.100000
3.840000
4.180000
3.740000
4.460000
3.740000
4.420000
4.060000
4.100000
3.760000
4.200000
3.780000
3.800000
4.080000
3.740000
4.080000
3.740000
4.100000
3.740000
4.120000
3.740000
4.100000
3.740000
4.100000
3.760000
4.100000
3.760000
4.120000
3.740000
4.160000
3.760000
4.160000
3.820000
4.200000
4.220000
4.160000
3.820000
4.120000
3.740000
4.120000
3.740000
4.200000
3.940000
4.320000
3.840000
4.120000
4.540000
4.300000
4.260000
3.820000
4.100000
3.880000
4.440000
3.900000
4.200000
4.620000
3.920000
4.300000
4.160000
4.100000
3.800000
4.200000
3.780000
4.320000
4.280000
4.360000
3.820000
4.160000
3.800000
4.320000
4.240000
3.960000
3.820000
4.460000
4.220000
3.800000
4.240000
3.840000
4.180000
3.860000
4.160000
3.800000
4.200000
4.100000
4.540000
4.240000
3.920000
4.500000
3.880000
3.920000
4.100000
4.400000
3.820000
4.660000
3.780000
4.260000
3.780000
4.480000
3.800000
3.800000
4.220000
3.840000
4.120000
3.740000
4.180000
3.740000
4.100000
3.760000
4.260000
4.180000
4.740000
4.000000
4.480000
4.240000
3.840000
4.740000
3.840000
3.860000
4.440000
4.560000
4.120000
4.360000
3.900000
4.180000
3.740000
4.460000
3.740000
3.760000
3.780000
3.760000
3.760000
4.060000
3.800000
3.820000
3.740000
4.480000
4.060000
4.080000
4.080000
3.760000
4.100000
3.740000
4.100000
3.760000
4.180000
3.880000
4.100000
3.740000
4.120000
3.740000
4.100000
3.740000
4.100000
3.740000
4.440000
3.720000
4.100000
3.740000
4.100000
3.740000
4.120000
3.740000
4.080000
3.740000
3.780000
3.840000
4.440000
3.760000
3.740000
3.740000
3.740000
3.740000
3.740000
3.740000
4.100000
3.740000
4.140000
3.720000
3.840000
4.100000
3.740000
4.100000
3.720000
4.060000
4.080000
4.100000
3.720000
4.180000
3.720000
4.100000
3.740000
4.100000
3.740000
4.060000
3.740000
4.260000
3.760000
4.080000
3.780000
4.260000
3.780000
4.220000
3.740000
4.220000
3.920000
4.160000
4.100000
4.080000
3.760000
3.740000
3.760000
3.760000
3.740000
4.440000
4.100000
3.940000
4.120000
3.800000
4.100000
3.940000
4.100000
3.760000
4.080000
3.780000
4.460000
3.780000
4.140000
3.820000
4.060000
3.820000
4.160000
3.740000
4.100000
4.100000
4.080000
3.760000
4.120000
3.760000
3.760000
3.740000
4.120000
3.740000
4.100000
3.740000
3.780000
3.740000
4.400000
3.740000
4.140000
4.280000
4.020000
4.220000
4.140000
4.380000
3.860000
4.660000
3.880000
4.440000
4.260000
4.360000
4.820000
7.700000
5.800000
4.960000
5.880000
4.520000
7.080000
5.680000
4.300000
4.820000
9.600000
4.820000
5.340000
8.340000
5.560000
6.140000
9.160000
5.420000
5.600000
11.420000
5.180000
7.360000
6.440000
8.080000
5.520000
4.260000
4.460000
4.240000
3.900000
4.040000
4.760000
4.260000
3.840000
4.340000
4.640000
7.700000
4.140000
3.940000
3.940000
4.240000
3.860000
3.980000
4.100000
4.060000
4.000000
4.760000
4.560000
3.900000
3.940000
6.960000
3.940000
3.940000
4.300000
4.540000
4.100000
3.760000
4.180000
4.380000
4.080000
3.780000
3.860000
3.800000
3.820000
6.980000
3.740000
3.700000
3.740000
3.740000
3.740000
3.760000
3.800000
3.780000
3.780000
4.680000
4.460000
3.820000
3.820000
3.800000
6.360000
3.860000
3.820000
3.780000
3.760000
3.820000
3.780000
4.080000
4.400000
4.180000
3.740000
4.160000
4.960000
3.780000
3.820000
6.960000
3.760000
3.820000
3.760000
3.780000
3.800000
3.880000
3.760000
4.240000
4.640000
4.020000
3.800000
4.180000
5.040000
3.820000
6.800000
3.960000
3.780000
3.820000
3.800000
3.840000
3.780000
3.860000
3.800000
4.320000
4.540000
4.000000
3.780000
4.260000
7.120000
3.840000
3.800000
3.760000
3.800000
3.860000
3.820000
3.840000
3.820000
3.820000
3.780000
3.820000
4.920000
4.120000
3.780000
3.820000
6.660000
3.800000
3.800000
3.820000
4.880000
4.320000
3.820000
3.860000
3.760000
3.760000
3.820000
3.780000
4.580000
3.780000
3.760000
4.600000
4.180000
3.800000
7.220000
4.800000
3.880000
3.820000
3.760000
3.780000
3.820000
3.760000
3.760000
3.820000
3.820000
3.800000
3.780000
4.840000
4.320000
6.820000
3.820000
3.800000
3.760000
3.820000
3.760000
4.560000
4.040000
3.720000
3.760000
4.320000
4.300000
3.780000
3.720000
3.780000
6.840000
3.800000
3.740000
3.740000
3.700000
3.740000
3.740000
3.780000
3.800000
3.800000
3.800000
4.320000
4.480000
3.940000
3.780000
6.740000
3.840000
3.780000
3.800000
3.780000
3.800000
3.800000
3.780000
3.960000
4.860000
4.100000
3.820000
4.120000
4.720000
7.160000
3.800000
3.740000
3.780000
3.800000
3.980000
3.760000
3.780000
3.860000
3.780000
4.140000
4.600000
4.200000
3.780000
4.160000
8.120000
3.780000
3.800000
3.760000
3.800000
3.800000
3.840000
3.820000
3.740000
3.880000
3.820000
4.080000
4.700000
4.120000
3.800000
7.340000
4.360000
3.780000
3.780000
3.840000
3.760000
3.780000
3.760000
3.860000
3.840000
3.800000
3.800000
3.760000
4.500000
4.280000
6.980000
3.800000
3.800000
3.820000
3.780000
4.240000
4.620000
4.120000
3.800000
3.800000
3.780000
3.800000
3.780000
3.840000
4.400000
3.780000
4.180000
4.340000
7.200000
3.840000
4.540000
4.540000
3.800000
3.780000
3.780000
3.900000
3.800000
3.800000
3.820000
3.780000
3.740000
3.780000
4.120000
7.580000
3.780000
3.760000
3.760000
3.800000
3.800000
3.940000
4.480000
4.580000
3.780000
3.800000
4.380000
4.420000
3.720000
3.760000
6.800000
3.780000
3.820000
3.760000
3.720000
3.780000
3.700000
3.760000
3.800000
3.740000
3.840000
3.800000
4.200000
4.640000
3.800000
6.880000
3.760000
3.940000
3.800000
3.780000
3.760000
3.760000
3.760000
3.800000
4.220000
4.680000
3.920000
3.780000
4.040000
4.480000
6.640000
3.760000
3.800000
3.760000
3.800000
3.860000
3.780000
3.760000
3.920000
3.800000
4.100000
4.520000
4.240000
3.800000
6.740000
4.860000
3.920000
3.740000
3.800000
3.760000
3.780000
3.800000
3.800000
3.780000
3.840000
3.780000
3.840000
4.760000
4.060000
6.860000
4.420000
4.700000
3.780000
3.780000
3.820000
3.800000
3.820000
3.780000
3.800000
3.880000
3.800000
3.800000
4.040000
4.440000
7.240000
3.800000
3.800000
3.820000
