703.559998
703.699999
705.080003
699.060000
710.000001
703.680001
701.300003
700.240001
699.940000
701.159999
703.979999
700.520001
710.840002
702.120002
706.380002
704.000000
706.839997
708.579998
706.080001
721.400000
704.600003
718.480002
710.360002
720.860001
705.000002
713.800002
700.199999
720.279999
702.059999
721.200000
709.360000
717.259999
702.140000
716.800001
699.699998
709.160000
705.520000
702.840000
701.840002
708.740000
703.800000
705.060001
700.759999
706.739999
702.220000
704.420000
701.900002
702.220000
707.040001
702.640001
704.680000
704.179998
698.500000
704.660002
702.620000
704.319999
697.240002
702.499997
705.839999
701.120000
705.940001
710.560001
708.320003
699.720003
702.860001
704.280000
720.819999
702.819999
721.460000
705.819998
716.540001
701.900002
719.680000
702.560000
719.659999
702.119999
719.439998
701.840002
718.580000
710.460000
718.619999
704.660002
718.940001
705.800001
704.280000
704.020001
708.260000
700.360000
704.599999
706.179999
697.899997
704.179998
709.700000
704.860002
703.700002
705.599997
702.459998
707.759999
712.920003
715.259999
702.580001
704.420000
705.800001
704.340000
703.979999
709.300000
717.179999
697.079998
702.080000
702.600002
709.400002
706.319999
704.119999
703.959998
703.380000
700.640000
706.739999
717.179999
701.260000
714.320000
707.079999
714.679997
702.140000
718.699999
705.460001
721.340001
705.540001
745.540000
706.219997
718.800001
705.079999
716.620002
703.680001
720.120002
702.039998
717.579998
706.960000
706.720002
701.500002
705.880001
701.640002
710.360002
703.480002
700.360000
705.779999
703.299999
703.420002
705.819998
701.620001
704.699997
706.400003
704.920001
701.580003
701.400001
706.960000
703.380000
702.220000
704.919998
702.420000
705.460001
704.900000
703.900002
699.859999
703.840002
698.700000
705.580000
701.919999
709.500000
713.620000
703.840002
717.979997
701.140001
722.560000
705.460001
716.740001
702.819999
716.639999
705.060001
753.279999
704.719998
721.720003
701.520000
719.179999
703.860000
720.160000
704.039998
703.240000
702.500001
705.380000
702.300001
707.680002
704.219997
704.879999
696.020003
704.399999
702.000000
701.499999
705.040000
709.619999
708.279997
704.720002
707.339998
705.679998
710.780002
707.500000
698.540002
700.379997
700.560000
706.779998
703.080002
703.759998
704.220001
705.040000
701.000001
704.859998
701.400001
707.660001
717.579998
704.119999
712.940000
736.040000
715.919998
704.079997
717.940003
704.520002
728.040002
700.579997
711.659998
701.639999
725.640003
700.180002
723.280001
701.180000
719.100002
709.539998
721.039999
702.199999
702.700000
704.399999
702.220000
702.999998
704.840001
700.539999
701.320000
708.199997
701.819997
700.819999
707.180001
705.580000
705.019999
699.760001
705.440000
697.880000
701.240003
704.880003
703.480002
700.180002
697.419997
698.300000
706.499998
707.619999
704.859998
699.640002
703.620002
702.360000
712.219998
701.880001
705.399998
711.619999
705.860000
718.720000
706.080001
717.319999
703.820001
726.940002
707.240000
718.539998
703.400001
717.719998
705.740001
716.159999
696.440000
719.799999
707.259998
721.000001
701.859999
702.840000
704.020001
703.439999
701.740000
700.139999
710.200001
700.920001
705.100000
702.980001
703.840002
711.880002
706.259999
706.780002
697.840001
697.180003
701.340001
702.319998
699.619997
707.580000
700.739998
703.180000
701.680001
703.139998
708.319999
702.460002
701.520000
702.399999
703.080002
700.240001
700.780001
702.179998
716.419999
701.759998
719.299998
702.599999
719.540000
709.199999
719.560001
706.179999
713.280000
701.980002
720.419999
702.679999
720.200002
703.979999
719.340000
703.219999
702.340003
701.580003
705.839999
703.940000
704.660002
706.259999
703.019999
709.579997
703.559998
704.780001
705.639999
705.479998
702.880003
705.880001
701.380000
708.699998
704.900000
703.419998
703.840002
728.000000
743.820000
707.100000
736.899998
717.920002
712.760001
726.259999
708.680000
706.719998
701.419998
710.340001
721.360002
705.599997
705.800001
709.339999
702.840000
712.879997
724.879999
707.400002
730.799999
701.660000
762.860000
705.519997
716.459997
703.540001
707.759999
710.019998
706.879999
700.560000
702.080000
701.980002
703.919999
700.980000
708.099999
708.980002
705.940001
706.360001
705.399998
703.919999
711.059999
704.900000
709.160000
697.979998
701.899998
702.719998
702.900000
704.760000
715.679999
702.259999
701.639999
718.760002
701.740000
723.460000
707.619999
717.820000
702.620000
721.639998
704.059999
721.940000
704.180002
719.240002
699.320000
724.060003
704.420000
707.139999
710.800000
701.520003
705.100000
697.780002
703.680001
704.000000
704.019997
700.920001
701.959997
704.620000
706.260003
706.580002
701.760001
712.979998
701.540001
701.500002
702.000000
707.140002
702.520002
706.040002
701.899998
699.820001
699.080002
705.540001
701.180000
704.039998
725.240000
703.280002
721.340001
701.860003
716.619998
707.640000
720.880002
706.980001
718.959998
702.420000
728.000000
703.100003
716.779999
707.720000
703.619998
707.620002
704.360001
708.379999
707.640000
702.160001
707.959998
701.339997
702.039998
704.680000
706.620000
705.319997
707.300000
702.580001
704.220001
703.439999
702.600002
710.200001
700.980000
701.919999
702.780001
706.780002
702.059999
702.840000
705.140002
723.999999
702.819999
720.020000
704.380002
719.239999
711.980000
716.199998
705.079999
715.780001
705.259997
720.300000
703.160003
718.460001
710.999999
705.040000
704.059999
701.180000
710.800000
710.160002
703.580000
706.320003
701.899998
704.040002
704.500001
702.480000
705.580000
706.200000
701.940000
706.599999
700.959999
705.839999
712.540001
707.799997
704.280000
704.080001
704.620000
707.380001
703.820001
704.119999
705.399998
704.180002
717.459999
705.440000
721.560001
708.600000
720.780000
701.419998
718.480002
705.399998
721.840002
704.620000
718.380000
707.479998
721.320000
708.760001
706.559997
707.839999
715.059999
703.979999
707.339998
701.060001
709.520001
704.299998
699.580003
711.579997
707.520001
702.080000
702.140000
703.660000
698.300000
721.120000
702.659998
707.600001
704.539999
703.899998
702.080000
704.379998
704.039998
704.140000
699.320000
700.100001
701.520000
717.439998
707.759999
718.260001
705.199998
714.699998
706.100002
719.720002
706.080001
721.260000
709.539998
723.139998
705.640003
716.880001
704.680000
709.799998
704.379998
706.700001
701.820001
702.739999
705.699999
705.340002
704.659998
720.079999
706.940003
707.760002
704.999998
707.860000
708.639998
704.140000
702.199999
702.180002
703.540001
705.520000
705.019999
703.180000
699.680001
704.280000
698.339999
703.180000
724.060003
710.460000
719.599999
705.740001
718.419999
703.839999
717.840001
706.640001
734.640002
706.799999
720.959999
706.939999
714.919999
703.140002
710.560001
710.919999
709.740002
714.940000
713.500001
706.259999
714.559998
699.500002
701.019999
707.260001
706.039999
702.620000
702.900000
706.859998
703.199998
702.500001
705.740001
702.599999
706.400003
702.000000
709.840000
698.939998
702.400003
706.719998
706.020001
700.339999
711.420000
716.520000
706.599999
718.499999
703.720000
719.020002
706.560001
718.699999
702.799998
717.540000
704.420000
716.200002
704.560000
724.700000
702.520002
707.020000
702.860001
707.260001
705.180001
705.820002
708.220001
706.659999
703.299999
704.040002
705.180001
705.079999
711.700000
705.860000
704.799999
702.939998
702.420000
701.980002
701.480001
703.439999
702.920001
704.780001
703.400001
703.280002
699.899998
714.159999
721.779998
705.639999
719.979998
704.800002
719.980001
702.639997
719.240002
708.660003
726.780001
701.560002
716.839999
703.940000
728.480000
707.160000
707.540002
700.260002
712.880000
706.940003
705.620002
706.219997
706.340000
704.680000
708.839998
707.200002
702.459998
706.099998
704.180002
704.519998
701.660000
705.860000
702.459998
706.159998
703.640003
714.579999
703.160003
704.480000
704.439998
704.179998
711.300001
713.999998
705.219999
716.100000
706.560001
718.720000
700.379997
721.519999
708.239999
719.999999
701.800000
736.940000
701.960001
723.300003
703.959998
720.620003
704.599999
707.020000
701.899998
702.999998
708.160002
699.880000
701.280002
705.600001
705.339998
703.880001
712.919999
702.760000
709.819999
705.240000
702.879999
702.459998
698.920000
704.719998
705.240000
701.900002
706.380002
702.099998
699.999999
709.420003
704.880003
707.819998
714.740001
703.159999
725.420002
706.579998
720.000003
703.079998
716.840003
702.040002
718.739998
701.380000
724.959999
706.200000
719.699997
705.040000
704.259999
709.220000
701.139998
701.220002
701.800000
707.160000
702.699997
700.000003
708.200000
709.180001
702.460002
701.540001
705.899999
699.180000
709.320001
700.860001
706.379998
699.279997
704.160001
701.880001
701.019999
702.959999
714.060001
704.519998
703.240000
715.160001
706.799999
719.340000
702.179998
724.819999
704.539999
715.659998
703.520000
720.479999
705.979999
723.960001
702.500001
720.100001
701.579999
705.159999
709.800001
701.960001
705.479998
702.740002
706.719998
703.259997
702.099998
705.720000
710.580003
701.840002
702.980001
705.720004
705.779999
710.039999
700.500000
704.300001
699.180003
702.399999
705.280002
702.020001
701.380000
710.659999
697.220001
702.379998
714.019999
702.520002
716.459997
706.440002
716.279998
700.479999
717.459999
705.360003
712.300003
701.840002
723.360002
704.099998
703.339998
706.620000
702.639997
704.640001
700.900000
703.460000
711.920001
708.920002
706.080001
704.059999
706.659999
708.079997
708.660003
702.260002
703.200001
701.099999
706.280001
703.419998
706.699997
705.639999
701.740000
705.079999
703.980003
718.320001
708.839998
716.400001
716.359999
729.100000
714.959998
722.539999
705.979999
719.040003
707.059998
720.780000
704.459999
723.839998
706.000000
723.159999
702.900000
706.200000
701.440003
707.460001
705.479998
708.900001
702.639997
707.180001
703.339998
698.220000
699.860003
704.700001
711.020000
707.920000
701.419998
702.540003
705.019999
706.700001
700.479999
704.760000
704.380002
704.140000
706.640001
703.079998
699.659999
713.119999
717.659999
707.640000
712.660000
706.940003
720.260002
705.359999
716.960002
705.260001
723.300003
706.300002
719.880000
702.540003
720.840000
704.900000
712.200001
706.859998
705.499999
704.000004
703.680001
705.539998
710.940000
701.919999
703.299999
700.280000
704.080001
711.660001
701.460000
700.660001
707.160000
701.159999
704.859998
705.460001
707.500000
707.559999
707.580000
701.559998
704.099998
703.120001
707.460001
717.860002
705.440003
720.020000
709.360000
714.579999
730.939999
719.919998
702.440001
715.239998
703.400001
721.859999
705.940001
726.720002
707.260001
702.240001
706.879999
704.179998
701.560002
701.200001
700.460002
703.059997
705.380000
701.440003
701.239999
708.379999
708.900001
707.139999
704.820000
708.760001
705.040000
709.540002
702.819999
704.260003
699.620001
706.039999
704.019997
702.640001
703.299999
705.800001
714.860000
704.140000
716.540001
705.320001
716.580000
