1077.660000
1073.439999
1078.940000
1075.920001
1088.320000
1074.980000
1091.460001
1074.740000
1087.240000
1074.060000
1074.040000
1075.820000
1072.060000
1085.179999
1072.920000
1088.000000
1074.300000
1075.500000
1073.900000
1074.820001
1073.900000
1072.620000
1084.480001
1073.760000
1087.300000
1072.459999
1074.039999
1073.760000
1074.159999
1089.060000
1075.820000
1085.260000
1075.520000
1087.180000
1074.580000
1074.700000
1072.660000
1072.740000
1086.780000
1075.180000
1083.480000
1072.260000
1086.379999
1072.080000
1073.620000
1074.680000
1074.180000
1086.639999
1075.360000
1086.639999
1073.720000
1074.779999
1073.700001
1073.840000
1073.540000
1075.639999
1090.820001
1073.960001
1086.940001
1072.199999
1075.660001
1077.459999
1072.860000
1073.580000
1075.259999
1086.200000
1074.240000
1084.800000
1073.540000
1074.540000
1074.580000
1077.839999
1085.860000
1072.780000
1088.140000
1075.720000
1086.680000
1078.040000
1075.400000
1075.340000
1072.540000
1088.380000
1074.400000
1087.880000
1074.800001
1074.200000
1072.320000
1074.899999
1076.020000
1073.900000
1086.800001
1078.200000
1091.220000
1075.980000
1076.040000
1075.760000
1074.480000
1072.840000
1074.100000
1086.760000
1071.300000
1090.060000
1074.180000
1074.140000
1076.980000
1073.540000
1089.280000
1074.760000
1086.360000
1074.140000
1091.580000
1074.380000
1076.520000
1075.460000
1072.660000
1085.600000
1073.680000
1085.880000
1073.640000
1090.100000
1076.859999
1072.380000
1073.580000
1076.660000
1086.560000
1075.080000
1086.540001
1075.860000
1074.640000
1076.940000
1074.060000
1073.680000
1072.440000
1088.600000
1074.680000
1084.140000
1074.420000
1075.200001
1074.080000
1074.220000
1077.799999
1074.280000
1089.820000
1072.380000
1084.900000
1074.080001
1072.640000
1074.320000
1073.160000
1086.240000
1072.900000
1088.220000
1075.800001
1088.560000
1072.240000
1074.080001
1074.539999
1075.340000
1084.840001
1074.039999
1088.040000
1072.380000
1074.700000
1074.300000
1075.680000
1077.199999
1076.920000
1088.239999
1073.920000
1091.160000
1073.200000
1073.180000
1072.960000
1076.720000
1074.340000
1078.240001
1086.180001
1073.860000
1088.880001
1074.560000
1077.300000
1075.860000
1077.380001
1084.940000
1073.740000
1085.360000
1074.480000
1090.380000
1074.300000
1073.880000
1074.060000
1074.340000
1085.280000
1074.200000
1088.980000
1073.760000
1074.560000
1074.159999
1076.460000
1075.800000
1074.280000
1086.880000
1077.720000
1088.040001
1073.659999
1075.220000
1073.679999
1074.220000
1074.379999
1074.440001
1087.139999
1072.800000
1088.340000
1072.160000
1075.920000
1075.280000
1073.580000
1089.900000
1072.160000
1089.860001
1073.960001
1086.840000
1074.120000
1074.420000
1077.839999
1073.740001
1085.080001
1073.980000
1086.780000
1074.520000
1073.020000
1074.500000
1072.880000
1075.400000
1072.260000
1086.420000
1072.199999
1086.320000
1074.039999
1077.280001
1074.140000
1072.360000
1073.980000
1073.440000
1086.480000
1074.659999
1089.799999
1072.520000
1074.200001
1074.419999
1075.740000
1073.840001
1073.800000
1083.780000
1072.240001
1087.820000
1074.340000
1072.960000
1075.180000
1074.060000
1089.079999
1075.620000
1087.980000
1075.420000
1087.200000
1074.900000
1075.940000
1073.980000
1074.539999
1085.720000
1074.460000
1085.260000
1075.680000
1074.080000
1072.760000
1074.600000
1074.000000
1075.080000
1090.660000
1073.540000
1085.840000
1072.660000
1073.140000
1074.240000
1075.700000
1074.920000
1074.360000
1090.940000
1074.660000
1086.020000
1075.000000
1074.960000
1075.340000
1073.920000
1086.040000
1074.260000
1091.780000
1073.360000
1084.840001
1073.160000
1072.920000
1074.480000
1074.560001
1087.280000
1072.020000
1089.400000
1076.840000
1086.660000
1077.860000
1075.480000
1073.080000
1074.120000
1084.940000
1072.659999
1089.300000
1072.800000
1072.560000
1075.580000
1074.279999
1072.720001
1073.940000
1086.400000
1074.740000
1089.900000
1074.060000
1075.920001
1074.060000
1074.400000
1076.100000
1076.320000
1083.820000
1074.440001
1088.540000
1072.760000
1073.080000
1074.440000
1072.680000
1086.720000
1075.400000
1087.540000
1077.120000
1089.940000
1076.400000
1076.000000
1074.240000
1074.380000
1094.640000
1074.540000
1084.260000
1075.860000
1091.540000
1074.060000
1077.240000
1072.580000
1073.980000
1088.040000
1074.000000
1087.860000
1075.760000
1072.460000
1076.540000
1073.800000
1075.760000
1076.000000
1089.240001
1075.120000
1086.040000
1073.580000
1075.480000
1072.900000
1076.220000
1074.180000
1074.300000
1089.819999
1074.680000
1086.300001
1075.980000
1074.399999
1075.420000
1073.439999
1086.280000
1075.000000
1089.280000
1074.560000
1087.820000
1074.180000
1073.900000
1075.580000
1074.659999
1088.740001
1075.680000
1087.960000
1073.020000
1075.520000
1075.500000
1074.160000
1075.639999
1074.700000
1089.600000
1075.940000
1086.260000
1074.400000
1074.399999
1074.360000
1071.540001
1074.480000
1073.820000
1089.080000
1072.319999
1083.840000
1074.200000
1075.080000
1077.620001
1074.040000
1074.620000
1072.120000
1088.960000
1076.260000
1086.060001
1074.100000
1072.100000
1074.720000
1074.700000
1085.960000
1072.560000
1092.060000
1072.600000
1086.240000
1074.100000
1075.840000
1075.540001
1074.380000
1084.620000
1072.440000
1089.620001
1075.620000
1072.260000
1074.260000
1072.400000
1074.240000
1074.240000
1085.500000
1073.860001
1087.160000
1073.800000
1072.480000
1074.420000
1073.600000
1073.420000
1073.260000
1083.700000
1074.020000
1087.600000
1075.160000
1072.760000
1074.380000
1072.620001
1088.120000
1074.720000
1085.840000
1074.500000
1088.260000
1073.920000
1072.520000
1075.720000
1075.160000
1090.120000
1077.020000
1086.440000
1075.120000
1074.040000
1075.720000
1074.539999
1073.080000
1073.000000
1088.380001
1075.500000
1085.880000
1074.100000
1075.380000
1075.220000
1074.920000
1072.799999
1075.680000
1088.760000
1075.700000
1085.120001
1074.100001
1073.420000
1075.479999
1076.000000
1074.400000
1073.520000
1093.480000
1071.959999
1084.760000
1073.580000
1074.759999
1074.300000
1074.480000
1085.640000
1074.920001
1089.740001
1074.260000
1085.960000
1074.300000
1076.180000
1074.020000
1072.860001
1087.820000
1075.000000
1088.160001
1074.400000
1075.320001
1074.440001
1076.180000
1072.400000
1077.860001
1090.080000
1073.439999
1088.380001
1073.160000
1072.080000
1072.660000
1073.240000
1074.660000
1073.580001
1088.900000
1072.160000
1091.780000
1075.940000
1072.660000
1076.680001
1072.860000
1089.660000
1075.639999
1087.139999
1073.679999
1089.260000
1074.260000
1076.200000
1074.360000
1075.960000
1091.080000
1073.220000
1090.040000
1073.020000
1089.040000
1074.220001
1074.900000
1074.460000
1072.500000
1091.600001
1075.400000
1087.720000
1076.820000
1073.640000
1074.060000
1073.780000
1072.140000
1072.299999
1088.900000
1075.800000
1090.620001
1074.100000
1074.399999
1072.960000
1073.240000
1073.960001
1072.380001
1087.280001
1075.660001
1089.500000
1074.060000
1073.540000
1075.960000
1072.320000
1090.180000
1075.740000
1092.300000
1073.640000
1086.119999
1072.980000
1074.860000
1075.640000
1074.539999
1088.960000
1074.560001
1089.339999
1074.340000
1074.200000
1074.159999
1074.460001
1074.440000
1072.300000
1089.799999
1075.480000
1091.920000
1074.300000
1077.140000
1075.240000
1075.000000
1075.840000
1075.840000
1088.040000
1074.000000
1088.740001
1076.320000
1074.520000
1075.180001
1074.260000
1074.720000
1073.120000
1090.000000
1077.780000
1088.980000
1075.680000
1072.200000
1074.300000
1077.260000
1086.720000
1074.280000
1087.660000
1075.100000
1085.280000
1076.500000
1072.700000
1072.080000
1074.480000
1091.080001
1074.520000
1094.520000
1075.400000
1088.020000
1075.519999
1073.700000
1073.720000
1076.739999
1085.560000
1077.580000
1088.000000
1074.460000
1075.500000
1074.600000
1073.840000
1076.840000
1074.539999
1089.140000
1072.660000
1090.040000
1076.400001
1074.300000
1072.740000
1072.680000
1074.360000
1074.080001
1085.600000
1075.880000
1089.440000
1073.799999
1074.620000
1075.360000
1075.639999
1090.700000
1076.460000
1087.060000
1074.280000
1088.800000
1075.600000
1072.600000
1074.659999
1073.919999
1089.320000
1075.240000
1083.440000
1075.920000
1074.100000
1074.380000
1074.460000
1074.080000
1074.420000
1090.820001
1074.260000
1086.000000
1074.380000
1072.919999
1075.100000
1074.820001
1074.000000
1074.580000
1087.660000
1074.400000
1086.300001
1074.200000
1075.540000
1073.960000
1073.220000
1087.140000
1074.100000
1089.180000
1077.960000
1088.700000
1075.460000
1074.659999
1074.420000
1071.740001
1086.259999
1072.600001
1088.140001
1075.780001
1084.780000
1074.340000
1074.460001
1075.719999
1072.640000
1083.440000
1075.480000
1092.440000
1074.140000
1072.780000
1074.279999
1074.940000
1073.980000
1072.200000
1083.880000
1075.420000
1089.440000
1075.540001
1074.520000
1074.820001
1073.320000
1072.100000
1072.840000
1085.000000
1073.759999
1090.020000
1074.340000
1074.000000
1076.160001
1075.840000
1090.799999
1073.820001
1083.799999
1076.420000
1089.900000
1072.900000
1072.319999
1074.080000
1074.600000
1089.120001
1074.360000
1085.720000
1076.100000
1073.059999
1075.480000
1074.260000
1074.399999
1074.519999
1087.739999
1076.280000
1083.980001
1074.520000
1073.519999
1076.020000
1072.880000
1073.380000
1074.260000
1089.180000
1074.480000
1088.439999
1077.460000
1074.159999
1075.639999
1076.040001
1088.780000
1074.440000
1089.520000
1073.480000
1088.380001
1072.940000
1076.700000
1074.940001
1074.960000
1089.260001
1072.939999
1088.060000
1077.140000
1074.460001
1072.840001
1073.280000
1076.080000
1076.800000
1088.940000
1075.500000
1092.220000
1075.840000
1072.500000
1072.679999
1074.500000
1074.180000
1075.500000
1090.600001
1073.640000
1088.180000
1074.100000
1075.040000
1075.820000
1074.899999
1077.680000
1074.659999
1085.500000
1072.460000
1090.400000
1072.819999
1074.039999
1073.480000
1074.600000
1089.539999
1072.300000
1086.280000
1073.180000
1089.440000
1076.360000
1077.000000
1075.300000
1075.800000
1090.420000
1074.320001
1087.600000
1075.320000
1072.280000
1074.120000
1071.800000
1074.120000
1074.520000
1089.320000
1075.580000
1085.840000
1075.840000
1072.640000
1074.400000
1073.940000
1073.760000
1074.260000
1089.520000
1075.360000
1088.120000
1075.639999
1075.640000
1074.700001
1075.140000
1073.520000
1074.280000
1088.020000
1079.440000
1085.059999
1074.300000
1107.140000
1099.040000
1113.720000
1074.539999
1077.960000
1092.160000
1074.700000
1088.719999
1075.400000
1093.660000
1076.239999
1076.400000
1077.880000
1074.360000
1088.880000
1076.340000
1089.660000
1077.540000
1090.400000
1076.460000
1076.680000
1074.140000
1074.140000
1086.740000
1073.400000
1083.780000
1072.440000
1075.320000
1073.700001
1072.900000
1074.880000
1075.700000
1106.300000
1095.060000
1118.880000
1099.100000
1192.400000
1168.260001
1112.300000
1077.160001
1093.180000
1076.560000
1074.039999
1075.660000
1074.020000
1088.520001
1073.080000
1087.440000
1074.180000
1073.960000
1075.600000
1074.460001
1073.260000
1075.580001
1089.140000
1073.900000
1086.900000
1077.819999
1079.760000
1079.880000
1079.720000
1075.780001
1076.560000
1090.620000
1076.640000
1089.179999
1077.940000
1077.599999
1074.620000
1072.980001
1077.700000
1077.280000
1090.580001
1078.160000
1094.620000
1074.800001
1075.380000
1077.319999
1076.160000
1076.640000
1076.260000
1094.460000
1074.639999
1089.340000
1075.000000
1072.660000
1076.760000
1074.920000
1075.620000
1074.240000
1088.400000
1075.320000
1086.700000
1076.000000
1074.540000
1074.000000
1076.900000
1076.820000
1073.380000
1089.980001
1073.640000
1089.800000
1072.880000
1074.280000
1074.200000
1075.460000
1074.460000
1074.200001
1089.160000
1075.980000
1085.519999
1075.900000
1072.380000
1073.740000
1073.200000
1085.179999
1074.280000
1088.359999
1073.400000
1089.800000
1077.060000
1074.000000
1075.420000
1074.080000
1084.020000
1077.540000
1087.280001
1076.380000
1074.620000
1074.160000
1074.080000
1073.320000
1071.660001
1086.740000
1074.680000
1091.080001
1074.560001
1074.520000
1072.640000
1074.380000
1074.220000
1074.340000
1087.080000
