23496.240000
15537.440000
15566.960000
15570.960000
15569.660000
15562.860000
15540.820000
15573.540000
15569.340000
15572.460000
15568.040000
15574.880000
15559.920000
15561.480000
15543.720000
15556.520000
15541.420000
15560.840000
15539.700000
15561.020000
15546.180000
15556.620000
15543.360000
15565.420000
15542.460000
15560.940000
15569.280000
15563.560000
15558.880000
15562.540000
15559.660000
15575.000000
15562.140000
15558.720000
15572.260000
15571.960000
15571.020000
15561.380000
15538.840000
15562.900000
15561.020000
15554.640000
15562.260000
15571.240000
15553.840000
15561.200000
15555.820000
27566.220000
15555.200000
15552.500000
15563.820000
15564.820000
19543.680000
15565.100000
15566.040000
15564.500000
15560.560000
15569.800000
15551.100000
15567.460000
11630.760000
62.420000
65.000000
60.720000
64.240000
62.900000
64.040000
60.500000
64.840000
62.100000
64.100000
59.400000
63.440000
60.980000
63.000000
60.980000
123.080000
63.180000
63.720000
61.520000
64.280000
61.220000
61.960000
60.280000
69.480000
61.780000
63.080000
59.820000
62.100000
60.040000
62.740000
59.200000
384.420000
68.320000
63.700000
59.920000
63.080000
60.340000
63.080000
62.620000
65.760000
61.200000
62.780000
61.660000
62.100000
60.000000
61.540000
58.220000
67.540000
62.900000
63.020000
56.680000
62.040000
59.420000
61.520000
59.260000
66.740000
61.980000
62.980000
59.560000
62.080000
60.740000
62.340000
61.360000
66.420000
62.980000
64.520000
60.400000
62.400000
59.560000
64.020000
61.520000
66.300000
59.700000
63.520000
61.380000
62.960000
61.040000
63.660000
61.960000
65.500000
62.400000
64.580000
60.620000
62.720000
60.080000
66.020000
62.840000
67.520000
62.520000
63.140000
61.020000
63.140000
61.560000
62.940000
60.240000
66.680000
60.260000
63.560000
60.600000
62.780000
59.060000
64.680000
58.960000
66.720000
62.560000
64.020000
59.620000
62.600000
59.880000
63.100000
60.260000
66.600000
62.440000
61.720000
60.160000
62.720000
60.580000
63.200000
61.360000
66.760000
61.220000
63.720000
60.780000
64.740000
63.480000
64.120000
60.660000
65.960000
60.180000
63.900000
60.120000
62.580000
61.040000
62.320000
60.940000
67.580000
59.460000
63.480000
59.740000
61.660000
59.760000
63.040000
62.140000
65.000000
62.140000
65.320000
58.220000
62.860000
59.800000
61.900000
58.660000
64.180000
61.960000
63.340000
58.480000
61.520000
57.520000
63.140000
59.980000
66.560000
60.700000
61.540000
59.340000
62.200000
59.360000
64.220000
60.740000
64.400000
59.380000
61.540000
61.120000
61.620000
58.500000
62.080000
58.060000
64.160000
59.940000
63.160000
59.180000
62.300000
61.200000
62.980000
59.080000
64.700000
60.240000
62.780000
59.980000
61.900000
59.620000
61.040000
59.640000
62.420000
58.940000
60.620000
59.480000
60.520000
58.520000
61.180000
60.160000
65.260000
60.620000
62.820000
59.380000
61.760000
59.660000
62.600000
57.760000
64.800000
60.760000
63.800000
60.420000
62.360000
59.080000
61.880000
59.060000
66.960000
62.560000
63.300000
59.080000
61.960000
58.280000
62.640000
57.440000
129.860000
61.300000
63.680000
59.760000
63.380000
59.600000
62.700000
58.860000
128.580000
60.640000
63.440000
59.740000
63.980000
56.660000
63.240000
58.380000
62.460000
59.280000
63.300000
58.220000
61.580000
59.200000
62.820000
58.520000
62.240000
60.840000
65.340000
58.640000
60.880000
58.260000
62.820000
57.060000
62.540000
61.800000
65.120000
58.840000
61.960000
56.520000
61.440000
56.380000
61.120000
59.900000
60.540000
57.420000
60.680000
56.340000
60.000000
56.360000
62.140000
61.060000
63.340000
58.740000
61.460000
61.400000
62.500000
58.640000
60.380000
61.600000
61.220000
60.380000
60.020000
57.180000
61.860000
58.200000
60.480000
60.540000
62.360000
58.780000
61.100000
56.980000
61.740000
60.240000
61.580000
59.600000
61.660000
58.420000
61.320000
58.860000
62.580000
58.560000
59.840000
60.060000
60.980000
59.240000
62.000000
58.960000
61.960000
58.000000
60.460000
59.080000
61.720000
58.200000
61.380000
57.640000
61.140000
58.600000
60.520000
120.640000
62.680000
58.860000
61.740000
60.880000
61.380000
59.880000
61.660000
117.880000
65.060000
57.540000
66.100000
58.680000
64.000000
57.680000
63.620000
124.120000
65.300000
59.020000
66.240000
58.640000
64.820000
58.560000
63.440000
61.360000
66.300000
60.860000
62.280000
56.260000
60.980000
58.620000
63.840000
60.560000
67.380000
58.220000
61.500000
57.520000
63.200000
60.280000
61.700000
57.660000
66.980000
58.160000
65.300000
58.320000
64.860000
59.000000
64.420000
59.340000
65.080000
59.840000
64.320000
58.680000
64.420000
59.500000
64.440000
58.540000
68.720000
59.240000
64.600000
58.440000
64.420000
59.120000
63.020000
60.340000
67.900000
59.460000
60.820000
57.480000
61.900000
59.960000
65.020000
58.780000
64.840000
58.440000
62.220000
61.040000
60.160000
57.900000
63.200000
56.860000
63.520000
59.140000
63.820000
56.040000
62.100000
57.480000
61.220000
56.780000
63.280000
58.900000
61.680000
57.400000
61.220000
55.040000
63.120000
58.020000
129.880000
59.600000
61.500000
58.240000
61.080000
58.760000
62.720000
58.440000
126.040000
61.720000
64.060000
59.160000
61.060000
58.520000
61.060000
58.980000
61.140000
59.820000
63.060000
58.840000
61.960000
58.440000
60.020000
57.640000
61.720000
59.160000
63.580000
59.460000
63.300000
57.120000
60.520000
57.020000
62.220000
60.040000
62.860000
56.580000
61.700000
56.520000
65.300000
57.700000
63.680000
61.420000
61.220000
59.060000
64.020000
57.180000
61.660000
58.900000
62.980000
4580.200000
61.260000
60.140000
64.080000
62.500000
65.340000
60.080000
70.040000
58.460000
63.120000
58.500000
65.580000
60.880000
63.600000
60.020000
64.720000
59.340000
66.680000
59.800000
63.500000
60.480000
61.880000
60.620000
65.280000
58.480000
63.320000
60.180000
66.120000
61.220000
63.760000
60.360000
67.960000
59.180000
65.840000
59.780000
64.640000
61.480000
64.260000
59.020000
67.080000
63.220000
56.500000
55.740000
59.720000
58.180000
59.600000
57.280000
64.140000
59.300000
60.420000
59.260000
58.380000
58.280000
60.620000
58.240000
116.600000
60.480000
59.720000
60.880000
58.700000
60.840000
59.660000
58.780000
60.880000
62.400000
60.800000
60.420000
59.260000
61.980000
63.440000
59.920000
60.500000
61.700000
62.060000
60.860000
60.060000
62.880000
62.480000
61.460000
62.040000
64.120000
58.960000
60.260000
61.000000
59.820000
58.920000
60.100000
61.600000
63.020000
61.460000
61.620000
62.120000
60.840000
60.220000
59.680000
61.000000
64.960000
61.840000
61.980000
60.700000
62.600000
59.400000
64.720000
63.720000
64.720000
59.520000
63.080000
63.440000
59.040000
60.660000
62.040000
60.680000
63.540000
61.100000
60.840000
61.960000
62.560000
62.080000
60.880000
59.400000
64.980000
59.800000
61.100000
60.100000
63.400000
61.380000
62.060000
59.420000
65.420000
60.360000
62.220000
60.440000
61.040000
60.620000
59.960000
60.700000
64.760000
61.760000
60.300000
61.000000
60.880000
59.620000
61.180000
62.640000
62.400000
59.080000
59.020000
60.000000
62.040000
59.220000
61.560000
60.880000
122.840000
62.540000
59.480000
58.760000
58.700000
60.940000
60.240000
60.640000
58.580000
62.240000
60.720000
61.540000
60.160000
60.480000
61.380000
61.400000
59.980000
61.380000
60.860000
61.440000
59.760000
58.940000
60.260000
59.640000
60.240000
64.000000
60.900000
59.020000
59.720000
62.440000
61.000000
60.040000
60.920000
64.980000
61.860000
60.420000
59.820000
60.120000
60.700000
62.100000
59.500000
65.300000
60.960000
61.720000
60.240000
61.440000
60.300000
60.620000
62.520000
63.560000
61.260000
61.180000
58.240000
61.780000
61.620000
60.180000
60.580000
65.440000
60.580000
61.300000
61.540000
59.460000
60.780000
62.240000
60.720000
61.860000
61.940000
61.280000
60.060000
62.260000
60.520000
60.380000
59.960000
64.420000
61.700000
60.240000
62.560000
60.680000
59.300000
61.460000
61.100000
62.860000
59.600000
59.980000
60.120000
59.660000
60.980000
60.500000
59.560000
65.540000
60.080000
61.140000
62.880000
61.620000
63.720000
61.120000
60.700000
62.960000
63.440000
59.660000
60.360000
60.020000
62.680000
58.420000
60.760000
63.000000
61.940000
60.760000
62.960000
60.200000
63.300000
60.560000
61.360000
62.700000
60.740000
59.900000
58.460000
61.520000
59.840000
61.520000
61.280000
63.320000
62.360000
60.900000
59.480000
59.240000
60.300000
60.860000
59.520000
128.280000
62.720000
60.900000
58.240000
61.080000
61.420000
61.260000
60.060000
60.780000
66.040000
59.740000
59.820000
58.800000
60.860000
60.380000
59.880000
59.620000
62.060000
61.040000
59.660000
59.320000
60.240000
60.060000
60.800000
59.320000
61.660000
60.520000
57.220000
58.180000
58.560000
61.640000
58.100000
59.100000
62.280000
62.860000
57.240000
59.500000
58.960000
60.060000
58.700000
60.120000
61.740000
61.800000
59.560000
61.720000
59.220000
60.400000
59.080000
60.300000
61.260000
60.660000
59.960000
60.860000
60.040000
58.460000
60.920000
59.020000
62.860000
60.300000
59.760000
59.980000
58.200000
61.200000
59.060000
59.480000
63.880000
61.820000
60.780000
59.500000
59.620000
61.620000
60.680000
61.280000
62.380000
61.460000
59.040000
61.140000
59.920000
60.620000
60.440000
60.500000
65.520000
62.620000
60.620000
61.980000
60.720000
62.700000
58.900000
61.260000
63.940000
61.760000
61.140000
59.400000
61.240000
60.660000
59.980000
59.880000
63.340000
61.020000
60.780000
63.640000
65.260000
62.840000
62.180000
59.240000
65.600000
61.420000
61.280000
59.540000
62.600000
61.840000
61.040000
60.740000
125.740000
63.260000
60.360000
59.000000
62.880000
62.380000
60.760000
60.160000
58.580000
65.140000
59.980000
58.800000
60.200000
59.940000
59.080000
58.860000
60.160000
63.560000
61.940000
60.780000
61.320000
59.240000
59.440000
59.860000
59.200000
62.900000
58.420000
60.560000
60.060000
58.700000
61.580000
57.680000
59.600000
63.980000
59.500000
59.580000
59.200000
61.280000
58.120000
58.780000
58.920000
62.240000
61.080000
58.900000
59.300000
61.020000
59.460000
60.300000
61.720000
61.560000
60.420000
60.320000
59.900000
60.900000
60.060000
59.940000
59.180000
62.820000
59.900000
61.260000
59.960000
59.840000
58.880000
60.400000
60.920000
63.100000
61.760000
61.800000
59.520000
61.520000
62.160000
62.180000
60.520000
122.560000
62.980000
61.000000
59.040000
61.520000
61.020000
