29.964000
29.981000
29.889000
29.984999
29.906000
29.904000
29.905000
29.997000
29.906000
29.905001
29.906000
29.905000
29.904000
29.905000
29.905001
30.017000
29.936000
29.905000
29.906000
29.905000
29.906000
29.905000
29.905000
29.905000
29.906000
29.905000
29.906000
29.906000
29.914999
29.887000
29.888000
29.891000
29.889001
29.905000
29.904000
29.904000
29.907000
29.905000
29.906000
29.906999
29.905000
29.905001
29.906000
29.906000
29.906000
29.905001
29.921000
29.904000
29.904000
29.905000
29.905000
29.906000
29.906000
29.904000
29.906000
29.905000
29.906000
29.904000
29.904000
29.905000
29.906000
29.905001
29.906000
29.905000
29.906999
29.904000
29.906000
29.904000
29.905001
29.904000
29.906000
29.906000
29.906000
29.905000
29.906000
29.905000
29.904000
29.906000
29.905001
29.905000
29.904000
29.904000
29.905000
30.042000
29.995000
29.906000
29.904000
29.905000
29.906000
29.904000
29.905000
29.905000
29.888000
29.887000
29.889001
29.887000
29.905001
29.905001
29.909001
29.914999
29.906000
29.905000
29.889000
29.888000
29.889000
29.887000
29.889000
29.887000
29.889000
29.887000
29.889000
29.889001
29.891000
29.889000
29.904000
29.906000
29.906000
29.914000
29.905001
29.906000
29.906000
29.905000
29.904000
29.908000
29.904000
29.906000
29.905000
29.905001
29.906000
29.905000
29.905000
29.906000
29.905001
29.904000
29.907000
29.905000
29.905000
29.905001
29.912000
29.905000
29.906000
29.905000
29.905000
29.904000
29.904000
29.905001
29.910999
29.906000
29.905000
29.905000
29.904000
29.906000
1304.834999
29.970000
29.968000
29.914999
29.932000
29.931000
29.929999
29.988999
29.930000
29.930000
29.931000
29.929999
29.930000
29.930000
29.931000
29.931000
29.931000
29.931000
29.991000
29.931000
29.930000
29.931000
29.933000
29.916000
29.915000
29.931000
29.931000
29.930000
29.932000
29.929999
29.929999
29.931000
29.930000
29.931000
29.932000
29.930000
29.930000
29.931000
29.931000
29.930000
29.930000
29.930000
29.930000
29.930000
29.930000
29.930000
29.931000
29.930000
29.931000
29.931000
29.931000
29.931000
29.930000
29.931000
29.933000
29.930000
29.930000
29.932000
29.931000
29.932001
29.930000
29.932001
29.932000
29.931000
29.930000
29.930000
29.911000
29.903000
29.902000
29.903000
29.901000
29.902999
29.904000
29.901000
29.901000
29.910999
29.885000
29.886000
29.886000
29.886000
29.885000
29.901000
29.903000
29.902999
29.903000
29.901001
29.901000
29.903000
29.901000
29.901000
29.902000
29.901001
29.902000
29.901000
29.901001
29.902000
29.903000
29.903000
29.964000
29.901001
29.901000
29.901001
29.901000
29.901001
29.901000
29.901001
29.901000
29.901000
29.901001
29.901000
29.901000
29.901000
29.886999
29.884000
29.883999
29.886000
29.977000
29.886000
29.886001
29.886000
29.884000
29.903000
29.901000
29.903000
29.903000
29.903000
29.910000
29.901000
29.902000
29.905000
29.902999
29.903000
29.901000
29.901000
29.902999
29.901000
29.901000
29.902999
29.901000
29.901000
29.901000
29.903000
29.903000
29.901001
29.902000
29.961000
29.901001
29.901000
29.901001
29.901000
29.901000
29.901000
29.974000
29.902000
29.902000
29.901001
29.901000
29.903000
29.901000
29.902000
29.901000
29.886001
29.901000
29.903000
29.901001
29.902000
29.903000
29.903000
29.902999
29.903000
29.903000
29.901001
29.903000
29.903000
29.903000
29.903000
29.903000
29.902000
29.903000
29.903000
29.936000
29.902999
29.901001
29.903000
29.901001
29.901000
29.901000
29.903000
29.902000
30.152000
29.886000
29.936001
29.904000
29.903000
30.030000
29.948000
29.908000
29.902001
29.902999
29.905000
29.948000
29.903000
29.903000
29.905000
29.903000
29.903000
29.912001
29.904000
29.961000
29.902000
29.902000
29.903000
29.905000
29.903000
29.903000
29.903000
29.903000
29.904000
29.903000
29.902999
29.904000
29.904000
29.904000
29.902000
29.885000
29.903000
29.903000
29.903000
29.902000
29.902000
29.903000
29.903000
29.903000
29.904000
29.902000
29.886000
29.887000
29.886001
29.886000
29.887000
29.886000
29.904000
29.902999
29.903000
29.887000
29.887000
29.886000
29.886000
29.887000
29.887000
29.904000
29.905000
29.903000
29.903000
29.904000
29.902000
29.903000
29.903000
29.904000
29.904000
29.904000
29.902000
29.902000
29.948001
29.903000
29.905001
29.902000
29.904000
29.903000
29.902000
29.903000
29.905000
29.902000
29.905000
29.902000
29.905001
29.903000
29.905000
29.902999
29.992000
29.912001
29.903000
29.902999
29.903000
29.903000
29.906000
29.902999
29.903000
29.902000
29.904000
29.904000
29.904000
29.902000
29.902999
29.903000
29.904000
29.903000
29.902999
29.902999
29.904000
29.904000
29.904000
29.904000
29.903000
29.905000
29.903000
29.902999
29.902999
29.902999
29.903000
29.886999
29.905000
29.887000
29.905000
29.903000
29.903000
29.905000
29.904000
29.903000
29.887000
29.903000
29.887000
29.904000
29.887000
29.903000
29.886000
29.903000
29.887000
29.902999
29.886001
29.904000
29.902999
29.902000
29.904000
29.885000
29.903000
29.885000
29.887999
29.887000
29.887000
29.908000
29.887000
29.887000
29.887000
29.908000
29.904000
29.903000
29.904000
29.902999
29.902999
29.903000
29.905001
29.904000
29.903000
29.903000
29.905000
29.902999
29.902999
29.903000
29.903000
29.905000
29.903000
29.904000
29.904000
29.903000
29.902000
29.904000
29.905000
29.904000
29.905000
29.902000
29.903000
29.902999
29.905001
29.903000
29.905000
29.903000
29.904000
29.903000
29.903000
29.905000
29.904000
29.903000
29.903000
29.902000
29.905000
29.903000
29.903000
29.903000
29.887000
29.903000
29.886000
29.903000
29.904000
29.886999
29.903000
29.885000
29.903000
29.886001
29.904000
29.905000
29.887000
29.903000
29.903000
29.886000
29.947000
29.904000
29.886000
29.902000
29.904000
29.886001
29.903000
29.886999
29.903000
29.904000
29.904000
29.902999
30.029000
29.903000
29.903000
29.887000
29.904000
29.903000
29.887000
29.903000
29.886000
29.904000
29.887000
29.902999
29.904000
29.903000
29.904000
29.887000
29.902999
29.886001
29.904000
29.886999
29.903000
29.887000
29.904000
29.902000
29.887000
29.903000
29.886000
29.904000
29.904000
29.903000
29.903000
29.902000
29.888000
29.904000
29.904000
29.902000
29.902999
29.903000
29.906000
29.904000
29.955001
30.031000
29.886000
29.906000
29.944000
29.910999
29.887000
29.904000
29.886001
29.902999
29.886000
29.904000
29.886000
29.902000
29.904000
29.886000
29.903000
29.887000
29.902000
29.887000
29.903000
29.902999
29.904000
29.887000
29.904000
29.903000
29.904000
29.903000
29.887000
29.904000
29.886000
29.903000
29.886000
29.903000
29.903000
29.903000
29.904000
29.886001
29.904000
29.886999
29.904000
29.886000
29.904000
29.887000
29.904000
29.904000
29.902000
29.887000
29.902999
29.886999
29.886999
29.887000
29.904000
29.886000
29.904000
29.903000
29.904000
29.887000
29.887000
29.887000
29.887000
29.886001
29.902999
29.903000
29.904000
29.902000
29.904000
29.902000
29.903000
29.904000
29.904000
29.904000
29.904000
29.902000
29.904000
29.903000
29.904000
29.903000
29.904000
29.902000
29.903000
29.903000
29.904000
29.902000
29.903000
29.904000
29.904000
29.904000
29.904000
29.904000
29.904000
29.902999
29.904000
29.904000
29.904000
29.904000
29.902000
29.903000
29.904000
29.904000
29.904000
29.904000
29.905000
29.904000
29.903000
29.904000
29.905000
29.903000
29.993000
29.902000
29.902999
29.903000
29.904000
29.904000
29.906000
29.903000
29.904000
29.904000
29.903000
29.904000
29.904000
29.886000
29.886000
29.886000
29.886000
29.887000
29.904000
29.902999
29.904000
29.904000
29.904000
29.906000
29.887000
29.904000
29.886000
29.902000
29.886001
29.904000
29.887000
29.903000
29.886001
29.904000
29.902000
29.904000
29.886000
29.902999
29.886000
29.903000
29.985000
29.902000
29.886000
29.888000
29.902000
29.886000
29.903000
29.887000
29.904000
29.887000
29.904000
29.886000
29.904000
29.887000
29.904000
29.886001
34.477999
29.939000
29.886000
29.903000
29.886000
29.901000
29.886001
29.904000
30.068000
29.901000
29.886000
29.902000
29.886000
29.901001
29.886000
29.903000
29.886000
29.901000
29.884000
29.901001
29.884000
29.901000
29.885000
29.909000
29.884000
29.886000
29.901001
29.886001
29.901000
29.974001
29.901000
29.886000
29.901000
29.884000
29.901000
29.886000
29.902999
29.939000
29.903000
29.886000
29.901000
29.886000
29.901000
29.886001
29.886000
29.886000
29.901000
29.902999
29.901001
29.901001
29.903000
29.903000
29.902999
29.902000
29.901000
29.901000
29.903000
29.901000
29.902999
29.903000
29.901001
29.902000
29.901000
29.902999
29.903000
29.901001
29.903000
29.901000
29.904000
29.901000
29.901001
29.903000
29.901001
29.901000
29.901001
29.902000
29.960001
29.901000
29.903000
29.903000
29.901000
29.903000
29.903000
29.901000
29.901000
29.904000
29.901001
29.901000
29.902000
29.901000
29.903000
29.901000
29.903000
29.902999
29.901000
29.901000
29.901001
29.901000
29.902999
29.904000
29.903000
29.901000
29.902999
29.901000
29.901000
29.903000
29.903000
29.903000
29.901001
29.901000
29.901000
29.902000
29.901000
29.911000
29.902000
29.883999
29.884000
29.886001
29.886000
29.884000
29.903000
29.901001
29.902000
29.903000
29.902999
29.901001
29.912001
29.903000
29.903000
29.901000
29.901000
29.886000
29.893000
29.886000
29.886000
29.886000
29.886000
29.886000
29.902999
29.903000
29.902000
29.903000
29.901000
29.902999
29.902999
29.901000
29.902000
29.901000
29.901000
29.901000
29.901000
29.902999
29.901000
29.902000
29.907000
29.902000
29.902000
29.901000
29.901001
29.901000
29.910999
29.903000
29.908000
29.901001
29.901001
29.903000
29.903000
29.901000
29.901001
29.901000
29.901000
29.901000
29.902000
29.901000
29.901001
29.902999
29.901001
29.903000
29.901000
29.901000
29.901000
29.901000
29.903000
29.901001
29.901000
29.903000
29.910000
29.903000
29.903000
29.903000
29.903000
29.903000
29.903000
29.903000
29.901001
29.901001
29.886000
29.884000
29.907000
29.884000
29.916001
29.885000
29.901000
29.886000
29.883999
29.901001
29.887000
29.901000
29.883999
29.903000
29.884000
29.903000
29.886000
29.901000
29.901001
29.883999
887.690000
30.117000
29.968999
29.935000
30.001001
29.888000
29.906999
29.889001
29.908000
29.887999
29.906000
