7.621000
7.547000
7.549000
7.549000
7.550000
7.549000
7.561000
7.552001
7.546999
7.547000
7.549000
7.546999
7.547000
7.546999
7.547000
7.546999
7.554000
7.552001
7.548001
7.548001
7.548001
7.551000
7.546999
7.547000
7.547000
7.549000
7.549000
7.547000
7.548000
7.547000
7.546999
7.549000
7.546999
7.546999
7.544001
7.552000
7.561999
7.547000
7.552000
7.650000
7.546999
7.547000
7.546999
7.547000
7.546999
7.548000
7.547000
7.547000
7.546999
7.547000
7.554000
7.547000
7.552000
7.549000
7.546999
7.549000
7.547000
7.544001
7.547000
7.549000
7.547000
7.552001
7.552000
7.548001
7.548000
7.549000
7.547000
7.548001
7.547000
7.546999
7.556000
7.548000
7.546999
7.549000
7.548000
7.549000
7.549000
7.548000
7.548000
7.549000
7.546999
7.547000
7.549000
7.549000
7.549000
7.549000
7.550000
7.553999
7.556001
7.548000
7.546999
7.546999
7.549000
7.547000
7.547000
7.547000
7.547000
7.547000
7.546999
7.549000
7.547000
7.546999
7.546999
7.552000
7.547000
7.548001
7.547000
7.547000
7.548000
7.546999
7.546999
7.546999
7.547000
7.547000
7.549000
7.548001
7.562000
7.546999
7.548000
7.559000
7.556000
7.546999
7.549000
7.547000
7.549000
7.548000
7.549000
7.546999
7.549000
7.548001
7.549000
7.550000
7.554000
7.548000
7.552000
7.548000
7.548000
7.547000
7.549000
7.562000
7.547000
7.547000
7.549000
7.552000
7.553000
7.549000
7.548001
7.548001
7.581000
7.548000
7.547000
7.549000
7.549000
7.549000
7.547000
7.547000
7.560000
7.547000
7.547000
7.548000
7.548000
7.547000
7.559001
7.548001
7.556000
7.548000
7.549000
7.549000
7.550000
7.552001
7.547000
7.547000
7.549001
7.549000
7.549999
7.548001
7.546999
7.546999
7.546999
7.548000
7.547000
7.547000
7.547000
7.547000
7.549999
7.552000
7.547000
7.548000
7.546999
7.549000
7.549000
7.546999
7.546999
7.547000
7.548000
7.547000
7.549000
7.549000
7.650000
7.547000
7.549999
7.547000
7.549000
7.546999
7.549000
7.602001
7.554000
7.548000
7.546999
7.547000
7.546999
7.547000
7.547000
7.549000
7.547000
7.547000
7.546999
7.548000
7.546999
7.553000
7.548000
7.553000
7.547000
7.548000
7.669999
7.549000
7.547000
7.548000
7.547000
7.549000
7.547000
7.555000
7.552000
7.554000
7.547000
7.546999
7.549000
7.549000
7.547000
7.549000
7.549000
7.549000
7.553000
7.651000
7.548000
7.549000
7.548000
7.546999
7.549000
7.547000
7.548001
7.547000
7.549000
7.550000
7.547000
7.548000
7.547000
7.548000
7.546999
7.548001
7.546999
7.547000
7.548000
7.547000
7.548000
7.546999
7.549000
7.553999
7.553000
7.549000
7.548000
7.549000
7.547000
7.550000
7.550000
7.556001
7.548001
7.548001
7.547000
7.549000
7.547000
7.546999
7.549000
7.554000
7.553000
7.548001
7.546999
7.549000
7.547000
7.548001
7.601000
7.553000
7.546999
7.549000
7.546999
7.548000
7.547000
7.549000
7.547000
7.549000
7.546999
7.548000
7.546999
7.548001
7.549000
7.547000
7.552000
7.547000
7.549000
7.546999
7.549000
7.548000
7.549000
7.549000
7.575000
7.549000
7.547000
7.549000
7.575001
7.549000
7.548000
7.653000
7.552000
7.546999
7.547000
7.549000
7.548000
7.580999
7.547000
12.469999
7.658999
7.548001
7.549000
7.548000
7.550000
7.563001
7.547000
7.546999
7.549000
7.548001
7.547000
7.549000
7.546999
7.554000
7.548000
7.552000
7.549000
7.549000
7.546999
7.546999
7.548001
7.546999
7.547000
7.549000
7.549000
7.552000
7.552001
7.548000
7.548001
7.547000
7.547000
7.546999
7.549000
7.553000
7.549000
7.552000
7.552000
7.549000
7.546999
7.549000
7.548001
7.549000
7.547000
7.546999
7.549000
7.561000
7.553000
7.546999
7.561999
7.549000
7.559000
7.554000
7.554000
7.552000
7.552000
7.553000
7.553000
7.554000
7.552001
7.546999
7.552001
7.552000
7.552000
7.553000
7.553000
7.552000
7.552000
7.552000
7.544000
7.552000
7.554000
7.554000
7.552001
7.554000
7.553999
7.554000
7.554000
7.552000
7.554000
7.554000
7.553000
7.546999
7.547000
7.553000
7.553000
7.552001
7.555000
7.554000
7.552001
7.547000
7.548000
7.552000
7.554000
7.552000
7.554000
7.552000
7.553000
7.554000
7.547000
7.554000
7.552000
7.552000
7.553000
7.554000
7.554000
7.552000
7.553000
7.560999
7.554000
7.552001
7.547000
7.561000
7.554000
7.549000
7.551000
7.559000
7.546999
7.549000
7.546999
7.568000
7.549000
7.546999
7.546999
7.559001
7.549000
7.547000
7.547000
7.561000
7.549000
7.549000
7.547000
7.604000
7.553000
7.552000
7.547000
7.546999
7.548000
7.546999
7.546999
7.547000
7.548000
7.548001
7.548000
7.549000
7.547000
7.549000
7.549000
7.549000
7.549000
7.563001
7.549000
7.547000
7.546999
7.546999
7.548000
7.547000
7.546999
7.561000
7.552000
7.546999
7.546999
7.549000
7.549000
7.550000
7.546999
7.548001
7.580999
7.549001
7.550000
7.547000
7.549000
7.549000
7.549001
7.549000
7.552000
7.546999
7.548000
7.546999
7.548000
7.549000
7.549000
7.549000
7.546999
7.575000
7.549000
7.548001
7.549000
7.548001
7.547000
7.546999
7.546999
7.546999
7.547000
7.549000
7.549000
7.553000
7.546999
7.552000
7.546999
7.548000
7.548000
7.547000
7.549000
7.549000
7.547000
7.549000
7.547000
7.552000
7.552000
7.549000
7.549000
7.547000
7.549000
7.549000
7.549000
7.549000
7.543000
7.552001
7.549999
7.556000
7.548001
7.547000
7.546999
7.580999
7.549000
7.548001
7.549000
7.547000
7.549000
7.554000
7.554000
7.549000
7.547000
7.549000
7.546999
7.549000
7.546999
7.549000
7.546999
7.549000
7.546999
7.546999
7.549000
7.547000
7.547000
7.548000
7.546999
7.549000
7.547000
7.547000
7.552001
7.549000
7.547000
7.548000
7.546999
7.547000
7.546999
7.547000
7.547000
7.548000
7.546999
7.549000
7.553000
7.548000
7.554000
7.547000
7.547000
7.546999
7.547000
7.549000
7.548000
7.549000
7.549000
7.552001
7.554000
7.547000
7.547000
7.547000
7.549000
7.550000
7.547000
7.547000
7.546999
7.549000
7.546999
7.547000
7.549000
7.547000
7.549999
7.549000
7.548001
7.546999
7.547000
7.547000
7.547000
7.550000
7.547000
7.547000
7.546999
7.553000
7.561999
7.559001
7.559001
7.549000
7.552000
7.546999
7.547000
7.548000
7.546999
7.548001
7.548000
7.548001
7.553999
7.552001
7.552000
7.552001
7.549000
7.546999
7.549000
7.557999
7.550000
7.548000
7.548000
7.558000
7.552000
7.552001
7.548001
7.547000
7.549000
7.546999
7.547000
7.546999
7.549000
7.546999
7.546999
7.548000
7.547000
7.548001
7.549999
7.546999
7.546999
7.547000
7.549000
7.546999
7.547000
7.548001
7.546999
7.546999
7.547000
7.581000
7.552001
7.547000
7.547000
7.581000
7.549000
7.547000
7.547000
7.575000
7.549000
7.549000
7.546999
7.548000
7.549000
7.548000
7.549000
7.549000
7.554000
7.549000
7.548000
7.549000
7.547000
7.547000
7.564000
7.549000
7.575000
7.550000
7.549000
7.549000
7.549000
7.546999
7.547000
7.546999
7.549000
7.549000
7.549000
7.547000
7.546999
7.601000
7.554000
7.549000
7.547000
7.549000
7.549000
7.549000
7.546999
7.547000
7.546999
7.546999
7.562000
7.547000
7.547000
7.548001
7.552000
7.548001
7.556000
7.549000
7.546999
7.549000
7.549000
7.546999
7.546999
7.547000
7.546999
7.548000
7.553000
7.546999
7.554000
7.549000
7.549000
7.546999
7.548000
7.544000
7.549001
7.549999
7.546999
7.554000
7.553000
7.547000
7.547000
7.547000
7.550000
7.546999
7.547000
7.549000
7.547000
7.548000
7.548000
7.549001
7.549000
7.547000
7.547000
7.549000
7.549000
7.546999
7.546999
7.548000
7.549000
7.547000
7.547000
7.549000
7.547000
7.555000
7.556001
7.547000
7.547000
7.547000
7.546999
7.547000
7.548000
7.547000
7.548000
7.548000
7.549000
7.547000
7.547000
7.550000
7.549000
7.552001
7.547000
7.547000
7.546999
7.547000
7.602001
7.548001
7.549000
7.549000
7.547000
7.546999
7.549000
7.549000
7.546999
7.581000
7.549000
7.547000
7.552000
7.547000
7.553000
7.549000
7.546999
7.548000
7.549000
7.549000
7.547000
7.546999
7.548000
7.552001
7.554000
7.547000
7.549000
7.546999
7.549000
7.546999
7.547000
7.546999
7.547000
7.547000
7.549000
7.546999
7.549000
7.548000
7.549000
7.549000
7.548000
7.551000
7.548000
7.547000
7.547000
7.550000
7.549000
7.547000
7.550000
7.552000
7.547000
7.549000
7.549000
7.547000
7.556000
7.552000
7.547000
7.549000
7.546999
7.564000
7.552001
7.549000
7.550000
7.549000
7.550000
7.554000
7.546999
7.548000
7.547000
7.548001
7.548001
7.548001
7.546999
7.547000
7.549000
7.548001
7.548000
7.546999
7.547000
7.549000
7.549000
7.546999
7.549000
7.549000
7.595000
7.547000
7.552000
7.549000
7.547000
7.547000
7.548001
7.549000
7.546999
7.580999
7.549000
7.549000
7.547000
7.550000
7.547000
7.575000
7.549000
7.548000
7.548001
7.547000
7.546999
7.549000
7.546999
7.546999
7.549000
7.546999
7.548000
7.547000
7.548000
7.549000
7.554000
7.549000
7.549000
7.548000
7.547000
7.549000
7.581000
7.550000
7.548000
7.548000
7.549999
7.547000
7.549000
7.552001
7.547000
7.552001
7.546999
7.549000
7.548001
7.555000
7.546999
7.547000
7.547000
7.547000
7.546999
7.547000
7.548000
7.547000
7.547000
7.549000
7.549000
7.546999
7.549000
7.546999
7.546999
7.547000
7.554000
7.547000
7.587000
7.546999
7.549000
7.549999
7.549000
7.546999
7.546999
7.548000
7.547000
7.549000
7.547000
7.579000
7.549000
7.546999
7.547000
7.548000
7.548001
7.548001
7.553000
7.552000
7.546999
7.547000
7.547000
7.547000
7.547000
7.549000
7.549000
7.546999
7.548000
7.548000
7.546999
7.547000
7.548000
7.547000
7.547000
7.547000
7.547000
7.546999
7.548000
7.549000
7.549000
7.549000
7.546999
7.546999
7.549000
7.549000
