21.213997
20.941000
20.376001
19.600000
18.725000
17.579000
17.639998
17.542001
17.214999
16.929001
17.359998
16.574003
16.121000
16.734999
16.471997
16.098000
18.118002
17.524000
16.507998
16.880997
16.738001
17.364997
16.186003
16.751997
16.404998
16.821001
16.615000
16.275000
16.277000
16.306002
16.466998
16.054999
15.938997
16.379002
15.873000
16.446002
16.269002
16.236000
16.031001
16.093999
16.136002
16.150001
16.050003
15.766002
16.604997
26.202001
17.133001
16.658999
16.683001
16.266000
15.926000
16.419001
16.672000
15.909001
15.737001
16.107000
16.750000
15.940998
16.086999
16.324002
16.580999
16.899999
16.438998
16.385000
15.772000
15.295997
16.005002
15.900999
15.907001
16.226001
15.975002
16.060997
15.781999
16.025998
16.120002
16.023003
15.772000
15.730001
15.816003
15.541002
16.700998
16.171999
15.765000
15.400000
15.737001
16.302001
16.275000
16.365003
16.330000
16.658999
15.919000
16.259000
15.832998
16.050998
15.685000
15.371997
16.255002
15.848000
15.504003
16.514998
16.426999
15.270997
16.169999
15.903998
16.696997
15.793998
16.099002
15.823003
15.459001
15.612997
15.416000
16.271003
15.937001
15.854001
16.085003
15.598997
15.696000
15.948001
15.569001
15.733000
15.182000
15.851002
15.868999
15.886001
16.065001
15.955999
15.427001
15.748002
15.604999
15.534002
15.977997
15.393000
15.219998
15.540998
16.004998
15.615001
15.812997
15.319999
16.202997
15.605003
15.166998
15.245002
15.479002
15.363000
16.607001
16.055997
16.155999
15.473001
15.342999
15.344001
15.923999
15.327998
17.143998
16.745001
16.556997
16.261000
15.851002
16.070001
16.103998
15.607998
16.086999
16.010001
15.318997
15.921000
15.496001
15.581999
15.669998
15.350997
15.448999
15.124001
15.358999
15.825998
15.643001
16.135000
15.989002
15.788998
16.171001
15.795000
15.740000
15.273999
15.650000
15.718002
15.831999
15.554000
15.023001
15.372999
16.354002
16.460001
16.170997
15.701000
15.988998
15.381001
15.595999
15.505001
15.579000
15.760001
16.095001
15.689999
15.361000
15.636999
15.023001
15.640002
16.063001
14.939003
15.736997
15.461002
15.246000
15.150998
15.202999
15.019998
16.008001
15.682999
15.251998
15.300002
15.645999
15.590999
15.420001
15.919998
15.714999
15.753999
15.554000
15.544999
15.552003
15.083000
15.365001
15.455000
15.523002
15.648998
15.626997
15.574001
16.456001
15.726000
15.908003
16.353000
16.100999
15.797999
16.545001
15.441000
15.187997
15.926000
15.624002
15.236001
15.391998
15.960999
15.647002
15.475001
15.423998
15.384000
15.374001
15.983999
15.738998
15.650000
15.077002
14.991000
15.652999
15.462000
15.223000
15.574999
15.365999
15.409999
16.231999
15.604999
15.897002
15.742000
15.420999
15.370000
15.475001
15.302997
15.224002
15.187003
15.480001
15.134998
17.828003
16.451001
15.707999
15.597001
15.380997
15.494999
15.636001
15.491001
16.192999
15.313998
15.818000
15.618000
15.629999
16.285002
16.064998
16.020998
15.848000
15.168000
15.354000
15.276000
15.595000
15.243001
15.453000
15.188999
15.239000
15.002001
15.692003
15.253000
15.032999
15.278999
15.423000
15.144002
15.515000
14.866002
15.290000
15.140001
15.155002
15.625000
15.133001
15.420999
15.549000
15.556999
14.888000
15.799001
16.319998
15.602000
15.419003
14.926001
15.469000
15.105002
15.718002
16.636003
15.266001
15.264001
15.710998
15.341997
15.139002
15.488002
15.878003
15.191998
15.565999
14.945999
15.046999
14.828000
15.117001
14.887001
15.455000
15.019000
15.742000
14.809001
15.301000
15.512001
15.267003
15.494000
15.570000
15.119001
14.935002
15.515000
15.223999
15.671998
16.311001
14.993001
15.473001
15.373997
15.025999
15.101001
15.818998
15.618999
15.698001
15.457001
15.345998
15.498001
15.733000
16.054001
15.916999
16.168997
23.111999
16.263001
16.084999
15.654001
15.815999
16.247999
15.719000
15.884001
15.119001
15.871998
15.271001
15.131000
15.150998
14.973000
15.924998
15.220001
16.179997
15.317000
15.315998
15.104998
15.306998
15.038002
15.473001
14.970999
15.784997
14.865998
15.485000
15.021000
15.147001
16.061001
14.800001
15.070003
17.021000
15.462004
15.092999
14.906000
15.393000
15.259001
14.941998
14.922999
15.507001
14.921002
15.673000
15.179999
15.588000
14.993999
15.623000
15.120998
15.175998
14.840003
15.794002
15.030999
15.182000
15.735999
15.505999
15.519999
14.986999
15.207998
15.504003
14.984000
15.652999
15.594002
15.285000
14.826998
15.328001
14.787000
15.474003
15.496999
16.139999
14.770001
15.864000
14.931001
15.278000
15.014000
15.842002
15.874002
15.895002
15.578002
15.846997
14.750998
15.600998
14.991999
15.538000
15.166998
15.395999
15.379999
15.384000
15.342999
15.217002
15.414000
15.002001
15.217002
15.538998
14.959000
15.135001
14.816999
15.374999
14.945000
15.480999
15.425999
15.221998
14.871001
15.661001
15.006002
15.512999
14.982000
15.571002
16.745001
16.358998
15.661001
15.502002
15.496001
15.722003
15.404999
15.616000
16.181000
15.459999
15.564002
16.134001
16.044002
16.273003
15.672002
15.616998
15.933000
15.516002
15.141997
15.427001
15.237000
15.651997
14.957998
14.865998
15.438002
15.524000
15.354998
15.044998
15.342999
14.875002
15.420001
15.873998
15.586000
15.484001
15.137002
15.454002
15.119001
15.241001
15.579000
15.554998
15.385002
15.350003
15.384000
15.396997
15.525002
15.472997
15.712000
15.462998
15.071999
15.647002
15.222002
15.211001
15.146002
16.486999
16.082000
15.992001
15.837003
15.969001
15.549000
15.698999
15.502002
15.278000
16.039003
15.433997
15.338000
15.090998
15.471000
15.788998
15.312001
15.575003
16.350001
15.642002
16.045000
15.423998
15.993003
15.637998
15.623003
15.946999
15.811000
15.337002
15.992999
15.478000
15.794002
15.875001
15.478998
16.564999
16.144000
15.446000
15.556000
15.283000
15.763998
16.109999
15.815001
15.311997
15.329998
15.515000
16.086001
15.502002
16.034998
15.995000
15.707001
15.645001
15.467998
15.449002
15.531000
15.127998
15.009999
15.674002
21.646000
16.307000
16.243000
15.760999
15.726998
15.466001
15.202999
15.246999
15.091002
15.682999
15.245002
15.366003
15.638001
15.662000
15.153997
15.374001
15.579998
15.434001
15.400998
15.749000
15.417002
15.221000
15.389998
15.390001
15.743002
15.488997
15.707001
15.471999
15.931003
15.895002
16.058002
16.173001
15.636001
15.696999
16.022000
15.960999
15.946999
15.439000
15.914999
15.491001
15.868999
16.061999
15.772000
16.009003
15.783999
15.412997
15.619002
15.698999
15.492998
15.245002
15.790001
15.325002
15.935000
16.037997
15.386000
15.815001
15.590001
15.280999
15.971001
16.021002
15.570000
15.854999
15.116997
15.271001
15.041001
15.227001
15.059002
14.863998
15.519001
14.920000
15.068002
14.915001
15.003998
15.882000
15.494000
15.580997
15.933000
15.308999
15.641000
15.439998
15.404001
15.488002
15.792999
14.842998
15.535999
15.323002
14.780998
15.567999
15.321001
14.966998
15.312001
15.202999
14.686000
15.137997
15.243001
15.709002
14.920000
15.119001
15.386999
15.697002
15.350997
15.065003
15.162002
15.187003
14.810000
15.072003
14.972001
16.913000
15.947003
16.094998
15.685000
15.804999
15.889000
16.070999
16.330000
16.139999
15.269000
16.329002
15.815999
15.408996
15.774999
16.077001
16.266000
16.310003
15.841998
15.809998
15.842997
15.799001
15.597999
15.696000
15.581001
15.836999
15.884999
16.412999
15.577998
15.942998
15.987001
16.231999
16.014997
16.052000
15.672002
15.401002
15.386000
15.597999
15.593000
15.487000
15.528999
15.751000
15.923999
16.190000
15.144002
16.012002
15.342001
15.317000
15.832003
16.318001
15.953001
15.625000
16.192000
16.817998
15.708998
16.890999
14.976002
15.949998
15.329000
15.781999
15.411999
15.686002
15.285000
15.731003
15.522998
15.601002
15.551001
15.641000
15.159998
15.905999
15.359998
16.182002
16.015001
15.767001
15.280001
15.616000
16.230002
15.930999
15.882000
15.526000
15.902001
16.159002
15.751000
15.621003
15.650000
15.528999
15.340999
15.083998
14.660001
15.470002
15.157003
15.363000
16.356003
15.632000
15.464000
15.544001
16.054999
16.040999
15.735000
16.280998
15.661001
16.270000
16.104002
15.719000
15.515000
16.052000
15.656002
16.390998
16.060002
16.229998
15.912998
15.772998
15.817001
16.181000
16.497999
15.729997
15.621997
15.916999
15.764002
15.950002
15.544999
15.496999
15.473001
15.439998
15.662000
15.528001
15.926000
15.012000
15.783001
15.582997
15.416000
15.295003
15.503000
15.502002
15.916001
15.946999
15.849002
15.152000
16.360000
16.426999
16.093001
15.691001
15.945997
15.510000
15.182998
15.947003
15.140999
15.297998
15.567001
15.700001
15.434001
16.047999
15.218999
14.893003
15.310001
15.051000
15.062001
15.248999
15.269998
15.225999
15.715998
14.847998
15.283998
14.614999
14.975000
14.989000
15.404001
15.400998
15.191000
15.295003
15.379999
15.507001
15.611000
15.355997
15.210003
15.786998
15.913002
15.306998
15.349999
14.904000
15.136000
15.554000
15.285999
15.496001
15.411001
15.872002
15.570998
15.563000
15.605003
15.703999
15.796002
15.409999
15.618000
15.515000
15.561003
15.246000
15.072998
15.324000
14.963999
15.198000
15.533999
15.255999
15.854001
15.595999
15.613999
15.409000
15.704002
15.464000
15.602000
15.159000
15.678000
15.610002
15.495002
16.842999
15.444998
15.850000
16.100999
15.319001
15.060000
15.139997
16.011000
15.952997
15.161999
16.550001
16.054001
15.825000
15.594002
15.372001
15.164997
15.557002
15.648000
15.255999
14.843002
14.777999
15.177999
14.980000
15.156999
14.446001
15.006002
14.665999
15.230998
15.058998
15.209001
15.369002
15.425000
15.333001
15.489001
15.228998
14.936000
15.175998
15.300002
15.094001
15.887000
15.070003
15.418999
15.411999
15.149999
15.550002
15.474003
15.344001
15.030000
15.472997
15.428998
16.057003
15.246000
15.921000
15.607998
15.623000
15.354000
15.457001
15.772998
15.290000
15.719000
15.718002
15.020002
15.517998
15.453000
15.596002
14.931001
15.227001
15.195001
15.363000
15.662000
15.558999
15.461002
15.481997
15.460998
14.769003
15.390001
15.439998
15.347000
15.166000
15.464999
15.345000
15.881997
15.420001
15.836999
15.595000
15.935000
15.182998
15.106000
15.463002
15.324999
15.085999
15.145998
15.151002
15.255000
15.177999
15.101001
16.038001
15.829001
