416.020000
276.460000
201.200000
166.120000
146.060000
135.080000
129.400000
123.000000
122.240000
122.960000
120.640000
122.260000
135.540000
130.940000
132.080000
130.000000
129.140000
168.340000
162.660000
132.020000
128.600000
136.520000
167.620000
181.060000
197.860000
174.160000
134.900000
140.640000
128.000000
136.660000
132.340000
124.600000
119.320000
119.180000
120.040000
114.800000
114.880000
114.860000
114.880000
114.840000
114.880000
114.840000
118.160000
117.420000
114.820000
116.040000
116.140000
122.640000
121.060000
116.720000
115.740000
115.820000
114.860000
114.860000
114.860000
114.840000
114.840000
114.860000
114.860000
114.860000
114.840000
114.840000
114.860000
114.860000
114.820000
114.860000
114.840000
114.840000
114.860000
115.140000
119.440000
119.120000
119.380000
119.200000
119.000000
114.960000
119.220000
119.020000
118.940000
118.840000
118.780000
122.120000
125.960000
121.000000
117.840000
114.880000
114.880000
114.860000
114.880000
114.880000
116.100000
114.900000
114.820000
115.780000
118.420000
115.000000
114.860000
114.880000
114.840000
114.880000
114.840000
117.580000
117.400000
114.880000
114.880000
114.860000
114.880000
114.880000
114.860000
116.900000
114.840000
114.880000
114.880000
117.240000
114.880000
114.880000
126.460000
120.540000
120.180000
115.820000
114.880000
114.880000
114.860000
114.860000
114.840000
116.060000
114.860000
114.860000
114.880000
114.820000
114.820000
114.820000
114.820000
114.800000
114.820000
114.840000
114.880000
117.300000
118.580000
114.820000
114.820000
119.880000
115.160000
114.860000
114.900000
116.060000
115.460000
114.880000
114.840000
119.240000
120.940000
117.700000
115.380000
117.940000
114.820000
114.840000
114.860000
117.660000
114.840000
114.840000
114.840000
114.820000
114.840000
114.840000
114.780000
117.320000
116.580000
115.720000
114.840000
115.460000
120.380000
119.580000
117.420000
116.740000
115.520000
115.440000
115.840000
115.240000
116.580000
115.100000
114.820000
115.720000
115.260000
114.820000
114.920000
123.320000
117.660000
118.940000
114.920000
115.060000
119.340000
115.000000
119.160000
114.900000
118.640000
119.340000
117.200000
119.440000
119.720000
118.460000
119.160000
119.340000
117.160000
118.120000
118.460000
120.180000
125.520000
139.220000
139.940000
155.960000
164.680000
127.600000
119.600000
117.620000
117.760000
116.400000
117.680000
120.020000
119.840000
114.800000
114.800000
114.800000
114.800000
114.800000
114.800000
114.800000
114.800000
114.800000
114.800000
115.780000
116.200000
114.840000
114.820000
114.800000
114.820000
114.820000
114.800000
125.640000
130.320000
119.800000
116.640000
116.480000
118.560000
114.860000
114.920000
118.040000
118.540000
119.860000
118.960000
118.580000
121.700000
126.940000
119.120000
123.480000
124.860000
125.300000
124.980000
129.080000
133.020000
131.860000
162.040000
176.760000
196.300000
217.580000
382.080000
245.520000
168.880000
134.160000
125.900000
118.980000
119.180000
114.900000
114.820000
114.800000
114.820000
114.820000
114.820000
118.980000
114.880000
152.400000
129.460000
120.380000
118.460000
118.620000
116.240000
114.800000
114.880000
114.880000
114.880000
114.880000
114.880000
114.880000
114.880000
114.880000
114.880000
114.840000
114.840000
114.840000
114.840000
114.840000
114.840000
114.840000
114.840000
114.840000
114.840000
114.840000
114.840000
114.840000
114.840000
118.060000
117.720000
114.800000
114.900000
123.600000
121.360000
118.500000
116.880000
119.480000
114.860000
114.860000
114.860000
114.880000
114.860000
114.860000
114.860000
116.700000
117.080000
114.860000
114.860000
114.840000
114.840000
114.860000
114.860000
115.920000
116.980000
114.780000
114.800000
114.800000
114.800000
114.800000
114.780000
117.700000
118.060000
114.900000
114.900000
114.900000
114.820000
119.820000
119.860000
114.820000
114.860000
114.900000
114.900000
114.840000
114.820000
114.840000
114.840000
114.840000
114.820000
114.860000
114.840000
114.820000
114.800000
114.920000
114.920000
115.020000
114.920000
114.900000
114.860000
114.900000
116.120000
114.800000
114.840000
126.960000
154.740000
167.100000
187.220000
162.820000
132.740000
131.960000
140.120000
131.000000
128.480000
132.240000
133.940000
131.300000
132.800000
129.900000
132.680000
132.940000
129.960000
129.580000
132.080000
121.660000
119.280000
119.620000
119.060000
120.080000
115.660000
115.140000
114.820000
114.880000
114.860000
114.880000
116.420000
118.580000
114.880000
114.900000
114.900000
114.920000
114.900000
114.900000
119.180000
120.100000
114.860000
114.880000
114.880000
114.880000
114.860000
114.880000
114.880000
114.880000
114.880000
114.880000
114.880000
114.880000
114.880000
114.880000
114.880000
118.940000
118.800000
114.800000
116.300000
114.900000
114.900000
114.880000
114.900000
114.880000
114.860000
114.880000
114.880000
114.860000
114.900000
114.900000
114.880000
117.520000
114.780000
123.500000
119.300000
114.880000
115.620000
115.660000
114.860000
116.820000
114.840000
114.880000
114.920000
115.960000
116.740000
114.880000
114.880000
116.160000
114.820000
114.820000
114.800000
115.540000
114.860000
114.860000
114.860000
115.600000
115.640000
114.860000
115.320000
114.880000
114.880000
114.900000
114.880000
114.860000
114.860000
114.860000
114.780000
118.560000
120.540000
116.520000
118.620000
119.200000
114.940000
114.900000
114.900000
114.820000
114.780000
115.680000
114.940000
118.320000
115.780000
114.820000
116.120000
114.900000
114.900000
114.900000
115.500000
114.800000
114.800000
114.800000
114.800000
114.780000
114.800000
114.800000
114.800000
116.560000
114.880000
114.840000
114.880000
114.860000
114.880000
114.840000
122.280000
119.580000
114.880000
114.880000
114.880000
114.880000
114.900000
114.820000
114.840000
116.040000
114.880000
114.860000
114.880000
114.880000
114.860000
114.880000
114.880000
115.720000
114.820000
114.800000
114.860000
114.880000
114.840000
114.840000
114.840000
115.020000
114.860000
114.820000
114.820000
114.840000
114.860000
114.840000
114.860000
116.540000
119.200000
121.880000
117.520000
116.420000
115.740000
114.880000
114.880000
117.400000
114.900000
114.880000
114.900000
114.900000
114.900000
114.900000
114.900000
116.700000
114.860000
114.800000
114.860000
114.860000
114.860000
114.860000
114.860000
116.040000
114.920000
114.900000
114.920000
114.880000
114.920000
114.880000
114.920000
115.360000
114.820000
114.880000
114.860000
132.460000
126.180000
122.560000
117.200000
117.520000
117.540000
114.860000
114.880000
114.900000
114.860000
114.900000
114.880000
116.720000
118.060000
114.880000
114.900000
114.900000
114.880000
115.540000
114.800000
116.060000
118.100000
114.880000
114.900000
114.900000
114.880000
115.120000
114.880000
117.200000
114.840000
114.900000
114.860000
114.900000
114.860000
114.900000
122.880000
116.520000
114.840000
114.780000
114.860000
114.880000
114.880000
114.880000
114.860000
114.880000
114.880000
114.860000
114.880000
114.800000
114.840000
116.120000
114.800000
119.680000
115.140000
117.060000
114.880000
114.900000
114.860000
114.900000
114.860000
114.780000
115.340000
114.860000
114.860000
114.860000
114.860000
114.860000
114.860000
115.340000
119.900000
119.620000
114.840000
114.840000
114.820000
114.840000
115.260000
116.860000
117.480000
114.840000
115.160000
114.900000
114.840000
114.820000
114.840000
115.440000
115.700000
119.160000
123.040000
122.560000
123.820000
125.120000
130.300000
122.240000
123.360000
153.240000
162.220000
170.020000
168.860000
146.500000
127.320000
130.860000
125.780000
124.020000
121.380000
122.060000
119.060000
119.340000
117.720000
117.420000
115.820000
116.200000
115.680000
115.840000
115.840000
116.620000
115.320000
115.640000
114.900000
114.800000
114.860000
114.860000
114.860000
114.860000
114.860000
115.500000
114.800000
114.900000
114.840000
114.840000
114.820000
114.840000
114.840000
116.040000
115.740000
114.860000
119.420000
118.100000
115.240000
114.820000
115.620000
114.860000
114.800000
114.820000
114.820000
114.820000
114.820000
116.760000
116.380000
114.880000
114.880000
114.840000
114.880000
114.840000
114.880000
114.800000
114.880000
114.800000
114.880000
114.880000
114.860000
114.860000
114.860000
114.860000
114.840000
118.020000
114.920000
114.980000
116.380000
114.800000
114.860000
121.060000
119.860000
115.520000
114.880000
114.880000
114.880000
116.140000
114.920000
114.860000
114.920000
115.960000
115.160000
114.900000
114.900000
114.880000
114.880000
114.880000
114.900000
115.200000
114.800000
114.820000
114.820000
114.820000
114.820000
114.820000
114.800000
119.880000
115.200000
116.160000
115.360000
115.120000
119.120000
114.820000
115.180000
114.880000
122.680000
117.860000
117.100000
117.040000
116.960000
117.180000
117.100000
115.520000
115.700000
117.420000
119.720000
119.560000
119.360000
119.200000
119.280000
121.680000
118.780000
119.980000
119.600000
118.500000
119.920000
119.880000
117.040000
118.060000
117.620000
119.720000
119.240000
120.180000
121.380000
120.700000
122.600000
119.280000
122.920000
126.220000
122.820000
123.360000
123.420000
126.360000
123.640000
127.060000
123.200000
128.940000
129.080000
124.420000
129.580000
128.100000
125.440000
131.040000
127.180000
132.720000
125.840000
129.660000
132.920000
126.700000
136.420000
126.740000
133.140000
132.940000
131.540000
134.940000
126.140000
136.980000
127.060000
132.800000
138.940000
126.320000
135.360000
126.780000
134.680000
130.600000
129.220000
138.720000
125.880000
117.740000
116.800000
116.820000
114.860000
114.860000
114.860000
116.240000
117.100000
114.860000
114.860000
114.860000
114.860000
114.860000
114.860000
117.180000
114.840000
114.820000
114.820000
114.840000
114.840000
114.820000
114.820000
117.680000
114.820000
114.840000
123.100000
117.720000
114.900000
114.900000
114.820000
114.840000
114.840000
114.820000
114.840000
114.840000
114.820000
114.840000
117.200000
114.920000
114.920000
114.880000
114.920000
114.880000
114.800000
114.900000
114.880000
116.120000
114.860000
114.880000
114.880000
114.860000
114.880000
114.880000
114.860000
115.440000
117.460000
116.000000
115.580000
114.780000
119.320000
118.100000
115.940000
118.340000
114.840000
114.820000
114.820000
114.820000
114.820000
114.860000
114.820000
117.680000
114.860000
114.820000
114.820000
114.800000
114.820000
114.820000
114.820000
116.960000
114.900000
114.800000
114.820000
114.820000
114.820000
114.820000
114.800000
118.020000
114.840000
114.800000
114.800000
114.800000
114.800000
114.800000
114.800000
123.100000
119.920000
119.260000
114.880000
114.880000
114.860000
114.820000
114.800000
114.780000
114.920000
114.940000
114.880000
114.800000
114.880000
114.900000
114.900000
114.860000
115.680000
114.780000
115.400000
114.800000
114.880000
114.860000
114.880000
119.120000
115.900000
114.860000
114.800000
114.860000
114.840000
115.620000
118.140000
118.420000
116.680000
119.080000
119.280000
114.840000
114.820000
114.820000
115.580000
114.880000
114.780000
114.840000
