3.739000
3.640000
3.476000
3.671000
3.506000
3.502000
3.628001
3.661000
3.492001
3.520001
3.628001
3.659000
3.559000
3.595000
3.653000
3.658000
3.612000
3.644000
3.676999
3.622000
3.631000
3.528000
3.530000
3.684000
3.517000
3.635000
3.682000
3.656000
3.500000
3.655000
3.482000
3.666000
3.505001
3.642000
3.496001
3.563001
3.609999
3.585000
3.645999
3.632001
3.656000
3.502000
3.490999
3.664000
3.618000
3.651000
3.598000
3.631000
3.508000
3.598000
3.501000
3.490000
3.658000
3.717000
3.616001
3.645000
3.639000
3.587000
3.657000
3.664000
3.603000
3.669000
3.584000
3.660000
3.611000
3.662000
3.499000
3.500000
3.655001
3.649000
3.628000
3.606999
3.637000
3.662000
3.650000
3.682001
3.506000
3.688000
3.661000
3.590000
3.491000
3.664000
3.495000
3.497000
3.656000
3.518000
3.498999
3.533000
3.490999
3.618000
3.678001
3.579000
3.642000
3.495000
3.625999
3.541999
3.525000
3.522000
3.649000
3.498000
3.585000
3.548000
3.493001
3.511000
3.632000
3.612000
3.653000
3.655000
3.620000
3.647000
3.610000
3.505001
3.661000
3.514000
3.486000
3.510000
3.489001
3.502000
3.500001
3.626000
3.499000
3.583000
3.626000
3.616000
3.657000
3.657999
3.512000
3.605000
3.501000
3.623000
3.488000
3.582000
3.513000
3.691000
3.514000
3.499000
3.502000
3.688000
3.695000
3.649999
3.618000
3.657000
3.509001
3.515000
3.498000
3.586000
3.487000
3.503000
3.507000
3.675001
3.648000
3.510000
3.661999
3.542000
3.506000
3.506000
3.610000
3.533000
3.544000
3.559000
3.664000
3.497000
3.483000
3.578000
3.511000
3.578000
3.498999
3.657999
3.541000
3.512000
3.496001
3.643000
3.667000
3.589001
3.614000
3.616000
3.515000
3.522000
3.602000
3.515000
3.510999
3.512001
3.501000
3.602000
3.502000
3.510999
3.502000
3.613000
3.611000
3.612000
3.567000
3.505000
3.513999
3.587000
3.619000
3.662000
3.497000
3.519000
3.498000
3.501000
3.494000
3.568000
3.500000
3.621000
3.657000
3.512000
3.499000
3.505999
3.623000
3.624000
3.505000
3.494000
3.624001
3.501000
3.497000
3.620000
3.651000
3.660000
3.556000
3.663000
3.488000
3.582001
3.488000
3.640000
3.674000
3.682000
3.630000
3.548000
3.609000
3.523001
3.490000
3.582000
3.615000
3.614999
3.617000
3.572999
3.503000
3.629999
3.618999
3.615000
3.618000
3.508000
3.622000
3.498000
3.605000
3.674000
3.646000
3.600000
3.517000
3.657999
3.644001
3.666000
3.510000
3.629000
3.601000
3.649000
3.505000
3.555001
3.643000
3.642000
3.616000
3.544000
3.493000
3.649000
3.503000
3.684000
3.496001
3.659000
3.519000
3.508001
3.584000
3.493000
3.570000
3.622000
3.652000
3.634000
3.580000
3.619000
3.602999
3.512000
3.614000
3.509000
3.660000
3.592000
3.657000
3.505000
3.502999
3.624001
3.640000
3.617000
3.581000
3.505000
3.646000
3.670000
3.612000
3.736000
3.618999
3.662000
3.615000
3.513000
3.507000
3.485000
3.485000
3.522000
3.498999
3.660000
3.623000
3.617000
3.635000
3.718000
3.530000
3.522000
3.492000
3.638000
3.652000
3.578000
3.623000
3.576000
3.512000
3.587000
3.588000
3.506999
3.505000
3.620000
3.565000
3.508001
3.637000
3.499000
3.499000
3.509000
3.611000
3.623000
3.684000
3.500000
3.628001
3.653999
3.610000
3.626000
3.499000
3.650000
3.636000
3.515000
3.629000
3.533000
3.515000
3.672000
3.579000
3.646000
3.657999
3.660000
3.509000
3.505000
3.505000
3.660000
3.582000
3.501000
3.575999
3.622000
3.556000
3.508000
3.659000
3.659000
3.653000
3.580000
3.506000
3.511000
3.625000
3.579000
3.664000
3.501000
3.616001
3.501000
3.658000
3.673000
3.633000
3.512001
3.502000
3.589001
3.629000
3.613001
3.666000
3.510000
3.612000
3.556000
3.618000
3.532000
3.661000
3.592000
3.510999
3.501001
3.622000
3.624001
3.555001
3.508000
3.660000
3.572999
3.643000
3.515000
3.491000
3.653000
3.511000
3.498999
3.625000
3.629000
3.498999
3.503000
3.617000
3.502000
3.505000
3.677000
3.650000
3.508000
3.620001
3.622000
3.505000
3.547000
3.616001
3.526000
3.673000
3.530000
3.661000
3.588000
3.616000
3.517000
3.512000
3.639000
3.649000
3.629000
3.659000
3.516000
3.505000
3.663000
3.512000
3.607000
3.575000
3.624000
3.506999
3.609000
3.616000
3.551000
3.603000
3.512000
3.630000
3.515000
3.513999
3.663000
3.502000
3.532000
3.631000
3.663000
3.583999
3.576000
3.516000
3.506000
3.585000
3.657000
3.590000
3.666000
3.505000
3.506000
3.661000
3.604000
3.513000
3.505000
3.504001
3.496000
3.500000
3.506999
3.578001
3.515000
3.575999
3.659000
3.602000
3.547001
3.656000
3.502999
3.606000
3.504000
3.502000
3.598000
3.693000
3.525000
3.656000
3.609000
3.516000
3.521000
3.504000
3.575001
3.559000
3.513000
3.569000
3.518000
3.673000
3.659000
3.504001
3.627000
3.496000
3.513000
3.642000
3.636000
3.576000
3.500000
3.487000
3.671001
3.500000
3.508001
3.620000
3.621000
3.647001
3.506000
3.568000
3.504000
3.500001
3.641000
3.506999
3.659001
3.494000
3.509000
3.607000
3.502999
3.494000
3.515000
3.502000
3.625000
3.662000
3.655000
3.507000
3.622000
3.660999
3.660999
3.501000
3.505000
3.659001
3.614000
3.510000
3.514000
3.648000
3.664000
3.499000
3.577000
3.498999
3.504000
3.656000
3.502000
3.601000
3.613000
3.510000
3.663000
3.612000
3.586000
3.585001
3.506999
3.641000
3.659000
3.554000
3.544000
3.647000
3.535000
3.498000
3.508001
3.657999
3.590000
3.676999
3.643000
3.645000
3.593000
3.643000
3.504001
3.567000
3.509000
3.612000
3.620001
3.571999
3.626000
3.641000
3.504001
3.583000
3.509000
3.654000
3.520000
3.656000
3.517000
3.618000
3.622000
3.515000
3.500000
3.603000
3.649000
3.641000
3.667000
3.602001
3.658000
3.652000
3.505000
3.661000
3.497000
3.663001
3.616001
3.578001
3.536000
3.585000
3.625001
3.635000
3.506999
3.614999
3.610000
3.504001
3.498000
3.496000
3.581000
3.496000
3.661000
3.517000
3.662000
3.501000
3.593000
3.625000
3.504000
3.502999
3.508000
3.661000
3.496001
3.489001
3.513000
3.497000
3.614999
3.487000
3.651001
3.498000
3.500000
3.513000
3.638000
3.618000
3.495000
3.612000
3.506999
3.497000
3.515000
3.492001
3.552000
3.625000
3.598000
3.637000
3.496000
3.498000
3.508000
3.656000
3.493000
3.512000
3.627000
3.723999
3.575000
3.658000
3.657999
3.618000
3.510000
3.626999
3.631000
3.503000
3.574000
3.645999
3.582000
3.588000
3.653999
3.576000
3.579999
3.649999
3.514000
3.500000
3.583000
3.616001
3.661000
3.503000
3.630000
3.626000
3.624000
3.500000
3.673000
3.650000
3.603000
3.621999
3.672000
3.490999
3.497000
3.508000
3.505000
3.498000
3.661999
3.702000
3.509000
3.614000
3.497999
3.642000
3.591999
3.499000
3.616000
3.595000
3.630000
3.492000
3.507000
3.497000
3.614999
3.624000
3.518000
3.671000
3.497000
3.592000
3.645999
3.537000
3.641000
3.574000
3.506000
3.618999
3.655000
3.500000
3.521000
3.514000
3.616000
3.632001
3.650000
3.596000
3.663000
3.621000
3.657999
3.657000
3.653000
3.504000
3.647001
3.582001
3.579000
3.620001
3.683000
3.635000
3.655001
3.496000
3.642000
3.649999
3.649000
3.497000
3.644000
3.613000
3.635000
3.572999
3.523000
3.494000
3.659000
3.619000
3.504001
3.610999
3.506000
3.621999
3.612000
3.506000
3.496001
3.494999
3.627000
3.500000
3.492000
3.632001
3.645000
3.555001
3.655000
3.519000
3.656999
3.651001
3.607000
3.645000
3.494000
3.508001
3.495000
3.645999
3.574001
3.605000
3.588000
3.528000
3.651000
3.666000
3.569000
3.516001
3.501000
3.655000
3.650000
3.579000
3.511000
3.498000
3.499000
3.657000
3.613000
3.580000
3.661000
3.660000
3.548000
3.610000
3.624001
3.504001
3.652000
3.629000
3.494000
3.563001
3.496001
3.486000
3.500000
3.610000
3.546000
3.493000
3.628000
3.617000
3.611000
3.616001
3.503000
3.555000
3.618999
3.650000
3.632000
3.657999
3.587999
3.675000
3.648000
3.664000
3.552999
3.626000
3.718000
3.651001
3.505000
3.504000
3.497000
3.497999
3.515000
3.658000
3.614000
3.626000
3.525000
3.672000
3.514000
3.498999
3.504000
3.481000
3.596000
3.497999
3.655000
3.653000
3.504000
3.654000
3.658000
3.644000
3.536999
3.621000
3.500001
3.689000
3.617001
3.492000
3.492001
3.644001
3.499000
3.564000
3.513999
3.665000
3.662000
3.639000
3.617000
3.517999
3.506999
3.618000
3.606000
3.510999
3.509999
3.660000
3.517000
3.657000
3.505000
3.637000
3.516001
3.638000
3.556000
3.494000
3.511000
3.588000
3.656000
3.613000
3.632000
3.491000
3.503000
3.641000
3.517000
3.611000
3.732000
3.501001
3.525000
3.511000
3.626000
3.508001
3.512001
3.526000
3.514000
3.617000
3.515000
3.647001
3.521000
3.647001
3.568000
3.499000
3.527000
3.511000
3.668000
3.489000
3.508001
3.724000
3.683000
3.567000
3.633000
3.513000
3.572999
3.670000
3.652000
3.536000
3.575000
3.641000
3.622999
3.661000
3.515000
3.502000
3.651001
3.554000
3.508001
3.621000
3.517000
3.502000
3.666000
3.649000
3.585001
3.511000
3.577000
3.621000
3.498000
3.612000
3.499000
3.509000
3.625000
3.615000
3.506000
3.494000
3.504001
3.656000
3.683000
3.663001
3.524000
3.504001
3.666000
3.644000
3.581000
3.519000
3.637000
3.574000
3.506000
3.526000
3.651000
3.667000
3.510000
3.484000
3.513000
3.570000
3.575000
3.663000
3.499000
3.579000
3.626000
3.622999
3.625000
3.518000
3.503000
3.506000
3.503000
3.639000
3.663001
3.562001
3.614999
3.523000
3.510000
3.645999
3.633000
3.509999
3.526000
3.510000
3.517000
3.651000
3.509999
3.655000
3.510000
3.501001
3.513000
3.590001
3.575000
3.652000
3.634000
3.666000
3.539001
3.620001
3.524000
3.669000
3.521000
