24.160000
13.240000
11.760000
10.840000
11.180000
10.860001
10.880000
10.880000
10.880000
10.820000
10.799999
10.800000
10.820000
10.799999
10.939999
10.840001
16.180000
12.220000
11.540000
11.020000
10.880000
10.940000
10.880000
10.860001
10.880000
10.860000
10.820000
14.080000
11.620000
11.340000
10.820000
11.000000
10.880000
10.860000
10.740000
10.980000
10.740000
10.860000
10.940000
13.800000
11.800000
10.960000
10.800000
10.800000
11.060000
10.900000
10.880000
11.000000
10.880000
11.020000
10.820000
11.139999
10.960000
11.020000
11.080001
12.039999
11.260000
11.120000
10.900000
10.840000
11.000000
10.840000
11.800000
11.580001
11.240000
11.100000
10.760000
10.860000
10.860000
11.059999
10.980000
10.900000
11.040000
11.140000
10.800000
11.120000
11.040000
10.880000
10.820000
11.039999
11.039999
11.100000
10.820000
11.640000
11.640000
11.059999
10.940000
10.840001
10.920000
11.440000
11.340000
11.040000
10.920000
10.840000
11.340000
11.060000
10.980001
10.820000
11.040000
11.260000
10.900000
10.840001
10.820000
10.960000
16.980000
12.180000
11.360001
10.800000
12.400000
11.200000
11.440000
10.820000
11.180000
11.080000
10.840000
10.960001
10.880000
11.060000
11.060000
11.000000
10.960001
10.980000
10.920000
10.960001
18.460000
12.360000
11.040000
11.040000
10.939999
11.399999
10.780000
11.120000
10.960000
10.899999
11.020000
11.940000
11.280000
10.820000
11.500000
10.940000
10.780000
10.900000
11.040000
11.360001
10.980001
10.939999
11.300000
10.880001
10.920000
10.919999
10.880000
10.760000
10.840000
10.919999
10.860001
10.860000
10.840000
11.020000
10.820000
10.800000
10.860001
10.800000
10.860000
11.600000
11.700000
10.860000
11.040000
11.140000
11.399999
11.260000
10.820000
10.860000
10.820000
11.180000
10.840000
10.799999
10.780000
11.000000
10.820000
10.980001
10.740001
11.120000
10.880000
10.920000
10.820000
10.840001
10.820000
10.860000
10.800000
10.860000
10.820000
11.919999
11.299999
10.919999
11.140000
10.939999
10.820000
10.860000
11.020000
11.059999
10.780000
10.860000
11.120000
10.840001
10.960001
10.780000
10.800000
11.060000
10.840000
10.880000
10.820000
10.840000
10.880000
13.020000
11.220000
10.779999
11.220000
10.900000
10.860000
11.580001
11.900000
10.860000
10.860000
10.860000
10.800000
10.820000
10.800000
10.820000
10.860000
10.820000
10.820000
10.939999
10.880000
10.900000
10.820000
10.940000
10.840000
10.920000
11.060000
10.840000
11.039999
10.840000
10.740000
10.900000
11.000000
10.900000
10.779999
12.080000
11.220000
11.100000
17.019999
13.680000
11.760000
11.080000
10.860000
10.820000
13.060000
11.860000
10.980000
10.940000
10.880000
10.860001
10.840001
10.800000
10.780000
10.779999
10.860000
11.100000
11.100001
10.840001
10.800000
10.880000
10.779999
10.840000
10.820000
11.620000
10.980001
10.860000
10.840001
12.160000
11.100000
11.060000
11.000000
10.960000
11.220000
11.140000
10.840000
10.800000
10.880000
10.740001
10.860001
10.939999
10.800000
10.880000
11.100001
10.840000
10.800000
10.780000
10.820000
10.900000
11.520000
11.220001
11.840000
11.179999
10.880000
10.880000
11.000000
10.980000
11.040000
11.060000
11.060000
10.800000
10.900000
10.900000
11.000000
10.860000
11.400000
10.800000
10.860000
11.080000
11.020000
11.020000
11.340000
10.980000
11.080001
11.500000
11.059999
10.919999
11.100000
11.260000
12.540000
11.440000
10.920000
11.060000
11.300000
11.120000
11.040000
11.000000
11.280000
10.900000
10.960000
11.380000
11.020000
16.700000
12.620000
11.380000
11.120000
10.799999
10.860000
10.820000
11.400000
10.880000
10.940000
11.200000
11.100000
10.760000
10.760000
11.140000
11.519999
12.259999
11.320000
10.880000
10.880000
11.420000
10.840000
10.760000
10.820000
10.820000
10.779999
12.240000
11.059999
10.960000
11.360000
10.980001
10.880000
10.760000
10.760000
10.840000
10.860000
10.860001
10.820000
10.820000
11.060000
10.840001
10.799999
10.880000
10.779999
10.899999
11.059999
11.020000
10.820000
11.640000
11.040000
10.940000
10.780000
11.180000
10.780000
10.800000
10.740000
11.380000
10.820000
10.820000
10.900000
10.840001
10.920000
10.760000
10.820000
10.820000
10.800000
11.100001
11.060000
10.820000
10.860000
17.400000
11.080000
10.980000
10.740000
10.760000
10.980000
11.300000
10.800000
10.820000
10.820000
10.940000
11.100000
10.860001
10.900000
11.059999
10.720000
11.179999
11.140000
11.100000
11.000000
10.840000
10.720000
10.860000
16.419999
10.920000
10.960000
11.320000
10.940000
10.700000
11.140000
10.919999
10.840000
10.820000
10.800000
10.900000
10.840000
10.840000
11.040000
10.880000
10.740000
10.840000
11.080000
10.860000
11.140000
10.799999
11.080001
10.880000
11.019999
10.860000
10.860000
10.860000
10.860001
10.799999
10.799999
10.760000
10.840000
10.760000
11.300000
10.880000
11.300000
11.120000
10.820000
11.000000
10.820000
21.939999
12.320000
11.320000
13.980000
11.640000
11.080000
11.460001
16.220001
11.800000
11.500000
11.040000
10.860000
10.720001
10.900000
10.840001
10.880000
10.820000
10.940000
11.000000
10.900000
10.800000
10.820000
11.059999
10.920000
11.140000
11.660000
11.059999
10.920000
10.920000
10.800000
10.900000
10.799999
10.820000
10.840000
10.840000
10.820000
10.840000
10.940000
10.760000
10.820000
10.840000
11.380000
10.980000
10.799999
10.880000
10.820000
10.820000
10.820000
12.600000
11.320000
10.820000
10.780000
10.860000
11.039999
10.799999
11.160000
10.899999
10.840000
10.820000
10.840001
10.799999
10.900000
11.260000
10.880000
10.860000
10.920000
10.800000
11.300000
10.900000
10.799999
12.460000
11.179999
11.040000
10.860000
10.820000
10.780000
11.040000
10.840001
10.980000
10.939999
11.060000
11.360000
11.120000
10.960000
10.780000
10.800000
11.220000
10.820000
10.820000
10.960000
11.060000
10.860000
11.060000
11.000000
11.000000
11.660000
11.020000
10.980000
10.880000
10.919999
10.900000
10.840000
10.840000
10.840000
10.900000
11.100001
11.300000
10.840001
10.980000
10.780000
10.900000
10.820000
10.799999
10.880000
12.620000
11.180000
10.820000
10.880000
10.860000
11.100000
10.960000
11.200000
10.800000
10.820000
10.840000
10.880000
10.880000
11.220000
11.000000
10.820000
11.080000
10.840001
11.200000
10.820000
10.820000
10.960000
10.820000
10.720000
11.340000
10.940000
10.960001
11.000000
10.820000
10.760000
11.159999
10.919999
10.939999
13.300000
10.980000
11.260000
10.800000
11.039999
11.179999
11.020000
10.960000
11.080000
10.840000
11.100000
11.039999
10.820000
10.880001
10.800000
11.560000
11.060000
10.820000
10.880000
10.840000
10.840001
10.880000
11.000000
10.820000
10.800000
10.960001
12.420000
10.960001
10.740000
11.000000
10.860001
10.880000
11.540000
10.920000
10.860000
10.720000
10.980000
10.840000
10.820000
11.220000
10.820000
11.400000
10.860000
10.840001
10.840001
10.820000
10.900000
11.280000
10.840001
10.860000
10.820000
12.940000
11.360000
11.440000
10.820000
10.820000
10.800000
11.200000
11.340000
10.880000
10.880000
10.820000
10.840000
11.100000
10.860000
11.460001
20.860000
14.780000
12.279999
10.860000
10.820000
10.860001
10.780000
11.040000
10.880000
10.980000
10.880000
12.080000
10.840000
11.040000
10.820000
11.220000
11.220000
11.140000
10.800000
11.100000
10.840001
11.059999
10.780000
10.880000
10.820000
11.360000
11.000000
10.820000
10.820000
10.860000
10.980001
12.620000
11.660000
11.340001
10.820000
10.900000
10.940000
12.300000
11.440000
10.980000
10.919999
11.040000
10.700000
11.240000
11.020000
10.860000
10.860000
11.160000
10.880000
11.159999
10.980000
10.780000
10.820000
10.840001
10.840000
10.820000
10.900000
11.000000
10.860000
10.820000
10.820000
10.919999
71.200000
12.780000
11.919999
11.500000
10.880000
10.820000
10.820000
10.920000
10.820000
11.160000
11.260000
11.140000
11.080000
11.140000
10.800000
11.260000
10.820000
10.860000
10.800000
10.820000
11.000000
11.059999
10.799999
11.280000
10.820000
10.860000
11.879999
11.120000
11.140000
11.000000
10.899999
10.820000
10.840000
10.880001
11.280000
11.200001
11.080000
10.880000
10.840000
10.820000
10.820000
10.840000
10.760000
11.159999
10.840001
11.040000
10.799999
10.860001
10.939999
10.900000
10.800000
10.840000
11.740000
10.980001
11.140000
10.960000
11.039999
10.820000
11.160000
10.919999
10.940000
10.880001
10.860001
10.920000
10.860001
11.060000
10.920000
11.300000
11.159999
10.840000
10.880001
11.100001
10.860000
10.860000
10.920000
11.120000
11.400000
11.080001
11.500000
11.260000
10.980000
10.840000
10.920000
10.820000
10.980000
10.800000
11.140000
10.900000
10.740000
10.920000
10.799999
10.860000
10.899999
11.100000
10.880000
10.900000
10.960000
10.860000
10.820000
12.080000
11.300000
11.400000
11.000000
62.260000
11.120000
10.880000
10.939999
11.080001
11.000000
10.860000
10.860000
10.799999
10.760000
10.900000
10.860001
10.860000
10.740000
10.840000
10.840000
11.140000
10.860000
10.840001
10.800000
10.880000
10.920000
10.820000
10.800000
10.820000
10.799999
12.080000
11.480000
10.919999
11.560000
11.200001
10.900000
10.720000
10.820000
10.940000
10.820000
10.980000
11.040000
10.860001
10.840001
10.840000
11.020000
10.920000
10.840000
11.220000
10.920000
10.840001
10.860000
10.860000
10.740000
10.840001
11.060000
11.020000
11.100000
10.820000
10.980001
10.820000
10.860000
11.160000
10.820000
10.840001
12.259999
11.200000
11.240000
10.800000
10.940000
10.880000
11.140000
10.840000
10.720000
10.840000
11.040000
10.820000
10.900000
10.840000
11.120000
10.880001
11.340001
11.420000
11.080000
10.980000
10.960000
11.140000
11.140000
10.860000
10.820000
11.100000
11.220000
11.420000
10.799999
11.160000
10.840001
10.860001
10.840001
11.460000
11.240000
10.860000
10.820000
10.840000
10.960000
10.820000
10.960000
10.820000
11.020000
10.940000
10.840000
10.840000
10.800000
10.900000
10.920000
11.180000
10.740000
10.800000
10.980001
10.820000
10.920000
10.720001
10.840000
10.760000
10.880000
10.799999
10.800000
10.820000
10.800000
10.860000
10.920000
10.860000
11.400000
11.180000
12.760000
11.900000
11.179999
10.860000
10.880000
11.380000
10.820000
10.820000
10.820000
10.840000
11.080000
11.320001
10.880000
10.880000
10.820000
10.820000
