517.290998
518.279999
515.476998
509.688001
509.092998
515.267000
506.688002
515.319999
511.822999
511.959001
509.609997
511.130001
506.445002
515.760001
513.155002
509.599999
507.670000
510.270003
509.452999
524.739999
509.532001
508.568000
508.501001
511.634003
511.009999
514.472000
507.692002
508.855999
509.163000
508.610003
507.794000
513.975002
510.465000
508.253001
511.693999
508.161999
508.640002
514.492001
513.459999
505.041000
510.523003
506.507002
512.270000
520.203002
502.942000
508.670002
508.176997
508.483000
509.480000
516.024001
510.561001
509.588003
506.970000
508.600000
510.143001
514.477000
509.314999
509.730998
508.292999
504.509002
509.597000
513.497002
511.061002
507.663999
504.510000
508.782998
506.457001
519.037999
510.357998
507.427003
505.416002
508.745000
509.808000
517.352000
509.661000
505.839001
505.217999
505.989000
508.074000
516.261999
506.823000
511.833999
507.773999
508.245002
508.758001
511.893999
510.345001
509.889998
506.132003
508.566000
502.455000
517.738998
507.812001
504.809998
512.359001
509.261999
506.906003
514.742002
506.663002
508.178998
507.330000
506.936003
509.509999
512.791999
504.195999
509.536002
507.366002
503.210001
507.157002
514.588002
508.172002
506.524000
507.789001
509.041000
508.123998
511.020001
507.399999
506.384000
509.576999
509.369001
508.103997
515.110001
508.503001
509.105999
510.254003
507.631999
509.610001
512.349002
508.487001
504.896000
507.322002
509.381000
511.233002
511.983000
508.781999
505.634997
508.800000
505.256999
505.574998
522.124998
505.794000
511.188999
510.662001
506.032001
505.031001
514.549002
507.769000
508.322999
512.093998
507.349003
509.728000
510.308001
506.111003
510.325000
511.172000
510.272000
507.387999
516.422000
508.352999
506.492000
507.307999
507.700000
509.504002
510.609001
511.046004
510.737002
506.864998
507.872000
508.040000
515.140001
507.916998
506.328002
507.514998
510.295998
507.282000
516.114000
506.977998
507.676002
515.887000
511.102002
506.765999
513.025999
508.070000
511.326998
509.005003
507.053003
509.474002
515.103001
504.515000
504.576001
507.990003
511.003997
507.393997
513.761003
507.546000
505.649000
505.874999
508.189000
504.677001
515.149999
507.157002
504.410002
505.717002
509.023000
508.325998
512.935001
507.415000
506.575998
505.617000
508.184999
504.476003
510.506999
506.625000
507.284001
508.350000
507.270999
507.175997
510.912001
510.691997
506.406002
503.916997
508.182000
509.272996
508.867998
510.919999
504.404999
509.247001
510.257997
506.527998
510.903999
512.778003
505.856000
507.546999
509.997997
505.909000
512.180001
508.680999
505.892001
509.211998
506.969001
509.366002
506.689001
510.191999
508.768000
505.787998
507.213000
505.605001
510.531999
506.744001
507.370997
509.941000
505.523998
510.322999
512.063000
505.931001
503.624998
508.554000
511.613999
510.334000
512.715999
506.867003
503.453001
506.026000
507.883001
508.533999
513.142999
507.202998
506.090999
508.174002
505.112000
509.000000
507.443998
507.556997
507.861003
505.426001
509.078000
505.750000
510.809001
509.641003
508.569002
507.893000
506.623000
506.990001
514.739998
508.623000
507.697001
506.358001
508.867998
510.448001
513.799001
505.617999
508.159000
510.159999
509.833999
506.777000
506.172001
507.996000
507.447001
503.185000
507.796001
508.167002
508.955002
507.999998
507.785000
510.376003
514.557000
509.667996
520.142999
511.695001
510.667998
506.337002
504.588999
510.703001
510.350000
508.139998
507.397998
506.317999
505.548999
508.880001
515.325002
511.790000
507.914998
508.589000
510.698002
508.748002
511.356000
508.875001
507.866997
505.982000
508.067999
505.652003
508.593000
508.490000
509.548001
504.149999
507.041998
503.966998
506.018002
503.690001
511.223000
506.113999
505.073000
509.321000
513.209999
508.621003
505.585998
510.646999
506.324999
508.538000
507.367000
505.329002
504.768003
507.745001
509.730998
508.591998
513.485998
509.539999
509.122003
507.978000
507.729001
506.010003
505.963001
507.287003
504.352000
507.588003
504.555002
507.399000
512.959000
503.010999
507.002998
506.979000
507.649999
509.413000
511.928000
509.220000
505.183000
510.481000
504.965000
507.099997
503.268000
503.454998
505.185001
505.767997
509.249002
506.674003
515.698999
508.014001
508.432001
500.996001
502.413001
503.683999
506.680999
505.597003
507.160999
508.662999
505.393997
507.924002
503.021002
509.443998
506.445002
505.688000
505.819999
508.320000
516.185999
509.298000
511.017997
513.124999
503.643002
502.995998
511.767000
509.285003
506.012000
505.419001
505.860999
502.211001
507.732000
506.112002
508.034002
506.494001
506.728999
506.384000
512.163002
507.452000
509.403002
508.154001
507.340003
505.423002
505.733002
506.989002
505.727001
506.054997
505.308997
508.129999
512.373000
507.557001
505.742997
504.889999
504.875999
503.843002
504.250001
508.972000
505.817998
506.462999
503.557999
503.369000
504.501998
509.129003
505.874999
505.185001
502.057001
505.036000
511.236001
507.034998
506.166000
504.512001
508.089002
507.546999
503.906000
510.673001
504.819002
506.827001
507.684998
502.847001
510.026000
505.961001
506.574001
507.612001
503.738999
505.558003
505.038001
507.714998
508.466002
504.600998
504.283998
505.050000
512.697000
503.791999
503.741000
503.701001
509.519998
506.478000
512.084998
504.105002
505.497999
502.621002
504.848000
509.666998
506.789997
506.310999
504.365999
504.623000
507.922001
510.939002
513.092998
506.301999
506.562002
507.307999
506.674998
505.158998
507.461999
507.015001
505.252998
506.134000
506.901000
504.605003
509.029999
510.255001
508.494999
508.630000
507.544000
507.498998
509.359997
507.929001
508.467998
506.267000
506.299000
507.683001
514.986001
504.689001
505.909000
506.664999
505.667999
507.219002
508.303002
506.461002
505.984001
507.555999
505.034000
505.998001
509.411000
510.887999
503.458001
506.442003
503.680002
510.054998
512.130000
505.392000
505.702998
505.196001
505.440000
505.344998
507.178999
508.386999
506.939001
504.759997
502.406999
505.725000
505.758997
507.686999
509.089001
506.735999
505.165000
511.864003
512.277998
509.597998
509.312000
509.027001
505.810998
503.596999
512.545001
507.391002
508.694001
511.043999
508.040000
502.585001
509.656001
508.722000
507.132001
510.231998
505.789001
505.635001
516.309001
508.216999
510.042999
509.994999
509.921998
507.200003
512.037002
509.369999
504.460998
510.089997
507.160001
506.012000
505.688000
509.921998
504.989002
505.743999
506.846998
508.370001
513.680000
506.527998
510.454997
502.481997
507.840000
507.290002
504.842997
507.388998
503.996000
507.134002
507.902000
509.330001
510.809999
508.839998
508.239999
507.792003
506.981999
510.616001
512.143999
509.385001
507.553998
508.555003
508.237001
508.439001
510.080002
507.150002
509.783000
505.699001
505.326997
507.048003
510.881998
506.717000
506.795000
508.759998
508.975998
507.188000
508.207001
505.729999
504.795000
507.567000
504.760001
508.679003
514.800001
507.350001
508.275002
509.023998
509.292003
504.517000
513.797000
511.027999
506.787997
508.402001
506.355003
505.364999
506.414998
510.770001
507.929001
508.492999
507.300001
506.345998
512.270000
506.000001
513.933003
507.284999
509.277001
502.935000
508.901998
510.832999
507.314000
506.951999
508.899000
508.631997
505.222999
506.792001
506.172001
510.424998
510.353997
508.966997
512.568001
510.483000
509.849999
506.967001
505.679999
507.479001
513.018999
505.545001
508.408003
508.341998
509.190001
507.920999
506.026998
507.320002
510.568999
507.540002
505.458999
506.689999
514.808003
513.165999
505.685002
510.387998
508.552998
508.255001
510.267001
509.645000
507.195998
506.199002
507.084001
508.044001
504.340000
509.861998
507.622000
508.687001
507.842001
507.524002
514.589999
508.696999
510.859001
508.219000
509.675000
508.157000
512.315001
511.824001
507.688999
506.599002
508.432999
508.012999
507.059000
508.807998
506.153002
504.944999
505.983997
507.822998
512.591999
508.892998
506.158002
506.237000
507.590000
511.508998
504.696000
507.137999
507.759001
506.172001
507.980000
512.463003
515.789002
508.375999
508.053001
508.254003
509.631999
507.094000
515.211001
507.371001
506.441999
508.294001
502.455000
504.604001
508.981001
505.343001
507.849000
507.610999
507.192001
505.987000
514.823001
505.217001
506.522998
509.939000
506.711002
507.399999
511.998001
505.925000
508.003000
505.890999
509.831000
509.392999
506.409999
506.292999
507.615998
505.986001
506.322000
505.586997
515.427001
507.879000
509.822000
510.539997
506.703001
509.299997
513.455000
506.402999
505.165998
500.073001
508.878998
508.556001
506.049000
510.215998
509.592999
506.051000
507.780001
510.656998
510.388002
507.874999
507.771999
508.205000
509.836998
508.154001
519.092001
508.660000
508.056000
502.938997
505.676001
502.465002
508.329000
505.091000
504.782997
508.914001
508.219000
507.776000
512.995001
505.456999
505.858000
506.238997
502.629999
503.587000
505.362999
506.885998
510.811001
505.626000
508.419000
501.877002
514.384001
506.344002
503.466997
510.256000
504.400000
506.977998
507.271003
510.430001
506.503999
507.059999
509.107001
506.710000
511.599999
503.454998
503.853001
508.166999
507.096000
508.499000
504.850000
509.163998
503.924001
510.568000
505.525999
509.619001
514.387999
507.420998
505.930997
510.878000
507.532001
505.054999
505.230997
510.632999
506.632000
507.919002
507.778000
506.184999
514.791001
506.184999
507.831004
506.294001
504.062001
506.604999
511.753000
503.515001
508.944001
509.269997
506.746002
509.326998
514.056001
509.504002
504.767001
509.675000
506.205000
506.459001
513.502002
504.104998
510.442998
507.073000
504.646998
505.130999
506.747998
507.851001
505.757000
505.709000
505.899999
504.776999
513.850998
504.064001
508.422002
509.199001
508.405000
507.476002
508.631002
507.099003
507.151999
507.696003
509.217001
509.303998
512.626000
509.700999
508.331999
504.072998
506.928001
507.835999
510.491002
505.803000
506.593000
503.594000
506.531000
515.076000
516.527001
507.916000
509.914003
508.058999
508.050002
509.105999
519.209001
507.373001
509.941000
505.874999
506.569002
508.963000
512.179997
509.395003
506.250001
504.486002
504.799999
507.428002
516.929001
503.435999
507.973000
505.121000
510.582998
508.389998
511.554997
511.313997
505.755998
508.933000
509.578001
504.110001
510.157999
510.410000
505.938999
508.097999
508.542001
505.666997
511.654001
511.528000
510.717001
508.927997
507.934000
506.933000
514.181998
505.941000
507.623002
506.712001
506.042000
508.497998
508.051999
507.987000
510.068003
511.834998
504.755002
508.841999
512.680002
509.041000
506.669000
507.484999
507.130001
507.578000
515.051000
506.974000
507.420000
506.762002
505.934000
509.695001
510.555003
507.745001
506.865002
507.219002
509.739000
505.251002
516.187999
504.942000
506.993003
507.760998
505.085997
505.459998
510.444999
505.697999
507.168002
509.094000
503.850002
505.836003
515.459999
505.418003
509.399999
507.477000
510.580998
507.282000
513.043001
504.574999
504.260998
