0.355000
0.351001
0.337999
0.325000
0.336001
0.328001
0.336001
0.325000
0.335999
0.325000
0.336001
0.325000
0.335999
0.325000
0.336001
0.325000
0.336001
0.326000
0.336001
0.325000
0.335999
0.325000
0.336001
0.326000
0.336001
0.326000
0.335999
0.325000
0.335999
0.325000
0.335999
0.325000
0.336001
0.328001
0.336001
0.336001
0.335999
0.327999
0.336001
0.359999
0.335999
0.325000
0.335999
0.327999
0.336001
0.325000
0.336001
0.363000
0.335999
0.328001
0.335999
0.328001
0.336001
0.328001
0.340000
0.325000
0.335999
0.328001
0.336001
0.328001
0.336001
0.325000
0.335999
0.328001
0.336001
0.327999
0.335999
0.328001
0.336001
0.325000
0.335999
0.325000
0.336001
0.325000
0.336001
0.325000
0.336001
0.326000
0.336001
0.328001
0.336001
0.327999
0.335999
0.327999
0.336001
0.327999
0.336001
0.327999
0.336001
0.327999
0.335999
0.328001
0.335999
0.326000
0.336001
0.327000
0.335999
0.325000
0.336001
0.328001
0.336001
0.332002
0.336001
0.327999
0.335999
0.325000
0.335999
0.326000
0.336001
0.326000
0.336001
0.327999
0.336001
0.325000
0.335999
0.328001
0.336001
0.328001
0.336001
0.328001
0.347000
0.325000
0.340000
0.328001
0.335999
0.327999
0.336001
0.328001
0.335999
0.327999
0.336001
0.328001
0.335999
0.325000
0.335999
0.325000
0.336001
0.327999
0.337001
0.328001
0.336001
0.328001
0.336001
0.328001
0.336001
0.328001
0.336001
0.327999
0.335999
0.326000
0.335999
0.328001
0.336001
0.326000
0.335999
0.328001
0.336001
0.326000
0.340000
0.325000
0.335999
0.328001
0.335999
0.327999
0.335999
0.327999
0.336001
0.327999
0.336001
0.325000
0.336001
0.328001
0.336001
0.328001
0.335999
0.328001
0.335999
0.328001
0.336001
0.328001
0.336001
0.327000
0.339001
0.328999
0.339000
0.328001
0.336001
0.327999
0.336001
0.328001
0.336001
0.328001
0.336001
0.325000
0.335999
0.328001
0.335999
0.328001
0.335999
0.328001
0.335999
0.328001
0.336001
0.325000
0.335999
0.325000
0.347001
0.327999
0.335999
0.327999
0.337001
0.325000
0.335999
0.327000
0.336999
0.328001
0.335999
0.328001
0.337001
0.328001
0.335999
0.328001
0.337001
0.327999
0.336001
0.327000
0.336999
0.328001
0.335999
0.328001
0.337001
0.328001
0.335999
0.328001
0.336999
0.328001
0.335999
0.327999
0.335999
0.325000
0.336001
0.328001
0.336999
0.328001
0.336001
0.328001
0.336999
0.326999
0.336001
0.328001
0.359001
0.332000
0.335999
0.328001
0.337001
0.328001
0.335999
0.327999
0.336001
0.327999
0.335999
0.325000
0.337001
0.325000
0.336001
0.326999
0.337001
0.328001
0.336001
0.328001
0.337001
0.327999
0.336001
0.328001
0.337001
0.325000
0.336001
0.326999
0.337001
0.328001
0.336001
0.326999
0.336999
0.327999
0.336001
0.328001
0.337001
0.327999
0.336001
0.327000
0.337001
0.336001
0.336001
0.325000
0.337001
0.325000
0.336001
0.328001
0.336999
0.325000
0.335999
0.325000
0.337001
0.325000
0.336001
0.326999
0.336999
0.325000
8.117002
0.335000
0.336001
0.325000
0.337001
0.325000
0.336001
0.325000
0.337001
0.326999
0.335999
0.328001
0.337001
0.328001
0.335999
0.328001
0.336999
0.325000
0.335999
0.327999
0.336999
0.327999
0.336001
0.328001
0.337001
0.325000
0.336001
0.325000
0.337001
0.328001
0.335999
0.328001
0.337001
0.328001
0.336001
0.327000
0.336999
0.325000
0.336001
0.326000
0.337001
0.325000
0.335999
0.327999
0.337001
0.325000
0.335999
0.327999
0.336999
0.327000
0.336001
0.327999
0.336999
0.327999
0.336001
0.328001
0.337001
0.328001
0.336001
0.328001
0.337001
0.328001
0.336001
0.328001
0.336999
0.328001
0.335999
0.328001
0.347001
0.327999
0.337001
0.327999
0.336001
0.328001
0.336999
0.328001
0.335999
0.327000
0.336999
0.325000
0.336001
0.325000
0.337001
0.327999
0.336001
0.325000
0.336999
0.328001
0.336001
0.325000
0.336999
0.326000
0.336001
0.325000
0.337001
0.325000
0.336001
0.325000
0.336999
0.328001
0.341000
0.328001
0.337001
0.327999
0.335999
0.325000
0.337001
0.325000
0.336001
0.325000
0.336999
0.325000
0.335999
0.328001
0.337001
0.327999
0.335999
0.325000
0.337001
0.325000
0.336001
0.325000
0.336001
0.330999
0.335999
0.328001
0.336999
0.325000
0.335999
0.328001
0.336999
0.328001
0.335999
0.325000
0.336999
0.327999
0.336001
0.328001
0.337001
0.325000
0.335999
0.328001
0.337001
0.328001
0.336001
0.328001
0.337001
0.328001
0.336001
0.328001
0.336999
0.327999
0.336001
0.328001
0.347001
0.325000
0.336999
0.325000
0.336999
0.325000
0.336999
0.325000
0.337001
0.328001
0.336999
0.350000
0.336999
0.328001
0.336001
0.325000
0.336999
0.328001
0.337001
0.325000
0.336999
0.325000
0.336999
0.327999
0.337001
0.325000
0.336999
0.327999
0.336999
0.328001
0.337001
0.328001
0.336999
0.328001
0.336999
0.327999
0.337001
0.328001
0.337001
0.327999
0.337001
0.325000
0.336999
0.327000
0.337001
0.327000
0.357999
0.325000
0.337001
0.327999
0.336999
0.327999
0.336999
0.328001
0.336999
0.326999
0.336999
0.328001
0.337001
0.327999
0.336999
0.327999
0.337001
0.332000
0.336999
0.327000
0.336999
0.327999
0.336999
0.328001
0.336999
0.328001
0.337001
0.328001
0.336001
0.328001
0.336999
0.327999
0.336999
0.327999
0.336999
0.328001
0.359001
0.327000
0.337001
0.337001
0.337001
0.327000
0.336999
0.328001
0.336999
0.327999
0.337001
0.328001
0.337001
0.328001
0.337001
0.325000
0.337001
0.326999
0.336999
0.327999
0.336999
0.327000
0.336999
0.325000
0.337001
0.325000
0.336999
0.325000
0.337001
0.328001
0.337001
0.327999
0.337001
0.328001
0.337001
0.326999
0.336999
0.327000
0.336999
0.328001
0.336999
0.328001
0.337001
0.328001
0.337001
0.328001
0.335999
0.327999
0.337001
0.327000
0.337001
0.328001
0.336999
0.325000
0.336999
0.325000
0.336001
0.327000
0.336999
0.328001
0.336999
0.327999
0.336999
0.328001
0.337001
0.328001
0.336999
0.328001
0.336999
0.328001
0.336999
0.327000
0.336999
0.328001
0.336001
0.328001
0.336999
0.328001
0.336999
0.325000
0.337001
0.328001
0.335999
0.328001
0.336999
0.325000
0.336999
0.328001
0.347000
0.325000
0.337001
0.325002
0.337001
0.327999
0.336001
0.328001
0.337001
0.325000
0.337001
0.325002
0.337001
0.326999
0.337001
0.325002
0.336999
0.325000
0.336999
0.325000
0.337001
0.325000
0.336999
0.325000
0.336999
0.329001
0.336999
0.325000
0.336001
0.325000
0.337001
0.325000
0.336999
0.327999
0.337001
0.328001
0.337001
0.328001
0.336999
0.328001
0.335999
0.328001
0.336999
0.327000
0.337001
0.325000
0.335999
0.328001
0.337001
0.325000
0.337001
0.325000
0.336999
0.327000
0.336999
0.332002
0.336999
0.325000
0.337001
0.328001
0.337001
0.327000
0.335999
0.328001
0.336999
0.325000
0.336999
0.325000
0.337001
0.332000
0.336999
0.325000
0.336999
0.328001
0.337001
0.325000
0.336999
0.327999
0.337001
0.325000
0.336999
0.327999
0.336999
0.325000
0.336001
0.328001
0.364000
0.327999
0.336001
0.327999
0.337001
0.328001
0.336001
0.328001
0.336001
0.327999
0.336001
0.327000
0.336999
0.328001
0.336001
0.328001
0.337001
0.325000
0.336001
0.328001
0.337001
0.327999
0.335999
0.328001
0.337001
0.328001
0.336001
0.327999
0.336999
0.325000
0.336001
0.328001
0.336001
0.328001
0.336001
0.327000
0.336999
0.326000
0.335999
0.328001
0.337001
0.325000
0.335999
0.325000
0.337001
0.328001
0.335999
0.327999
0.336999
0.327999
0.335999
0.327000
0.337001
0.325000
0.335999
0.328999
0.337001
0.328001
0.335999
0.327000
0.336999
0.329001
0.335999
0.325000
0.336001
0.326000
0.335999
0.325000
0.337001
0.325000
0.335999
0.325000
0.336999
0.328001
0.336001
0.325000
0.336999
0.328001
0.336001
0.325000
0.336999
0.328001
0.336001
0.327999
0.336999
0.336999
0.335999
0.327999
0.337001
0.325000
0.336001
0.328001
0.336001
0.328001
0.336001
0.328001
0.336999
0.328001
0.336001
0.328001
0.336999
0.326999
0.336001
0.327999
0.336999
0.327999
0.336001
0.327999
0.336999
0.328001
0.336001
0.327999
0.337001
0.328001
0.336001
0.328001
0.336999
0.327000
0.336001
0.327999
0.337001
0.325000
0.336001
0.328001
0.336001
0.327999
0.336001
0.326000
0.336999
0.325000
0.336001
0.328001
0.337001
0.327000
0.336001
0.328001
0.336001
0.328001
0.336001
0.326000
0.337001
0.325000
0.336001
0.328001
0.336999
0.328001
0.335999
0.328001
0.337001
0.325000
0.336001
0.328001
0.335999
0.327999
0.336001
0.325000
0.336999
0.328001
0.336001
0.325000
0.337001
0.328001
0.335999
0.325000
0.337001
0.325000
0.336001
0.326000
0.336999
0.326999
0.347000
0.325000
0.336001
0.328001
0.337001
0.328001
0.335999
0.328001
0.336999
0.328001
0.336001
0.325000
0.336999
0.327999
0.335999
0.328001
0.336999
0.327999
0.335999
0.325000
0.336999
0.328001
0.335999
0.327999
0.337001
0.328001
0.335999
0.328001
0.336999
0.327999
0.335999
0.328001
0.336999
0.328001
0.336001
0.328001
0.336999
0.327999
0.336001
0.325000
0.336999
0.328001
0.336001
0.328001
0.337001
0.328001
0.335999
0.327999
0.336999
0.328001
0.336001
0.327000
0.336999
0.327999
0.336001
0.325000
0.336999
0.325000
0.336001
0.325000
0.336001
0.325000
0.336001
0.328001
0.336999
0.328001
0.336001
0.325000
0.336001
0.328001
0.336001
0.327999
0.336001
0.328001
0.336001
0.327999
0.336999
0.327999
0.336001
0.325002
0.336999
0.327999
0.335999
0.327999
0.337001
0.328001
0.347000
0.325000
0.337001
0.325000
0.337001
0.325000
0.336999
0.328001
0.337001
0.328001
0.337001
0.328001
0.337001
0.328001
0.337001
0.325000
0.337001
0.328001
0.336999
0.328001
0.336999
0.327999
0.337001
0.327000
0.337001
0.327999
