1.519000
1.512000
1.499000
1.515000
1.525000
1.499000
1.531000
1.490000
1.557000
1.503000
1.555000
1.506000
1.538000
1.489000
1.509000
1.493000
1.509000
1.488000
1.508000
1.493000
1.512000
1.496000
1.505000
1.519000
1.509000
1.487000
1.513000
1.490000
1.505000
1.487000
1.510000
1.502000
1.507000
1.490000
1.506000
1.495000
1.512000
1.488000
1.508000
1.490000
1.506000
1.490000
1.511000
1.490000
1.508000
1.490000
1.516000
1.494000
1.509000
1.494000
1.508000
1.528000
1.506000
1.491000
1.515000
1.487000
1.505000
1.504000
1.546000
1.490000
1.512000
1.488000
1.506000
1.492000
1.511000
1.487000
1.522000
1.490000
1.505000
1.510000
1.510000
1.501000
1.521000
1.492000
1.507000
1.501000
1.505000
1.486000
1.509000
1.491000
1.509000
1.494000
1.512000
1.486000
1.512000
1.487000
1.506000
1.491000
1.517000
1.489000
1.509000
1.504000
1.510000
1.492000
1.511000
1.492000
1.509000
1.492000
1.505000
1.490000
1.508000
1.519000
1.514000
1.510000
1.508000
1.493000
1.510000
1.485000
1.517000
1.500000
1.519000
1.506000
1.509000
1.489000
1.509000
1.492000
1.508000
1.495000
1.508000
1.493000
1.511000
1.498000
1.507000
1.491000
1.508000
1.488000
1.513000
1.493000
1.523000
1.565000
1.506000
1.485000
1.513000
1.495000
1.507000
1.498000
1.512000
1.488000
1.552000
1.486000
1.557000
1.490000
1.507000
1.491000
1.512000
1.525000
1.507000
1.498000
1.510000
1.489000
1.516000
1.486000
1.508000
1.490000
1.512000
1.491000
1.511000
1.488000
1.506000
1.489000
1.511000
1.486000
1.512000
1.492000
1.509000
1.499000
1.513000
1.487000
1.515000
1.491000
1.522000
1.490000
1.516000
1.493000
1.515000
1.492000
1.509000
1.486000
1.516000
1.487000
1.513000
1.500000
1.514000
1.513000
1.521000
1.489000
1.510000
1.490000
1.514000
1.496000
1.524000
1.489000
1.509000
1.498000
1.511000
1.489000
1.510000
1.507000
1.510000
1.490000
1.514000
1.506000
1.511000
1.500000
1.509000
1.489000
1.512000
1.517000
1.510000
1.491000
1.511000
1.512000
1.511000
1.489000
1.511000
1.497000
1.513000
1.487000
1.512000
1.489000
1.509000
1.485000
1.510000
1.486000
1.520000
1.664000
1.510000
1.490000
1.514000
1.488000
1.509000
1.485000
1.508000
1.492000
1.513000
1.495000
1.672000
1.489000
1.514000
1.487000
1.520000
1.493000
1.510000
1.494000
1.510000
1.509000
1.514000
1.491000
1.511000
1.494000
1.510000
1.491000
1.512000
1.491000
1.514000
1.489000
1.511000
1.504000
1.510000
1.490000
1.697000
1.530000
1.506000
1.492000
1.515000
1.497000
1.509000
1.493000
1.508000
1.493000
1.512000
1.492000
1.509000
1.499000
1.519000
1.493000
1.512000
1.503000
1.510000
1.495000
1.507000
1.491000
1.514000
1.535000
1.521000
1.494000
1.511000
1.491000
1.518000
1.487000
1.507000
1.498000
1.515000
1.492000
1.511000
1.488000
1.514000
1.493000
1.510000
1.490000
1.509000
1.489000
1.506000
1.494000
1.508000
1.492000
1.509000
1.491000
1.508000
1.488000
1.533000
1.490000
1.514000
1.495000
1.507000
1.544000
1.508000
1.495000
1.512000
1.493000
1.513000
1.495000
1.506000
1.498000
1.511000
1.493000
1.506000
1.493000
1.509000
1.596000
1.511000
1.495000
1.510000
1.492000
1.510000
1.493000
1.508000
1.489000
1.507000
1.494000
1.507000
1.500000
1.512000
1.490000
1.510000
1.493000
1.508000
1.487000
1.511000
1.488000
1.525000
1.491000
1.512000
1.487000
1.510000
1.491000
1.506000
1.489000
1.511000
1.489000
1.508000
1.490000
1.510000
1.566000
1.507000
1.494000
1.515000
1.499000
1.512000
1.489000
1.508000
1.494000
1.511000
1.502000
1.509000
1.489000
1.508000
1.492000
1.509000
1.489000
1.513000
1.500000
1.510000
1.493000
1.511000
1.489000
1.513000
1.494000
1.507000
1.490000
1.506000
1.489000
1.510000
1.498000
1.519000
1.490000
1.510000
1.489000
1.506000
1.492000
1.507000
1.524000
1.512000
1.498000
1.508000
1.491000
1.506000
1.494000
1.511000
1.490000
1.513000
1.491000
1.511000
1.490000
1.514000
1.499000
1.507000
1.492000
1.511000
1.521000
1.509000
1.489000
1.516000
1.491000
1.516000
1.489000
1.506000
1.502000
1.507000
1.495000
1.511000
1.494000
1.506000
1.499000
1.507000
1.499000
1.505000
1.494000
1.510000
1.494000
1.506000
1.494000
1.508000
1.489000
1.505000
1.503000
1.508000
1.492000
1.509000
1.490000
1.506000
1.491000
1.507000
1.498000
1.521000
1.501000
1.510000
1.492000
1.515000
1.501000
1.513000
1.490000
1.517000
1.494000
1.507000
1.489000
1.516000
1.539000
1.508000
1.490000
1.508000
1.491000
1.523000
1.490000
1.514000
1.492000
1.511000
1.490000
1.507000
1.491000
1.512000
1.504000
1.509000
1.495000
1.514000
1.492000
1.519000
1.489000
1.524000
1.490000
1.512000
1.490000
1.510000
1.489000
1.512000
1.491000
1.511000
1.504000
1.506000
1.493000
1.506000
1.489000
1.510000
1.490000
1.507000
1.523000
1.512000
1.492000
1.506000
1.489000
1.511000
1.492000
1.506000
1.494000
1.508000
1.495000
1.509000
1.494000
1.508000
1.504000
1.511000
1.490000
1.506000
1.495000
1.513000
1.489000
1.508000
1.493000
1.507000
1.489000
1.516000
1.495000
1.507000
1.491000
1.509000
1.496000
1.511000
1.494000
1.514000
1.499000
1.514000
1.493000
1.508000
1.495000
1.507000
1.490000
1.517000
1.494000
1.509000
1.489000
1.513000
1.493000
1.510000
1.488000
1.510000
1.489000
1.509000
1.496000
1.513000
1.489000
1.509000
1.491000
1.505000
1.492000
1.505000
1.490000
1.509000
1.495000
1.519000
1.492000
1.506000
1.494000
1.507000
1.494000
1.506000
1.489000
1.509000
1.493000
1.509000
1.489000
1.510000
1.490000
1.510000
1.505000
1.511000
1.491000
1.548000
1.496000
1.508000
1.491000
1.507000
1.489000
1.508000
1.492000
1.506000
1.504000
1.506000
1.493000
1.508000
1.505000
1.506000
1.500000
1.522000
1.493000
1.517000
1.503000
1.505000
1.495000
1.507000
1.732000
1.510000
1.490000
1.515000
1.505000
1.513000
1.490000
1.512000
1.509000
1.532000
1.492000
1.504000
1.491000
1.510000
1.491000
1.505000
1.497000
1.506000
1.493000
1.515000
1.495000
1.505000
1.498000
1.508000
1.491000
1.513000
1.488000
1.506000
1.494000
1.507000
1.493000
1.524000
1.495000
1.505000
1.494000
1.515000
1.491000
1.509000
1.495000
1.506000
1.495000
1.507000
1.507000
1.514000
1.495000
1.511000
1.496000
1.506000
1.497000
1.508000
1.516000
1.509000
1.495000
1.505000
1.492000
1.512000
1.495000
1.519000
1.497000
1.508000
1.538000
1.511000
1.494000
1.509000
1.497000
1.512000
1.492000
1.513000
1.491000
1.509000
1.497000
1.510000
1.488000
1.519000
1.491000
1.530000
1.498000
1.505000
1.541000
1.512000
1.546000
1.505000
1.529000
1.517000
1.521000
1.512000
1.542000
1.509000
1.625000
1.518000
1.529000
1.511000
1.529000
1.512000
1.534000
1.510000
1.522000
1.526000
1.526000
1.517000
1.537000
1.508000
1.521000
1.512000
1.521000
1.513000
1.527000
1.518000
1.550000
1.518000
1.536000
1.515000
1.539000
1.522000
1.523000
1.510000
1.522000
1.511000
1.527000
1.515000
1.518000
1.511000
1.525000
1.517000
1.526000
1.507000
1.525000
1.513000
1.519000
1.505000
1.536000
1.505000
1.539000
1.509000
1.520000
1.507000
1.554000
1.504000
1.540000
1.509000
1.489000
1.515000
1.495000
1.515000
1.490000
1.513000
1.498000
1.506000
1.499000
1.505000
1.494000
1.529000
1.492000
1.507000
1.495000
1.508000
1.513000
1.514000
1.505000
1.505000
1.518000
1.507000
1.519000
1.513000
1.520000
1.505000
1.496000
1.509000
1.499000
1.514000
1.493000
1.505000
1.499000
1.510000
1.499000
1.510000
1.490000
1.510000
1.491000
1.507000
1.517000
1.513000
1.486000
1.510000
1.492000
1.518000
1.487000
1.530000
1.485000
1.510000
1.489000
1.506000
1.487000
1.512000
1.489000
1.510000
1.492000
1.507000
1.494000
1.514000
1.488000
1.508000
1.499000
1.520000
1.490000
1.509000
1.498000
1.532000
1.494000
1.505000
1.490000
1.519000
1.498000
1.509000
1.494000
1.515000
1.491000
1.519000
1.491000
1.507000
1.492000
1.506000
1.489000
1.507000
1.486000
1.507000
1.493000
1.507000
1.494000
1.509000
1.491000
1.506000
1.492000
1.510000
1.488000
1.509000
1.485000
1.550000
1.492000
1.513000
1.488000
1.515000
1.489000
1.510000
1.491000
1.511000
1.493000
1.714000
1.490000
1.506000
1.490000
1.506000
1.490000
1.515000
1.489000
1.507000
1.489000
1.508000
1.489000
1.513000
1.489000
1.510000
1.490000
1.509000
1.500000
1.511000
1.490000
1.507000
1.501000
1.506000
1.489000
1.508000
1.498000
1.514000
1.490000
1.507000
1.489000
1.511000
1.488000
1.512000
1.494000
1.507000
1.491000
1.533000
1.495000
1.558000
1.491000
1.516000
1.502000
1.508000
1.491000
1.513000
1.506000
1.505000
1.493000
1.508000
1.490000
1.511000
1.495000
1.505000
1.489000
1.510000
1.489000
1.510000
1.491000
1.504000
1.487000
1.514000
1.487000
1.515000
1.504000
1.516000
1.487000
1.519000
1.658000
1.507000
1.496000
1.512000
1.491000
1.511000
1.487000
1.509000
1.494000
1.506000
1.489000
1.509000
1.487000
1.508000
1.496000
1.509000
1.485000
1.519000
1.497000
1.505000
1.489000
1.506000
1.489000
1.513000
1.489000
1.665000
1.492000
1.508000
1.492000
1.514000
1.488000
1.507000
1.496000
1.519000
1.487000
1.514000
1758.166000
2.300000
1.492000
1.505000
1.488000
1.504000
1.488000
1.511000
1.490000
1.507000
1.490000
1.509000
1.508000
1.509000
1.511000
1.511000
1.488000
1.509000
1.486000
1.530000
1.542000
1.511000
1.497000
1.512000
1.493000
1.510000
1.486000
1.513000
1.500000
1.507000
1.495000
1.529000
1.506000
1.510000
1.492000
1.510000
1.498000
1.520000
1.492000
1.514000
1.494000
