3.219999
3.079999
3.100000
3.079999
3.059998
3.060002
3.059998
3.079999
3.119998
3.079999
3.059998
3.059998
3.079999
3.079999
3.100000
3.039997
3.060002
3.119998
3.060002
3.080003
3.079999
3.060002
3.059998
3.059998
3.060002
3.040001
3.059998
3.059998
3.079999
3.060002
3.059998
3.059998
3.559999
3.060002
3.060002
3.060002
3.079999
3.160000
3.079999
3.059998
3.080003
3.079999
3.079999
3.059998
3.140002
3.060002
3.060002
3.080003
3.079999
3.059998
3.059998
3.079999
3.039997
3.060002
3.079999
3.079999
3.079999
3.080003
3.079999
3.060002
3.060002
3.059998
3.059998
3.060002
3.119998
3.100000
3.079999
3.079999
3.079999
3.059998
3.079999
3.060002
3.079999
3.079999
3.059998
3.080003
3.100000
3.059998
3.079999
3.040001
3.080003
3.079999
3.079999
3.059998
3.540002
3.100000
3.079999
3.099997
3.059998
3.079999
3.059998
3.079999
3.060002
3.080003
3.100000
3.080003
3.040001
3.079999
3.079999
3.060002
3.059998
3.079999
3.079999
3.080003
3.219999
3.079999
3.060002
3.060002
3.080003
3.060002
3.059998
3.060002
3.080003
3.079999
3.079999
3.059998
3.060002
3.079999
3.079999
3.079999
3.059998
3.059998
3.079999
3.060002
3.079999
3.060002
3.079999
3.080003
3.060002
3.079999
3.059998
3.079999
3.079999
3.040001
3.059998
3.079999
3.100000
3.059998
3.060002
3.080003
3.100000
3.059998
3.079999
3.059998
3.079999
3.060002
3.100000
3.059998
3.059998
3.060002
3.060002
3.079999
3.059998
3.060002
3.079999
3.079999
3.100000
3.059998
3.079999
3.060002
3.100000
3.079999
3.060002
3.079999
3.059998
3.059998
3.060002
3.079999
3.059998
3.079999
3.060002
3.080003
3.080003
3.059998
3.240000
3.059998
3.079999
3.040001
3.100000
3.080003
3.079999
3.059998
3.039997
3.100000
3.060002
3.060002
3.079999
3.059998
3.120001
3.059998
3.079999
3.079999
3.079999
3.079999
3.079999
3.059998
3.040001
3.060002
3.080003
3.060002
3.060002
3.079999
3.059998
3.079999
3.040001
3.059998
3.079999
3.080003
3.079999
3.060002
3.059998
3.120001
3.079999
3.079999
3.080003
3.079999
3.079999
3.059998
3.079999
3.119998
3.080003
3.079999
3.059998
3.060002
3.079999
3.219999
3.059998
3.100000
3.059998
3.079999
3.060002
3.080003
3.079999
3.079999
3.100000
3.060002
3.080003
3.060002
3.179997
3.079999
3.060002
3.080003
3.079999
3.079999
3.100000
3.079999
3.119998
3.060002
3.060002
3.099997
3.099997
3.059998
3.100000
3.080003
3.079999
3.080003
3.060002
3.079999
3.060002
3.060002
3.060002
3.060002
3.080003
3.079999
3.059998
3.079999
3.079999
3.059998
3.100000
3.060002
3.080003
3.100000
3.079999
3.079999
3.060002
3.079999
3.079999
3.060002
3.080003
3.079999
3.079999
3.079999
3.100000
3.080003
3.060002
3.079999
3.079999
3.059998
3.080003
3.100000
3.219999
3.079999
3.079999
3.100000
3.059998
3.079999
3.059998
3.079999
3.079999
3.079999
3.079999
3.060002
3.100000
3.079999
3.079999
3.079999
3.079999
3.039997
3.080003
3.079999
3.059998
3.059998
3.079999
3.080003
3.060002
3.080003
3.079999
3.039997
3.080003
3.060002
3.060002
3.039997
3.060002
3.079999
3.060002
3.059998
3.079999
3.060002
3.079999
3.079999
3.059998
3.060002
3.079999
3.060002
3.079999
3.080003
3.200002
3.059998
3.079999
3.079999
3.060002
3.059998
3.079999
3.059998
3.059998
3.060002
3.079999
3.060002
3.079999
3.040001
3.080003
3.040001
3.060002
3.059998
3.059998
3.060002
3.079999
3.079999
3.059998
3.079999
3.040001
3.080003
3.059998
3.060002
3.039997
3.059998
3.059998
3.040001
3.079999
3.059998
3.079999
3.059998
3.060002
3.079999
3.079999
3.040001
3.079999
3.079999
3.060002
3.079999
3.040001
3.059998
3.059998
3.060002
3.100000
3.079999
3.059998
3.079999
3.079999
3.079999
3.080003
3.079999
3.079999
3.079999
3.079999
3.080003
3.060002
3.059998
3.079999
3.079999
3.059998
3.079999
3.059998
3.059998
3.059998
3.059998
3.059998
3.079999
3.079999
3.080003
3.080003
3.060002
3.060002
3.079999
3.060002
3.059998
3.060002
3.100000
3.079999
3.079999
3.060002
3.079999
3.100000
3.079999
3.080003
3.059998
3.119998
3.060002
3.059998
3.060002
3.060002
3.059998
3.059998
3.080003
3.060002
3.079999
3.079999
3.079999
3.060002
3.079999
3.060002
3.079999
3.060002
3.079999
3.079999
3.060002
3.060002
3.079999
3.059998
3.060002
3.059998
3.079999
3.040001
3.079999
3.079999
3.079999
3.079999
3.079999
3.079999
3.060002
3.040001
3.060002
3.059998
3.079999
3.079999
3.079999
3.079999
3.080003
3.080003
3.120001
3.079999
3.100000
3.080003
3.059998
3.059998
3.079999
3.079999
3.040001
3.060002
3.100000
3.059998
3.079999
3.060002
3.080003
3.059998
3.059998
3.079999
3.079999
3.079999
3.080003
3.080003
3.079999
3.080003
3.079999
3.059998
3.060002
3.079999
3.059998
3.080003
3.100000
3.040001
3.059998
3.060002
3.059998
3.100000
3.059998
3.079999
3.060002
3.060002
3.079999
3.060002
3.059998
3.079999
3.079999
3.059998
3.079999
3.079999
3.079999
3.059998
3.059998
3.060002
3.040001
3.060002
3.060002
3.059998
3.060002
3.080003
3.079999
3.079999
3.060002
3.059998
3.059998
3.080003
3.079999
3.079999
3.080003
3.059998
3.079999
3.079999
3.100000
3.059998
3.079999
3.060002
3.079999
3.059998
3.079999
3.100000
3.079999
3.059998
3.040001
3.100000
3.079999
3.079999
3.059998
3.059998
3.059998
3.059998
3.079999
3.079999
3.060002
3.079999
3.059998
3.059998
3.100000
3.060002
3.079999
3.059998
3.059998
3.079999
3.059998
3.079999
3.060002
3.079999
3.080003
3.100000
3.059998
3.079999
3.079999
3.059998
3.060002
3.079999
3.059998
3.080003
3.060002
3.059998
3.099997
3.060002
3.079999
3.100000
3.079999
3.059998
3.079999
3.079999
3.100000
3.059998
3.060002
3.080003
3.059998
3.079999
3.079999
3.059998
3.040001
3.059998
3.079999
3.059998
3.079999
3.060002
3.079999
3.080003
3.060002
3.079999
3.079999
3.080003
3.060002
3.060002
3.080003
3.079999
3.079999
3.060002
3.079999
3.079999
3.059998
3.060002
3.079999
3.059998
3.060002
3.059998
3.059998
3.059998
3.079999
3.079999
3.060002
3.079999
3.079999
3.079999
3.100000
3.079999
3.060002
3.080003
3.060002
3.079999
3.100000
3.060002
3.059998
3.079999
3.079999
3.040001
3.059998
3.080003
3.059998
3.079999
3.060002
3.100000
3.060002
3.060002
3.060002
3.079999
3.080003
3.079999
3.079999
3.079999
3.079999
3.059998
3.059998
3.059998
3.060002
3.100000
3.060002
3.079999
3.059998
3.059998
3.080003
3.100000
3.079999
3.079999
3.059998
3.079999
3.060002
3.080003
3.060002
3.060002
3.059998
3.059998
3.059998
3.080003
3.079999
3.059998
3.059998
3.060002
3.059998
3.079999
3.079999
3.079999
3.059998
3.060002
3.080003
3.059998
3.060002
3.060002
3.059998
3.060002
3.059998
3.079999
3.059998
3.059998
3.079999
3.080003
3.060002
3.060002
3.060002
3.079999
3.099997
3.059998
3.060002
3.099997
3.100000
3.079999
3.060002
3.079999
3.059998
3.100000
3.079999
3.039997
3.079999
3.060002
3.059998
3.060002
3.079999
3.059998
3.059998
3.040001
3.079999
3.060002
3.059998
3.079999
3.059998
3.040001
3.079999
3.079999
3.079999
3.060002
3.060002
3.060002
3.059998
3.060002
3.040001
3.059998
3.079999
3.059998
3.080003
3.079999
3.059998
3.059998
3.100000
3.079999
3.079999
3.060002
3.079999
3.079999
3.079999
3.079999
3.060002
3.059998
3.099997
3.079999
3.060002
3.079999
3.060002
3.079999
3.079999
3.079999
3.079999
3.060002
3.059998
3.059998
3.060002
3.040001
3.059998
3.059998
3.040001
3.059998
3.040001
3.060002
3.060002
3.040001
3.040001
3.059998
3.059998
3.079999
3.040001
3.059998
3.059998
3.059998
3.060002
3.079999
3.079999
3.080003
3.059998
3.059998
3.060002
3.079999
3.100000
3.059998
3.059998
3.079999
3.060002
3.079999
3.060002
3.059998
3.079999
3.040001
3.079999
3.079999
3.059998
3.079999
3.079999
3.060002
3.079999
3.059998
3.059998
3.080003
3.060002
3.079999
3.059998
3.079999
3.079999
3.040001
3.079999
3.079999
3.060002
3.040001
3.059998
3.080003
3.079999
3.059998
3.060002
3.079999
3.100000
3.079999
3.059998
3.060002
3.080003
3.039997
3.079999
3.059998
3.079999
3.079999
3.059998
3.079999
3.079999
3.059998
3.079999
3.059998
3.080003
3.079999
3.059998
3.100000
3.079999
3.079999
3.079999
3.079999
3.139999
3.059998
3.079999
3.059998
3.079999
3.040001
3.080003
3.079999
3.059998
3.059998
3.079999
3.079999
3.079999
3.060002
3.079999
3.079999
3.079999
3.059998
3.080003
3.079999
3.060002
3.100000
3.079999
3.079999
3.059998
3.060002
13.120003
3.120001
3.100000
3.060002
3.079999
3.060002
3.060002
3.059998
3.060002
3.060002
3.079999
3.080003
3.060002
3.060002
3.079999
3.079999
3.060002
3.100000
3.059998
3.080003
3.079999
3.079999
3.080003
3.080003
3.060002
3.080003
3.079999
3.080003
3.079999
3.059998
3.060002
3.059998
3.099997
3.080003
3.079999
3.079999
3.079999
3.059998
3.059998
3.079999
3.079999
3.060002
3.059998
3.060002
3.100000
3.060002
3.079999
3.060002
3.080003
3.100000
3.059998
3.079999
3.079999
3.079999
3.080003
3.079999
3.079999
3.079999
3.080003
3.060002
3.079999
3.059998
3.079999
3.059998
3.059998
3.060002
3.079999
3.080003
3.060002
3.080003
3.079999
3.079999
3.060002
3.060002
3.079999
3.039997
3.079999
3.079999
3.079999
3.100000
3.079999
3.079999
3.079999
3.080003
3.079999
3.079999
3.060002
3.079999
3.060002
3.100000
3.079999
3.059998
3.060002
3.059998
3.080003
3.079999
3.079999
3.079999
3.079999
3.059998
3.059998
3.039997
3.079999
3.060002
3.099997
3.060002
3.080003
3.060002
3.060002
3.079999
3.060002
3.079999
3.060002
