261.508001
262.351001
266.596001
258.451000
265.923999
262.323000
262.809999
265.361000
265.324000
265.300000
265.453000
262.584999
261.699000
265.075000
262.790000
263.605000
263.078000
261.265999
264.178999
262.296000
264.227001
268.628001
263.493001
263.851000
262.926999
265.722999
266.411001
266.015001
266.437000
269.379001
263.896000
263.710000
240.160000
238.762001
239.765000
242.706999
245.886000
261.609999
293.945000
375.146002
375.355000
374.025000
380.581001
375.494000
375.947000
378.547000
374.598000
376.712000
265.791999
266.155001
263.083000
260.462001
260.783002
267.554000
265.203999
263.917999
261.600999
264.698999
268.033000
268.993000
261.220001
261.823000
264.359999
261.345001
266.686000
267.308000
260.824000
263.497001
266.470000
260.724999
263.463000
264.155000
264.510000
269.314000
262.033999
262.836000
272.730000
268.555999
261.783000
263.320001
265.869999
264.399000
268.287001
266.218001
265.597001
259.452000
260.892000
263.456000
263.463000
263.344999
259.272000
265.239000
265.376002
261.884000
271.834999
261.475001
263.421001
265.137000
266.037000
266.537001
263.607001
263.689000
262.709999
260.625001
266.292999
262.812000
264.853999
262.524001
259.336000
263.363000
271.047000
261.667000
264.634000
262.865001
263.847999
263.994999
264.163001
263.491999
268.371001
271.798000
262.488000
265.719000
261.136001
264.372000
262.969000
263.177000
268.180000
262.248000
263.346000
264.898000
262.163000
269.779999
266.877001
262.900999
262.845000
261.562999
262.339000
263.061000
267.924000
268.221999
265.641000
265.435999
260.090999
264.972001
272.971001
264.839001
260.584000
262.981001
261.853000
264.628001
263.408000
263.068000
263.428001
260.693999
264.186000
262.367999
263.879001
265.805000
264.693001
267.322000
263.556002
256.705001
260.337001
267.109001
267.898999
263.433000
266.443999
265.950000
262.428001
260.714000
265.215000
261.369001
268.189000
263.964999
268.457999
264.736000
262.294000
263.062999
270.107001
263.340000
264.585000
262.202000
261.327000
283.243999
372.808000
378.387999
374.693001
375.650998
264.146000
262.831001
259.096000
263.904000
262.262002
267.557001
261.829000
262.961000
261.898000
263.745001
263.342999
267.507000
268.887000
268.259000
264.440000
264.684999
265.963001
270.133002
265.227001
262.761999
264.965000
260.808000
261.838999
263.299001
264.341999
266.549001
260.708999
268.290000
263.995999
262.606001
265.870001
267.868999
265.418999
263.115000
260.801001
262.314001
262.619000
262.572000
264.278999
267.109999
261.225000
263.953000
262.983000
261.032000
261.603000
265.199000
264.328001
263.589000
263.171000
261.978000
265.912000
269.425999
265.056999
263.358999
263.631999
262.746999
266.404001
261.869000
260.534002
261.932001
269.207001
268.646000
262.861000
261.809999
266.034000
264.102001
261.769000
266.424000
267.560000
267.921001
261.746000
265.679000
267.246999
266.937001
266.526999
265.662000
265.808001
263.123000
263.039000
264.655000
264.520999
265.520001
264.906999
263.340000
265.379000
267.997999
264.863001
260.312000
261.702999
261.658000
265.638001
264.787000
265.373001
266.197000
260.575000
264.237000
266.187999
257.843999
262.394000
266.259000
257.431999
267.631998
262.117000
258.385001
260.909000
261.285000
266.120000
264.380001
268.652000
265.281999
264.053999
265.381999
261.740001
269.320000
261.888999
262.193000
264.060000
261.809001
267.405000
271.770000
261.694999
264.557000
262.918001
265.582999
260.330001
264.806001
265.842000
263.009001
263.857001
265.825000
267.111000
265.396999
263.857001
265.318999
265.926000
267.220000
262.878001
261.071000
264.589000
259.190001
264.740001
263.659999
264.725000
262.339002
268.478001
264.292000
263.662001
266.271999
264.384000
265.998000
261.496000
265.183000
264.347000
271.664001
263.808999
260.907998
264.937999
261.205001
264.357999
263.645999
264.361000
265.112000
262.428999
267.062999
264.652001
261.345999
263.355000
268.005000
262.917001
264.803000
262.049999
262.476001
261.134000
265.060000
261.377001
264.533000
263.504000
264.559001
267.037001
265.335999
263.791999
260.625001
263.393000
261.668000
262.968998
261.027999
263.404999
272.659000
260.913001
266.357001
266.535001
270.331999
265.817000
261.612000
262.337999
263.897000
267.424000
263.816001
263.309000
262.589000
266.317001
267.740000
262.457000
262.210000
266.795000
262.954000
261.444001
265.679000
272.189999
263.231000
263.271000
259.506000
262.199000
266.555000
237.379000
246.864999
262.071000
246.743999
266.107000
266.663000
261.189001
263.118999
266.373999
261.441000
261.480000
266.418999
265.303001
257.280000
266.145000
261.940001
263.219001
260.723000
262.265000
263.849000
263.597000
264.453001
265.741000
268.952001
271.708999
269.106999
267.016001
264.429001
262.866000
267.859001
268.059000
262.680000
261.880999
244.184999
240.987999
264.803000
264.481001
267.149001
265.929999
263.635999
265.184000
260.168001
264.392000
264.279000
258.004000
260.013001
265.946001
263.693999
273.150001
262.325000
263.579000
262.766000
262.994999
261.940999
267.957000
267.351002
260.867001
261.280000
264.947999
264.552999
264.028000
261.878999
264.948001
261.712000
265.322002
264.283000
267.008999
266.626000
265.156001
265.601000
267.982000
261.682000
260.493001
265.211001
265.348000
289.465999
375.235999
376.366001
377.858000
377.596999
374.493999
373.192001
380.818000
376.802001
373.053001
375.584999
382.120000
375.505000
376.068000
376.411000
374.931000
373.589000
376.169000
375.988001
377.057001
377.110001
376.863999
377.212001
376.940001
376.794001
376.380999
376.757000
377.318999
377.300000
375.027001
381.810000
375.445001
380.309001
262.856999
263.327001
262.297001
265.755000
263.050999
261.739999
263.035001
262.711000
266.468000
260.693001
264.106000
268.909000
262.438001
269.521000
262.878001
262.284001
264.101001
260.178002
266.340001
261.367999
265.739001
262.736998
263.908001
265.905999
262.513001
261.231000
269.166000
264.818000
261.662999
267.851999
261.294000
265.780000
259.013999
265.105000
262.993000
264.349001
263.559001
264.717000
265.377000
261.237999
264.547000
264.880000
265.470000
262.254000
266.770000
260.143999
263.775000
264.806001
264.163001
253.128000
261.488000
263.691001
263.812000
261.697000
261.161000
240.574000
242.701001
238.274001
237.692000
237.491999
239.629000
239.725001
248.647001
246.417999
266.786000
268.719001
260.281000
245.552000
244.157001
261.307999
242.958000
264.635000
273.055000
264.241999
262.251999
236.981001
239.614001
240.441000
264.541000
258.272000
264.247000
292.138999
375.961000
374.862000
376.442000
378.695000
374.984000
380.642001
376.255000
383.331001
375.380000
371.018000
375.906000
380.169999
372.027999
376.486000
380.385000
375.805000
371.572999
374.097001
373.720000
372.506998
376.974000
374.701999
374.526002
375.768000
266.928000
264.234001
261.351001
262.945000
260.591000
265.380999
263.390999
262.401000
266.609000
264.133001
262.567000
264.100000
268.905001
262.412000
259.854998
259.926999
265.000001
265.151000
262.465000
261.022000
265.459001
266.617000
265.311001
269.344000
265.148999
262.475999
263.504999
263.594000
264.526000
261.360999
263.944000
261.567000
261.982000
263.846999
264.761999
265.819000
260.957001
263.834000
266.065001
263.821000
265.621999
266.751999
265.867000
264.927000
260.054000
258.474000
262.304999
266.075000
261.849999
267.137000
260.351000
261.413999
261.893000
262.287999
261.958001
264.471000
266.664999
265.471000
265.151000
263.573000
262.123000
264.409998
262.972999
264.529999
266.185001
262.288000
264.010001
262.891000
266.312001
267.855000
263.573999
263.769999
264.826000
264.220001
256.058000
266.934000
261.808001
264.441000
262.174999
264.271000
263.149999
259.815000
260.780999
241.791999
262.892000
240.197999
242.354000
260.313001
263.118999
264.591001
264.439000
262.559999
265.187001
263.214001
240.633000
238.994999
245.887998
245.146001
245.786000
248.688001
264.687000
264.636999
265.640000
262.537999
270.064998
259.058999
268.939000
264.926000
238.908000
241.869999
262.135001
264.633000
258.727999
263.176000
262.956001
261.537999
272.236001
265.069000
260.381000
264.426000
263.775000
262.276001
256.426001
268.092001
259.111000
265.155001
260.428000
263.770001
257.214000
262.421001
264.831999
253.378000
259.201000
260.630000
256.891999
266.976999
259.190001
263.766000
261.673000
260.865999
266.789000
262.549000
261.588000
259.613000
258.952001
263.861001
262.265000
260.787999
240.078999
245.211000
271.774000
262.734002
267.083999
259.886000
263.711000
242.223999
238.953000
270.725001
268.264001
263.981000
243.230000
267.407000
259.027001
265.475001
264.419001
260.592001
264.584001
263.396000
264.066000
263.129000
356.048001
375.290999
379.047999
375.766000
373.777999
373.066001
380.296001
375.180000
375.066001
374.271000
376.211999
377.160000
375.239000
382.402999
378.025999
261.231000
263.384001
260.840001
266.391002
264.685001
261.865001
261.332000
267.670000
264.477000
263.519999
266.237998
259.985000
264.216000
263.836000
263.999000
261.241999
239.629000
240.146000
263.455000
261.825999
264.951000
263.817001
265.604001
266.132001
261.159001
263.909999
263.109000
267.712001
262.587000
263.245001
268.327000
262.755001
269.494001
266.434999
262.132000
259.457000
240.580998
238.926001
261.960000
266.073000
258.853000
243.712001
251.929000
261.422001
266.499000
262.325000
262.753999
262.339000
265.126001
250.835000
257.180000
265.418001
266.576000
267.669000
263.904000
266.576001
239.223002
246.993000
264.216000
268.531000
263.591999
264.467001
263.412001
263.911000
266.459001
264.830001
248.361999
261.825001
240.028001
246.219000
244.760001
260.919999
263.501000
258.955000
262.435000
264.347000
263.579000
267.510001
263.915999
261.441002
261.835000
264.996000
267.105998
269.110000
261.678999
263.790000
262.571000
264.165999
262.584001
266.595999
261.337001
262.238001
265.831999
261.940999
266.104002
264.383001
264.118001
263.679000
263.036001
265.526000
263.227999
263.858000
263.359001
265.014999
265.490001
266.799001
259.974001
275.510000
263.656000
261.052001
263.319001
265.296999
266.627999
261.252999
241.279000
262.918999
262.882000
262.040000
267.252000
265.945999
262.941999
261.251001
261.407001
263.053000
263.188999
265.062001
263.371000
263.000000
261.278000
265.254000
260.427000
264.984000
263.816001
261.836000
264.442999
270.620000
262.440000
264.509000
262.042999
264.353001
263.545999
273.552001
262.303000
262.289999
266.435999
260.779999
262.525000
264.226001
261.162000
261.135999
260.962000
261.504000
261.717001
261.240000
265.166000
263.996001
262.332000
260.124000
264.365999
264.585000
262.901001
264.958000
270.904999
265.127001
262.447000
266.930001
262.895999
266.113000
264.006000
264.797000
266.534001
259.090999
264.895000
265.182000
266.486000
269.228000
262.457000
264.066000
263.766000
261.421001
264.580000
265.837999
265.691001
262.768000
266.745999
262.783000
263.226999
258.400001
270.050000
265.678000
240.846001
238.430001
238.076000
252.609001
264.551001
259.222001
246.759001
244.396999
261.564000
