78.819999
96.940001
77.860001
77.400001
77.579999
77.360000
77.540000
77.480000
77.500000
77.380001
78.280000
77.480000
77.580000
77.360000
77.580000
77.459999
77.480000
77.400000
77.579999
78.020000
77.599999
79.240000
77.700000
77.360000
83.080000
78.440000
77.380000
79.280000
77.860000
77.420000
77.520000
77.300000
77.500001
77.360000
79.160000
77.640000
77.500000
77.460000
77.380001
77.580000
77.460000
77.560000
77.420000
77.680000
77.500000
77.820000
77.300000
77.500000
77.280000
77.459999
77.360000
77.500001
77.360000
84.820000
77.400000
77.520000
77.360000
77.500000
77.380000
77.600000
77.380000
77.520000
77.360000
77.600000
77.340000
79.380000
77.720000
77.400000
77.460000
77.420000
77.440000
78.140000
77.440000
77.540000
77.380000
77.719999
77.520000
77.560000
77.340000
77.579999
77.320000
77.460000
77.360000
77.620000
77.400000
79.420000
77.680000
77.380000
87.820000
77.480000
77.480000
77.380000
77.560000
77.400001
77.440000
77.380000
77.640000
77.360000
77.520000
77.380000
77.520001
77.360000
77.480000
77.420000
79.059999
77.560000
99.000000
77.560000
77.360000
77.540000
77.420000
77.599999
77.380000
77.540000
77.360000
77.480000
77.400000
77.520001
77.400000
78.760000
77.660000
77.360000
77.500000
77.380000
77.500001
77.360000
77.460000
77.480000
77.540000
77.380000
77.500000
77.340000
77.520000
77.320000
77.500001
77.360000
77.620001
77.360000
77.500000
77.339999
78.900000
77.660000
77.420000
77.660000
77.420000
77.540000
77.459999
77.560000
77.320000
77.560000
77.360000
77.540000
77.440000
77.500000
77.339999
79.040000
77.660000
77.380000
77.540000
83.980000
77.540000
77.340000
77.520000
77.339999
77.459999
77.360000
77.540001
77.340000
77.760001
77.320000
77.480000
77.380001
77.500001
77.360000
77.540000
77.380000
77.480000
77.460000
77.520000
77.500000
77.599999
77.400000
77.620000
77.400000
78.560000
77.459999
77.560000
77.520000
77.300000
77.439999
77.320000
77.520000
77.360000
77.520000
77.380000
77.580000
77.400000
79.179999
77.620000
77.380001
77.599999
77.360000
77.540000
77.400000
77.540000
77.320000
78.300000
77.640000
77.480000
78.680000
77.620000
77.380000
93.340000
77.500001
77.580000
77.580000
77.480000
77.360000
77.560000
77.580000
77.360000
77.440000
77.360000
78.299999
77.380000
77.440000
77.340000
77.500001
77.380001
77.459999
77.340000
77.460000
77.360000
77.579999
77.400000
79.100000
77.640000
77.440000
77.540001
77.340000
77.420000
77.280000
77.500001
77.380001
77.480000
77.360000
77.540000
77.360000
77.640000
77.380001
77.520000
77.360000
77.500000
77.440000
77.400000
77.360000
78.820000
77.760000
77.380001
77.500001
77.380000
77.740000
77.400000
77.599999
77.400000
77.480000
77.439999
77.559999
77.339999
77.480000
77.380000
77.460000
77.320000
79.260000
77.500000
77.380001
77.559999
77.260001
77.540000
77.360000
77.500000
77.400000
77.480000
83.520000
77.560000
77.400000
77.560000
77.340000
77.520000
77.400000
77.480000
77.380001
77.520000
77.360000
78.860000
77.620000
77.380001
77.500000
77.380000
77.540000
77.260000
77.620000
77.340000
77.500001
77.380000
78.060000
77.300000
77.500001
77.380001
77.540000
77.400001
77.559999
77.460000
77.500001
77.360000
79.080000
77.640000
77.320000
77.500000
77.500000
77.540000
77.360000
77.620000
77.360000
77.560000
77.340000
77.559999
77.380000
77.579999
77.339999
77.599999
77.380000
77.560000
77.320000
78.940000
77.680000
113.179999
77.540001
77.380000
77.459999
77.300000
77.780000
77.360000
77.520001
77.360000
78.640000
77.440000
79.080000
77.560000
77.340000
77.520001
77.339999
77.480000
77.360000
77.560000
77.300000
77.520000
77.360000
77.460000
77.500000
77.500000
77.340000
77.580000
77.400000
77.500001
77.340000
77.480000
77.320000
77.680000
77.320000
78.660000
77.680000
77.400001
77.520000
77.360000
77.440000
77.380000
77.540000
77.339999
77.460000
77.340000
77.560000
77.360000
77.580000
77.380000
77.600000
77.420000
77.560000
77.400000
100.720000
77.660000
77.360000
77.460000
77.380001
77.500001
77.280000
78.420000
77.640001
77.400000
78.600000
77.620001
77.400000
77.580000
77.360000
78.760000
77.640000
77.340000
77.520001
77.420000
77.480000
77.339999
77.480000
77.380001
77.580000
77.320000
77.580000
77.439999
77.520000
77.320000
77.579999
77.300000
77.560000
77.460000
78.860000
77.700000
77.400000
77.460000
77.400000
77.480000
77.440000
77.520000
77.340000
77.460000
77.360000
77.440000
77.660000
77.339999
77.560000
77.520001
77.420000
77.560000
77.400001
77.560000
77.340000
77.500000
77.300000
79.100001
77.640000
77.400000
77.500000
77.380000
77.520000
77.400000
77.540000
77.360000
77.540000
77.380000
77.559999
77.380001
77.599999
115.360000
77.600000
77.320000
78.680000
78.659999
77.340000
77.520000
77.380001
77.600000
77.360000
77.540000
77.340000
77.599999
77.320000
77.560000
77.380000
77.480000
77.380000
77.520000
77.360000
79.240000
77.620000
77.360000
77.480000
77.400000
77.500000
77.360000
77.540000
77.420000
77.540000
77.400000
77.480000
77.380000
77.540000
77.339999
77.520000
77.360000
77.540000
77.360000
77.500000
77.340000
79.080001
77.699999
77.400000
77.520000
77.380000
77.500001
77.320000
77.480000
77.360000
77.520001
77.380000
77.579999
95.800000
77.520000
77.360000
77.520000
77.420000
78.920000
77.700000
77.360000
77.500000
77.400000
77.500001
77.360000
77.580000
77.380001
77.620000
77.380000
77.560000
77.360000
77.620000
77.340000
77.480000
77.420000
77.500000
77.360000
77.480000
77.580000
77.580000
77.380000
78.720001
77.560000
77.420000
77.500000
77.360000
77.920000
77.400000
77.480000
77.760000
77.360000
77.640000
77.360000
77.540000
77.360000
77.460000
77.280000
77.579999
77.400000
77.579999
77.360000
77.540000
77.400000
77.640000
77.380000
77.540000
84.420000
77.500001
77.400001
77.540000
77.380000
77.540000
77.360000
78.920000
77.680000
77.300000
77.580000
77.400001
78.740000
77.640000
77.400000
78.740000
77.580000
77.320000
84.700000
81.460000
77.740000
77.420000
77.480000
77.360000
77.660000
77.380000
79.020000
77.599999
77.319999
77.500000
77.360000
77.480000
77.360000
77.559999
77.339999
77.480000
77.300000
77.580000
77.400001
77.500000
77.360000
77.540000
77.400000
77.520000
77.380000
77.600000
77.380001
77.520000
77.339999
77.700000
77.400000
77.480000
77.400000
77.560000
77.520000
77.440000
77.500000
77.320000
77.460000
77.320000
80.540000
77.560000
77.459999
77.380001
77.500001
77.320000
79.380000
77.620001
77.360000
77.500001
77.380001
84.000000
77.440000
77.500000
77.320000
77.560000
77.360000
77.540000
77.400000
77.480000
77.380000
77.520001
77.360000
77.520000
77.340000
77.459999
77.300000
77.560000
77.300000
77.660000
77.360000
77.540000
77.380000
77.560000
77.340000
77.500000
77.340000
77.640000
77.480000
77.320000
77.540000
77.340000
77.900000
77.400000
77.520001
77.380000
77.520000
77.400000
79.200001
77.579999
77.340000
77.480000
77.380000
77.560000
77.380000
77.480000
77.300000
77.600000
77.660000
77.520000
77.400000
77.520000
77.380000
77.520000
77.380001
77.540000
77.380000
78.900000
77.680000
77.339999
77.520000
77.420000
77.520001
77.320000
77.500000
77.360000
77.680000
77.360000
77.500000
77.360000
77.480000
77.360000
89.760000
77.540000
77.480000
77.360000
77.599999
77.339999
77.540000
77.360000
77.600000
77.439999
77.480000
77.320000
77.599999
77.579999
77.400000
77.460000
77.340000
77.540000
77.380000
78.960000
77.660000
77.380000
78.740000
77.640000
77.380001
78.680000
77.560000
77.360000
77.540000
77.340000
77.560000
77.340000
77.480000
77.380000
77.599999
77.339999
77.540000
77.360000
77.520000
77.400001
77.740000
77.360000
77.500001
77.320000
77.520000
77.340000
79.039999
77.719999
77.339999
77.480000
77.300000
77.500001
77.339999
109.440000
77.360000
77.540000
77.380001
77.620001
77.360000
78.799999
77.680000
77.400000
77.579999
77.400000
77.500001
77.380001
77.500001
77.300000
77.500000
77.400000
77.599999
77.420000
77.560000
77.400000
77.579999
77.420000
77.520000
77.340000
77.480000
77.360000
83.360000
77.740000
77.540000
77.360000
77.579999
77.380001
77.580000
77.380000
77.480000
77.500001
77.360000
77.440000
77.280000
77.500001
77.360000
77.500000
77.340000
77.520000
77.400000
77.520001
77.339999
79.299999
77.720000
77.420000
77.480000
77.440000
83.480000
77.420000
77.480000
77.360000
77.480000
77.340000
77.540000
77.420000
77.500000
77.380000
77.500000
77.360000
77.540000
77.380000
77.620000
77.319999
79.500000
77.719999
108.960000
77.560000
77.380001
77.500000
77.440000
77.620001
77.360000
77.440000
77.300000
78.800000
77.620000
77.339999
77.500000
77.320000
77.500000
77.380000
77.500000
77.360000
77.400000
77.300000
77.459999
77.380000
77.520000
77.360000
77.500000
77.360000
77.480000
77.339999
77.520000
77.320000
78.600001
77.679999
77.340000
77.540000
77.380000
77.440000
77.340000
82.740000
77.580000
77.520001
77.380001
77.540000
77.360000
77.520000
77.340000
77.500000
77.320000
77.500000
77.520001
77.520000
77.380000
77.500000
77.340000
88.700000
77.940000
77.340000
77.540000
77.400000
77.520000
77.360000
77.500000
77.300000
77.560000
77.320000
77.520000
77.400000
77.599999
77.360000
77.780000
77.440000
77.580000
77.640000
77.480000
77.540000
77.380001
77.540000
77.400000
77.480000
77.380000
77.480000
81.460000
77.540000
77.380000
79.320000
77.680000
77.480000
77.520000
77.360000
77.520000
77.320000
77.560000
77.380001
77.500000
77.360000
77.599999
77.339999
77.540001
77.339999
77.500001
77.360000
77.500000
77.440000
77.559999
77.400000
77.420000
77.339999
84.440000
77.560000
77.340000
77.520001
77.300000
77.500000
77.360000
77.500000
77.400001
77.500000
77.420000
77.540000
77.380001
77.500000
77.360000
77.920000
77.340000
77.480000
77.420000
77.600000
77.339999
77.620000
77.360000
77.520000
77.360000
77.540000
77.360000
77.520000
77.380001
77.580000
77.459999
77.360000
77.460000
77.360000
77.580000
77.360000
77.480000
77.360000
79.360000
77.640000
77.500000
77.520000
77.360000
77.520000
77.340000
77.540000
77.420000
77.440000
77.300000
77.560000
77.380000
77.520000
77.320000
77.500000
77.380001
77.480000
78.220000
77.700000
77.339999
77.500000
77.319999
77.460000
