3.204000
2.960999
2.826001
2.770999
2.699000
2.689000
2.683000
2.684000
2.683000
2.685000
2.683000
2.685000
2.682000
2.677000
2.676001
2.677999
2.677000
2.680000
2.676000
2.678000
2.676000
2.680000
2.676001
2.714000
2.677000
2.677000
2.677000
2.677999
2.677000
2.675001
2.677000
2.675000
2.675001
2.684000
2.677000
2.675000
2.677000
2.676000
2.678000
2.678000
2.677000
2.676000
2.677000
2.675001
2.677000
2.675001
2.676000
2.677000
2.677000
2.684001
2.677000
2.682000
2.677000
2.678000
2.677000
2.681000
2.700000
2.676000
2.677000
2.672999
2.676000
2.676000
2.677000
2.677000
2.677000
2.676000
2.676001
2.676000
2.677000
2.676000
2.676999
2.675001
2.676000
2.680000
2.677000
2.678000
2.673000
2.675001
2.719000
2.684000
2.675000
2.678000
2.676000
2.675000
2.675000
2.684000
2.675001
2.677999
2.674000
2.676000
2.673000
2.681999
2.677000
2.676000
2.673999
2.681000
2.676000
2.677000
2.680000
2.677999
2.677000
2.675001
2.677000
2.677999
2.677000
2.677000
2.676000
2.677999
2.677000
2.676000
2.677000
2.684000
2.677000
2.684001
2.676999
2.680000
2.677000
2.683001
2.676001
2.684999
2.677000
2.684000
2.677000
2.677000
2.677000
2.682000
2.677000
2.682000
2.676001
2.681999
2.677000
2.683001
2.672000
2.681000
2.676999
2.677000
2.676999
2.682000
2.676000
2.679000
2.677000
2.679001
2.676000
2.683000
2.676001
2.683001
2.677000
2.685000
2.676000
2.680000
2.676000
2.677000
2.677000
2.682000
2.672000
2.684000
2.676000
2.683000
2.712999
2.680000
2.678000
2.678000
2.676000
2.685000
2.677000
2.676000
2.676999
2.685000
2.677000
2.684000
2.677000
2.684999
2.676001
2.684000
2.676001
2.682000
2.674000
2.684000
2.676001
2.675000
2.675001
2.682000
2.676000
2.679000
2.674000
2.679000
2.676001
2.675000
2.676001
2.675001
2.676000
2.675000
2.677999
2.682000
2.676000
2.677000
2.677000
2.676000
2.675000
2.677000
2.675000
2.681000
2.679000
2.677000
2.677000
2.676000
2.676000
2.681999
2.677000
2.684000
2.673999
2.684000
2.676001
2.677000
2.677000
2.684000
2.674000
2.684000
2.677000
2.675000
2.672999
2.681999
2.676001
2.682000
2.677000
2.681999
2.677000
2.681000
2.677000
2.679001
2.677000
2.679001
2.675000
2.682000
2.678000
2.681000
2.677000
2.678000
2.676000
2.675001
2.677000
2.675001
2.676000
2.674000
2.677000
2.675000
2.676000
2.682000
2.677000
2.677999
2.676000
2.680000
2.676001
2.678000
2.676000
2.675000
2.676000
2.682000
2.676000
2.677000
2.677000
2.681999
2.676000
2.677000
2.672000
2.675001
2.677000
2.676000
2.676000
2.683000
2.677000
2.673999
2.677000
2.676000
2.676000
2.676001
2.677000
2.676000
2.677000
2.675000
2.676000
2.676000
2.676000
2.677000
2.677000
2.681000
2.676000
2.678000
2.676001
2.680000
2.676000
2.680000
2.677000
2.682000
2.679000
2.675000
2.676000
2.675001
2.676999
2.683000
2.677000
2.679000
2.676000
2.675000
2.676000
2.676000
2.672000
2.675000
2.676000
2.675000
2.672000
2.682000
2.672000
2.685000
2.676000
2.677999
2.677000
2.680000
2.676000
2.678000
2.677000
2.680000
2.676001
2.677999
2.679000
2.685000
2.673999
2.684999
2.676000
2.683000
2.675001
2.681999
2.677000
2.679001
2.677000
2.679000
2.677999
2.685000
2.677000
2.679000
2.677000
2.675001
2.676000
2.676000
2.676001
2.683000
2.676000
2.684000
2.676000
2.681000
2.677000
2.683000
2.690000
2.657000
2.650000
2.641000
2.644001
2.641999
2.650000
2.649000
2.643000
2.641000
2.641000
2.642999
2.648000
2.642000
2.649000
2.643000
2.642999
2.642000
2.645000
2.640000
2.649000
2.638999
2.645000
2.647000
2.641000
2.642000
2.641999
2.646999
2.650000
2.648000
2.649000
2.642000
2.645000
2.659000
2.664000
2.641999
2.644001
2.642000
2.643000
2.648000
2.645001
2.649000
2.644000
2.641000
2.642999
2.644000
2.646000
2.658000
2.651000
2.640001
2.654000
2.640000
2.652001
2.643000
2.644000
2.647000
2.644000
2.645000
2.644000
2.644000
2.653000
2.651000
2.642000
2.644001
2.645000
2.641999
2.644000
2.641000
2.644001
2.643000
2.649000
2.645000
2.644000
2.648001
2.645000
2.641000
2.644001
2.648000
2.649000
2.641999
2.651000
2.647000
2.650999
2.641000
2.650999
2.647000
2.645000
2.640000
2.650999
2.653000
2.650000
2.642000
2.649001
2.641000
2.642999
2.642000
2.642999
2.641000
2.642999
2.652000
2.644000
2.646000
2.646999
2.643000
2.645000
2.645000
2.650000
2.640001
2.645000
2.642000
2.645000
2.639000
2.645000
2.644000
2.644001
2.644000
2.653999
2.641000
2.654000
2.641000
2.650999
2.650000
2.649000
2.647000
2.649000
2.651000
2.649000
2.650000
2.651000
2.648000
2.642000
2.641000
2.644000
2.640001
2.645000
2.640001
2.650000
2.639000
2.646000
2.643000
2.645000
2.641000
2.665000
2.650000
2.644000
2.648001
2.642000
2.646000
2.643000
2.640001
2.644000
2.645000
2.647000
2.641001
2.648000
2.641000
2.646000
2.641000
2.645999
2.642000
2.642000
2.641000
2.653000
2.640000
2.649000
2.652001
2.644000
2.640001
2.644001
2.647000
2.647000
2.642000
2.646000
2.642000
2.643000
2.650000
2.649000
2.647000
2.645000
2.643000
2.644000
2.641000
2.649000
2.644000
2.642999
2.648000
2.652001
2.645000
2.645000
2.642000
2.642999
2.650000
2.649001
2.644001
2.644000
2.641000
2.651000
2.638999
2.647000
2.641000
2.644000
2.642000
2.643000
2.641000
2.644000
2.646999
2.644001
2.642000
2.646000
2.648001
2.644001
2.639000
2.650000
2.641000
2.646000
2.643000
2.648000
2.645000
2.647000
2.641999
2.644001
2.650000
2.648000
2.646999
2.643000
2.646999
2.649999
2.653000
2.642000
2.641000
2.650999
2.639000
2.644000
2.641000
2.648001
2.641000
2.645000
2.641000
2.642000
2.648001
2.650000
2.643000
2.647000
2.639000
2.645000
2.644000
2.650000
2.641000
2.652000
2.653000
2.643000
2.641000
2.643000
2.648001
2.651000
2.641000
2.644000
2.641000
2.650999
2.641000
2.645000
2.642000
2.644000
2.642000
2.645000
2.649001
2.647000
2.657000
2.653000
2.649000
2.645000
2.642000
2.642999
2.644000
2.646000
2.642000
2.645000
2.641000
2.646000
2.640000
2.650000
2.641001
2.654000
2.642000
2.645999
2.644000
2.649001
2.642000
2.646999
2.670000
2.645000
2.647000
2.646000
2.648000
2.644000
2.641000
2.643000
2.644001
2.644001
2.642000
2.646000
2.664000
2.647000
2.644000
2.645001
2.640001
2.642000
2.641000
2.642000
2.698000
2.642000
2.640000
2.646000
2.641000
2.643000
2.642000
2.644001
2.648000
2.650000
2.646999
2.643000
2.640001
2.646000
2.646000
2.651000
2.650000
2.646000
2.643000
2.649000
2.648001
2.644000
2.641000
2.647000
2.640001
2.646999
2.641000
2.653001
2.645000
2.653000
2.642000
2.648001
2.646999
2.653000
2.646999
2.668000
2.660000
2.645999
2.641000
2.644001
2.653000
2.644000
2.643000
2.649999
2.648001
2.645000
2.650000
2.643000
2.648001
2.646999
2.661000
2.643000
2.658000
2.663000
2.699000
2.645000
2.640000
2.645001
2.645000
2.643000
2.641000
2.644000
2.649000
2.653000
2.648001
2.654999
2.640000
2.652000
2.648001
2.648001
2.649000
2.643000
2.639000
2.669000
2.642000
2.642999
2.644000
2.653001
2.642999
2.643000
2.646000
2.644000
2.645000
2.645000
2.645000
2.643000
2.647000
2.644000
2.647000
2.643000
2.641000
2.644001
2.642000
2.649000
2.642999
2.642999
2.647000
2.649000
2.641000
2.651000
2.639000
2.649001
2.652000
2.650000
2.695000
2.651000
2.647000
2.644000
2.640000
2.642999
2.650000
2.650000
2.641000
2.646000
2.642000
2.642999
2.649999
2.648001
2.642000
2.644001
2.640000
2.649000
2.642000
2.649000
2.642000
2.649001
2.639000
2.641999
2.638999
2.651000
2.646999
2.649000
2.641000
2.652000
2.652001
2.643000
2.641000
2.643000
2.643000
2.653000
2.645000
2.650000
2.651000
2.645000
2.660001
2.653000
2.640001
2.653000
2.647000
2.644000
2.660000
2.644001
2.640001
2.646000
2.643000
2.644000
2.641000
2.644001
2.642000
2.641000
2.641000
2.649999
2.646999
2.643000
2.649000
2.649000
2.640001
2.645000
2.651000
2.652000
2.640000
2.648001
2.641000
2.642999
2.641000
2.650999
2.640000
2.649001
2.641000
2.649000
2.696999
2.650000
2.642000
2.644000
2.645999
2.645000
2.645000
2.642000
2.646000
2.645000
2.642000
2.650999
2.640001
2.648000
2.647000
2.650000
2.646999
2.650000
2.639000
2.650000
2.641000
2.648001
2.642000
2.649000
2.645000
2.648000
2.645000
2.643000
2.645000
2.645000
2.671000
2.644000
2.641000
2.643000
2.643000
2.644000
2.642000
2.652000
2.647000
2.644000
2.661000
2.662000
2.641000
2.643000
2.643000
2.643000
2.641001
2.644001
2.644001
2.650999
2.642999
2.647000
2.641000
2.645000
2.641000
2.644001
2.658000
2.642999
2.642999
2.645000
2.642999
2.663000
2.644000
2.648000
2.648001
2.643000
2.640001
2.644000
2.641000
2.645001
2.641000
2.645000
2.640001
2.645000
2.643000
2.651000
2.641000
2.648000
2.650000
2.665000
2.646999
2.651000
2.639000
2.649000
2.657000
2.642999
2.644001
2.642999
2.641000
2.642999
2.646999
2.643000
2.643000
2.651000
2.647000
2.644001
2.642000
2.648000
2.641000
2.644000
2.641000
2.649000
2.647000
2.654000
2.648000
2.642000
2.642000
2.645000
2.645000
2.645000
2.649000
2.645001
2.660000
2.648000
2.641000
2.645000
2.641000
2.647000
2.640001
2.648000
2.648001
2.646999
2.642999
2.642999
2.648000
2.642999
2.661000
2.643000
2.641999
2.643000
2.641000
2.644000
2.641000
2.649000
2.648001
2.653000
2.649000
2.644000
2.646999
2.644001
2.648001
2.666000
2.640000
2.649000
2.646000
2.652000
2.646000
2.653000
2.641001
2.642999
2.638999
2.650999
2.641000
2.653000
2.648000
2.644000
2.641000
2.645000
2.660000
