438.481000
437.773000
437.887001
438.453000
438.176000
437.745000
436.807999
436.844000
443.153000
439.050000
438.302000
437.315000
437.911000
438.190000
438.286000
437.897000
437.613999
437.663999
438.124999
438.355000
437.374000
437.887000
437.808000
437.793000
437.851001
438.727001
438.809000
439.666000
438.169000
438.119000
437.515000
438.069000
437.459000
437.475000
437.630000
437.458000
437.051999
437.692001
437.914000
437.481000
437.035000
437.237999
437.081000
437.082999
437.171999
502.499000
438.341000
438.899999
438.013000
438.282999
438.037000
438.051000
437.661001
437.747000
437.777000
438.082000
438.908000
438.599000
438.585000
438.483001
437.979000
438.631000
438.119000
438.311000
443.154000
438.271000
438.874000
437.963000
438.633000
438.259000
438.537000
438.349000
437.888999
438.887000
438.454000
438.192001
437.802000
438.765000
437.581001
438.336000
437.825000
437.725000
438.314000
454.058999
438.023000
438.595000
438.719000
438.200000
438.267000
438.624000
438.305001
437.845000
438.370001
438.629000
438.526000
438.623000
438.321999
438.366001
438.452001
438.097000
438.475000
438.205000
455.485000
440.161000
439.317999
438.756000
439.468999
439.210000
438.597000
439.069999
438.557000
437.671000
438.634000
438.827001
438.647999
439.147000
438.844000
438.371000
438.360999
438.714000
445.064001
439.092999
438.612000
438.083000
438.676000
438.473000
439.014000
438.716999
438.738001
438.754000
438.714000
438.239000
438.867000
438.922000
438.030000
438.804000
438.914999
438.944001
438.480999
443.457000
438.499000
438.394000
438.635000
438.809000
438.531999
438.663000
438.463001
437.911000
437.758001
438.309000
438.507000
438.669001
439.062000
438.743000
439.134000
438.485000
438.086000
439.102000
444.151000
437.937000
437.686000
437.938000
438.231000
438.369000
437.764000
438.514000
438.596000
438.115001
437.679000
438.509000
438.263000
438.029000
438.486001
438.537000
438.167000
438.378000
438.161001
443.881000
438.057000
438.152000
438.203000
438.762000
437.570000
438.057000
437.965000
437.298999
438.371000
438.208000
438.107000
438.189000
438.221000
438.657001
438.169000
438.221000
438.285000
443.926000
438.379001
438.131001
438.617000
439.076001
438.194999
438.185000
438.199000
438.313000
438.206000
438.441000
438.556000
438.539000
438.245000
438.685000
438.306000
438.356000
438.402999
437.985000
443.557000
439.027000
438.734001
437.713000
437.618000
438.093000
438.480000
438.185000
438.329000
437.457000
438.593000
437.446000
437.650000
438.613000
437.984000
437.815000
437.879000
437.501000
437.634000
438.735000
438.530000
438.170000
438.171000
438.567000
438.059000
438.892000
438.474000
438.415000
438.386001
438.488999
438.994000
438.210000
439.069999
438.111999
438.604000
438.415000
437.586000
443.655000
438.576000
439.394000
438.381000
438.351000
438.127000
438.191000
438.760000
439.525001
438.038000
438.461999
438.258000
438.742000
438.528000
438.193999
438.414000
438.545000
438.516000
437.738000
455.396000
438.719001
438.377000
438.667000
437.980999
438.712000
438.528000
438.264000
438.817999
438.618001
438.330000
438.571000
438.467000
438.523999
438.390000
438.227000
438.087000
438.645001
438.101000
463.069000
438.575000
438.777000
438.495000
438.712000
438.890000
438.470000
438.120000
438.716000
438.717000
438.913000
438.639999
438.192000
439.409000
438.926000
437.849000
438.868000
438.500999
443.984000
437.349000
437.376999
437.420000
436.733000
437.487000
437.511000
438.096000
437.302000
436.702999
437.570999
437.238000
436.933000
437.062000
437.871999
437.613000
437.392000
436.487000
437.839000
443.206000
438.721000
438.814000
439.040000
438.809000
438.583001
438.704000
438.368000
438.667000
438.366000
439.229000
438.980999
438.283000
438.180000
438.495000
437.761000
437.589000
438.079000
437.841000
454.453000
437.365999
437.068000
436.741000
437.549000
437.280000
437.603000
437.396999
437.437001
437.011999
437.039000
437.599001
437.352000
437.118000
436.979000
437.389000
436.880000
436.652000
436.927000
445.307000
441.113000
439.506999
439.810000
439.010000
439.064000
438.801001
439.197000
439.242000
438.861000
439.233000
438.486001
438.831000
438.624999
438.723001
438.905000
438.737000
438.892000
448.035000
438.800000
438.717999
438.780000
438.699000
438.743000
438.329000
439.110000
437.892000
438.252000
438.138000
438.197999
438.306000
438.595000
438.618000
438.433000
438.136999
438.168000
438.514000
445.423000
438.537000
438.843000
438.573000
438.647999
438.579000
438.538000
438.666000
438.233000
438.336000
438.675000
438.469000
438.207000
438.432000
438.693999
438.434999
438.635000
437.962000
444.210000
438.214000
438.728000
437.754001
438.179000
438.632000
438.403000
438.260000
438.603000
438.012999
437.812001
437.987001
438.272000
437.712001
438.333000
437.808000
438.631000
438.365000
438.768000
453.990000
438.284000
438.487000
438.093000
438.468001
438.038000
437.820000
437.571000
437.650000
438.122000
438.515000
438.602000
437.713000
438.523000
438.003000
438.256000
438.463000
438.609000
438.376999
444.060000
438.925000
438.665001
439.018000
438.775000
438.550000
438.234000
438.375999
439.057000
438.825000
438.863999
438.529000
438.349999
438.395000
438.617000
438.995000
438.198000
438.806999
444.295000
438.783000
438.855000
438.158000
438.507000
437.987000
438.169001
438.203000
438.307000
438.177000
437.713000
438.701999
439.233000
438.592000
438.302000
438.676000
438.547000
437.946999
438.502000
453.102000
439.230000
438.885001
438.003000
438.794999
438.671000
438.494000
439.266000
438.755000
438.234000
438.542000
438.701999
438.848000
438.675000
438.220000
438.531000
438.856000
439.300000
439.033001
439.109000
438.359001
438.823000
438.928000
438.781000
438.891000
438.778000
439.258000
438.933999
439.424001
439.067001
439.377001
438.790000
439.030999
438.558999
439.071001
439.057000
439.177000
444.457000
438.048000
438.242001
438.003999
438.074999
438.264000
438.173001
438.806999
437.783000
438.256000
437.564000
438.004000
438.280000
437.682000
438.646999
438.087000
438.697000
438.580001
438.047000
443.323000
439.268000
438.286000
438.559000
438.685001
438.082000
439.257000
438.744000
439.030000
439.047000
438.767000
438.786000
438.609000
438.731000
438.572000
438.842000
438.326000
438.449999
438.764000
456.344000
438.506000
438.918000
438.611000
438.891000
437.863000
438.573000
438.490000
438.347001
438.531000
437.715000
437.853999
438.058999
438.852000
437.717999
438.458000
438.173000
438.091000
437.778000
438.198000
437.783999
438.401000
437.879000
437.208001
437.352999
437.573000
437.687000
437.438000
437.410000
437.269000
437.225000
437.336000
437.671000
437.062999
437.971000
437.988000
437.289000
443.837000
438.650000
438.891999
437.918999
438.780000
438.525000
438.353000
438.746001
438.559000
438.733000
438.688000
438.995000
439.406000
438.279000
438.516000
438.508000
438.386000
439.470001
438.668000
443.618000
438.538000
438.270000
438.402000
437.988000
438.148000
438.762000
437.859001
438.541001
437.998000
438.225999
438.521000
438.122001
438.172000
438.299000
438.647000
438.739999
437.890000
438.181000
454.423000
438.087001
437.827000
438.082000
438.417000
437.729999
438.303000
438.069000
438.155000
438.063000
438.047000
438.429999
438.145000
438.145000
438.201999
438.120000
437.878001
438.540000
437.704000
463.688000
437.315000
437.118000
436.597000
437.000000
437.147001
437.168000
437.196000
437.395000
437.757000
437.131001
437.521000
437.070000
436.767000
436.578999
436.316000
436.833000
437.054000
442.800000
437.477000
437.022000
436.998000
437.047999
436.176000
436.627001
437.265000
437.079000
437.306000
437.517000
436.539001
436.391001
436.750000
436.453000
436.613999
436.745000
436.492000
436.625000
443.074000
438.584001
438.590000
437.676000
437.673001
438.526000
438.029001
438.003000
437.998000
438.774000
437.720000
438.186000
437.675000
438.381000
437.594000
437.768999
438.175000
438.318999
438.338000
453.734000
437.113000
436.525000
437.460000
436.724000
436.616000
436.876000
437.407000
437.062000
437.134000
436.937000
437.745000
437.068000
437.171999
436.782001
437.112000
436.660000
436.438000
436.473000
444.327000
440.826000
440.556999
440.391000
438.569000
439.161000
439.437000
438.978001
439.414999
438.564000
439.045000
438.562000
438.041001
438.540000
438.576000
438.873000
438.368000
437.710000
451.572000
438.043000
437.769000
437.694000
438.138001
437.874000
437.951000
437.398001
437.715000
437.770001
438.095001
438.001000
437.931000
438.352000
437.085000
438.189000
438.109000
437.311999
436.733000
451.990000
438.352999
437.737000
438.342000
438.159999
438.348001
437.334999
438.240999
438.966000
438.317000
437.787000
436.973000
436.914001
436.921000
438.934000
438.279000
438.455000
437.022000
437.914000
444.018000
438.303000
437.599001
438.695000
438.256000
438.205999
437.469000
438.352999
438.563000
438.869000
437.963000
436.982000
438.157001
438.127000
438.535000
437.440000
438.572001
438.287000
444.035000
439.233000
438.636000
438.800000
438.483000
439.263000
439.205000
438.874000
438.676000
438.643999
438.627000
439.277001
438.444000
438.614001
438.794999
439.126001
438.445000
438.995000
438.883000
443.939000
438.719001
438.459000
437.100001
438.790000
438.371001
438.464999
436.730000
438.476000
438.308001
438.217000
437.863001
437.154001
438.784000
437.885000
437.896000
438.672000
438.194000
436.903000
442.354000
438.920000
438.916000
438.280000
438.933000
438.203000
438.951000
439.080000
438.579001
438.627000
438.661001
438.418000
438.873000
438.215000
438.683000
439.028000
438.855000
437.974000
438.942000
458.331000
438.533000
437.885000
437.227000
437.690999
438.494000
437.522001
436.907001
438.031000
437.772000
437.991000
438.164000
437.465000
438.126000
437.965000
438.509000
437.070999
438.168000
449.540000
439.293000
439.077000
438.792001
438.030000
437.755000
438.753000
439.100000
438.546999
438.283000
438.658000
438.184000
438.997000
438.588000
439.434000
438.732000
438.319000
438.059000
438.396000
446.065000
438.720000
438.442999
436.651999
438.279000
437.848001
437.635000
437.307000
437.603000
438.047000
437.615000
437.567000
437.500000
437.729000
437.377000
437.150001
437.480000
437.665001
437.878000
442.836000
437.163000
437.860000
437.523000
438.037000
436.733000
437.670000
438.151000
437.983000
436.910000
437.584000
437.907000
437.671999
437.588000
437.473999
437.369000
437.387000
437.618000
437.529000
453.776000
438.462000
438.050000
437.185001
439.015000
437.896000
438.667000
437.051000
438.709000
438.429000
438.639999
437.613000
437.425001
438.376999
438.465000
438.174000
436.691000
437.191000
438.169000
438.846000
438.531000
438.385000
438.392000
437.382000
438.211001
437.689000
437.905000
437.359001
438.030000
438.246000
437.949000
436.570000
438.069000
437.604000
438.499000
437.314000
438.029000
444.096000
438.560000
438.267999
436.461000
437.430000
438.180001
438.581000
437.808000
438.100000
438.254000
438.419000
437.162001
438.333000
438.247999
438.595000
436.937000
437.722000
437.712001
438.554000
