1866.320000
1858.740000
1876.396000
1893.166000
1862.045000
1865.247000
1864.359000
1865.826000
1866.239000
1866.442000
1863.963000
1862.330000
1861.559000
1862.240000
1864.100000
1877.500000
1872.737000
1862.160000
1863.635000
1863.759000
1859.573000
1863.182000
1868.065000
1861.015000
1860.625000
1864.982000
1862.356000
1861.980000
1871.018000
1872.178000
1864.635000
1865.798000
1864.580000
1866.424000
1862.175000
1872.501000
1865.694000
1863.606000
1859.736000
1864.299000
1863.395000
1874.917000
1869.850000
1856.442000
1863.578000
1865.461000
1860.765000
1861.654000
1864.095000
1865.438000
1860.781000
1862.413000
1860.147000
1864.868000
1871.860000
1870.300000
1864.315000
1862.611000
1861.915000
1861.636000
1867.020000
1869.257000
1860.330000
1864.465000
1860.070000
1865.195000
1861.837000
1867.760000
1859.205000
1858.835000
1866.461000
1860.234000
1858.888000
1861.815000
1865.163000
1862.180000
1864.234000
1868.597000
1866.625000
1862.406000
1869.824000
1864.903000
1862.286000
1865.114000
1865.718000
1867.154000
1862.338000
1871.359000
1862.461000
1862.507000
1857.908000
1866.168000
1866.058000
1869.752000
1863.798000
1861.365000
1865.869000
1862.306000
1859.114000
1862.641000
1872.918000
1861.569000
1857.646000
1866.347000
1866.662000
1862.952000
1866.388000
1862.907000
1868.046000
1865.205000
1863.476000
1862.875000
1862.228000
1867.042000
1861.175000
1865.892000
1858.841000
1862.228000
1859.567000
1869.178000
1867.777000
1864.667000
1861.353000
1863.977000
1864.421000
1863.742000
1869.887000
1867.299000
1859.873000
1864.960000
1863.459000
1865.495000
1872.176000
1865.589000
1864.109000
1861.125000
1861.738000
1860.049000
1861.732000
1869.491000
1860.169000
1861.581000
1865.754000
1863.261000
1865.634000
1872.777000
1860.546000
1863.679000
1861.916000
1868.083000
1864.485000
1859.004000
1869.327000
1864.199000
1862.983000
1862.085000
1861.494000
1859.700000
1869.473000
1862.756000
1859.115000
1856.020000
1858.872000
1864.145000
1863.454000
1868.195000
1865.454000
1865.800000
1857.093000
1866.768000
1867.083000
1866.900000
1864.940000
1867.112000
1862.225000
1866.402000
1868.687000
1863.533000
1871.309000
1862.505000
1862.460000
1860.278000
1859.997000
1864.608000
1871.750000
1861.823000
1867.655000
1861.660000
1865.514000
1870.413000
1863.657000
1870.158000
1864.060000
1866.708000
1864.122000
1859.373000
1863.382000
1869.046000
1862.528000
1861.750000
1865.682000
1867.112000
1866.065000
1860.730000
1873.497000
1866.817000
1859.608000
1865.862000
1862.721000
1866.747000
1876.543000
1863.042000
1864.268000
1861.136000
1860.410000
1863.508000
1848.410000
1866.462000
1865.160000
1866.885000
1863.416000
1862.174000
1866.704000
1866.090000
1863.118000
1867.786000
1860.674000
1862.957000
1867.748000
1847.959000
1868.071000
1861.926000
1860.550000
1862.772000
1861.988000
1865.013000
1872.567000
1866.411000
1866.890000
1863.368000
1863.595000
1861.310000
1843.708000
1877.140000
1864.176000
1860.071000
1862.295000
1867.166000
1862.940000
1870.705000
1861.406000
1862.320000
1862.412000
1863.145000
1866.551000
1849.217000
1873.520000
1864.585000
1864.957000
1867.629000
1862.839000
1858.758000
1872.804000
1862.291000
1868.215000
1865.632000
1867.316000
1864.781000
1849.193000
1871.506000
1865.690000
1864.562000
1868.408000
1866.032000
1864.638000
1870.524000
1856.918000
1866.731000
1862.766000
1866.327000
1864.513000
1849.986000
1876.750000
1861.088000
1859.386000
1862.512000
1861.596000
1862.192000
1865.445000
1861.181000
1863.325000
1865.705000
1866.728000
1867.162000
1850.088000
1868.475000
1868.023000
1859.098000
1860.019000
1866.017000
1864.681000
1870.889000
1865.540000
1863.469000
1860.951000
1863.613000
1864.254000
1862.695000
1871.007000
1863.122000
1864.953000
1865.159000
1867.270000
1860.678000
1871.708000
1859.380000
1865.963000
1865.132000
1862.729000
1863.034000
1871.261000
1864.893000
1861.345000
1864.497000
1858.380000
1864.915000
1861.960000
1868.127000
1862.973000
1861.437000
1860.119000
1862.539000
1865.711000
1867.407000
1870.568000
1865.965000
1860.667000
1865.834000
1867.025000
1859.323000
1865.639000
1859.547000
1861.730000
1863.737000
1865.043000
1865.190000
1866.656000
1869.418000
1865.831000
1868.459000
1863.415000
1866.694000
1865.308000
1870.989000
1866.228000
1862.996000
1862.986000
1861.934000
1868.793000
1871.551000
1868.736000
1862.540000
1863.727000
1862.953000
1867.092000
1864.208000
1867.754000
1862.396000
1861.934000
1866.485000
1863.041000
1857.559000
1868.059000
1875.159000
1861.293000
1861.597000
1865.015000
1864.510000
1864.470000
1867.240000
1860.946000
1861.110000
1861.040000
1861.518000
1862.182000
1870.924000
1869.239000
1861.391000
1864.408000
1870.287000
1865.388000
1861.384000
1873.786000
1861.480000
1860.113000
1867.777000
1862.196000
1864.039000
1869.450000
1875.254000
1865.553000
1862.765000
1862.571000
1864.217000
1858.948000
1867.430000
1864.685000
1862.035000
1861.442000
1864.749000
1863.106000
1869.032000
1870.378000
1861.414000
1866.552000
1861.807000
1863.154000
1858.170000
1869.458000
1866.148000
1866.520000
1858.220000
1864.597000
1867.955000
1871.325000
1870.858000
1866.892000
1861.896000
1861.393000
1864.837000
1860.230000
1865.267000
1860.145000
1863.024000
1864.730000
1864.198000
1862.685000
1871.583000
1871.228000
1864.455000
1862.425000
1866.830000
1868.685000
1869.609000
1864.113000
1867.973000
1865.614000
1864.603000
1866.783000
1860.809000
1867.678000
1872.269000
1865.768000
1862.150000
1864.443000
1864.348000
1861.645000
1871.483000
1864.839000
1863.688000
1865.401000
1864.504000
1861.702000
1869.651000
1867.009000
1863.815000
1867.745000
1863.804000
1861.501000
1862.275000
1873.719000
1864.826000
1866.628000
1867.182000
1865.136000
1861.686000
1868.341000
1871.230000
1858.435000
1866.821000
1866.696000
1868.258000
1865.606000
1870.485000
1863.597000
1862.597000
1863.822000
1866.539000
1867.913000
1870.989000
1868.941000
1862.742000
1864.326000
1863.130000
1865.791000
1864.962000
1873.290000
1864.897000
1859.527000
1862.697000
1865.960000
1864.962000
1868.384000
1870.723000
1862.441000
1859.351000
1861.419000
1860.808000
1866.546000
1875.452000
1870.483000
1862.507000
1865.023000
1861.202000
1865.934000
1871.298000
1870.596000
1864.906000
1861.449000
1864.117000
1863.055000
1865.050000
1871.209000
1858.453000
1866.070000
1864.647000
1862.238000
1864.725000
1872.435000
1874.768000
1861.122000
1864.710000
1865.543000
1864.623000
1868.234000
1872.480000
1865.655000
1863.251000
1864.627000
1866.917000
1862.375000
1870.005000
1871.985000
1865.285000
1865.950000
1863.894000
1868.945000
1862.547000
1873.089000
1864.817000
1866.100000
1862.606000
1866.435000
1862.379000
1871.769000
1870.266000
1864.599000
1858.930000
1865.141000
1864.080000
1859.911000
1874.522000
1861.336000
1861.284000
1866.470000
1863.325000
1865.350000
1872.000000
1868.058000
1857.758000
1861.668000
1866.901000
1862.406000
1858.150000
1870.866000
1868.485000
1867.789000
1863.644000
1860.398000
1864.420000
1868.510000
1870.822000
1868.512000
1862.351000
1868.063000
1868.262000
1863.783000
1870.129000
1867.817000
1867.111000
1863.503000
1864.183000
1866.457000
1875.080000
1870.326000
1865.598000
1864.113000
1866.697000
1867.179000
1866.411000
1869.179000
1861.218000
1860.575000
1862.462000
1860.905000
1867.455000
1872.268000
1874.396000
1864.276000
1862.706000
1866.783000
1864.485000
1860.865000
1875.211000
1862.132000
1862.786000
1865.265000
1858.451000
1865.482000
1868.581000
1864.630000
1862.058000
1863.711000
1865.119000
1860.218000
1865.390000
1870.426000
1864.453000
1865.481000
1864.001000
1861.522000
1861.678000
1867.070000
1866.663000
1864.180000
1865.330000
1867.433000
1866.906000
1862.827000
1872.135000
1864.817000
1860.510000
1863.243000
1867.389000
1860.055000
1867.988000
1862.822000
1861.210000
1865.470000
1865.532000
1864.630000
1863.790000
1865.894000
1861.968000
1864.174000
1864.509000
1865.272000
1859.615000
1862.850000
1867.307000
1861.267000
1865.433000
1867.563000
1864.433000
1861.714000
1870.040000
1865.300000
1860.742000
1864.983000
1865.047000
1866.959000
1869.383000
1863.357000
1865.997000
1865.358000
1865.009000
1860.872000
1847.670000
1867.063000
1861.497000
1856.457000
1863.288000
1860.748000
1865.432000
1870.644000
1860.468000
1862.183000
1865.992000
1860.524000
1864.737000
1847.670000
1871.693000
1859.545000
1860.161000
1862.167000
1865.045000
1860.914000
1871.497000
1867.128000
1868.003000
1864.060000
1863.663000
1864.092000
1847.256000
1874.791000
1863.556000
1863.793000
1862.850000
1862.730000
1868.222000
1868.560000
1861.275000
1862.029000
1863.492000
1863.957000
1862.748000
1868.679000
1868.683000
1867.189000
1862.293000
1864.681000
1866.115000
1862.021000
1878.543000
1863.772000
1864.030000
1862.185000
1864.055000
1861.103000
1871.671000
1867.534000
1866.624000
1864.647000
1864.647000
1862.567000
1861.103000
1867.570000
1863.798000
1865.530000
1861.144000
1864.403000
1866.472000
1867.767000
1867.377000
1867.213000
1864.352000
1863.533000
1867.639000
1862.754000
1872.660000
1862.472000
1867.012000
1864.862000
1864.231000
1867.279000
1871.265000
1871.652000
1863.684000
1857.792000
1863.884000
1862.123000
1863.139000
1867.673000
1860.420000
1868.445000
1862.225000
1865.796000
1864.558000
1870.629000
1874.285000
1864.109000
1862.437000
1863.701000
1861.777000
1865.908000
1874.376000
1865.344000
1866.615000
1864.828000
1862.470000
1863.408000
1868.627000
1864.136000
1867.551000
1862.614000
1865.240000
1862.934000
1864.411000
1873.806000
1864.592000
1862.547000
1865.557000
1863.920000
1864.615000
1869.718000
1868.647000
1862.618000
1863.356000
1861.278000
1864.239000
1863.552000
1872.250000
1866.530000
1861.520000
1858.664000
1861.001000
1862.427000
1868.578000
1861.835000
1865.985000
1860.586000
1866.865000
1858.523000
1857.295000
1873.110000
1864.668000
1859.648000
1862.215000
1862.223000
1860.963000
1873.478000
1859.135000
1868.509000
1863.310000
1862.018000
1867.444000
1860.594000
1869.476000
1870.724000
1865.295000
1864.363000
1860.371000
1864.400000
1869.107000
1864.636000
1862.935000
1862.263000
1861.113000
1863.773000
1846.566000
1870.814000
1864.135000
1864.730000
1861.757000
1864.658000
1864.222000
1870.871000
1861.776000
1860.783000
1862.510000
1862.128000
1862.854000
1850.133000
1872.540000
1862.530000
1857.761000
1861.787000
1865.109000
1862.311000
1867.015000
1864.166000
1862.679000
1858.619000
1861.868000
1865.528000
1849.945000
1868.474000
1864.156000
1864.962000
1863.302000
1862.545000
1864.414000
1868.226000
1861.098000
1858.460000
1858.127000
1864.312000
1863.279000
1874.023000
1869.000000
1864.316000
1864.526000
1867.237000
1862.460000
1861.341000
1870.913000
1864.618000
1861.275000
1865.344000
1863.481000
1863.804000
1868.136000
1865.011000
1864.176000
1862.042000
1858.927000
1862.624000
1861.218000
1871.941000
1865.269000
1864.433000
1865.847000
1865.876000
1861.176000
1871.701000
1870.083000
1865.217000
1863.276000
1859.955000
1863.322000
1861.235000
1871.617000
1865.726000
1860.150000
1861.301000
1865.548000
1860.651000
1868.645000
1862.603000
1862.838000
1868.960000
1865.202000
1860.129000
1866.461000
1870.400000
1865.518000
1858.910000
1861.522000
1866.656000
1868.493000
1868.383000
1865.430000
1866.152000
1865.972000
1862.633000
1861.090000
1866.454000
1869.738000
1857.663000
1861.365000
1866.653000
1867.465000
1867.374000
1872.550000
1863.345000
1866.209000
1862.895000
1866.611000
1863.281000
1867.313000
1869.970000
1869.003000
1868.293000
1863.689000
1861.258000
1859.792000
1869.213000
1862.641000
1866.433000
1861.479000
1867.121000
1863.363000
1852.457000
1869.024000
1861.461000
1861.915000
1861.122000
1860.476000
1865.224000
1870.077000
1868.790000
1870.990000
1862.812000
1862.890000
1861.522000
1863.032000
1871.709000
1861.329000
1867.774000
1864.045000
1858.094000
1860.917000
1868.664000
1861.494000
1859.935000
1859.853000
1866.341000
1861.650000
1849.044000
1868.768000
1862.105000
1865.132000
1859.020000
1866.000000
1865.805000
1868.031000
1863.754000
1862.907000
1859.110000
1866.745000
