242.590000
239.316000
242.370000
242.730000
239.152000
239.151000
242.398000
239.186000
242.333000
239.128000
242.355000
242.580000
242.322000
238.963000
239.076000
239.136000
241.636000
242.378000
242.735000
242.521000
242.562000
239.292000
239.467000
239.109000
239.382000
239.322000
239.394000
239.147000
239.565000
239.507000
239.087000
239.115000
239.072000
239.058000
239.114000
242.691000
239.145000
239.081000
239.357000
239.290000
242.420000
239.152000
239.315000
239.069000
239.314000
239.251000
241.886000
239.153000
241.744000
239.111000
239.499000
242.537000
242.586000
242.518000
239.296000
239.268000
242.361000
242.705000
239.260000
238.924000
239.135000
243.225000
239.132000
239.101000
239.114000
239.113000
239.151000
242.682000
238.994000
239.082000
242.359000
242.347000
277.572000
242.025000
239.252000
239.210000
242.530000
242.640000
239.292000
239.259000
242.364000
239.003000
239.150000
244.323000
239.445000
239.289000
241.841000
239.096000
242.379000
239.067000
239.117000
239.087000
239.165000
239.086000
244.274000
239.218000
242.738000
238.924000
242.582000
242.497000
239.314000
239.054000
241.747000
239.115000
239.310000
238.942000
239.280000
239.293000
239.326000
239.087000
239.122000
239.143000
242.357000
242.768000
239.147000
242.724000
239.233000
239.304000
239.336000
239.118000
239.074000
239.117000
239.095000
239.267000
239.092000
239.093000
239.264000
242.328000
239.125000
239.103000
239.072000
239.066000
241.042000
242.366000
239.151000
242.759000
239.153000
239.170000
242.739000
242.757000
239.156000
242.366000
239.136000
242.352000
239.138000
242.536000
239.143000
242.561000
239.159000
239.317000
242.595000
242.762000
239.368000
242.747000
242.575000
239.303000
242.971000
239.119000
239.140000
239.072000
239.158000
239.079000
239.180000
239.084000
239.333000
239.295000
239.308000
239.241000
239.272000
238.990000
239.368000
242.733000
239.130000
239.251000
242.949000
239.099000
242.132000
242.552000
239.542000
242.725000
239.548000
239.272000
239.303000
239.311000
242.375000
238.999000
239.328000
239.074000
239.203000
242.554000
239.321000
242.373000
242.594000
241.870000
238.930000
239.324000
242.568000
241.852000
239.317000
239.292000
239.082000
239.310000
242.695000
242.363000
242.334000
242.343000
242.366000
239.080000
239.154000
239.246000
242.360000
242.691000
242.561000
239.155000
242.735000
239.465000
239.450000
239.041000
239.126000
241.849000
239.321000
239.104000
239.249000
239.229000
239.318000
247.258000
242.528000
242.307000
239.258000
239.043000
239.118000
242.341000
239.153000
239.071000
239.107000
239.098000
243.734000
239.257000
242.346000
239.249000
239.307000
239.101000
242.398000
239.036000
238.883000
239.110000
242.764000
258.843000
239.262000
239.121000
239.131000
239.100000
242.571000
242.557000
239.152000
239.112000
242.597000
239.115000
244.241000
239.265000
239.262000
239.420000
239.132000
239.261000
239.102000
239.119000
239.097000
239.118000
239.139000
239.342000
239.443000
239.079000
239.143000
239.096000
239.215000
239.149000
239.331000
242.370000
239.169000
239.088000
242.565000
239.485000
239.173000
238.971000
239.347000
239.124000
239.148000
239.172000
239.175000
239.148000
239.121000
242.551000
242.421000
242.307000
239.118000
239.137000
238.960000
239.098000
239.252000
239.111000
239.143000
242.547000
239.445000
239.442000
239.166000
239.098000
239.200000
239.292000
239.513000
239.115000
239.138000
239.089000
239.194000
239.095000
239.164000
239.075000
242.633000
242.369000
242.612000
242.712000
241.750000
239.206000
239.363000
239.225000
241.907000
239.100000
239.151000
239.159000
239.196000
239.111000
239.000000
239.119000
239.479000
239.122000
239.162000
239.347000
239.123000
239.098000
239.528000
242.704000
239.531000
239.152000
239.137000
239.125000
239.133000
242.375000
241.674000
239.112000
239.159000
239.299000
239.333000
242.545000
239.322000
242.540000
239.351000
242.721000
242.794000
239.292000
238.977000
239.087000
239.329000
242.380000
242.760000
239.121000
239.154000
239.458000
239.148000
239.122000
239.065000
239.100000
238.982000
239.441000
239.148000
242.751000
239.335000
239.129000
241.892000
242.712000
239.483000
239.361000
239.379000
242.531000
242.628000
242.526000
242.578000
239.137000
239.195000
238.941000
239.344000
239.131000
242.757000
239.214000
239.141000
239.346000
239.151000
239.147000
239.125000
239.094000
242.579000
239.507000
244.638000
239.116000
239.132000
239.229000
239.107000
239.097000
239.124000
239.080000
239.277000
239.280000
239.304000
246.229000
239.113000
239.048000
239.302000
242.499000
239.329000
242.578000
239.154000
239.089000
239.167000
239.094000
259.585000
239.238000
239.465000
239.080000
239.322000
239.251000
242.542000
242.025000
239.081000
239.073000
242.356000
244.055000
242.702000
239.039000
239.123000
239.068000
239.112000
239.090000
239.493000
239.241000
239.074000
242.699000
242.579000
239.231000
242.348000
239.244000
239.465000
238.967000
242.685000
238.982000
242.791000
242.494000
239.340000
239.130000
239.164000
238.960000
239.311000
239.261000
239.328000
239.272000
239.325000
242.705000
239.152000
239.118000
239.362000
242.514000
239.154000
239.115000
239.197000
239.113000
239.107000
239.103000
239.067000
239.113000
239.143000
239.154000
241.921000
239.150000
239.184000
239.139000
242.446000
239.118000
239.171000
239.134000
242.763000
239.144000
242.561000
239.106000
239.303000
242.718000
242.723000
242.690000
239.562000
239.148000
239.495000
239.100000
239.145000
242.658000
239.130000
242.347000
242.043000
239.104000
238.945000
239.102000
239.156000
239.110000
242.400000
238.843000
239.441000
242.517000
239.315000
242.752000
239.116000
239.320000
242.594000
239.325000
239.317000
242.588000
239.406000
238.945000
239.350000
242.652000
239.138000
242.723000
242.761000
239.142000
239.543000
241.153000
239.347000
239.272000
239.493000
239.117000
239.126000
239.186000
239.164000
239.126000
239.338000
239.314000
239.533000
242.393000
239.532000
239.325000
239.168000
242.732000
241.056000
242.331000
239.167000
239.132000
239.333000
239.083000
239.106000
242.347000
239.278000
238.959000
239.142000
239.143000
239.248000
239.250000
239.126000
239.284000
239.342000
239.313000
241.694000
242.703000
239.050000
239.085000
239.089000
242.328000
242.684000
241.961000
239.248000
239.248000
242.519000
239.264000
242.787000
239.275000
239.278000
241.852000
239.313000
239.326000
239.357000
242.707000
239.302000
239.323000
243.289000
239.233000
242.611000
239.230000
241.681000
239.105000
239.174000
239.140000
239.306000
242.538000
239.330000
257.164000
239.104000
239.442000
239.158000
242.338000
242.052000
239.114000
239.128000
239.128000
239.153000
239.087000
244.574000
239.276000
239.117000
238.946000
242.546000
242.334000
239.130000
239.284000
241.731000
241.842000
239.155000
244.777000
239.068000
239.063000
239.184000
242.043000
239.119000
242.747000
239.340000
239.120000
239.138000
239.100000
243.489000
239.257000
242.543000
239.266000
241.223000
239.239000
239.346000
242.528000
239.307000
242.520000
242.603000
239.301000
239.320000
242.361000
242.565000
239.095000
239.166000
239.287000
239.304000
239.117000
239.494000
242.344000
239.167000
239.146000
239.177000
239.170000
239.176000
239.171000
239.350000
242.525000
239.564000
239.316000
242.600000
242.570000
239.165000
239.126000
239.133000
242.373000
239.297000
239.261000
239.325000
239.105000
242.779000
242.557000
239.357000
239.100000
242.400000
239.136000
242.395000
239.106000
242.588000
239.302000
241.703000
242.564000
239.152000
239.100000
239.345000
239.116000
238.984000
240.976000
242.399000
242.046000
239.134000
242.531000
242.533000
242.547000
242.546000
242.551000
242.579000
239.325000
242.448000
239.277000
239.286000
242.060000
239.157000
242.741000
242.573000
242.736000
239.103000
239.072000
239.119000
242.911000
239.128000
239.149000
239.138000
239.117000
239.226000
239.153000
239.102000
239.147000
239.494000
239.133000
239.176000
239.321000
239.339000
242.570000
242.619000
239.211000
239.173000
239.319000
239.332000
239.270000
239.162000
242.472000
239.162000
239.071000
239.139000
239.128000
239.314000
242.536000
239.121000
242.330000
239.156000
239.131000
239.499000
239.104000
239.154000
239.290000
239.286000
242.722000
239.328000
239.296000
242.558000
238.933000
239.152000
239.101000
239.334000
239.086000
238.985000
242.364000
239.319000
243.643000
242.546000
242.518000
242.379000
239.098000
238.956000
239.139000
242.384000
239.056000
242.613000
239.096000
258.071000
242.714000
238.974000
238.946000
242.403000
239.117000
242.377000
239.121000
239.152000
242.548000
239.190000
243.541000
242.714000
239.092000
239.315000
239.087000
239.097000
239.056000
239.284000
242.724000
239.147000
239.329000
244.580000
239.442000
239.526000
239.234000
242.565000
239.129000
239.150000
239.123000
239.090000
242.367000
242.548000
242.587000
239.355000
239.247000
239.141000
242.517000
239.546000
239.480000
239.542000
239.480000
242.388000
239.476000
242.355000
239.088000
239.115000
242.713000
239.150000
239.139000
239.278000
241.850000
239.122000
238.905000
239.265000
242.341000
239.311000
239.336000
242.638000
242.487000
239.140000
242.741000
238.982000
242.520000
239.005000
239.089000
241.838000
239.053000
241.861000
239.093000
242.575000
239.101000
241.887000
239.126000
242.385000
239.135000
239.321000
242.692000
239.319000
239.086000
239.451000
239.061000
239.155000
239.094000
239.137000
239.108000
239.505000
242.746000
239.351000
239.060000
242.790000
239.374000
239.547000
239.150000
239.381000
239.306000
239.520000
239.319000
242.620000
242.576000
242.580000
239.334000
242.584000
239.126000
241.908000
242.741000
239.228000
239.522000
239.168000
239.148000
239.345000
241.829000
239.302000
242.517000
242.608000
242.683000
241.695000
239.287000
242.576000
242.530000
241.895000
239.171000
239.514000
239.287000
239.318000
239.152000
242.383000
242.034000
238.953000
239.155000
242.793000
239.140000
242.440000
239.275000
239.141000
242.530000
239.281000
241.661000
239.081000
239.115000
239.326000
239.051000
239.320000
239.138000
239.133000
239.070000
239.126000
239.291000
239.113000
239.110000
242.407000
239.081000
239.098000
244.781000
241.208000
239.105000
239.172000
239.487000
239.337000
239.276000
239.324000
239.101000
239.495000
239.101000
244.325000
239.469000
242.403000
239.105000
242.570000
239.075000
241.030000
239.087000
242.595000
242.322000
239.112000
260.312000
242.552000
241.696000
242.070000
242.340000
239.163000
242.700000
239.084000
239.129000
239.509000
239.107000
244.785000
239.298000
239.295000
242.512000
239.297000
239.195000
239.511000
239.454000
242.758000
242.494000
239.289000
245.324000
241.881000
239.266000
242.569000
239.310000
239.174000
239.485000
242.392000
239.129000
242.055000
239.087000
239.160000
242.016000
239.105000
239.074000
239.278000
242.549000
239.046000
239.114000
239.123000
239.023000
239.134000
242.404000
239.184000
239.120000
242.983000
242.367000
242.414000
242.074000
241.933000
242.751000
