10.020000
10.000000
10.020000
10.020000
10.000000
10.000000
10.020000
10.020000
10.020000
10.000000
10.020000
10.020000
10.000000
10.000000
10.020000
10.000000
10.020000
10.020000
10.000000
10.020000
10.000000
10.000000
10.020000
10.020000
10.020000
10.020000
10.000000
10.000000
10.000000
10.020000
10.020000
10.020000
10.020000
10.000000
10.000000
10.020000
10.020000
10.020000
10.020000
10.000000
10.000000
10.020000
10.000000
10.020000
10.020000
9.980000
10.000000
10.000000
10.000000
10.000000
10.000000
10.000000
10.000000
10.020000
10.020000
10.020000
10.020000
10.020000
10.000000
10.000000
9.980000
10.000000
10.000000
10.020000
10.020000
10.020000
10.020000
10.020000
10.020000
10.020000
10.000000
10.020000
10.020000
10.000000
10.000000
10.020000
10.020000
10.000000
10.000000
10.000000
10.000000
10.000000
10.020000
10.000000
10.000000
10.020000
10.000000
10.000000
10.020000
10.020000
10.020000
10.000000
10.000000
10.000000
10.000000
10.020000
10.020000
10.020000
10.000000
10.000000
10.000000
10.000000
10.000000
10.020000
10.020000
10.000000
10.020000
9.980000
10.000000
10.020000
10.020000
10.020000
10.020000
10.000000
10.000000
10.020000
10.020000
9.960000
10.000000
10.000000
10.020000
10.020000
10.020000
10.000000
10.020000
10.000000
10.020000
10.020000
10.000000
10.020000
10.000000
10.000000
10.020000
10.120000
10.020000
10.000000
10.000000
10.000000
10.000000
10.000000
10.020000
10.000000
10.000000
10.020000
10.020000
10.020000
10.000000
10.000000
10.000000
10.000000
10.000000
10.000000
10.000000
10.000000
10.000000
10.000000
10.000000
10.020000
10.020000
10.000000
10.000000
10.000000
10.000000
10.120000
10.000000
9.960000
9.960000
9.960000
10.020000
10.020000
9.960000
9.960000
10.020000
10.000000
10.000000
10.000000
10.000000
10.000000
10.000000
10.000000
10.000000
10.000000
10.020000
10.000000
10.000000
10.020000
10.020000
10.000000
10.020000
10.020000
10.000000
9.980000
10.000000
10.000000
10.000000
10.000000
10.000000
10.000000
10.000000
10.020000
10.020000
10.000000
10.020000
10.020000
10.000000
10.000000
10.000000
10.000000
10.000000
10.020000
10.000000
10.000000
10.000000
10.000000
10.000000
10.000000
10.000000
10.000000
10.000000
10.020000
10.020000
10.020000
10.020000
10.000000
10.000000
10.020000
10.020000
10.020000
10.020000
10.020000
10.020000
10.020000
10.020000
10.000000
10.020000
10.020000
10.000000
9.980000
10.000000
10.000000
10.000000
10.020000
10.000000
10.000000
10.000000
10.000000
10.020000
10.020000
10.020000
10.020000
10.000000
10.000000
10.020000
10.000000
10.000000
10.020000
10.020000
10.000000
10.020000
10.000000
10.000000
10.020000
10.020000
10.020000
10.020000
10.020000
10.000000
10.000000
10.000000
10.000000
10.000000
10.020000
10.020000
10.000000
10.000000
10.000000
10.000000
10.020000
10.020000
10.000000
10.020000
10.000000
10.000000
10.000000
10.000000
10.020000
10.020000
10.000000
10.000000
10.020000
10.020000
10.020000
10.020000
10.020000
10.020000
10.000000
10.000000
10.000000
10.020000
10.020000
10.000000
10.020000
10.020000
10.000000
10.000000
9.980000
10.020000
10.000000
9.980000
10.000000
9.980000
10.020000
10.020000
10.240000
10.020000
10.020000
10.000000
9.960000
10.000000
10.180000
10.020000
10.000000
10.020000
10.020000
10.020000
10.020000
10.000000
10.000000
10.000000
10.020000
10.020000
10.020000
10.020000
10.020000
10.000000
10.000000
10.000000
10.020000
10.000000
10.000000
10.000000
10.000000
10.000000
10.140000
10.200000
10.000000
10.000000
10.000000
10.020000
10.020000
10.020000
10.100000
10.020000
10.020000
24.460000
10.720000
10.020000
10.020000
10.000000
10.000000
10.020000
10.020000
10.020000
10.020000
10.020000
10.120000
10.000000
10.000000
10.000000
10.020000
9.980000
10.000000
10.000000
10.000000
10.020000
10.000000
10.020000
10.020000
10.000000
10.000000
10.000000
10.020000
10.020000
10.000000
10.020000
10.000000
10.000000
10.100000
10.000000
10.020000
10.000000
10.160000
10.020000
10.120000
10.000000
10.000000
10.000000
10.000000
10.020000
10.000000
10.000000
10.000000
10.000000
10.000000
9.900000
10.020000
10.000000
10.000000
10.000000
10.000000
10.000000
10.200000
10.060000
10.000000
10.020000
10.020000
10.000000
9.720000
10.140000
10.060000
10.000000
10.000000
10.000000
10.000000
10.220000
9.660000
10.120000
10.000000
10.000000
10.000000
10.000000
10.220000
10.140000
10.140000
9.980000
10.020000
10.000000
9.980000
10.080000
10.000000
10.120000
10.020000
10.200000
10.100000
10.000000
9.980000
10.100000
10.140000
10.020000
10.140000
10.000000
10.020000
10.020000
10.020000
10.020000
10.000000
10.000000
10.100000
10.000000
10.020000
10.000000
10.000000
10.000000
10.000000
10.020000
10.000000
9.960000
10.360000
10.020000
10.020000
10.000000
10.000000
10.020000
10.140000
10.000000
10.000000
10.000000
10.020000
10.020000
10.000000
10.020000
10.020000
10.000000
10.120000
10.020000
10.020000
10.000000
10.000000
10.000000
10.000000
10.020000
10.020000
10.020000
10.020000
10.020000
10.000000
10.000000
9.980000
10.020000
10.000000
10.000000
10.020000
9.980000
10.220000
10.020000
10.000000
10.000000
10.020000
10.020000
10.020000
10.000000
10.100000
10.020000
10.020000
10.000000
10.020000
10.000000
10.000000
10.020000
10.000000
10.000000
10.000000
10.020000
10.120000
10.100000
10.000000
10.020000
10.020000
10.000000
10.000000
10.000000
10.000000
10.020000
10.020000
10.000000
10.000000
10.020000
10.000000
10.000000
10.000000
10.000000
10.020000
10.020000
10.000000
10.000000
10.020000
10.020000
10.020000
10.020000
10.020000
10.020000
10.000000
10.000000
10.000000
10.000000
10.120000
10.000000
10.000000
10.020000
10.000000
9.980000
10.000000
10.000000
10.000000
10.000000
10.000000
10.000000
10.020000
10.020000
10.020000
10.020000
10.000000
10.000000
10.020000
10.020000
10.020000
10.020000
10.000000
10.000000
10.020000
10.020000
10.020000
10.020000
10.000000
10.000000
10.000000
10.020000
10.020000
10.000000
10.000000
10.000000
10.000000
10.000000
10.020000
10.020000
10.000000
10.000000
10.000000
10.020000
10.020000
10.000000
10.000000
10.020000
10.020000
10.000000
10.020000
10.020000
10.020000
10.020000
10.020000
10.020000
10.020000
10.000000
10.000000
10.020000
10.020000
10.000000
10.020000
10.020000
10.000000
10.020000
10.020000
10.000000
10.020000
10.020000
10.000000
10.020000
10.020000
10.000000
10.020000
10.020000
10.000000
10.000000
10.020000
10.020000
10.020000
10.000000
10.000000
10.020000
10.020000
10.020000
10.020000
10.000000
10.000000
10.000000
10.020000
10.020000
10.020000
10.000000
10.000000
10.020000
10.020000
10.020000
10.020000
10.000000
10.000000
10.000000
10.000000
10.020000
10.020000
10.000000
10.000000
10.020000
10.000000
10.000000
10.020000
10.020000
10.000000
10.020000
10.020000
10.020000
10.000000
10.020000
10.020000
10.000000
10.020000
10.020000
9.980000
10.020000
10.020000
10.000000
10.000000
10.020000
10.020000
10.020000
10.000000
10.020000
10.000000
10.000000
10.020000
10.000000
10.000000
10.020000
10.000000
10.000000
10.020000
10.020000
10.020000
10.020000
10.000000
10.000000
10.020000
10.020000
10.000000
10.020000
10.000000
10.000000
10.020000
10.020000
10.000000
10.020000
10.000000
10.000000
10.020000
10.020000
10.000000
10.020000
10.000000
10.000000
10.020000
10.020000
10.000000
10.000000
10.000000
10.000000
10.000000
10.020000
10.000000
10.020000
10.020000
10.000000
10.020000
10.020000
10.000000
10.020000
10.020000
10.000000
10.020000
10.020000
10.000000
10.020000
10.020000
10.020000
10.020000
10.000000
10.000000
10.020000
10.020000
10.000000
10.020000
19.160000
10.080000
10.000000
9.980000
10.020000
10.000000
10.000000
10.000000
10.020000
10.020000
10.020000
10.020000
10.000000
10.000000
10.020000
10.020000
10.000000
10.020000
10.020000
10.000000
10.020000
10.020000
10.000000
10.020000
10.000000
10.000000
10.020000
10.000000
10.000000
10.020000
10.020000
10.000000
10.000000
10.000000
9.980000
10.000000
10.020000
10.000000
9.980000
10.000000
10.000000
10.020000
9.980000
10.020000
10.020000
10.000000
10.000000
10.020000
10.020000
10.000000
10.020000
10.020000
10.020000
10.020000
10.020000
10.020000
10.020000
10.020000
10.000000
10.000000
10.020000
10.020000
10.020000
10.000000
9.980000
10.020000
10.020000
9.980000
10.000000
10.020000
10.000000
10.020000
10.000000
10.000000
10.000000
10.000000
10.000000
10.000000
10.000000
10.000000
10.000000
10.020000
10.000000
10.000000
10.000000
10.000000
10.000000
10.020000
10.000000
10.020000
10.000000
10.000000
10.020000
10.000000
10.000000
10.000000
10.000000
10.000000
10.000000
10.020000
10.000000
9.980000
10.000000
9.980000
9.980000
10.000000
10.020000
10.000000
10.000000
10.020000
10.020000
10.020000
10.020000
10.000000
10.000000
10.000000
10.020000
10.020000
10.020000
10.020000
10.000000
10.000000
10.020000
10.020000
10.020000
10.000000
10.000000
10.020000
10.020000
10.000000
10.020000
10.000000
10.000000
10.020000
10.020000
10.020000
10.020000
10.020000
10.000000
10.020000
10.020000
10.000000
10.020000
10.020000
10.000000
10.000000
10.020000
10.020000
10.020000
10.020000
10.000000
10.000000
10.020000
10.020000
10.020000
10.020000
10.000000
10.000000
10.000000
10.000000
10.000000
10.020000
10.000000
10.000000
10.020000
10.020000
10.000000
10.000000
10.020000
10.000000
10.020000
10.020000
10.020000
10.020000
10.020000
10.000000
10.020000
10.000000
10.000000
10.020000
10.020000
10.000000
10.000000
10.020000
10.020000
10.020000
10.020000
10.000000
10.000000
10.020000
10.020000
10.000000
10.000000
10.000000
10.000000
10.000000
10.000000
10.000000
10.000000
10.000000
10.000000
10.000000
10.020000
10.000000
10.000000
10.020000
10.020000
10.020000
10.020000
10.020000
10.020000
10.020000
10.000000
10.000000
10.020000
10.020000
10.000000
10.020000
10.020000
10.020000
10.020000
10.000000
10.000000
10.020000
10.020000
10.000000
10.020000
10.000000
10.000000
10.020000
10.020000
10.000000
10.020000
10.000000
10.000000
10.000000
10.020000
10.020000
10.020000
10.020000
10.000000
10.000000
10.020000
10.020000
10.020000
10.020000
10.000000
10.000000
10.020000
10.000000
