9.860000
8.040000
7.999999
9.220000
7.919999
7.900000
7.959999
8.099999
7.940000
7.980000
7.940000
7.980000
7.980000
7.980000
8.060001
7.959999
9.019999
8.119998
8.180000
8.180000
7.980000
7.960001
7.980000
8.079998
8.020001
7.900000
7.980000
8.080000
7.980000
8.020001
8.959999
8.120000
8.060001
7.879999
7.999999
8.099999
8.059999
8.020001
8.040000
8.040000
8.000001
8.040000
8.000001
8.160001
8.020001
7.920001
7.940000
8.019999
8.020001
7.979998
8.080000
7.999999
8.020001
8.119998
8.020001
8.120000
8.239999
8.540001
7.999999
7.980000
8.000001
8.059999
8.020001
8.060001
7.980000
8.120000
7.999999
7.900001
8.140000
8.060001
8.020001
8.020001
8.040000
7.940000
8.059999
7.999999
8.040000
7.980000
7.940000
7.960001
7.980000
7.940000
8.040000
7.940000
8.100001
7.999999
7.920001
7.940000
8.040002
7.900000
8.020001
8.020001
7.860001
8.100001
8.200001
8.080000
8.000001
8.020001
7.959999
7.860001
7.959999
7.980000
8.140001
7.980000
8.059999
7.940000
8.080000
7.999999
8.159999
7.880000
8.000001
8.080000
8.080000
8.140000
7.999999
7.999999
8.020001
7.940000
8.440001
7.979998
7.999999
7.980000
8.120000
7.959999
8.080000
8.180000
8.020001
7.999999
7.980000
8.040000
8.080000
7.999999
7.980000
7.960001
8.040000
8.020001
8.059999
7.920001
7.999999
7.940000
7.940000
7.860001
8.059999
8.000001
7.940000
8.040000
7.860001
7.999999
7.940000
7.940002
7.980000
7.920001
7.980000
7.940000
7.940000
7.880000
7.940000
7.919999
7.960001
8.040000
7.959999
8.020001
8.080000
8.000001
7.940000
8.059999
8.059999
7.959999
7.940000
7.960001
8.020001
7.900000
8.080000
8.020001
8.019999
8.000001
7.940000
7.940000
7.999999
8.060001
7.980000
7.980000
8.020001
7.980000
7.980000
8.020001
7.880000
7.859999
8.040002
7.960001
7.980000
7.959999
8.019999
8.020001
8.000001
7.999999
7.999999
7.999999
7.980000
8.099999
7.940000
7.960001
7.919999
7.860001
7.940000
7.940000
8.099999
8.020001
7.999999
8.020001
7.980000
8.059999
8.020001
7.959999
7.999999
7.940000
7.940000
8.000001
7.959999
7.859999
8.020001
7.859999
7.999999
8.040000
7.920001
7.959999
8.140000
7.999999
8.020001
7.960001
8.040000
7.920001
7.920001
8.080000
8.020001
7.999999
7.940000
7.900000
8.020001
7.940000
8.040000
7.980000
7.959999
7.940000
7.980000
7.999999
8.040002
8.099999
7.920001
8.060001
8.020001
8.040000
7.940000
8.020001
7.999999
7.980000
8.019999
7.959999
7.840000
7.900001
7.960001
7.999999
7.959999
8.020001
8.000001
7.940000
7.940000
7.940000
8.040000
8.060001
8.060001
7.960001
7.959999
8.040000
7.960001
8.020001
7.999999
8.080000
8.020001
7.980000
8.020001
7.919999
8.059999
8.059999
8.040000
7.940000
7.999999
7.960001
7.980000
7.880000
7.980000
8.019999
7.980000
8.020001
7.999999
7.940000
7.999999
7.919999
8.040000
7.940000
8.060001
8.080000
7.940000
7.940000
7.999999
7.959999
7.940000
8.120000
7.999999
8.060001
7.900000
8.060001
8.040000
8.040000
7.980000
7.999999
7.980000
7.940002
8.019999
7.919999
8.020001
7.980000
8.080000
7.940000
8.000001
7.980000
7.940000
7.980000
8.020001
8.000001
7.940000
7.959999
7.959999
8.080000
8.020001
7.940000
8.000001
7.880000
7.919999
7.940000
7.919999
7.999999
7.920001
7.940000
7.940000
8.000001
7.999999
8.040000
7.900000
7.880000
7.959999
13.660001
8.460000
7.999999
7.980000
7.959999
8.060001
7.980000
7.940000
7.999999
7.940000
8.100001
7.960001
7.920001
7.960001
7.980000
8.020001
7.980000
8.019999
7.980000
8.080000
8.000001
8.060001
8.040000
7.999999
8.320000
8.059999
8.040000
7.920001
8.040000
8.099999
8.080000
8.080000
7.959999
8.040000
8.000001
8.080000
8.059999
8.119998
8.000001
8.140000
7.900000
7.999999
8.000001
7.919999
8.020001
8.080000
7.940000
8.019999
7.900000
7.999999
8.300001
8.239999
7.959999
7.980000
7.999999
7.940000
8.020001
8.100001
7.999999
8.020001
8.020001
7.980000
7.960001
7.940000
8.019999
7.979998
7.980000
8.040000
8.000001
7.980000
7.940000
7.919999
8.000001
7.980000
8.040000
8.059999
7.919999
7.920001
7.999999
7.940000
8.020001
7.980000
8.040002
7.880000
7.960001
8.060001
7.980000
8.220000
8.020001
7.940000
8.040000
7.960001
8.020001
7.919999
7.980000
8.160001
7.940000
8.040000
16.659999
12.240000
8.380000
8.280000
8.360000
8.239999
8.400001
9.600000
8.160001
8.199999
8.280000
8.199999
7.920001
8.120000
8.719999
8.320000
8.140001
8.180000
8.000001
8.020001
8.400001
8.220000
8.059999
8.080000
7.979998
7.999999
8.099999
8.040000
8.259999
8.080000
8.299999
8.320000
8.060001
7.959999
8.100001
7.919999
7.980000
7.919999
8.040000
7.980000
8.080000
8.140000
7.959999
8.020001
8.040000
8.040000
7.959999
7.979998
7.860001
7.960001
7.940000
8.040002
7.900000
7.999999
8.140000
7.920001
7.959999
7.999999
7.959999
8.040000
8.059999
8.080000
7.940000
7.999999
7.940000
7.959999
8.000001
8.020001
8.019999
7.900001
8.040000
8.080000
8.019999
8.000001
13.560001
8.140000
7.840000
7.959999
7.940000
7.940000
7.940000
8.119998
8.080000
7.940000
7.940000
7.919999
7.960001
7.920001
8.020001
7.959999
7.959999
7.980000
7.959999
8.020001
7.960001
8.020001
7.920001
7.960001
7.999999
7.940000
7.919999
7.940000
7.980000
7.900000
7.940000
7.940000
7.960001
7.959999
7.920001
8.040000
7.980000
8.040000
7.960001
7.940000
7.999999
7.859999
8.159999
7.960001
8.020001
8.059999
7.960001
8.000001
7.999999
7.920001
7.940000
7.959999
8.040000
8.080000
7.959999
8.060001
8.040000
7.999999
7.980000
7.940000
8.040000
8.040000
7.979998
7.859999
8.079998
7.960001
7.940000
7.959999
8.020001
8.700000
8.000001
8.040000
8.059999
8.060001
8.099999
8.060001
7.920001
7.940000
7.940000
7.960001
7.919999
8.040000
7.940000
7.900000
7.999999
8.020001
7.920001
8.019999
7.940000
8.020001
7.859999
7.879999
7.860001
7.940000
7.959999
7.999999
7.999999
7.959999
7.940000
7.999999
8.060001
7.940000
8.080000
8.020001
7.980000
7.859999
8.019999
7.940000
8.199999
8.800000
8.020001
8.340001
8.740000
8.240001
7.960001
7.999999
17.899999
13.140000
9.819999
8.300001
8.019999
7.999999
8.859999
8.180000
7.940000
7.900000
7.980000
8.020001
7.960001
8.460000
7.980000
7.900001
7.900000
7.979998
8.020001
7.940000
8.020001
7.920001
8.060001
7.999999
8.020001
7.940000
8.040000
7.999999
7.920001
7.920001
7.859999
7.940000
7.879999
8.019999
8.360000
7.959999
8.019999
7.959999
8.040000
7.999999
7.980000
8.020001
7.959999
7.999999
8.000001
7.959999
8.059999
25.340000
8.180000
7.859999
7.940002
7.940000
7.979998
7.900000
7.900001
8.020001
7.959999
7.880000
7.999999
7.920001
7.960001
7.999999
8.060001
8.019999
7.980000
8.040000
7.940000
8.060001
8.020001
7.940000
7.999999
7.960001
7.920001
7.999999
8.080000
7.959999
7.959999
7.940000
7.940000
7.940000
7.940000
7.940000
8.020001
7.900000
7.940000
8.000001
8.020001
7.999999
8.000001
8.099999
8.040000
7.940000
8.019999
8.040000
7.840000
7.999999
7.980000
7.960001
8.040002
7.919999
7.940000
8.040000
7.959999
8.020001
7.999999
7.900000
7.960001
7.940000
7.860001
7.880000
8.000001
7.859999
7.940000
8.080000
7.980000
8.040000
7.980000
8.020001
7.980000
8.020001
7.960001
8.080000
7.980000
7.959999
8.040000
7.959999
7.940000
7.940000
7.919999
7.959999
7.960001
7.940000
7.999999
7.999999
8.020001
7.940000
7.919999
7.980000
7.859999
7.940000
7.959999
7.940000
8.000001
7.980000
8.099999
8.000001
8.059999
7.920001
7.959999
7.959999
7.900000
8.060001
7.959999
7.940000
7.999999
8.020001
7.980000
8.100001
7.999999
8.040002
7.959999
7.980000
7.920001
7.959999
7.959999
7.960001
7.940000
7.960001
7.960001
7.840000
8.040002
7.959999
7.940000
7.980000
8.020001
7.980000
8.000001
7.900000
7.960001
7.940000
7.960001
8.020001
7.980000
8.019999
7.940000
7.940000
7.900000
7.960001
7.959999
7.940000
7.940000
7.999999
7.959999
7.900000
7.940000
7.960001
7.859999
7.959999
7.919999
7.980000
7.900001
7.900000
7.959999
7.960001
8.040000
7.940002
7.980000
7.940000
7.959999
7.959999
7.999999
7.879999
7.920001
7.940000
7.980000
8.020001
7.959999
7.940002
8.000001
7.959999
7.980000
8.059999
7.959999
7.959999
8.100001
7.999999
7.960001
8.000001
8.019999
8.040000
7.940000
8.000001
7.960001
7.999999
8.000001
8.060001
8.040000
7.959999
7.919999
7.900001
7.919999
7.900001
7.959999
7.960001
7.940000
7.959999
7.940000
7.940000
7.940000
7.940000
7.940000
8.020001
7.860001
7.940000
7.920001
7.999999
8.020001
7.979998
7.999999
7.960001
7.959999
7.999999
8.020001
7.999999
8.040000
8.020001
7.960001
7.900001
7.920001
7.900000
7.900000
7.959999
8.000001
7.999999
8.000001
7.919999
8.060001
7.959999
7.940000
7.940000
7.960001
8.020001
7.980000
7.900000
7.940000
7.900000
8.060001
8.000001
7.900001
7.940000
8.020001
7.900000
8.080000
8.060001
7.959999
7.999999
8.060001
7.940000
7.940000
8.040000
7.980000
8.000001
7.920001
8.040000
8.000001
7.960001
8.040000
7.999999
8.000001
8.040000
7.940000
7.900000
8.060001
7.900001
7.999999
7.959999
7.959999
7.940000
7.820001
8.100001
9.119999
8.040002
7.980000
8.080000
7.999999
7.960001
8.280000
7.999999
7.999999
7.980000
8.080000
7.920001
8.040000
8.019999
7.940002
8.080000
7.920001
8.000001
8.020001
7.959999
8.040000
8.020001
7.940000
7.959999
8.840000
7.959999
8.080000
8.040000
7.959999
8.019999
8.080000
8.100001
7.980000
7.999999
8.159999
8.040002
7.920001
8.040000
8.020001
8.020001
8.020001
