0.115000
0.123000
0.103000
0.100000
0.102000
0.100000
0.098000
0.096001
0.099000
0.098000
0.096001
0.098000
0.097000
0.098000
0.099001
0.098000
0.099000
0.099001
0.098000
0.098000
0.100000
0.098000
0.095000
0.093999
0.099000
0.096000
0.095000
0.096000
0.096000
0.094000
0.101000
0.098000
0.096000
0.097999
0.095000
0.100001
0.099000
0.097000
0.095000
0.097000
0.097000
0.097000
0.100000
0.100999
0.102000
0.099001
0.100000
0.101000
0.101000
0.099000
0.097000
0.097000
0.097000
0.097000
0.096000
0.099001
0.095000
0.097000
0.096000
0.096000
0.095000
0.101000
0.099001
0.095000
0.096000
0.095000
0.097000
0.097000
0.097000
0.096000
0.100000
0.097000
0.099000
0.099001
0.099000
0.097000
0.099000
0.099000
0.095000
0.096000
0.123000
0.097000
0.116000
0.093999
0.099001
0.098000
0.100000
0.099000
0.096000
0.096001
0.096000
0.096000
0.096000
0.094000
0.102000
0.098000
0.099001
0.100000
0.097000
0.100000
0.100001
0.096000
0.096000
0.098000
0.100000
0.101000
0.103000
0.098000
0.326999
0.100000
0.106000
0.099001
0.097000
0.124000
0.123001
0.096000
0.096000
0.094000
0.096001
0.096001
0.115000
0.095000
0.099000
0.113999
0.097000
0.099000
0.100000
0.096000
0.096000
0.098000
0.116000
0.096001
0.102000
0.098000
0.103000
0.096001
0.101000
0.096000
0.103000
0.097000
0.097999
0.096000
0.096001
0.096000
0.095000
0.100000
0.099001
0.097999
0.100000
0.100000
0.096000
0.101000
0.101999
0.096000
0.097000
0.096001
0.097000
0.093999
0.097000
0.096000
0.101000
0.116000
0.095000
0.094000
0.113999
0.114000
0.115000
0.093999
0.113999
0.115000
0.115001
0.114000
0.097000
0.095000
0.097000
0.116999
0.116000
0.096001
0.095000
0.094000
0.096000
0.122000
0.115000
0.115000
0.099000
0.095000
0.116000
0.122000
0.121000
0.116999
0.098000
0.096000
0.096001
0.116000
0.104000
0.117000
0.116000
0.114000
0.115000
0.097000
0.096000
0.116000
0.123000
0.116999
0.120999
0.097999
0.096000
0.094000
0.124000
0.116000
0.123000
0.117000
0.116000
0.122000
0.123000
0.097000
0.116000
0.095000
0.115000
0.116999
0.101000
0.097000
0.096000
0.099000
0.096000
0.095000
0.098000
0.097000
0.097000
0.097000
0.121000
0.097000
0.095000
0.097999
0.099000
0.123000
0.096000
0.099000
0.096001
0.122000
0.097000
0.097000
0.097000
0.096001
0.097000
0.097000
0.097000
0.095000
0.098000
0.095000
0.100001
0.097000
0.100000
0.099000
0.097000
0.101000
0.098000
0.095000
0.096000
0.101000
0.099001
0.096000
0.096000
0.096000
0.096000
0.115000
0.098000
0.096001
0.117000
0.095000
0.099001
0.095000
0.095000
0.093999
0.097000
0.093999
0.095000
0.098000
0.098000
0.099001
0.096000
0.096000
0.096000
0.094000
0.099000
0.095000
0.095000
0.095000
0.113999
0.095000
0.097000
0.098000
0.096000
0.100001
0.100000
0.096001
0.096000
0.094000
0.095000
0.093999
0.096000
0.094000
0.097999
0.123000
0.096000
0.098000
0.097000
0.097000
0.099001
0.096001
0.095000
0.096001
0.095000
0.093999
0.096000
0.094000
0.096000
0.097000
0.096000
0.094000
0.098000
0.123000
0.098000
0.096000
0.097000
0.097000
0.097000
0.096000
0.095000
0.094000
0.097000
0.097000
0.100000
0.096000
0.098000
0.094000
0.097000
0.097000
0.099000
0.095000
0.095000
0.097000
0.095000
0.099000
0.099001
0.097000
0.097000
0.097000
0.115000
0.097000
0.096000
0.097000
0.096000
0.097000
0.096000
0.099001
0.095000
0.097000
0.097999
0.097000
0.115000
0.095000
0.097000
0.097000
0.095000
0.095000
0.096000
0.095000
0.095000
0.122000
0.098000
0.095000
0.101999
0.095000
0.097000
0.099000
0.097000
0.097000
0.103001
0.096000
0.096001
0.094000
0.100001
0.096000
0.096000
0.124000
0.123000
0.094000
0.096000
0.096000
0.097999
0.097000
0.097000
0.096000
0.123001
0.096001
0.096000
0.123000
0.096000
0.097000
0.093999
0.100000
0.098000
0.093999
0.096000
0.122000
0.114000
0.115000
0.097999
0.096000
0.097000
0.096000
0.099001
0.096000
0.096000
0.096000
0.095000
0.097000
0.117000
0.115000
0.123000
0.123000
0.097000
0.097000
0.100000
0.101000
0.100001
0.097000
0.100000
0.101000
0.096000
0.099000
0.099000
0.095000
0.095000
0.095000
0.094000
0.096000
0.095000
0.095000
0.095000
0.095000
0.096000
0.097000
0.096999
0.095000
0.100000
0.097000
0.096000
0.097000
0.097000
0.100000
0.096999
0.097000
0.096000
0.097000
0.096000
0.095000
0.097000
0.095000
0.115001
0.095000
0.098000
0.095000
0.097000
0.097999
0.098000
0.096000
0.099001
0.098000
0.098000
0.096000
0.100000
0.096001
0.097000
0.097000
0.099000
0.096000
0.096000
0.096001
0.097000
0.094000
0.097000
0.116000
0.097000
0.096001
0.097000
0.095000
0.096000
0.114000
0.096000
0.096000
0.098000
0.104000
0.107000
0.102000
0.112000
0.102000
0.104000
0.102000
0.109999
0.106000
0.106000
0.104000
0.106000
0.105000
0.101999
0.102000
0.096000
0.096000
0.098000
0.097000
0.097000
0.094000
0.096000
0.095000
0.095000
0.095000
0.097000
0.095000
0.096000
0.095000
0.096000
0.095000
0.103000
0.097000
0.097000
0.097000
0.115000
0.115000
0.114000
0.099000
0.117000
0.114000
0.097999
0.115000
0.122000
0.115000
0.097000
0.099001
0.097000
0.115000
0.096000
0.094000
0.116000
0.115000
0.095000
0.095000
0.116000
0.123001
0.115000
0.116000
0.115000
0.098000
0.115000
0.115000
0.118000
0.096000
0.098000
0.097999
0.098000
0.096000
0.099001
0.096001
0.099000
0.093999
0.100000
0.096001
0.096001
0.096001
0.096000
0.097000
0.096000
0.096000
0.096000
0.096000
0.114000
0.117000
0.098000
0.096000
0.115000
0.099000
0.115000
0.117000
0.096001
0.094000
0.115001
0.096000
0.115000
0.096000
0.097999
0.093999
0.097000
0.116000
0.116000
0.115001
0.097000
0.116000
0.118000
0.115000
0.116000
0.117000
0.116000
0.116000
0.115000
0.116000
0.117000
0.099001
0.116000
0.094000
0.097000
0.116000
0.096000
0.115001
0.115000
0.096001
0.116000
0.116000
0.127000
0.115000
0.099001
0.096000
0.101000
0.114000
0.115001
0.115000
0.115000
0.116000
0.097000
0.116001
0.099000
0.098000
0.093999
0.096000
0.118000
0.122000
0.097000
0.115001
0.117000
0.115000
0.115000
0.115001
0.115001
0.115001
0.097000
0.114000
0.117000
0.099000
0.116000
0.115000
0.117000
0.094000
0.100000
0.115001
0.116001
0.115000
0.114000
0.096000
0.096000
0.097999
0.115001
0.115000
0.097000
0.115000
0.114000
0.115000
0.118000
0.116000
0.113999
0.116000
0.117000
0.113999
0.116000
0.115001
0.116000
0.100001
0.116000
0.123000
0.123000
0.096000
0.101000
0.114000
0.115000
0.098000
0.099001
0.097999
0.101000
0.100000
0.115000
0.116999
0.114000
0.116000
0.117000
0.100000
0.100000
0.093999
0.115001
0.113999
0.115000
0.114000
0.113999
0.096000
0.115000
0.113999
0.096000
0.116000
0.114000
0.114000
0.096000
0.096000
0.096000
0.094000
0.098000
0.097000
0.100000
0.100000
0.115000
0.094000
0.116000
0.116999
0.115000
0.116000
0.096000
0.094000
0.115000
0.116000
0.100000
0.114000
0.115000
0.115000
0.115001
0.114000
0.115000
0.116000
0.100000
0.117000
0.115000
0.096001
0.096001
0.116000
0.116000
0.097000
0.115000
0.116000
0.115000
0.100000
0.097000
0.122000
0.123001
0.116000
0.099000
0.100000
0.115000
0.116000
0.116000
0.116999
0.115001
0.117000
0.115001
0.096000
0.113999
0.116999
0.116999
0.122000
0.124000
0.115000
0.116001
0.122000
0.116000
0.114000
0.114000
0.114000
0.116000
0.096000
0.098000
0.115001
0.114000
0.096000
0.112999
0.116000
0.115000
0.115001
0.115001
0.097000
0.097000
0.096000
0.095000
0.096000
0.116000
0.115000
0.116000
0.101000
0.096001
0.096000
0.099001
0.099000
0.099001
0.116000
0.113999
0.096000
0.117000
0.115001
0.115000
0.115000
0.114000
0.116000
0.116000
0.115000
0.115000
0.123001
0.096000
0.096001
0.115000
0.113999
0.115000
0.116000
0.115000
0.096000
0.115001
0.113000
0.114000
0.116001
0.101000
0.097000
0.115001
0.116000
0.115000
0.115000
0.115000
0.116000
0.115000
0.116000
0.095000
0.097000
0.115000
0.115000
0.116000
0.114000
0.096000
0.096001
0.096001
0.098000
0.115001
0.116000
0.116000
0.098000
0.096000
0.115000
0.116000
0.115000
0.095000
0.096000
0.116000
0.115001
0.098000
0.117000
0.115000
0.094000
0.114000
0.116000
0.115001
0.115000
0.115001
0.116000
0.115001
0.115001
0.113999
0.116000
0.115001
0.116000
0.114000
0.093999
0.096000
0.116000
0.122000
0.098000
0.100000
0.094000
0.116000
0.115001
0.114000
0.116000
0.116000
0.115000
0.115001
0.116999
0.097000
0.116000
0.116000
0.116000
0.115000
0.116000
0.116000
0.114000
0.117000
0.114000
0.098000
0.096000
0.101000
0.115000
0.114000
0.115000
0.115000
0.116000
0.116000
0.096000
0.096001
0.115001
0.116000
0.113999
0.115000
0.116000
0.116000
0.096000
0.097000
0.095000
0.096001
0.096000
0.116000
0.115000
0.114000
0.115000
0.116999
0.115000
0.094000
0.115000
0.115000
0.113999
0.100000
0.115000
0.116000
0.115000
0.117000
0.116000
0.115000
0.116000
0.115001
0.115001
0.115001
0.115000
0.115001
0.096999
0.115000
0.116000
0.113999
0.098000
0.097000
0.096000
0.115001
0.116000
0.097000
0.096000
0.099000
0.116000
0.115001
0.117000
0.114000
0.116000
0.115000
0.116000
0.117000
0.117000
0.115000
0.115000
0.115001
0.117000
0.115000
0.096000
0.096000
0.115000
0.114000
0.116000
0.115000
0.116000
0.097000
0.098000
0.124000
0.116000
0.115000
0.116000
0.123000
0.116000
0.116001
0.097000
0.116000
0.117000
0.116000
0.116000
0.115000
0.115001
0.115000
0.096001
0.116001
0.116000
0.115001
0.116000
0.116000
0.099000
0.115000
0.115000
