4.429000
4.423000
4.458000
4.436000
4.401000
4.405000
4.443000
4.443999
4.450001
4.485000
4.440000
4.418001
4.405000
4.434000
4.428000
4.443000
4.411000
4.369999
4.431000
4.348000
4.414000
4.415000
4.463000
4.454000
4.416999
4.411000
4.422000
4.439999
4.439000
4.434000
4.428999
4.413000
4.432000
4.430000
4.422000
4.469999
4.442000
4.431999
4.463000
4.364001
4.451000
4.428999
4.430001
4.437000
4.439000
4.465000
4.430001
4.440000
4.437000
4.474000
4.432000
4.478000
4.431000
4.451000
4.462000
4.483000
4.445000
4.424999
4.437000
4.433000
4.481000
4.475000
4.433000
4.423000
4.422001
4.455000
4.434000
4.426000
4.443999
4.432000
4.412999
4.478000
4.465000
4.417000
4.444000
4.489999
4.480000
4.497000
4.415000
4.400000
4.420000
4.349000
4.429000
4.433000
4.396000
4.395000
4.391000
4.435000
4.428000
4.362000
4.400000
4.387000
4.397000
4.404999
4.402000
4.407000
4.422001
4.412000
4.391001
4.396000
4.442999
4.417000
4.436000
4.354000
4.415001
4.404000
4.419000
4.437000
4.453001
4.426000
4.439999
4.427000
4.431000
4.477000
4.422000
4.424000
4.387000
4.415000
4.410000
4.418001
4.429000
4.457000
4.407000
4.407000
4.403001
4.420999
4.369000
4.379001
4.424000
4.406000
4.374000
4.395000
4.397000
4.407001
4.408000
4.392001
4.445001
4.408000
4.414001
4.414000
4.423000
4.442000
4.462000
4.441001
4.494000
4.416000
4.499000
4.464000
4.472001
4.468000
4.493000
4.484001
4.466000
4.455999
4.413000
4.458000
4.456000
4.443000
4.415000
4.455000
4.436000
4.432000
4.438999
4.463000
4.447000
4.453001
4.445000
4.467000
4.452000
4.437000
4.480000
4.452000
4.463000
4.455000
4.470999
4.454000
4.449000
4.463000
4.455000
4.449000
4.473000
4.414000
4.457000
4.458000
4.443999
4.444000
4.443000
4.436000
4.436000
4.450000
4.430000
4.392999
4.448000
4.477001
4.468000
4.457000
4.438001
4.464000
4.445000
4.449000
4.439000
4.460000
4.456000
4.441001
4.451000
4.466999
4.413000
4.436000
4.437000
4.421000
4.447999
4.441000
4.442999
4.449000
4.477000
4.453000
4.429000
4.465001
4.436000
4.507000
4.502000
4.454000
4.451000
4.473000
4.487000
4.440000
4.445001
4.467000
4.461000
4.480000
4.451000
4.446000
4.441001
4.466999
4.443999
4.480001
4.468000
4.473000
4.435000
4.490000
4.443999
4.446000
4.460000
4.497000
4.447999
4.444000
4.455999
4.452000
4.472000
4.453000
4.440000
4.486000
4.446000
4.478000
4.446001
4.500000
4.448000
4.446001
4.457000
4.457000
4.443000
4.471000
4.443000
4.427001
4.436000
4.446000
4.459000
4.426000
4.392999
4.440000
4.474000
4.430000
4.430000
4.417000
4.461000
4.403000
4.422000
4.404000
4.419000
4.361000
4.458999
4.416000
4.419000
4.481000
4.418000
4.418000
4.402000
4.381000
4.418001
4.401000
4.441001
4.365000
4.410000
4.398000
4.424000
4.392000
4.469000
4.447000
4.393999
4.409000
4.435000
4.472000
4.451000
4.453001
4.450000
4.447000
4.441001
4.421000
4.490000
4.477000
4.453000
4.447000
4.451000
4.442000
4.447000
4.458000
4.439999
4.446001
4.441000
4.435000
4.438000
4.473000
4.450000
4.439999
4.446000
4.449000
4.461000
4.501000
4.452000
4.466000
4.439999
4.536000
4.461000
4.395000
4.406000
4.445000
4.407000
4.415000
4.438000
4.446000
4.435000
4.431000
4.449001
4.489999
4.415000
4.438001
4.439000
4.449001
4.435000
4.452000
4.491000
4.440000
4.441000
4.442000
4.444000
4.420000
4.415000
4.430000
4.419999
4.454000
4.409000
4.450000
4.452000
4.449000
4.451000
4.443000
4.426001
4.420000
4.453001
4.440000
4.434000
4.407000
4.412000
4.442000
4.424000
4.433000
4.449001
4.423001
4.426000
4.433000
4.416000
4.408999
4.490000
4.432000
4.384000
4.424000
4.435000
4.439999
4.431000
4.416000
4.438000
4.428000
4.414001
4.460000
4.421000
4.421000
4.434000
4.395000
4.426000
4.405000
4.415999
4.418001
4.450000
4.451000
4.400000
4.466000
4.475000
4.393000
4.481000
4.366000
4.433000
4.443000
4.443000
4.419000
4.497999
4.488000
4.457000
4.460000
4.487000
4.519000
4.443000
4.428000
4.459000
4.455000
4.443999
4.439000
4.460000
4.455000
4.527000
4.456000
4.430000
4.446000
4.433000
4.455000
4.470000
4.419001
4.466000
4.465001
4.475000
4.454000
4.457001
4.433000
4.449001
4.464000
4.454000
4.439999
4.468000
4.446999
4.461000
4.498000
4.477000
4.450001
4.440000
4.543000
4.460000
4.445000
4.490000
4.475000
4.449001
4.488000
4.475000
4.528000
4.485000
4.464000
4.462000
4.441001
4.485999
4.442000
4.499000
4.446000
4.554000
4.459000
4.539001
4.530000
4.473000
4.511000
4.525000
4.538000
4.465001
4.533000
4.491000
4.489000
4.483000
4.480001
4.486000
4.503000
4.500000
4.463000
4.517000
4.450000
4.474000
4.515001
4.454001
4.478999
4.465000
4.429000
4.454000
4.438001
4.474000
4.464000
4.446999
4.473000
4.436000
4.458001
4.444000
4.455999
4.470000
4.425000
4.423000
4.414000
4.459000
4.410001
4.435999
4.397000
4.391000
4.436000
4.480000
4.427000
4.438001
4.403000
4.431000
4.395000
4.383000
4.402000
4.459000
4.434000
4.417000
4.441000
4.435000
4.422001
4.447000
4.402000
4.451000
4.395000
4.508000
4.429000
4.436000
4.371000
4.464000
4.457000
4.392000
4.436000
4.433000
4.468000
4.462000
4.423999
4.457000
4.417000
4.440000
4.411000
4.443000
4.451000
4.412000
4.415000
4.437000
4.406000
4.399001
4.412999
4.412000
4.458000
4.400999
4.404000
4.442000
4.437000
4.404999
4.427000
4.364001
4.408000
4.412999
4.460000
4.421000
4.403000
4.393000
4.433000
4.446000
4.410001
4.460000
4.401000
4.428999
4.440000
4.420999
4.444000
4.424000
4.454000
4.396000
4.419000
4.439000
4.430000
4.389000
4.433000
4.434000
4.442000
4.401000
4.356000
4.459000
4.532999
4.462000
4.400000
4.455999
4.433000
4.430000
4.454000
4.446001
4.465000
4.473000
4.451999
4.428000
4.396000
4.441000
4.469000
4.485000
4.449001
4.487000
4.455000
4.427000
4.472000
4.478000
4.443000
4.439000
4.515001
4.412999
4.450000
4.442999
4.416999
4.443000
4.457000
4.402000
4.422001
4.407001
4.399000
4.445000
4.431000
4.406000
4.410000
4.419999
4.469999
4.454000
4.423000
4.431000
4.466999
4.430000
4.431000
4.439000
4.475000
4.478000
4.454999
4.432000
4.449001
4.421000
4.408000
4.428000
4.441000
4.444000
4.413000
4.441000
4.450001
4.452000
4.454000
4.439000
4.406000
4.410001
4.400000
4.493999
4.439000
4.431000
4.413000
4.458000
4.420000
4.426000
4.481000
4.419001
4.442999
4.439000
4.406000
4.430000
4.412000
4.449000
4.506000
4.426000
4.435000
4.472000
4.427000
4.431999
4.427000
4.462000
4.429000
4.447000
4.484001
4.413000
4.458000
4.496001
4.442000
4.424000
4.514000
4.434001
4.443000
4.458000
4.422000
4.462000
4.433000
4.467000
4.458000
4.492000
4.448000
4.505000
4.516000
4.460000
4.453000
4.443000
4.438000
4.468000
4.446000
4.439000
4.453001
4.480000
4.448000
4.462000
4.439000
4.486000
4.431000
4.395001
4.415999
4.385999
4.466000
4.469001
4.412000
4.431999
4.420999
4.539000
4.440000
4.455000
4.468000
4.406000
4.453000
4.452000
4.436000
4.456000
4.445000
4.438000
4.451000
4.446000
4.452000
4.408000
4.381999
4.443000
4.461000
4.392000
4.529000
4.442001
4.424999
4.439999
4.386000
4.397000
4.422001
4.453001
4.427000
4.399000
4.434000
4.498000
4.429000
4.423000
4.435000
4.469000
4.454001
4.401000
4.491000
4.433000
4.427000
4.430001
4.443000
4.455000
4.478999
4.411000
4.428999
4.430000
4.462000
4.444000
4.435000
4.445000
4.472001
4.472000
4.480000
4.449000
4.439999
4.473000
4.474000
4.457001
4.469000
4.454001
4.465000
4.464000
4.499000
4.466000
4.468000
4.476001
4.488000
4.459000
4.427000
4.434000
4.465000
4.478999
4.468000
4.447999
4.461000
4.484000
4.461000
4.461000
4.469000
4.461001
4.447000
4.439000
4.437000
4.451000
4.443000
4.476000
4.454999
4.438000
4.453000
4.403000
4.440000
4.474999
4.507001
4.459000
4.446000
4.428000
4.418000
4.437000
4.439000
4.468000
4.397000
4.466000
4.445000
4.403000
4.492000
4.399000
4.439999
4.425000
4.419000
4.455000
4.408999
4.388999
4.468000
4.404000
4.388000
4.420999
4.403000
4.451000
4.454000
4.459000
4.438000
4.425000
4.450000
4.399000
4.444000
4.482000
4.456000
4.438000
4.464000
4.444000
4.447000
4.462999
4.455999
4.552000
4.470999
4.427000
4.424000
4.389000
4.435000
4.458000
4.507000
4.442001
4.457000
4.414000
4.464000
4.383000
4.476000
4.404999
4.424999
4.366999
4.428999
4.452000
4.470000
4.415000
4.396000
4.444000
4.446000
4.490000
4.473000
4.444000
4.483000
4.517000
4.447999
4.508000
4.499000
4.493999
4.483000
4.466999
4.460000
4.451999
4.458000
4.429000
4.451000
4.460000
4.442001
4.497000
4.439000
4.450000
4.409000
4.462000
4.446001
4.451999
4.447000
4.462000
4.451000
4.499000
4.455000
4.464000
4.493000
4.474000
4.499000
4.439000
4.430001
4.401000
4.439000
4.476001
4.437000
4.450000
4.478000
4.473000
4.455999
4.396000
4.451999
4.402000
4.461001
4.439000
4.474000
4.412000
4.433000
4.364001
4.412000
4.447000
4.501999
4.490000
4.450000
4.448000
4.476000
4.442000
4.459000
4.403000
4.419999
4.458001
4.511000
4.477001
4.469000
4.428000
4.420999
4.415001
4.466000
4.416999
4.465001
4.438000
4.451999
4.496001
4.414000
4.417000
4.402000
4.428000
4.450001
4.455000
4.461000
4.406000
4.406000
4.446000
4.469000
4.428999
4.415000
4.412999
4.432000
4.448000
4.451999
4.423000
4.460000
4.439000
4.330000
4.415999
4.489000
4.498000
4.463000
4.399000
4.430000
4.474000
4.443000
4.473001
4.445001
4.433000
9.788000
4.468000
4.441000
4.434000
4.429000
