154.886000
153.790000
151.914000
149.838000
147.156000
144.583000
142.991000
145.729000
144.722000
143.558000
140.154000
141.454000
139.417000
139.906000
139.637000
140.658000
140.264000
139.615000
139.794000
138.861000
139.072000
139.167000
138.352000
140.059000
139.123000
139.426000
138.973000
139.217000
138.595000
138.322000
137.411000
136.493000
138.640000
139.857000
140.317000
137.779000
137.837000
138.398000
137.932000
136.508000
139.808000
138.861000
139.299000
138.450000
148.029000
137.482000
138.239000
137.581000
138.263000
138.189000
138.287000
137.594000
138.335000
138.836000
138.251000
137.708000
137.850000
138.620000
136.414000
137.877000
137.569000
137.608000
136.751000
137.912000
137.616000
137.918000
137.943000
136.631000
136.863000
137.340000
136.700000
137.576000
136.875000
137.137000
138.145000
139.203000
138.006000
138.474000
137.201000
138.412000
137.083000
137.031000
136.639000
136.664000
137.048000
138.263000
136.566000
136.928000
136.612000
136.163000
136.625000
144.262000
141.384000
140.740000
140.912000
140.408000
139.117000
139.363000
138.460000
137.785000
137.802000
139.433000
137.436000
138.165000
137.051000
136.503000
136.574000
137.028000
138.533000
139.139000
137.475000
136.987000
137.519000
137.279000
137.282000
136.589000
137.168000
136.777000
138.208000
137.194000
138.188000
136.918000
137.270000
136.457000
137.825000
137.429000
138.010000
135.075000
136.381000
137.017000
136.802000
136.309000
136.796000
136.989000
136.400000
137.556000
137.583000
137.665000
137.142000
136.451000
136.469000
136.622000
137.186000
136.823000
137.330000
136.774000
137.152000
136.705000
136.461000
137.144000
141.620000
137.286000
137.203000
136.888000
136.518000
136.628000
137.025000
137.188000
136.956000
137.163000
137.085000
136.485000
136.031000
137.500000
137.116000
136.216000
136.341000
137.045000
137.005000
137.285000
137.051000
136.715000
136.390000
136.595000
136.315000
137.263000
137.007000
138.427000
138.322000
137.084000
137.600000
136.285000
136.871000
137.664000
136.794000
136.390000
137.014000
136.411000
136.640000
136.915000
137.361000
136.786000
136.660000
137.049000
136.081000
137.458000
136.929000
136.970000
136.590000
137.393000
137.805000
136.332000
136.061000
136.709000
137.545000
137.529000
138.249000
137.061000
137.389000
137.811000
136.577000
138.009000
137.169000
138.072000
137.435000
136.549000
136.707000
136.542000
137.060000
137.287000
137.968000
136.812000
136.618000
136.815000
136.361000
135.894000
136.332000
136.857000
137.765000
137.145000
136.252000
136.622000
136.510000
136.512000
136.852000
136.805000
140.487000
137.415000
136.570000
136.757000
136.683000
136.812000
135.385000
136.206000
135.803000
136.734000
137.292000
136.253000
137.366000
136.349000
136.764000
137.066000
136.611000
135.558000
137.252000
136.870000
137.183000
136.414000
135.867000
136.343000
135.431000
136.962000
144.493000
137.306000
137.164000
137.154000
137.450000
137.381000
137.585000
136.688000
135.421000
136.539000
136.811000
138.006000
137.035000
138.258000
136.097000
136.970000
137.634000
138.209000
137.465000
136.924000
137.492000
137.040000
137.167000
137.005000
137.060000
135.770000
137.127000
137.507000
137.115000
135.961000
137.406000
136.501000
136.676000
136.488000
137.157000
136.819000
137.470000
136.779000
137.050000
136.630000
136.645000
135.940000
136.462000
136.581000
136.277000
137.060000
137.182000
137.004000
136.570000
136.233000
135.789000
135.574000
136.681000
137.007000
136.205000
135.777000
136.149000
136.140000
136.560000
136.213000
139.685000
136.843000
137.541000
136.625000
137.504000
137.216000
137.845000
136.505000
136.740000
136.760000
137.287000
136.751000
136.094000
136.645000
136.461000
136.028000
136.497000
137.387000
136.120000
136.014000
136.089000
136.807000
138.680000
139.430000
138.524000
137.856000
138.637000
138.003000
138.584000
137.278000
140.792000
140.856000
140.148000
140.011000
139.153000
139.991000
139.156000
138.304000
138.133000
137.919000
136.865000
137.148000
137.253000
158.001000
137.401000
136.740000
137.469000
136.720000
137.706000
137.235000
137.123000
136.574000
137.258000
137.437000
137.787000
136.830000
138.219000
137.849000
137.619000
137.435000
137.734000
136.820000
137.801000
136.833000
136.634000
135.032000
136.421000
136.705000
135.184000
136.773000
137.524000
136.665000
137.273000
137.387000
136.466000
137.529000
136.850000
136.125000
136.755000
136.574000
137.089000
136.543000
137.113000
137.145000
137.812000
136.905000
140.394000
137.584000
135.782000
136.557000
137.381000
137.277000
137.279000
137.801000
137.817000
136.184000
136.721000
136.866000
137.424000
137.463000
136.795000
137.756000
136.534000
136.403000
137.036000
136.570000
135.221000
136.179000
136.506000
136.460000
136.152000
136.492000
137.080000
137.126000
136.311000
135.809000
137.334000
136.267000
137.213000
136.146000
135.751000
137.385000
137.497000
138.050000
137.342000
136.144000
136.199000
135.906000
137.102000
136.395000
137.820000
136.969000
137.627000
137.017000
136.004000
136.696000
136.923000
137.831000
136.681000
136.418000
136.921000
136.990000
135.973000
135.966000
137.399000
137.319000
135.071000
135.890000
137.521000
136.858000
136.643000
137.607000
137.487000
138.455000
139.681000
139.230000
138.370000
138.908000
138.098000
137.820000
137.517000
137.532000
137.411000
137.275000
137.072000
137.081000
137.241000
137.880000
137.537000
136.798000
136.995000
137.226000
137.534000
136.987000
137.763000
136.892000
137.651000
137.102000
137.998000
137.600000
137.075000
137.923000
138.546000
137.350000
138.531000
137.216000
137.736000
137.591000
138.348000
139.962000
137.167000
137.451000
137.889000
138.186000
137.498000
137.901000
137.636000
136.686000
136.472000
137.830000
137.095000
137.291000
137.841000
138.058000
136.678000
137.385000
136.275000
137.188000
137.344000
136.991000
137.950000
137.631000
136.837000
137.213000
136.640000
137.658000
137.607000
136.780000
138.173000
136.906000
138.068000
136.418000
137.134000
143.326000
136.947000
137.291000
138.943000
137.527000
137.668000
138.039000
136.924000
137.429000
137.558000
138.042000
136.458000
137.373000
136.456000
136.914000
138.206000
137.234000
138.265000
136.711000
137.732000
137.965000
136.584000
137.197000
136.595000
137.016000
137.470000
136.812000
137.485000
136.726000
136.134000
138.142000
136.091000
137.200000
136.357000
136.812000
136.507000
136.825000
140.779000
140.365000
139.481000
140.621000
139.322000
139.084000
138.608000
138.438000
139.114000
138.433000
138.153000
137.902000
136.946000
136.815000
136.485000
138.793000
137.583000
137.581000
138.019000
137.642000
136.680000
137.356000
136.793000
137.797000
137.174000
137.031000
137.423000
137.235000
137.498000
136.892000
136.028000
135.859000
140.666000
138.706000
137.217000
137.767000
137.466000
137.682000
138.205000
136.174000
136.491000
136.480000
139.410000
137.946000
136.217000
137.512000
136.705000
137.666000
136.781000
136.407000
137.499000
136.423000
137.497000
137.663000
137.351000
136.499000
137.143000
136.535000
138.319000
138.886000
137.648000
137.493000
138.036000
138.656000
137.287000
136.763000
137.156000
138.011000
138.097000
136.654000
137.771000
137.026000
137.162000
138.208000
135.625000
136.417000
136.585000
136.626000
137.339000
137.349000
136.227000
136.252000
137.125000
136.222000
136.288000
136.450000
137.539000
135.843000
136.886000
136.735000
136.921000
136.764000
136.541000
137.619000
136.691000
136.969000
138.346000
137.348000
136.606000
137.575000
137.600000
137.218000
138.332000
137.517000
137.400000
136.533000
135.728000
137.512000
137.921000
136.359000
136.571000
136.665000
136.757000
136.010000
136.647000
135.526000
136.193000
135.542000
136.316000
137.372000
137.975000
136.660000
137.189000
137.309000
135.865000
136.839000
136.191000
137.300000
137.279000
136.116000
136.773000
136.595000
137.133000
136.500000
136.146000
139.460000
137.969000
136.902000
137.406000
136.444000
136.707000
137.323000
137.214000
136.311000
136.147000
137.658000
136.994000
136.138000
137.161000
135.968000
136.365000
136.698000
137.926000
136.821000
137.539000
137.709000
138.377000
137.777000
136.601000
136.868000
137.734000
137.350000
137.296000
138.868000
137.325000
136.212000
137.232000
137.792000
137.317000
137.023000
137.246000
136.423000
137.946000
136.968000
137.446000
136.907000
137.640000
137.106000
152.943000
137.101000
137.531000
137.578000
137.759000
137.878000
136.533000
137.628000
136.982000
137.706000
138.145000
136.859000
137.956000
137.020000
137.606000
137.544000
136.992000
137.094000
139.073000
137.685000
136.333000
137.969000
136.408000
137.823000
136.395000
136.073000
136.747000
137.923000
136.641000
137.064000
136.039000
137.148000
147.082000
147.378000
143.770000
143.930000
140.957000
140.625000
141.138000
140.992000
138.879000
138.797000
138.822000
140.359000
138.175000
139.455000
139.500000
138.479000
137.737000
138.117000
137.293000
136.853000
138.722000
138.559000
139.332000
137.945000
137.428000
138.333000
137.840000
138.109000
138.312000
139.090000
138.674000
137.572000
138.516000
137.848000
137.885000
137.330000
137.519000
140.243000
139.085000
138.582000
137.507000
137.839000
137.425000
138.420000
137.263000
142.276000
138.201000
137.268000
137.836000
137.975000
137.492000
137.899000
137.339000
136.899000
136.952000
137.718000
136.653000
136.785000
136.346000
136.607000
137.850000
136.202000
136.976000
136.957000
137.107000
136.806000
137.565000
137.413000
138.050000
136.911000
137.510000
138.663000
137.400000
136.847000
138.345000
136.420000
136.732000
136.514000
137.409000
136.658000
137.133000
138.735000
136.654000
136.741000
137.872000
137.089000
137.225000
135.449000
137.371000
137.072000
138.169000
136.185000
137.148000
138.024000
137.652000
137.511000
137.435000
137.764000
137.727000
137.448000
137.792000
136.663000
138.394000
136.172000
136.344000
136.442000
135.226000
136.913000
136.824000
137.379000
137.516000
135.927000
136.619000
137.295000
155.843000
138.169000
137.156000
138.373000
137.775000
138.019000
137.739000
137.819000
136.818000
137.395000
137.332000
137.770000
137.529000
137.632000
137.116000
138.006000
135.612000
136.842000
138.223000
137.007000
137.865000
137.692000
137.829000
137.709000
137.300000
138.006000
137.718000
137.378000
137.618000
137.409000
136.876000
137.464000
137.000000
136.711000
136.961000
136.940000
137.412000
137.475000
136.184000
137.461000
137.719000
137.475000
137.294000
136.109000
137.411000
137.351000
137.199000
137.917000
137.389000
135.682000
137.165000
137.037000
136.973000
137.288000
136.361000
136.583000
138.409000
137.217000
137.649000
137.672000
139.875000
136.752000
136.532000
135.973000
137.133000
136.134000
137.044000
136.253000
136.179000
136.986000
137.194000
136.859000
136.916000
136.561000
136.213000
136.168000
136.322000
137.013000
136.222000
137.844000
137.748000
136.849000
136.896000
136.963000
136.883000
136.120000
137.254000
137.530000
136.225000
137.213000
136.815000
137.265000
136.016000
136.318000
