34.637000
32.963000
33.491000
33.029000
33.394000
33.449000
32.631000
32.753000
33.537000
33.296000
33.318000
32.964000
33.525000
33.061000
33.170000
33.855000
32.781000
32.771000
32.727000
33.542000
33.214000
33.478000
33.063000
33.174000
33.498000
33.298000
33.297000
33.005000
32.946000
33.430000
32.668000
32.753000
33.566000
32.996000
34.401000
34.097000
32.978000
33.255000
33.431000
33.382000
34.078000
33.973000
34.087000
33.653000
33.102000
33.843000
33.564000
33.646000
33.699000
33.885000
33.637000
33.090000
33.062000
33.085000
33.415000
33.102000
34.156000
33.484000
33.620000
33.310000
33.332000
33.297000
33.191000
33.157000
32.992000
33.096000
32.807000
32.692000
33.330000
33.205000
32.803000
32.810000
32.826000
33.280000
32.654000
32.656000
33.338000
33.156000
32.781000
32.635000
32.814000
32.936000
32.814000
32.713000
32.846000
32.863000
32.771000
33.595000
33.235000
33.462000
33.235000
33.128000
32.716000
33.457000
32.801000
33.451000
32.739000
32.559000
33.087000
33.509000
33.237000
33.295000
32.737000
33.194000
33.325000
32.964000
33.290000
33.374000
33.271000
32.871000
32.729000
33.559000
32.885000
32.857000
33.048000
33.201000
32.949000
33.007000
33.213000
33.410000
33.073000
33.644000
33.325000
33.572000
33.708000
33.535000
33.566000
32.775000
33.030000
33.889000
33.855000
33.152000
33.421000
33.287000
33.186000
32.938000
33.156000
32.991000
33.443000
33.498000
33.857000
33.650000
33.046000
33.395000
33.602000
33.322000
33.750000
33.390000
33.939000
33.679000
33.201000
33.307000
33.222000
33.847000
33.294000
33.648000
33.674000
33.543000
33.404000
33.546000
33.215000
33.284000
32.785000
33.155000
33.611000
32.996000
36.868000
33.370000
33.831000
33.969000
33.293000
33.390000
33.168000
34.156000
33.401000
33.770000
33.764000
33.075000
33.424000
33.480000
33.646000
33.188000
33.533000
34.006000
33.253000
33.545000
32.883000
33.813000
34.138000
34.227000
33.887000
33.351000
33.992000
32.615000
33.239000
33.641000
33.288000
33.383000
33.267000
35.403000
32.898000
33.024000
33.348000
32.971000
32.662000
33.400000
33.321000
33.291000
32.816000
33.155000
33.409000
33.126000
33.130000
34.037000
33.442000
32.980000
33.364000
33.638000
33.898000
33.440000
33.162000
33.369000
33.447000
33.087000
33.075000
32.867000
33.604000
33.300000
33.331000
33.501000
33.377000
33.936000
33.427000
33.321000
33.462000
33.223000
32.998000
33.147000
32.952000
33.551000
33.404000
33.403000
33.391000
33.472000
33.420000
33.264000
32.859000
33.107000
33.323000
33.768000
33.331000
33.960000
33.581000
32.830000
33.122000
32.857000
32.895000
33.600000
33.690000
33.077000
33.303000
33.424000
33.333000
33.312000
33.213000
32.705000
32.928000
32.763000
33.367000
32.947000
33.288000
32.962000
33.227000
33.541000
32.875000
32.858000
32.848000
33.213000
33.148000
33.141000
33.123000
33.090000
33.588000
33.232000
32.671000
33.184000
33.089000
33.222000
32.971000
33.835000
33.602000
33.375000
33.552000
33.504000
34.080000
33.318000
32.968000
32.607000
32.827000
33.286000
32.941000
32.756000
32.718000
32.605000
32.701000
33.128000
33.332000
33.317000
33.124000
33.048000
33.486000
33.452000
32.894000
32.913000
33.342000
32.794000
32.876000
32.918000
32.698000
33.170000
33.173000
33.031000
34.064000
32.926000
33.484000
33.182000
33.491000
33.422000
33.133000
33.668000
33.632000
33.006000
33.118000
33.274000
33.381000
33.036000
32.949000
33.144000
32.752000
33.254000
33.395000
33.265000
33.458000
33.566000
33.410000
33.203000
33.238000
33.289000
34.008000
33.061000
33.639000
33.241000
33.766000
33.048000
33.273000
33.477000
33.572000
33.248000
33.576000
32.861000
33.109000
33.265000
33.519000
32.756000
33.069000
33.705000
33.737000
33.372000
33.955000
33.422000
33.986000
33.651000
34.193000
33.570000
34.182000
34.245000
33.168000
33.981000
33.631000
33.447000
34.018000
33.527000
33.528000
33.591000
33.996000
33.760000
33.736000
33.422000
34.407000
34.017000
33.951000
33.054000
32.975000
33.268000
34.173000
33.458000
37.332000
34.165000
33.075000
33.592000
32.963000
33.206000
33.440000
33.842000
33.551000
33.417000
33.422000
33.488000
33.834000
33.757000
33.448000
33.117000
33.561000
33.909000
33.839000
33.748000
32.935000
33.420000
33.689000
33.466000
33.895000
33.595000
33.978000
33.492000
33.713000
33.618000
33.713000
33.376000
33.844000
34.651000
33.187000
33.346000
33.613000
33.980000
33.772000
33.651000
33.905000
33.627000
33.650000
33.389000
34.247000
33.424000
33.817000
33.444000
33.873000
33.868000
33.649000
33.352000
34.026000
33.810000
33.465000
33.488000
33.321000
33.834000
33.772000
34.603000
33.735000
33.444000
33.830000
33.733000
33.345000
33.744000
33.664000
33.410000
33.502000
32.875000
33.307000
33.243000
32.894000
33.214000
33.085000
32.942000
33.107000
32.858000
33.534000
32.811000
32.884000
33.317000
33.296000
33.553000
33.501000
33.284000
33.713000
33.745000
33.271000
32.981000
34.169000
33.058000
33.189000
33.401000
33.595000
33.429000
33.810000
33.053000
33.793000
34.270000
33.439000
33.909000
33.632000
33.967000
33.857000
33.990000
33.462000
33.490000
33.944000
33.690000
33.417000
33.428000
33.652000
33.942000
33.818000
33.386000
33.598000
33.658000
33.813000
34.779000
33.643000
33.725000
33.731000
34.216000
33.191000
34.298000
33.015000
34.090000
33.907000
33.928000
33.265000
33.672000
33.782000
34.118000
34.211000
34.787000
34.678000
34.336000
33.689000
34.108000
34.217000
33.865000
33.585000
34.125000
34.249000
33.824000
33.470000
33.653000
33.481000
33.829000
33.348000
33.700000
33.710000
33.477000
33.856000
33.689000
33.369000
33.750000
33.457000
33.992000
34.290000
33.522000
33.562000
34.015000
33.637000
32.990000
34.277000
33.835000
33.855000
33.148000
33.521000
33.531000
33.467000
34.030000
33.846000
33.736000
33.478000
33.147000
33.485000
33.829000
34.056000
33.705000
34.132000
33.614000
33.676000
33.403000
33.691000
33.758000
33.729000
33.869000
33.550000
33.515000
34.727000
33.846000
34.517000
34.308000
34.054000
34.355000
33.209000
33.581000
33.671000
33.977000
33.829000
33.681000
33.523000
33.772000
33.620000
33.389000
33.740000
33.689000
33.856000
33.634000
33.131000
33.661000
33.594000
33.600000
33.950000
34.352000
34.111000
33.881000
33.656000
33.635000
33.913000
33.503000
33.784000
33.655000
33.501000
34.366000
34.338000
33.775000
33.903000
33.409000
34.068000
33.232000
33.428000
33.671000
33.399000
33.677000
33.490000
33.773000
34.135000
33.076000
34.046000
33.382000
33.723000
33.388000
33.696000
34.371000
34.012000
33.054000
33.114000
33.186000
34.179000
33.696000
33.484000
32.861000
33.472000
33.279000
33.694000
33.523000
33.560000
33.877000
33.984000
33.378000
33.509000
33.819000
33.963000
33.274000
33.424000
33.880000
34.301000
33.720000
33.693000
34.074000
34.367000
33.723000
34.148000
33.718000
34.128000
33.611000
33.460000
33.196000
33.744000
33.782000
33.723000
32.944000
33.787000
33.303000
33.687000
33.535000
34.096000
33.763000
34.079000
33.769000
32.948000
33.683000
36.448000
34.256000
33.976000
33.521000
33.403000
33.659000
34.413000
33.650000
33.782000
32.973000
33.111000
33.970000
34.000000
33.615000
33.860000
34.420000
33.317000
34.093000
33.575000
33.328000
33.054000
33.791000
33.583000
33.476000
33.481000
33.584000
33.562000
33.616000
34.540000
33.221000
33.619000
33.645000
33.314000
33.332000
32.529000
33.137000
33.553000
32.804000
33.396000
33.231000
33.202000
33.439000
33.862000
33.312000
33.759000
33.541000
33.261000
32.861000
33.335000
33.766000
33.731000
33.464000
33.515000
32.939000
33.101000
33.062000
33.645000
33.634000
33.173000
33.128000
33.033000
33.930000
33.224000
33.660000
33.142000
33.433000
33.884000
33.217000
33.357000
33.621000
33.738000
34.097000
33.862000
34.233000
33.814000
33.394000
33.982000
34.112000
33.744000
33.805000
33.195000
33.768000
33.495000
33.439000
33.620000
34.018000
33.726000
33.844000
34.134000
34.402000
33.434000
33.427000
33.594000
33.317000
33.702000
34.056000
33.760000
33.616000
33.669000
33.625000
33.114000
33.542000
33.606000
33.348000
33.345000
33.591000
34.089000
33.608000
33.829000
33.632000
33.598000
33.106000
33.740000
32.985000
33.207000
33.737000
33.895000
33.534000
33.534000
33.581000
33.099000
33.276000
33.933000
33.404000
33.462000
33.951000
33.733000
34.044000
33.965000
33.930000
33.179000
33.695000
33.758000
33.006000
33.169000
33.515000
33.308000
33.536000
34.229000
34.030000
33.407000
33.600000
33.561000
32.810000
34.026000
33.133000
33.961000
33.744000
33.247000
33.433000
34.064000
33.660000
33.581000
33.145000
33.317000
33.888000
33.279000
33.481000
33.767000
33.139000
33.243000
33.844000
33.491000
33.166000
33.439000
33.557000
33.760000
33.975000
33.584000
33.594000
33.197000
33.160000
33.805000
33.352000
33.171000
33.309000
33.270000
32.942000
33.350000
33.721000
33.387000
33.468000
33.465000
33.537000
33.448000
33.627000
33.212000
33.411000
33.420000
32.878000
32.793000
32.926000
33.076000
32.667000
32.843000
33.707000
33.404000
33.010000
33.320000
33.173000
33.106000
33.619000
33.316000
33.799000
32.827000
33.745000
33.866000
33.885000
33.528000
33.588000
33.821000
33.888000
33.493000
33.305000
33.591000
33.653000
33.695000
33.081000
32.987000
33.067000
33.263000
33.741000
34.073000
33.409000
33.563000
33.443000
33.361000
33.234000
33.340000
33.838000
33.549000
33.652000
33.248000
33.632000
33.857000
33.628000
33.372000
33.816000
33.560000
33.377000
33.598000
33.051000
33.310000
33.578000
33.269000
33.401000
33.532000
33.831000
33.000000
33.379000
33.726000
33.730000
33.795000
33.378000
33.374000
33.258000
33.522000
33.565000
34.495000
33.578000
33.913000
33.625000
33.945000
33.616000
33.456000
32.919000
33.104000
33.091000
33.549000
33.280000
32.941000
33.513000
33.697000
33.230000
33.747000
33.597000
33.805000
33.453000
33.936000
33.312000
33.925000
33.745000
33.145000
34.006000
33.485000
33.581000
33.776000
33.132000
33.339000
33.551000
33.689000
33.895000
33.351000
33.732000
33.495000
34.291000
33.456000
34.245000
32.951000
33.479000
33.354000
33.296000
33.388000
32.838000
33.212000
33.443000
33.543000
33.150000
