0.198001
0.174001
0.167999
0.169000
0.171000
0.170000
0.182001
0.170000
0.171000
0.167999
0.171000
0.170000
0.195000
0.157000
0.157000
0.157000
0.166001
0.169000
0.167001
0.170000
0.165999
0.156999
0.167001
0.157000
0.166001
0.167001
0.161000
0.156999
0.157000
0.167001
0.166001
0.165999
0.169002
0.166999
0.170000
0.157000
0.157000
0.170000
0.165999
0.166001
0.166001
0.170002
0.165999
0.165999
0.165999
0.166999
0.170000
0.165999
0.169000
0.161000
0.157000
0.166001
0.164999
0.157000
0.166001
0.165999
0.166999
0.166001
0.170000
0.156999
0.170000
0.170000
0.161000
0.165001
0.167999
0.167001
0.156999
0.161000
0.157000
0.157000
0.157000
0.157000
0.166001
0.165999
0.161000
0.161000
0.158999
0.157000
0.157000
0.157000
0.156999
0.157000
0.158001
0.157000
0.156999
0.157000
0.166999
0.166001
0.157000
0.157000
0.156999
0.166001
0.157000
0.157000
0.157000
0.164999
0.168001
0.167999
0.157000
0.156999
0.157000
0.156999
0.156999
0.167001
0.157000
0.156999
0.167001
0.157000
0.157000
0.167001
0.157000
0.166999
0.166999
0.157000
0.167001
0.157000
0.167999
0.157000
0.167001
0.157000
0.166999
0.156999
0.169000
0.158001
0.157000
0.166999
0.169000
0.167001
0.166999
0.169002
0.167001
0.167999
0.167999
0.169000
0.169000
0.157000
0.157000
0.166999
0.167001
0.169000
0.189999
0.157000
0.156999
0.167001
0.167001
0.157000
0.166999
0.166001
0.166001
0.157000
0.169000
0.166001
0.165999
0.166999
0.166999
0.165999
0.166001
0.167001
0.157000
0.166001
0.166999
0.170000
0.170000
0.166001
0.170002
0.165001
0.166001
0.170000
0.170000
0.156999
0.169000
0.170000
0.166001
0.170000
0.156999
0.170000
0.161000
0.165999
0.166001
0.170000
0.166001
0.165001
0.165001
0.157000
0.167001
0.157000
0.167999
0.170000
0.156999
0.167001
0.157000
0.161000
0.165999
0.166999
0.166999
0.170000
0.167999
0.167001
0.156999
0.165999
0.166999
0.157000
0.166999
0.170000
0.169000
0.167001
0.166999
0.167001
0.167001
0.169000
0.166999
0.168001
0.166999
0.167001
0.166999
0.166001
0.169000
0.168001
0.167999
0.165001
0.167001
0.167001
0.169002
0.164999
0.167999
0.167999
0.167999
0.166999
0.158001
0.157000
0.169000
0.167001
0.167001
0.165999
0.167999
0.166999
0.166999
0.166001
0.167001
0.168001
0.157000
0.157000
0.157000
0.166999
0.156999
0.157000
0.156999
0.166001
0.167001
0.166001
0.167001
0.167001
0.166999
0.166001
0.166999
0.166999
0.167001
0.156999
0.156999
0.156999
0.157000
0.157000
0.156999
0.157000
0.157000
0.157000
0.156999
0.157000
0.180999
0.156999
0.158001
0.158001
0.157000
0.157000
0.161000
0.156999
0.161000
0.161000
0.166999
0.170000
0.170000
0.166001
0.170000
0.166001
0.170000
0.157000
0.161000
0.157000
0.157000
0.157000
0.156999
0.161000
0.156999
0.157000
0.161000
0.166001
0.161000
0.169002
0.166001
0.161000
0.170000
0.166999
0.167999
0.170000
0.167001
0.166001
0.166999
0.170000
0.157000
0.166999
0.165999
0.166001
0.157000
0.166999
0.157000
0.157000
0.156999
0.157000
0.156999
0.166999
0.167001
0.158001
0.157000
0.157000
0.169000
0.170000
0.157000
0.156999
0.157000
0.161000
0.157000
0.157000
0.160001
0.156999
0.156999
0.158001
0.157000
0.157000
0.157000
0.157000
0.157000
0.157000
0.167001
0.166999
0.167001
0.157000
0.157000
0.156999
0.157000
0.156999
0.157000
0.156999
0.156999
0.157000
0.156999
0.157000
0.157000
0.157000
0.157000
0.156999
0.157000
0.157000
0.157000
0.157000
0.157000
0.156999
0.156999
0.156999
0.157000
0.157000
0.156999
0.157000
0.157000
0.157000
0.157000
0.157000
0.157000
0.157000
0.156999
0.157000
0.157000
0.156999
0.156999
0.157000
0.157000
0.194000
0.157000
0.197001
0.157000
0.157000
0.157000
0.157000
0.194000
0.196001
0.195000
0.156999
0.158999
0.156999
0.156999
0.156999
0.156999
0.157000
0.157000
0.156999
0.156999
0.158001
0.161000
0.157000
0.161001
0.161000
0.158001
0.158001
0.157000
0.161001
0.157000
0.157000
0.158001
0.161000
0.161000
0.157000
0.157000
0.161001
0.157000
0.161000
0.161000
0.156999
0.157000
0.170000
0.170000
0.166999
0.169002
0.169000
0.170000
0.167999
0.166001
0.170000
0.167001
0.170000
0.166999
0.165999
0.170000
0.170002
0.161000
0.169000
0.170000
0.156999
0.161000
0.161000
0.156999
0.161001
0.157000
0.161000
0.157000
0.158001
0.161000
0.156999
0.161000
0.158999
0.161000
0.157000
0.179000
0.157000
0.157000
0.157000
0.157000
0.157000
0.157000
0.157000
0.157000
0.157000
0.156999
0.157999
0.157000
0.156999
0.156999
0.157000
0.157000
0.157000
0.156999
0.167001
0.166999
0.167001
0.169000
0.167001
0.157000
0.157000
0.157000
0.156999
0.157000
0.157000
0.157000
0.157000
0.156999
0.157000
0.157000
0.157000
0.157000
0.156999
0.156999
0.157000
0.157000
0.156999
0.157000
0.157000
0.157000
0.157000
0.157000
0.157000
0.157000
0.157000
0.166999
0.156999
0.157000
0.157000
0.157000
0.157000
0.157000
0.157000
0.157000
0.157000
0.156999
0.174999
0.166999
0.177002
0.159001
0.157000
0.161000
0.157000
0.157000
0.157000
0.157000
0.177000
0.161000
0.157000
0.174999
0.177000
0.157000
0.156999
0.174999
0.177002
0.175999
0.175001
0.157000
0.161000
0.161000
0.157000
0.161000
0.156999
0.167001
0.166001
0.169000
0.166999
0.167999
0.161000
0.156999
0.161000
0.161001
0.157000
0.156999
0.161000
0.156999
0.156999
0.157000
0.161000
0.156999
0.165001
0.161000
0.161001
0.157000
0.161000
0.157000
0.157000
0.157000
0.161000
0.157000
0.157000
0.161000
0.161001
0.157000
0.157000
0.157000
0.157000
0.161000
0.157000
0.157000
0.166001
0.157000
0.162000
0.178998
0.157000
0.156999
0.166999
0.157000
0.157000
0.156999
0.161000
0.157000
0.157000
0.157000
0.156999
0.157000
0.157000
0.177000
0.156999
0.157000
0.157000
0.157000
0.157999
0.177000
0.175999
0.157000
0.157000
0.156999
0.157000
0.157000
0.157000
0.169000
0.167001
0.167001
0.168001
0.156999
0.157000
0.167999
0.166999
0.167001
0.165999
0.165999
0.169000
0.166999
0.169000
0.166999
0.166999
0.167001
0.167001
0.166999
0.157000
0.166001
0.166999
0.169002
0.165999
0.166999
0.167001
0.166999
0.170000
0.167001
0.169000
0.167001
0.166001
0.166999
0.167001
0.166999
0.166999
0.161001
0.166001
0.166999
0.169000
0.167001
0.166999
0.172000
0.166999
0.167001
0.166999
0.169000
0.169002
0.166999
0.166001
0.186000
0.166001
0.166999
0.190001
0.166999
0.166999
0.169000
0.169000
0.167001
0.185002
0.167999
0.166999
0.166999
0.167001
0.166999
0.169000
0.167001
0.165999
0.167001
0.157000
0.168001
0.157000
0.165999
0.166999
0.166999
0.167001
0.166999
0.167001
0.165999
0.169000
0.169000
0.166001
0.165999
0.167001
0.166001
0.167999
0.167001
0.165999
0.157000
0.157000
0.157000
0.169000
0.167001
0.166001
0.167001
0.166999
0.166001
0.165999
0.167001
0.157000
0.159001
0.166999
0.166999
0.167001
0.166001
0.167001
0.167001
0.165999
0.166001
0.167999
0.166999
0.167999
0.165999
0.157000
0.173001
0.167001
0.157000
0.157000
0.161001
0.157000
0.167001
0.157000
0.165999
0.167999
0.167001
0.167999
0.167001
0.157000
0.167999
0.167001
0.156999
0.157000
0.167001
0.165999
0.168001
0.167999
0.166001
0.157000
0.170000
0.171000
0.167001
0.165999
0.156999
0.169002
0.157000
0.156999
0.157000
0.169000
0.167001
0.167999
0.157000
0.162000
0.157000
0.168001
0.167001
0.167999
0.393000
0.159001
0.168001
0.167999
0.167001
0.158001
0.170000
0.159001
0.189001
0.166999
0.170000
0.158001
0.167999
0.168001
0.170000
0.159001
0.159001
0.158999
0.167999
0.167999
0.167999
0.170000
0.173001
0.170000
0.167001
0.170000
0.157999
0.170002
0.160001
0.159001
0.159001
0.158001
0.157999
0.158999
0.159001
0.159001
0.158999
0.168001
0.158999
0.158999
0.158001
0.159001
0.158999
0.158001
0.169000
0.170000
0.166999
0.170000
0.167999
0.157999
0.167001
0.167999
0.167999
0.158999
0.167999
0.170000
0.157999
0.158001
0.170000
0.170000
0.167999
0.167999
0.170000
0.166999
0.166999
0.170000
0.170002
0.158001
0.166999
0.168001
0.167999
0.167001
0.169000
0.170000
0.158999
0.158999
0.158999
0.170000
0.170000
0.167999
0.158999
0.159001
0.168001
0.167999
0.167999
0.167999
0.167999
0.168001
0.167999
0.168001
0.170000
0.167999
0.167999
0.167999
0.170000
0.170000
0.167999
0.167999
0.167999
0.170000
0.167999
0.167999
0.167999
0.168001
0.168001
0.159001
0.168001
0.167999
0.168001
0.170000
0.167999
0.168001
0.167999
0.158999
0.168001
0.169000
0.167999
0.168001
0.170000
0.167999
0.167999
0.167001
0.170000
0.167999
0.166999
0.170000
0.167999
0.170000
0.167999
0.159001
0.170002
0.167999
0.168001
0.170000
0.167999
0.167001
0.170000
0.170000
0.168001
0.168001
0.168001
0.159001
0.159001
0.167999
0.168001
0.168001
0.167999
0.157999
0.159001
0.166999
0.167001
0.167999
0.167001
0.166999
0.166999
0.167999
0.168001
0.167999
0.167001
0.166999
0.166999
0.170000
0.166999
0.167999
0.167999
0.167999
0.170000
0.168001
0.167999
0.167999
0.168001
0.168001
0.167999
0.167999
0.170000
0.170000
0.167999
0.168001
0.158999
0.167999
0.167999
0.170000
0.167999
0.167999
0.168001
0.167001
0.170000
0.170000
0.166999
0.167001
0.158001
0.167999
0.167999
0.166999
0.166999
0.167001
0.167999
0.167999
0.167999
0.167001
0.190001
0.168001
0.159001
0.167999
0.168001
0.167999
0.170000
0.167999
0.167999
0.170000
0.168001
0.168001
0.167999
0.167999
0.167999
0.168001
0.168001
0.167001
0.170000
0.168001
0.167999
0.170000
0.170000
0.167999
0.167999
0.168001
0.167001
0.170000
