1.337999
1.332000
1.321999
1.320001
1.337999
1.327001
1.338001
1.308000
1.336001
1.339000
1.323000
1.328001
1.312999
1.317000
1.324000
1.317000
1.356998
1.316000
1.340000
1.347000
1.337001
1.325000
1.318000
1.319000
1.327999
1.309000
1.319000
1.335001
1.340000
1.343001
1.321001
1.327001
1.329999
1.323000
1.332000
1.318000
1.342000
1.324002
1.317000
1.348000
1.302000
1.348000
1.333000
1.326000
1.344001
1.324000
1.319000
1.332000
1.334000
1.336999
1.331000
1.316000
1.328001
1.317998
1.328999
1.327001
1.320001
1.326000
1.310000
1.317000
1.323000
1.340000
1.308000
1.335001
1.333000
1.334000
1.302000
1.336001
1.303000
1.316000
1.317000
1.343001
1.335999
1.323001
1.309000
1.334000
1.336001
1.350001
1.308000
1.316002
1.327999
1.317998
1.336999
1.325000
1.311999
1.319000
1.351999
1.360999
1.329001
1.352999
1.346001
1.333000
1.348000
1.318000
1.323000
1.329999
1.323000
1.309998
1.325000
1.337999
1.342000
1.309000
1.328999
1.335999
1.344999
1.335999
1.328001
1.334000
1.333000
1.322001
1.309000
1.336999
1.345001
1.337999
1.328001
1.347000
1.327999
1.320999
1.370000
1.321001
1.327001
1.321001
1.327999
1.327001
1.351999
1.326999
1.309000
1.346000
1.315001
1.346000
1.313001
1.336999
1.346001
1.337999
1.346000
1.336001
1.327999
1.326999
1.329999
1.324002
1.350001
1.333999
1.313001
1.346000
1.333000
1.326000
1.327001
1.320001
1.318000
1.336001
1.320001
1.313001
1.344001
1.341000
1.319000
1.355000
1.319999
1.328001
1.319999
1.318000
1.319999
1.334000
1.318999
1.310000
1.312999
1.315000
1.342999
1.326000
1.350999
1.348000
1.334999
1.333999
1.344001
1.328001
1.332000
1.325000
1.333000
1.356000
1.355000
1.340000
1.320001
1.354001
1.327001
1.360999
1.322001
1.327999
1.312001
1.321001
1.317000
1.339000
1.335001
1.353001
1.318999
1.306999
1.342000
1.345001
1.328001
1.335999
1.346000
1.317000
1.333000
1.334000
1.346000
1.340000
1.320001
1.320001
1.317000
1.332002
1.328999
1.325000
1.311000
1.340000
1.323000
1.326000
1.312999
1.349999
1.346000
1.325000
1.352999
1.334000
1.320001
1.328999
1.341000
1.343001
1.323001
1.358001
1.319000
1.335001
1.323001
1.324000
1.336001
1.328001
1.334000
1.325998
1.355000
1.340000
1.309000
1.341000
1.327999
1.336999
1.346000
1.313999
1.319999
1.342000
1.343001
1.325000
1.326000
1.329999
1.329999
1.332000
1.309000
1.319999
1.317000
1.341000
1.320001
1.329999
1.334000
1.321999
1.316000
1.333999
1.326000
1.320001
1.329001
1.316000
1.350001
1.335999
1.320001
1.341000
1.328999
1.325000
1.321001
1.318999
1.328001
1.333000
1.331000
1.311999
1.341000
1.363000
1.337999
1.339000
1.312999
1.346000
1.333000
1.339000
1.326000
1.324000
1.335999
1.336999
1.347002
1.349999
1.344999
1.312001
1.328001
1.321999
1.351999
1.323000
1.325000
1.317000
1.324000
1.332000
1.318000
1.348000
1.334000
1.365000
1.323001
1.318000
1.332000
1.321001
1.356000
1.353001
1.362000
1.336001
1.348000
1.326000
1.332000
1.308000
1.345001
1.322001
1.318000
1.326000
1.340000
1.326000
1.309000
1.367001
1.323001
1.311000
1.310000
1.337999
1.318999
1.339000
1.346000
1.352999
1.309000
1.332000
1.311000
1.336001
1.355000
1.334000
1.354000
1.338001
1.319000
1.342999
1.319999
1.315000
1.320001
1.341999
1.329001
1.349000
1.335001
1.320001
1.328999
1.331000
1.346001
1.335001
1.325000
1.323000
1.326000
1.333000
1.318999
1.320999
1.342000
1.324000
1.309000
1.337001
1.316000
1.328001
1.340002
1.335001
1.324000
1.326000
1.327001
1.335001
1.320999
1.349000
1.317000
1.327999
1.332000
1.323001
1.332000
1.335999
1.318000
1.324000
1.339000
1.317998
1.327001
1.343999
1.343999
1.328999
1.304001
1.336001
1.326999
1.326000
1.329999
1.333000
1.327001
1.312999
1.319999
1.316000
1.318999
1.335001
1.341999
1.324000
1.350001
1.312001
1.317000
1.329999
1.309000
1.320001
1.327999
1.332000
1.326999
1.337999
1.317998
1.339000
1.320999
1.331000
1.329999
1.321001
1.332000
1.343001
1.323001
1.346000
1.333000
1.343001
1.335001
1.331000
1.326000
1.350999
1.320999
1.328001
1.332000
1.343001
1.350999
1.629001
1.333000
1.347002
1.351001
1.344001
1.310999
1.359001
1.336999
1.328999
1.336999
1.331000
1.329999
1.302000
1.361001
1.323001
1.312999
1.335999
1.339000
1.348000
1.343001
1.318000
1.311999
1.337999
1.340000
1.317000
1.323001
1.309000
1.310000
1.340000
1.328999
1.340000
1.336001
1.338001
1.341000
1.340000
1.315000
1.336999
1.321999
1.319000
1.332000
1.340000
1.331000
1.331000
1.320999
1.355000
1.315000
1.313999
1.356000
1.340998
1.342000
1.345001
1.310000
1.329999
1.310999
1.336999
1.336999
1.324000
1.349000
1.323001
1.327999
1.341000
1.320999
1.327999
1.348000
1.352001
1.328001
1.336999
1.331000
1.327001
1.356998
1.324000
1.342000
1.323000
1.325000
1.321999
1.319000
1.337999
1.329999
1.304999
1.322001
1.312001
1.332998
1.336999
1.314001
1.335999
1.322001
1.331000
1.311000
1.334000
1.333000
1.315000
1.331000
1.343001
1.334999
1.320001
1.341999
1.310000
1.317000
1.364000
1.325000
1.336999
1.330001
1.343001
1.310000
1.330001
1.338001
1.337001
1.332000
1.310000
1.312001
1.343999
1.326000
1.367001
1.319999
1.326999
1.334000
1.343999
1.315000
1.349000
1.339000
1.320001
1.327001
1.323000
1.337001
1.320001
1.319999
1.320999
1.324000
1.328999
1.325000
1.318000
1.341999
1.320001
1.335001
1.326000
1.326000
1.356000
1.313999
1.337001
1.327001
1.328001
1.353001
1.324000
1.321999
1.323001
1.352999
1.320001
1.341999
1.323000
1.311999
1.335999
1.327001
1.326999
1.319999
1.316000
1.325998
1.329999
1.351001
1.321001
1.332000
1.334000
1.322001
1.340000
1.326000
1.337001
1.343001
1.316000
1.332000
1.308000
1.328999
1.341000
1.323000
1.339000
1.333000
1.315000
1.321999
1.333000
1.319999
1.318000
1.321001
1.330001
1.332000
1.340000
1.310000
1.342999
1.318000
1.329999
1.324000
1.320001
1.329999
1.331000
1.347000
1.311000
1.324000
1.317000
1.316000
1.327001
1.335999
1.311000
1.332000
1.310000
1.332000
1.337999
1.322001
1.321999
1.345001
1.332000
1.326000
1.310000
1.322001
1.315000
1.323000
1.329001
1.321001
1.324000
1.328999
1.333000
1.328999
1.319999
1.348000
1.339000
1.318000
1.335001
1.336999
1.324000
1.323000
1.309000
1.336001
1.324002
1.320999
1.344001
1.340000
1.310000
1.320001
1.339002
1.320999
1.349000
1.329001
1.315000
1.335999
1.332000
1.312001
1.325000
1.346000
1.336999
1.318999
1.329999
1.342999
1.344999
1.316000
1.337999
1.325000
1.312999
1.326000
1.329999
1.316000
1.320999
1.316000
1.343001
1.350001
1.351001
1.343001
1.359001
1.352999
1.309000
1.326000
1.318999
1.341000
1.319999
1.332000
1.312001
1.312001
1.325000
1.306999
1.328001
1.320999
1.343001
1.324002
1.326000
1.311000
1.302000
1.310000
1.332000
1.327999
1.320999
1.317998
1.339000
1.333000
1.325000
1.336001
1.328999
1.337001
1.350001
1.318999
1.327999
1.360001
1.329999
1.318000
1.321999
1.316000
1.336999
1.331002
1.313999
1.325000
1.310000
1.322001
1.315000
1.328999
1.325998
1.331002
1.343001
1.324000
1.331000
1.317000
1.327001
1.313999
1.338001
1.315000
1.326000
1.319999
1.308000
1.310000
1.332000
1.323000
1.354001
1.323000
1.318000
1.343999
1.308000
1.340000
1.321001
1.326000
1.331002
1.337001
1.360001
1.329001
1.344999
1.349000
1.324000
1.334000
1.339000
1.310999
1.357000
1.331000
1.324000
1.318000
1.350001
1.349000
1.334000
1.321999
1.359999
1.329999
1.324000
1.346000
1.327001
1.349000
1.325000
1.318000
1.326000
1.332000
1.312999
1.345001
1.320999
1.318999
1.324000
1.311999
1.349000
1.312999
1.328001
1.325000
1.337999
1.331000
1.341000
1.341000
1.334000
1.322001
1.351001
1.317000
1.328999
1.327999
1.340000
1.324000
1.325000
1.344999
1.326999
1.323001
1.325000
1.320001
1.325000
1.326000
1.321001
1.346000
1.331000
1.312999
1.320999
1.319999
1.321999
1.320999
1.321001
1.325000
1.315000
1.353001
1.343999
1.313999
1.329999
1.326000
1.324000
1.325000
1.326000
1.320999
1.324000
1.344999
1.319000
1.328999
1.314001
1.323000
1.341000
1.332000
1.310000
1.336999
1.311999
1.340000
1.322001
1.331000
1.358001
1.316000
1.317000
1.366001
1.346000
1.337999
1.333000
1.334000
1.358999
1.322001
1.327999
1.309000
1.348000
1.308000
1.326999
1.336999
1.324998
1.315001
1.316000
1.333000
1.317000
1.337999
1.338001
1.321999
1.311999
1.331000
1.329999
1.319000
1.348998
1.312999
1.332998
1.336999
1.325000
1.310000
1.340000
1.326000
1.328001
1.320001
1.327001
1.313001
1.317000
1.332000
1.319000
1.309000
1.344999
1.344999
1.333000
1.326000
1.337999
1.319000
1.323000
1.349000
1.341000
1.321001
1.322001
1.349000
1.329001
1.317000
1.320001
1.336999
1.308000
1.337999
1.318000
1.323000
1.313999
1.328999
1.357999
1.329999
1.349000
1.335999
1.340002
1.315000
1.323000
1.318999
1.348000
1.339000
1.346000
1.346000
1.331000
1.319000
1.332000
1.320001
1.329999
1.328999
1.328999
1.320001
1.309000
1.314001
1.334999
1.321999
1.338001
1.333000
1.320999
1.330001
1.325000
1.351999
1.343999
1.346000
1.328001
1.323000
1.331000
1.327001
1.346000
1.319000
1.330001
1.339000
1.324000
1.342999
1.326999
1.352999
1.350001
1.358001
1.334000
1.319000
1.320001
1.334999
1.321999
1.326000
1.335999
1.318000
1.319000
1.331000
1.327001
1.346001
1.329999
1.319999
1.328999
1.334000
1.326000
1.323000
1.312001
1.347000
1.326999
1.312999
1.339002
1.349000
1.319999
1.331002
1.326999
1.344999
1.342000
1.310000
1.336999
