0.448001
0.430000
0.578000
0.407000
0.410000
0.408000
0.460001
0.430000
0.430000
0.432000
0.431000
0.433000
0.452000
0.433000
0.448001
0.616999
0.433000
0.434000
0.425000
0.427000
0.433000
0.461000
0.432000
0.429000
0.433001
0.433001
0.430000
0.440001
0.432000
0.433001
0.426999
0.429000
0.429001
0.430000
0.429001
0.463000
0.431000
0.433000
0.427000
0.464000
0.428000
0.409000
0.403000
0.404000
0.407000
0.430000
0.428000
0.427000
0.575000
0.441000
0.403000
0.428000
0.430000
0.426999
0.426999
0.427000
0.408000
0.401000
0.426000
0.425000
0.431000
0.428000
0.461000
0.430000
0.428000
0.425000
0.459000
0.430000
0.426000
0.609000
0.425000
0.459000
0.428000
0.425000
0.401000
0.428000
0.407999
0.430000
0.431000
0.430000
0.430999
0.433000
0.432000
0.430000
0.431000
0.460000
0.406001
0.407000
0.408000
0.406000
0.432000
0.411000
0.430999
0.425001
0.404000
0.426000
0.410000
0.403000
0.401000
0.404000
0.403000
0.439000
0.460001
0.425000
0.410000
0.438000
0.432000
0.427000
0.433000
0.433000
0.427000
0.429000
0.431000
0.431000
0.432000
0.431000
0.433001
0.433000
0.431000
0.433000
0.429000
0.432000
0.433000
0.427000
0.430000
0.433001
0.630001
0.431000
0.431000
0.425000
0.425000
0.402000
0.406000
0.406000
0.406000
0.406001
0.405000
0.403000
0.425000
0.461999
0.459000
0.433000
0.425000
0.404000
0.410000
0.427000
0.429000
0.428000
0.429000
0.430000
0.438000
0.407000
0.431000
0.403999
0.430000
0.615000
0.452000
0.406001
0.404000
0.428000
0.429000
0.432000
0.428000
0.426999
0.432000
0.406000
0.429000
0.450000
0.443000
0.432000
0.432000
0.430000
0.433000
0.432000
0.449000
0.428000
0.432000
0.432000
0.433000
0.433000
0.433000
0.431000
0.571000
0.430999
0.428000
0.425001
0.426999
0.428000
0.433001
0.427000
0.427000
0.430000
0.432000
0.433000
0.425000
0.402000
0.405001
0.409001
0.431000
0.430000
0.431000
0.431000
0.427000
0.429999
0.432000
0.433000
0.429000
0.430000
0.464000
0.465000
0.434000
0.426999
0.433000
0.432000
0.427000
0.406000
0.410000
0.408000
0.424000
0.430999
0.429000
0.465000
0.404000
0.407000
0.431000
0.406001
0.406000
0.407000
0.434000
0.406000
0.406000
0.427000
0.433000
0.432000
0.403000
0.405001
0.410000
0.409000
0.406001
0.406999
0.411000
0.403000
0.404000
0.430000
0.428000
0.430000
0.425000
0.428000
0.431000
0.425001
0.401000
0.402000
0.403000
0.461999
0.427000
0.428000
0.431000
0.434000
0.432000
0.465999
0.426999
0.406000
0.428000
0.407000
0.433000
0.406000
0.403000
0.427000
0.429000
0.430000
0.432000
0.430000
0.411000
0.433000
0.425000
0.403000
0.410000
0.406001
0.406000
0.430000
0.426000
0.407999
0.425000
0.409000
0.410000
0.408000
0.406000
0.407000
0.410001
0.426999
0.428000
0.430000
0.433000
0.429000
0.403000
0.407000
0.405000
0.433000
0.438000
0.407000
0.630000
0.433000
0.462000
0.404000
0.403000
0.406000
0.425000
0.425001
0.426000
0.452000
0.425001
0.428000
0.407000
0.406001
0.403999
0.442999
0.431000
0.430000
0.430999
0.614000
0.617000
0.621000
0.430000
0.430000
0.426000
0.407999
0.406001
0.404000
0.405001
0.409001
0.406001
0.407999
0.410000
0.404000
0.438000
0.404000
0.410000
0.406000
0.430000
0.430000
0.433000
0.426999
0.429000
0.428000
0.429000
0.427000
0.428000
0.430000
0.410000
0.404000
0.403000
0.430000
0.406000
0.406000
0.403000
0.402000
0.408000
0.406001
0.407000
0.430000
0.405000
0.425000
0.428000
0.402000
0.426000
0.425001
0.425000
0.461000
0.428000
0.430000
0.431000
0.428000
0.434000
0.425001
0.430000
0.429000
0.434000
0.434000
0.432000
0.430000
0.431000
0.433000
0.432000
0.428000
0.431000
0.430000
0.426999
0.407000
0.407999
0.404000
0.403000
0.431000
0.410000
0.430000
0.401000
0.404000
0.408000
0.404000
0.425000
0.425000
0.429000
0.434000
0.425000
0.429000
0.620000
0.409001
0.403000
0.407000
0.410000
0.430000
0.427000
0.429999
0.405001
0.407999
0.406001
0.430000
0.410000
0.406000
0.409001
0.407000
0.410000
0.404000
0.406000
0.407000
0.409000
0.433000
0.428000
0.403999
0.411000
0.428000
0.403000
0.405000
0.410000
0.409000
0.403999
0.407000
0.405001
0.409000
0.403000
0.405001
0.409001
0.430000
0.406001
0.428000
0.410000
0.431000
0.406000
0.405001
0.405000
0.554999
0.406000
0.426999
0.403000
0.401000
0.404000
0.402000
0.407999
0.430999
0.406000
0.425001
0.431000
0.403999
0.403000
0.407000
0.405000
0.403999
0.406000
0.425001
0.405000
0.403999
0.403000
0.427000
0.410000
0.409000
0.406001
0.434000
0.406000
0.403000
0.404000
0.403999
0.410000
0.433000
0.406000
0.407000
0.433000
0.409000
0.406000
0.430000
0.408000
0.433000
0.406000
0.427000
0.410000
0.409000
0.406000
0.405000
0.410000
0.401000
0.406000
0.430000
0.407000
0.401000
0.697000
0.404000
0.407999
0.438999
0.406000
0.629000
0.428000
0.428000
0.428000
0.427000
0.428000
0.432000
0.430999
0.426999
0.405001
0.403000
0.430000
0.430000
0.426000
0.430000
0.425001
0.428000
0.431000
0.433001
0.427000
0.429001
0.432000
0.432000
0.433001
0.430000
0.429000
0.425000
0.429000
0.432000
0.432000
0.427000
0.428000
0.430000
0.428000
0.577000
0.431000
0.430000
0.431000
0.432000
0.427000
0.430000
0.433000
0.433000
0.430999
0.427000
0.432000
0.427000
0.432000
0.429000
0.429000
0.434000
0.432000
0.428000
0.428000
0.433000
0.427000
0.433000
0.432000
0.432000
0.432000
0.430000
0.428000
0.426999
0.429000
0.430000
0.432000
0.432000
0.428000
0.425000
0.431000
0.431000
0.429000
0.430000
0.410000
0.427000
0.403000
0.407000
0.432000
0.580001
0.406001
0.430000
0.426000
0.425001
0.425000
0.428000
0.432000
0.432000
0.430000
0.427000
0.410000
0.408000
0.401000
0.405001
0.407999
0.430000
0.431000
0.431000
0.616000
0.616000
0.429000
0.427000
0.434000
0.433000
0.428000
0.407000
0.410000
0.409000
0.404000
0.405000
0.410000
0.404000
0.406000
0.403999
0.405000
0.406000
0.407000
0.461000
0.432000
0.433000
0.431000
0.634000
0.428000
0.432000
0.426999
0.433001
0.461000
0.427000
0.428000
0.433001
0.452000
0.433000
0.427000
0.430000
0.433000
0.463000
0.428000
0.438999
0.428000
0.427000
0.428000
0.428000
0.617000
0.432000
0.429000
0.427000
0.428000
0.427000
0.466000
0.428000
0.430999
0.425000
0.429000
0.427000
0.434000
0.430000
0.430000
0.432000
0.433000
0.427000
0.459000
0.407000
0.440001
0.408000
0.452001
0.430000
0.426000
0.460000
0.465999
0.425000
0.432000
0.430000
0.431000
0.429000
0.434000
0.433000
0.428000
0.430000
0.431000
0.426999
0.425000
0.425000
0.431000
0.406000
0.431000
0.405000
0.403000
0.409000
0.406000
0.407000
0.430000
0.408000
0.404000
0.407000
0.432000
0.428000
0.432000
0.433000
0.430999
0.433000
0.425000
0.404000
0.405000
0.404000
0.406001
0.405000
0.408000
0.407000
0.465999
0.407000
0.410001
0.409000
0.429000
0.430000
0.429000
0.433000
0.464000
0.428000
0.431000
0.403999
0.432000
0.430000
0.430999
0.464001
0.401000
0.430000
0.431000
0.408000
0.431000
0.402001
0.408000
0.428000
0.406000
0.450999
0.433001
0.425000
0.404000
0.407000
0.426000
0.406000
0.403000
0.405001
0.410000
0.403999
0.403000
0.404000
0.410000
0.409000
0.406000
0.440001
0.426000
0.406000
0.430000
0.405001
0.431000
0.427000
0.484000
0.409000
0.407000
0.426000
0.429001
0.432000
0.432000
0.463000
0.427000
0.464001
0.432000
0.428000
0.427000
0.431000
0.428000
0.429000
0.432000
0.432000
0.426999
0.431000
0.430000
0.426999
0.649001
0.453000
0.427000
0.465000
0.433000
0.437001
0.465000
0.464000
0.426000
0.426000
0.401000
0.463000
0.426000
0.428000
0.428000
0.432000
0.461999
0.426000
0.450999
0.452001
0.426999
0.461999
0.428000
0.645000
0.427000
0.450000
0.427000
0.646001
0.426000
0.405001
0.429000
0.429000
0.405001
0.405001
0.403000
0.406000
0.403000
0.406000
0.407000
0.408000
0.409001
0.406000
0.405000
0.409000
0.409000
0.406000
0.407000
0.409000
0.405000
0.404000
0.405001
0.415999
0.431000
0.406000
0.405000
0.429000
0.462000
0.403999
0.405000
0.404000
0.427000
0.430000
0.425000
0.459000
0.427000
0.406000
0.428000
0.405000
0.406000
0.406000
0.406000
0.407999
0.426999
0.426000
0.428000
0.454000
0.405000
0.608000
0.427000
0.427000
0.630001
0.430999
0.429000
0.429000
0.432000
0.430000
0.448000
0.429001
0.432000
0.430000
0.425000
0.402000
0.430000
0.429001
0.430999
0.430000
0.432000
0.430999
0.432000
0.430000
0.430000
0.431000
0.430999
0.429001
0.405000
0.429000
0.432000
0.429000
0.426999
0.428000
0.403999
0.427000
0.430000
0.404000
0.437000
0.438999
0.405001
0.461000
0.428000
0.427000
0.433000
0.430000
0.427000
0.429000
0.403000
0.429000
0.406000
0.465000
0.430000
0.428000
0.459000
0.429000
0.425000
0.431000
0.430000
0.432000
0.433001
0.428000
0.425000
0.433000
0.429000
0.430000
0.406000
0.432000
0.427000
0.426000
0.425000
0.456000
0.405000
0.427000
0.403000
0.442999
0.450000
0.406000
0.407000
0.403000
0.459000
0.460001
0.433000
0.403999
0.459000
0.426000
0.425000
0.427000
0.464000
0.430999
0.407000
0.406000
0.406000
0.426000
0.426999
0.429000
0.429001
0.430000
0.430000
0.429000
0.426000
0.402000
0.407000
0.453000
0.409001
0.409000
0.405000
0.410000
0.406000
0.426000
0.405000
0.409000
0.429001
0.430000
0.430000
0.431000
0.428000
0.428000
0.430000
0.429001
0.408000
0.406000
0.406000
0.434000
0.405000
0.426000
0.403000
0.407000
0.406000
0.402000
0.425000
0.427000
0.406000
0.461999
0.457000
0.427000
0.425000
0.429001
0.429000
0.612000
