0.301000
0.283001
0.325998
0.281001
0.293000
0.285000
0.301002
0.291999
0.281001
0.288999
0.287000
0.457000
0.281001
0.278002
0.275999
0.279000
0.279000
0.278000
0.294000
0.282001
0.282999
0.282999
0.278000
0.281001
0.277000
0.277000
0.283999
0.283001
0.282001
0.282999
0.275999
0.280999
0.283001
0.283001
0.278000
0.292001
0.294998
0.293002
0.280999
0.281001
0.282001
0.279000
0.278000
0.287998
0.287000
0.278000
0.278000
0.280000
0.274999
0.290999
0.282001
0.283999
0.277000
0.283999
0.280000
0.290999
0.282001
0.285000
0.281999
0.281001
0.281001
0.293000
0.281001
0.293000
0.285000
0.279000
0.277000
0.288000
0.279000
0.288000
0.280000
0.283999
0.283999
0.289001
0.283999
0.283999
0.283999
0.293002
0.283999
0.279000
0.278000
0.279000
0.281001
0.278000
0.285000
0.293002
0.277000
0.283999
0.278000
0.290001
0.290999
0.290001
0.290001
0.279000
0.287000
0.280999
0.282999
0.279000
0.275999
0.279000
0.288000
0.287000
0.280999
0.279000
0.284001
0.287000
0.276001
0.281001
0.282001
0.277000
0.283001
0.279998
0.282001
0.279000
0.278000
0.281001
0.284001
0.280000
0.275999
0.279000
0.287000
0.277001
0.277000
0.282001
0.293000
0.293000
0.281001
0.290001
0.283001
0.283001
0.286000
0.286000
0.278000
0.293000
0.279000
0.291001
0.283999
0.280999
0.293002
0.291999
0.287000
0.281001
0.288999
0.288999
0.281001
0.278000
0.293000
0.293002
0.291999
0.292001
0.283999
0.287998
0.286000
0.294000
0.289001
0.293000
0.283001
0.279000
0.293000
0.284001
0.279000
0.281001
0.279000
0.278000
0.282999
0.284001
0.283999
0.278000
0.280000
0.282999
0.282001
0.280999
0.294000
0.291999
0.278000
0.282999
0.280999
0.286998
0.279000
0.283999
0.279000
0.286000
0.279000
0.278002
0.280000
0.294000
0.293000
0.283999
0.276001
0.289999
0.279000
0.293000
0.277000
0.284001
0.293000
0.293000
0.287000
0.281001
0.280000
0.288999
0.291999
0.287000
0.293002
0.281001
0.293000
0.283999
0.281999
0.283001
0.277001
0.277000
0.277000
0.278000
0.282999
0.283999
0.279000
0.285000
0.282999
0.283999
0.282001
0.289001
0.282001
0.277000
0.283001
0.282001
0.279998
0.275999
0.282001
0.280000
0.282999
0.283999
0.281999
0.289999
0.281999
0.295000
0.279000
0.278000
0.275001
0.275999
0.283999
0.281999
0.281999
0.283999
0.284001
0.280000
0.278000
0.280000
0.289001
0.279000
0.280999
0.282999
0.279000
0.291999
0.280000
0.283999
0.293000
0.290001
0.283999
0.276001
0.287000
0.275999
0.277000
0.293000
0.283999
0.282001
0.283999
0.281999
0.279000
0.278000
0.277000
0.277000
0.289001
0.285000
0.290999
0.283999
0.282001
0.288000
0.287000
0.279000
0.282999
0.277000
0.277000
0.287000
0.279000
0.283999
0.283999
0.277001
0.283999
0.277000
0.279000
0.284001
0.291001
0.289999
0.281001
0.290001
0.291999
0.288000
0.293000
0.283001
0.293000
0.289999
0.288999
0.284001
0.283999
0.281001
0.274999
0.287000
0.456000
0.281001
0.461001
0.282999
0.459000
0.457000
0.453001
0.285001
0.459999
0.279000
0.280000
0.281001
0.283999
0.289001
0.282999
0.295000
0.460999
0.281001
0.288000
0.283999
0.288000
0.278000
0.284001
0.284001
0.282001
0.280999
0.283001
0.283999
0.283999
0.455000
0.289999
0.277000
0.279000
0.279000
0.279000
0.278000
0.279000
0.283001
0.284001
0.279000
0.283999
0.279000
0.284001
0.278000
0.278000
0.278002
0.283001
0.282999
0.283001
0.293000
0.284001
0.275001
0.281999
0.279000
0.278000
0.278002
0.279000
0.289001
0.283999
0.283999
0.283001
0.283999
0.284001
0.280000
0.278000
0.279000
0.277000
0.282999
0.283999
0.293000
0.279000
0.278000
0.282999
0.284001
0.280000
0.281001
0.279000
0.293000
0.279000
0.290999
0.320001
0.293000
0.287000
0.291999
0.291999
0.293002
0.288999
0.289001
0.277001
0.283999
0.293002
0.288000
0.282001
0.288999
0.291001
0.286000
0.293000
0.278000
0.281001
0.280000
0.277000
0.306999
0.281001
0.283999
0.281999
0.281999
0.292001
0.293000
0.293000
0.281999
0.277000
0.285000
0.290999
0.291001
0.282001
0.283999
0.282001
0.290999
0.282001
0.278002
0.282001
0.288000
0.291999
0.292001
0.283999
0.281999
0.282999
0.279000
0.293000
0.279000
0.282999
0.278002
0.279000
0.290999
0.277000
0.284001
0.282999
0.279998
0.284001
0.286000
0.283999
0.280999
0.286000
0.279000
0.279000
0.279000
0.277000
0.283999
0.281001
0.281001
0.283999
0.278000
0.282999
0.277000
0.282999
0.292001
0.282999
0.278000
0.283001
0.278000
0.279000
0.283001
0.282999
0.287000
0.284001
0.287000
0.291999
0.276001
0.281999
0.291999
0.283001
0.294000
0.281999
0.502000
0.279000
0.280000
0.289001
0.288000
0.282001
0.293000
0.293002
0.282001
0.281001
0.285000
0.281999
0.277000
0.278000
0.292001
0.279000
0.290999
0.286002
0.282001
0.290999
0.300001
0.279000
0.284001
0.283999
0.281001
0.280000
0.282999
0.280999
0.291999
0.290999
0.293000
0.281001
0.279998
0.279000
0.457000
0.288000
0.284001
0.280000
0.283001
0.289001
0.282999
0.282999
0.282001
0.278000
0.289001
0.289001
0.294000
0.291001
0.293002
0.291001
0.293000
0.290001
0.459999
0.280000
0.290001
0.290999
0.293000
0.290001
0.281999
0.279000
0.289999
0.281001
0.293000
0.289001
0.293000
0.289001
0.283001
0.292001
0.278002
0.280000
0.293000
0.294000
0.279998
0.279000
0.283999
0.282001
0.280000
0.289001
0.290001
0.290999
0.288999
0.290001
0.293000
0.278000
0.539001
0.280000
0.294000
0.282001
0.292001
0.290001
0.281001
0.289001
0.280000
0.278000
0.293000
0.293000
0.279998
0.289999
0.289999
0.282999
0.458000
0.280000
0.292001
0.278002
0.293000
0.289999
0.581998
0.292001
0.293000
0.290001
0.281001
0.288999
0.289999
0.290001
0.293000
0.280999
0.288999
0.290001
0.279000
0.278000
0.283999
0.290001
0.293000
0.291001
0.292001
0.289001
0.279000
0.282001
0.278000
0.278002
0.281001
0.280000
0.280000
0.278000
0.281001
0.288999
0.278000
0.293002
0.293000
0.282001
0.280000
0.294000
0.278000
0.459000
0.283999
0.289999
0.283001
0.278002
0.289001
0.279000
0.282999
0.279000
0.280000
0.279000
0.290001
0.290001
0.281001
0.279998
0.282001
0.278000
0.280999
0.282001
0.281999
0.284001
0.279000
0.280000
0.285000
0.289001
0.283001
0.290001
0.285000
0.279000
0.456002
0.278002
0.281001
0.292001
0.280000
0.279000
0.279998
0.282001
0.282001
0.280999
0.285001
0.290001
0.307001
0.278000
0.281999
0.280999
0.281001
0.278000
0.281999
0.282001
0.281001
0.278000
0.290999
0.280000
0.291999
0.279000
0.280000
0.280000
0.293000
0.278000
0.294000
0.283001
0.282999
0.289001
0.281999
0.307001
0.280000
0.280000
0.285000
0.280999
0.279000
0.289001
0.293000
0.289001
0.291999
0.295000
0.282001
0.289999
0.279998
0.279000
0.293002
0.278000
0.293000
0.288000
0.290001
0.289999
0.288999
0.278000
0.294000
0.289999
0.289001
0.289001
0.279998
0.289001
0.280000
0.278000
0.282001
0.281999
0.282001
0.281999
0.294000
0.279000
0.283001
0.278000
0.291001
0.277001
0.288000
0.279000
0.280000
0.281999
0.278000
0.277000
0.281001
0.279000
0.279000
0.280000
0.281001
0.280000
0.278000
0.290999
0.280999
0.279000
0.284001
0.280000
0.293000
0.281999
0.293000
0.279998
0.281001
0.282001
0.280000
0.279000
0.280999
0.278000
0.282999
0.289999
0.293000
0.279000
0.281999
0.289001
0.290001
0.294000
0.282999
0.561001
0.285000
0.280000
0.283999
0.278998
0.281999
0.560001
0.279998
0.281001
0.280999
0.279000
0.293000
0.289001
0.290999
0.289001
0.279998
0.280000
0.282001
0.282999
0.285000
0.279998
0.279000
0.278000
0.278000
0.282001
0.282001
0.281999
0.280000
0.279000
0.281999
0.281999
0.278000
0.279998
0.281001
0.279000
0.279000
0.456000
0.280000
0.280000
0.293000
0.282999
0.279000
0.278000
0.281001
0.280000
0.285001
0.281999
0.289001
0.288000
0.280000
0.279000
0.293000
0.279998
0.285000
0.458000
0.283001
0.299001
0.297999
0.290001
0.289001
0.280000
0.279998
0.282001
0.293000
0.279000
0.281001
0.282001
0.283999
0.282999
0.280000
0.280000
0.278000
0.280000
0.293000
0.289001
0.289001
0.278000
0.294000
0.279000
0.278000
0.279000
0.279000
0.278000
0.279000
0.279000
0.279000
0.278000
0.280999
0.279000
0.282001
0.280000
0.286000
0.293002
0.289999
0.284001
0.285001
0.280000
0.281001
0.279998
0.457000
0.278000
0.279000
0.282001
0.278000
0.278000
0.289999
0.290001
0.293000
0.291001
0.285000
0.281999
0.278000
0.280000
0.282001
0.280000
0.280999
0.290001
0.282001
0.279000
0.281001
0.280999
0.279998
0.280000
0.282001
0.282001
0.282001
0.279998
0.281999
0.278000
0.282001
0.280999
0.278000
0.282999
0.281001
0.286000
0.291999
0.281001
0.279000
0.282999
0.280000
0.279000
0.281001
0.284001
0.283999
0.281999
0.285000
0.280000
0.281001
0.278000
0.281001
0.278000
0.279998
0.290001
0.280999
0.290001
0.283001
0.282001
0.280000
0.290001
0.289999
0.279998
0.281001
0.289999
0.281999
0.289001
0.280000
0.289001
0.279000
0.278000
0.279000
0.279000
0.278000
0.289001
0.282001
0.289001
0.289999
0.296000
0.280000
0.277000
0.280000
0.280000
0.290999
0.277000
0.288000
0.280000
0.293000
0.282001
0.278000
0.283999
0.290001
0.282001
0.282001
0.280000
0.283999
0.282001
0.289001
0.288999
0.282001
0.278000
0.282001
0.288999
0.280999
0.283999
0.279998
0.290001
0.291001
0.280000
0.282001
0.279000
0.280000
0.281999
0.282999
0.290999
0.294000
0.291001
0.293000
0.279000
0.279000
0.279000
0.297001
0.281001
0.282001
0.290001
0.279000
0.289999
0.285000
0.285001
0.293000
0.290001
0.278000
0.280000
0.280000
0.281001
0.279000
0.278998
0.288999
