2640.899999
2642.320000
2662.580000
2662.419999
2663.440000
2662.759999
2664.340001
2663.719999
2663.740000
2664.320000
2662.340000
2664.559999
2664.320000
2661.900001
2663.620001
2664.640000
2663.860001
2665.780000
2663.600000
2662.980000
2664.379999
2662.020000
2663.120000
2663.840001
2663.880000
2664.220000
2664.959999
2663.799999
2665.640000
2662.020000
2663.480001
2664.580001
2663.700001
2662.380001
2663.659999
2683.780000
2664.160000
2663.360000
2663.139999
2660.820002
2664.859999
2662.720000
2664.500000
2663.300000
2663.500000
2663.579999
2663.799999
2664.340001
2663.519999
2662.860001
2664.720001
2660.259999
2662.359999
2664.120000
2662.039999
2664.660001
2663.339999
2665.380001
2662.060000
2661.140000
2663.240001
2663.720001
2663.459999
2662.120000
2663.440000
2662.020000
2665.700000
2661.259999
2663.460001
2664.940000
2662.480000
2662.780000
2662.780000
2663.760001
2663.420001
2665.899999
2664.360002
2667.940000
2662.920000
2661.920000
2664.740000
2661.240000
2663.999999
2664.540000
2664.040001
2646.960000
2643.920001
2645.420000
2648.200002
2655.099999
2664.580001
2662.799999
2662.800001
2663.840000
2666.660000
2662.400000
2663.160000
2663.319999
2665.720001
2664.940000
2662.759999
2665.260000
2661.760001
2663.520001
2663.759999
2663.139999
2664.799999
2663.960001
2661.060000
2664.220000
2662.339998
2663.179999
2663.280001
2663.379999
2663.379999
2661.800001
2663.000001
2663.559999
2663.780000
2667.780001
2663.260000
2662.599999
2662.340000
2661.799999
2664.680000
2663.180001
2663.899999
2664.080000
2663.840000
2662.179999
2663.420001
2663.799999
2664.360000
2663.440000
2663.040001
2662.580000
2664.920000
2663.560001
2663.300000
2662.540000
2661.980001
2665.980000
2662.020000
2664.200000
2664.559999
2663.820000
2664.179999
2662.139999
2663.160000
2663.220000
2664.540000
2664.139999
2663.960001
2664.680000
2661.760001
2664.200000
2664.139999
2662.379999
2663.880002
2662.000000
2662.480000
2666.740000
2661.359999
2662.480000
2663.740000
2664.300000
2665.679999
2662.980000
2662.580000
2661.720000
2663.099999
2662.580000
2663.600000
2662.620001
2663.340000
2662.379999
2662.920000
2662.160002
2662.060000
2663.860001
2664.799999
2661.939999
2662.820000
2661.480000
2665.400000
2662.260000
2663.300000
2662.980000
2665.479999
2662.220001
2663.020000
2662.760001
2665.580001
2661.979999
2661.499999
2664.200000
2662.960000
2663.720001
2664.920000
2662.139999
2662.520001
2664.020000
2663.260000
2663.600000
2661.940001
2662.560001
2662.799999
2662.960000
2666.480001
2662.700001
2663.640000
2662.820000
2661.959998
2665.479999
2664.320000
2663.540000
2662.780000
2663.160000
2660.980001
2664.060000
2663.520001
2662.960000
2661.760001
2663.060000
2664.580001
2664.619999
2666.580001
2667.280000
2663.840000
2663.380001
2662.720000
2662.880000
2663.240001
2664.380001
2661.480000
2663.920000
2663.360000
2663.460001
2662.100000
2662.219999
2663.380001
2663.139999
2663.000001
2663.659999
2665.560000
2665.759999
2664.880000
2662.920000
2664.560001
2663.520001
2662.860001
2663.799999
2663.760001
2662.899999
2663.920000
2663.740000
2684.780000
2676.740000
2680.620000
2677.460000
2682.159999
2677.720001
2682.060000
2677.940000
2683.620000
2679.679999
2681.840001
2679.140000
2680.300001
2680.520000
2683.140000
2679.360000
2681.820000
2679.500001
2682.040000
2679.740001
2663.660001
2662.939999
2664.980000
2665.579999
2663.440000
2664.379999
2662.839999
2666.040000
2665.000001
2663.480001
2664.619999
2666.100001
2664.060000
2660.639999
2664.940000
2663.720001
2663.060000
2662.480000
2662.380001
2662.660001
2661.119999
2660.780001
2663.840000
2664.340001
2662.700001
2664.080000
2662.520001
2664.680000
2663.920000
2662.220001
2664.540000
2661.620000
2663.440000
2662.760001
2663.579999
2662.020000
2661.759999
2664.560001
2662.179999
2663.040001
2664.120000
2664.039999
2664.780000
2662.420001
2663.339999
2664.659999
2662.740000
2664.500000
2662.580000
2663.659999
2663.260000
2665.960001
2662.619999
2664.439999
2666.840000
2664.959999
2663.859999
2664.660001
2663.260000
2662.939999
2662.940001
2662.219999
2662.160000
2664.040001
2663.060000
2665.239999
2664.099999
2664.179999
2663.740000
2663.939999
2664.540000
2661.060000
2657.420000
2640.900001
2657.740001
2663.100000
2652.880000
2639.039999
2663.260000
2663.560001
2650.559999
2650.459999
2656.860001
2658.580001
2664.279999
2663.140001
2662.420001
2663.819999
2664.239999
2663.479999
2661.780000
2664.160000
2664.120000
2663.600000
2661.420001
2664.880000
2667.579999
2663.140001
2665.560000
2663.520001
2682.699999
2677.800002
2682.260001
2678.080000
2680.679999
2680.280000
2683.039999
2679.819999
2681.539999
2677.700000
2681.779999
2677.619999
2677.860001
2682.260001
2682.080001
2675.240001
2681.060001
2679.579999
2681.780001
2662.839999
2663.540000
2663.640000
2663.220001
2662.720000
2661.580000
2662.580000
2663.459999
2665.479999
2662.480000
2663.820000
2662.100000
2664.279999
2683.500001
2678.059999
2684.240000
2677.700000
2677.600000
2664.740000
2666.680001
2665.360000
2663.020000
2662.039999
2665.519999
2665.620001
2662.699999
2663.060000
2662.599999
2663.840000
2664.100001
2665.620001
2662.599999
2664.040001
2663.220000
2663.840000
2662.940001
2663.020000
2664.479999
2663.200000
2662.800001
2663.740000
2665.160000
2664.400000
2663.260000
2663.680000
2662.480000
2663.759999
2662.980000
2658.940000
2645.920001
2637.939999
2647.200000
2665.080000
2663.220000
2664.020000
2663.980000
2661.960000
2663.560001
2663.880000
2663.720001
2665.239999
2666.520000
2666.460000
2664.920000
2662.140001
2664.960001
2661.640000
2663.820000
2663.180001
2660.500001
2663.559999
2664.180001
2663.859999
2661.799999
2663.140001
2661.659999
2664.479999
2664.660001
2663.400000
2664.559999
2663.880000
2663.980000
2664.120002
2662.980000
2662.480000
2664.379999
2662.900001
2662.260002
2663.559999
2663.220000
2663.620001
2662.060000
2664.380001
2665.239999
2661.380000
2665.020000
2663.000001
2664.400000
2664.820001
2664.040001
2664.759999
2663.420001
2663.120000
2669.000000
2661.800001
2667.180000
2662.600001
2662.920000
2663.659999
2681.200000
2676.999999
2664.900001
2665.080000
2665.899999
2661.880000
2663.320001
2663.880000
2662.780000
2660.360001
2662.960000
2663.239999
2663.759999
2662.659999
2664.099999
2664.579999
2663.580000
2664.919998
2664.460000
2662.139999
2660.480000
2664.200000
2663.500000
2661.839999
2663.600000
2663.680000
2663.300000
2660.720000
2663.880000
2662.420001
2661.420001
2663.319999
2663.040001
2662.780000
2664.360000
2664.080000
2668.180000
2664.039999
2663.120000
2663.860001
2663.880000
2663.240001
2666.520000
2663.960001
2663.699999
2661.540002
2662.160000
2664.960001
2662.459999
2663.220001
2663.300000
2665.619999
2663.560001
2664.460000
2664.600000
2664.280001
2664.919998
2665.700000
2663.600000
2663.719999
2665.579999
2664.960001
2665.039999
2663.880000
2666.020000
2664.180001
2663.840000
2666.159999
2663.619999
2662.900001
2663.400000
2662.419999
2662.340000
2664.200000
2663.680000
2663.139999
2664.020000
2663.820000
2668.160001
2663.020000
2661.880000
2664.379999
2664.540000
2662.560001
2665.280001
2664.400000
2662.740001
2662.960000
2662.839999
2663.060000
2664.440000
2663.060000
2666.860001
2665.579999
2661.260001
2665.620001
2663.560001
2661.920000
2663.340000
2662.900001
2663.319999
2661.720000
2663.880000
2664.440000
2663.479999
2665.120000
2664.540000
2662.459999
2664.679999
2664.960001
2663.260000
2664.380001
2662.680000
2663.220001
2664.380001
2664.460000
2662.580000
2663.939999
2662.780000
2663.260000
2665.800000
2662.939999
2662.000000
2663.559999
2663.860001
2662.120000
2663.300000
2663.020000
2663.180001
2666.160000
2662.980001
2662.000000
2663.559999
2663.700001
2662.400000
2663.659999
2664.560001
2663.000001
2663.160000
2664.760001
2663.060000
2662.140001
2662.240000
2664.600002
2662.680000
2664.240001
2663.740000
2663.120000
2662.559999
2663.140001
2664.960001
2661.839999
2662.160000
2665.080000
2663.179999
2664.199999
2663.280001
2663.760001
2662.719999
2663.220000
2663.020000
2662.120001
2665.560000
2662.799999
2661.999999
2663.439998
2663.320001
2663.479999
2664.520001
2661.419999
2662.020000
2665.320000
2663.519999
2663.660001
2664.379999
2663.580000
2663.880000
2662.880000
2663.080001
2663.840000
2663.740000
2663.260000
2664.320000
2664.220002
2663.140001
2663.440000
2663.060000
2664.559999
2661.659999
2662.880000
2663.459999
2663.540000
2663.059998
2661.940001
2662.880002
2662.960000
2664.620001
2662.420001
2664.260000
2663.279999
2661.920002
2663.580000
2645.520000
2651.419999
2662.780000
2663.200000
2640.099999
2646.860000
2665.360000
2663.460001
2639.500001
2641.600000
2642.240001
2638.600001
2663.980002
2664.460002
2664.720001
2665.520001
2663.239999
2661.259999
2664.700000
2664.060000
2663.700001
2663.179999
2663.540000
2664.460002
2664.700000
2666.220000
2663.500000
2664.179999
2663.920000
2662.560001
2664.039999
2665.260000
2663.459999
2661.739999
2665.060000
2666.180002
2664.419999
2662.320001
2664.540000
2663.540000
2662.260002
2664.580001
2683.160001
2676.199999
2661.720000
2665.999999
2665.000001
2661.880000
2663.520001
2663.039999
2661.219999
2664.400000
2664.940000
2663.060000
2664.700000
2664.000001
2663.200000
2662.980001
2665.680001
2666.139999
2662.860001
2663.479999
2663.799999
2662.020000
2661.960000
2665.279999
2664.400000
2662.479999
2663.840000
2663.000001
2660.740001
2662.860001
2665.140001
2662.359999
2663.740000
2663.299998
2664.980000
2662.940001
2663.260000
2664.060000
2663.060000
2661.040001
2664.340001
2664.100001
2662.139999
2666.020000
2664.500000
2666.019998
2662.780000
2662.660001
2664.480001
2664.200000
2662.599999
2663.440000
2664.360000
2642.899999
2650.080001
2654.060001
2643.560002
2662.540000
2664.280001
2666.600000
2664.240001
2662.560001
2680.559998
2675.040001
2680.919999
2676.539999
2679.460000
2676.899999
2679.940000
2675.620001
2680.120001
2679.299999
2682.300001
2676.959999
2683.380000
2678.160001
2683.540000
2679.520000
2682.060000
2682.019999
2680.720000
2678.840000
2682.600001
2682.699999
2680.159999
2677.120000
2679.080000
2679.800000
2663.280001
2662.460001
2664.760001
2662.080001
2664.320000
2665.200001
2662.360001
2665.680001
2662.380001
2662.300000
2663.380001
2663.099999
2664.680000
2663.660001
2665.080000
2664.020000
2666.959999
2661.960000
2664.020000
2664.339999
2665.560000
2663.939999
2663.860001
2663.240001
2663.719999
2663.780000
2666.140001
2664.640000
2665.700000
2665.640000
2664.539998
2662.680000
2663.220001
2664.579999
2662.740001
2661.980001
2663.339999
2661.440000
2666.360000
2664.719999
2661.839999
2682.279998
2675.579999
2680.280000
2677.259998
2680.720000
2679.679999
2675.679998
2680.260001
2678.859999
2679.360000
2677.760001
2676.859999
2679.820001
2682.540001
2676.380001
2678.600000
2663.620001
2664.320000
2665.300000
2662.920000
2663.720001
2664.820001
2664.060000
2663.220001
2661.680000
2662.640002
2663.039999
2663.459999
2664.940000
2663.120000
2664.080000
2663.260000
2663.680000
2664.460000
2662.240000
2663.699999
2664.300000
2663.300000
2663.840000
2663.500000
2661.780000
2665.039999
2662.999999
2665.279999
2663.440000
2663.960001
2663.720001
2678.640001
2674.480001
2674.980000
2681.280000
2678.299999
2678.980000
2676.080000
2678.619999
2680.659998
2683.119999
2662.880000
2664.700000
2663.459999
2664.060000
2663.759999
2662.699999
2665.140001
2664.940001
2663.620001
2663.780000
2665.100001
2664.700001
2665.300000
2664.020000
2663.479999
2663.980000
2662.720000
2664.040001
2681.080000
2675.540000
2679.019999
2675.740000
2679.280000
2675.160000
2682.140000
2677.580001
2680.979999
2675.600000
2679.400001
2675.300000
2679.540001
2673.280001
2681.340000
2676.840000
2680.800000
2662.599999
2663.999999
2663.680000
2663.079999
2661.620000
2663.939999
2663.480001
2663.680000
2662.980001
2662.580000
2663.880000
2664.740000
2659.940001
2661.440000
2662.940001
2663.379999
2662.160000
2663.659999
2664.060000
2663.740000
2665.800001
2664.060000
2664.360000
2676.960001
2664.139999
2663.360002
2680.979999
2674.799999
2683.379998
2676.300000
2678.479999
