1.060000
1.079999
1.080001
1.060000
1.100000
1.080001
1.100000
1.100000
1.079999
1.080001
1.060000
1.060000
1.079999
1.079999
1.100000
1.079999
1.080001
1.100000
1.079999
1.080001
1.100000
1.080001
1.080001
1.280000
1.060000
1.140000
1.240000
1.080001
1.060000
1.080001
1.140000
1.079999
1.079999
1.060000
1.060000
1.060000
1.080001
1.079999
1.079999
1.080001
1.100000
1.080001
1.080001
1.080001
1.060000
1.080001
1.060000
1.079999
1.060000
1.100000
1.079999
1.079999
1.060000
1.079999
1.040000
1.079999
1.060002
1.079999
1.080001
1.100000
1.060000
1.100000
1.080001
1.080001
1.100000
1.079999
1.280000
1.079999
1.080001
1.100000
1.080001
1.079999
1.060000
1.100000
1.080001
1.080001
1.060002
1.100000
1.100000
1.080001
1.060002
1.060002
1.100000
1.079999
1.060002
1.100000
1.060002
1.060000
1.100000
1.060000
1.100000
1.080001
1.060000
1.100000
1.060000
1.079999
1.060000
1.140000
1.100000
1.080001
1.080001
1.079999
1.100000
1.100000
1.060000
1.100000
1.060000
1.100000
1.079999
1.100000
1.100000
1.080001
1.079999
1.080001
1.060000
1.120001
1.100000
1.060000
1.100000
1.080001
1.060000
1.079999
1.180001
1.080001
1.060000
1.080001
1.100000
1.060000
1.080001
1.100000
1.100000
1.079999
1.060000
1.100000
1.060000
1.080001
1.060002
1.100000
1.060000
1.100000
1.119999
1.100000
1.080001
1.080001
1.060000
1.100000
1.060002
1.100000
1.100000
1.100000
1.060000
1.120001
1.100000
1.100000
1.259999
1.060000
1.060000
1.060000
1.100000
1.100000
1.060000
1.100000
1.100000
1.080001
1.100000
1.100000
1.100000
1.100000
1.060000
1.100000
1.060000
1.060000
1.080001
1.060000
1.080001
1.080001
1.100000
1.100000
1.060000
1.100000
1.079999
1.080001
1.079999
1.080001
1.060002
1.079999
1.100000
1.100000
1.060000
1.100000
1.079999
1.060002
1.080001
1.080001
1.120001
1.080001
1.080001
1.079999
1.079999
1.079999
1.080001
1.100000
1.100000
1.100000
1.080001
1.100000
1.060000
1.080001
1.080001
1.079999
1.060000
1.119999
1.100000
1.080001
1.060000
1.100000
1.060000
1.079999
1.100000
1.080001
1.100000
1.079999
1.060002
1.100000
1.060000
1.080001
1.080001
1.079999
1.079999
1.080001
1.060000
1.079999
1.079999
1.119999
1.080001
1.079999
1.079999
1.160000
1.080001
1.060000
1.079999
1.079999
1.100000
1.060000
1.060000
1.100000
1.060000
1.060000
1.060000
1.080001
1.060000
1.079999
1.100000
1.079999
1.080001
1.100000
1.060000
1.060000
1.100000
1.080001
1.060000
1.080001
1.080001
1.080001
1.060000
1.079999
1.119999
1.100000
1.060000
1.080001
1.079999
1.060002
1.080001
1.100000
1.060000
1.060000
1.060000
1.100000
1.060000
1.179999
1.060000
1.080001
1.060000
1.240000
1.100000
1.080001
1.080001
1.080001
1.079999
1.080001
1.100000
1.079999
1.079999
1.060000
1.100000
1.100000
1.060002
1.100000
1.080001
1.080001
1.080001
1.080001
1.080001
1.100000
1.080001
1.080001
1.060000
1.080001
1.060000
1.080001
1.080001
1.080001
1.060000
1.100000
1.060002
1.080001
1.060000
1.100000
1.080001
1.060000
1.100000
1.060000
1.280000
1.100000
1.100000
1.100000
1.279999
1.060000
1.079999
1.080001
1.060000
1.100000
1.100000
1.100000
1.079999
1.060000
1.080001
1.100000
1.080001
1.080001
1.100000
1.080001
1.100000
1.100000
1.079999
1.100000
1.060000
1.060000
1.060002
1.100000
1.080001
1.080001
1.080001
1.060000
1.060000
1.080001
1.100000
1.079999
1.079999
1.079999
1.060000
1.100000
1.079999
1.060000
1.060000
1.120001
1.120001
1.060002
1.060000
1.080001
1.060000
1.079999
1.060000
1.100000
1.100000
1.100000
1.060000
1.060000
1.060000
1.079999
1.060000
1.060002
1.080001
1.080001
1.079999
1.080001
1.060000
1.080001
1.100000
1.079999
1.100000
1.079999
1.080001
1.100000
1.100000
1.100000
1.080001
1.079999
1.060000
1.079999
1.080001
1.100000
1.100000
1.079999
1.080001
1.060002
1.060000
1.140000
1.060000
1.100000
1.079999
1.060000
1.100000
1.060000
1.060000
1.080001
1.060002
1.079999
1.079999
1.079999
1.079999
1.079999
1.060002
1.100000
1.100000
1.080001
1.080001
1.080001
1.080001
1.060000
1.060002
1.079999
1.080001
1.079999
1.060000
1.080001
1.060000
1.100000
1.060000
1.080001
1.280000
1.080001
1.080001
1.080001
1.060000
1.100000
1.060000
1.079999
1.080001
1.079999
1.340000
1.080001
1.100000
1.080001
1.100000
1.060000
1.079999
1.100000
1.080001
1.080001
1.060000
1.080001
1.100000
1.060000
1.100000
1.100000
1.100000
1.060000
1.100000
1.060002
1.080001
1.100000
1.060000
1.100000
1.060002
1.060000
1.100000
1.060000
1.060000
1.080001
1.079999
1.100000
1.079999
1.080001
1.100000
1.060000
1.060000
1.079999
1.060000
1.060000
1.080001
1.079999
1.080001
1.100000
1.100000
1.079999
1.100000
1.079999
1.100000
1.080001
1.060000
1.080001
1.060000
1.080001
1.060000
1.080001
1.100000
1.040000
1.079999
1.100000
1.079999
1.080001
1.079999
1.060000
1.080001
1.100000
1.079999
1.100000
1.080001
1.079999
1.100000
1.060002
1.100000
1.080001
1.060002
1.100000
1.080001
1.100000
1.100000
1.080001
1.100000
1.080001
1.100000
1.100000
1.060000
1.480000
1.100000
1.080001
1.060000
1.060000
1.100000
1.080001
1.060000
1.100000
1.060000
1.060000
1.060000
1.060000
1.080001
1.079999
1.080001
1.079999
1.060000
1.100000
1.079999
1.300000
1.079999
1.100000
1.100000
1.100000
1.100000
1.079999
1.100000
1.079999
1.060000
1.079999
1.060000
1.100000
1.079999
1.100000
1.079999
1.080001
1.080001
1.079999
1.100000
1.080001
1.080001
1.100000
1.119999
1.080001
1.080001
1.080001
1.120001
1.080001
1.080001
1.060000
1.080001
1.080001
1.080001
1.080001
1.080001
1.100000
1.079999
1.080001
1.080001
1.079999
1.060000
1.080001
1.060000
1.060000
1.079999
1.119999
1.060000
1.100000
1.060000
1.080001
1.100000
1.079999
1.079999
1.060000
1.060002
1.080001
1.080001
1.080001
1.060000
1.080001
1.060000
1.060000
1.060000
1.060002
1.080001
1.100000
1.079999
1.080001
1.079999
1.060000
1.060000
1.060000
1.060000
1.060000
1.100000
1.080001
1.100000
1.080001
1.040000
1.080001
1.080001
1.060000
1.080001
1.100000
1.080001
1.080001
1.080001
1.100000
1.060000
1.080001
1.060000
1.080001
1.080001
1.100000
1.080001
1.080001
1.080001
1.080001
1.060000
1.060000
1.100000
1.079999
1.100000
1.080001
1.100000
1.100000
1.079999
1.160001
1.079999
1.079999
1.060000
1.079999
1.060000
1.160001
1.080001
1.100000
1.060000
1.080001
1.080001
1.079999
1.060000
1.079999
1.080001
1.079999
1.080001
1.080001
1.060000
1.100000
1.060000
1.060000
1.100000
1.080001
1.060000
1.080001
1.100000
1.080001
1.079999
1.100000
1.060000
1.080001
1.060002
1.080001
1.060000
1.079999
1.060000
1.060000
1.060000
1.100000
1.080001
1.079999
1.399999
1.080001
1.179999
1.079999
1.060002
1.100000
1.060000
1.060000
1.100000
1.079999
1.080001
1.060000
1.060000
1.240000
1.080001
1.080001
1.100000
1.079999
1.079999
1.100000
1.080001
1.079999
1.080001
1.060002
1.080001
1.079999
1.060000
1.080001
1.100000
1.100000
1.060000
1.080001
1.100000
1.100000
1.080001
1.259999
1.100000
1.080001
1.079999
1.060000
1.080001
1.100000
1.080001
1.300000
1.060000
1.100000
1.080001
1.080001
1.080001
1.080001
1.080001
1.079999
1.079999
1.080001
1.060000
1.100000
1.060000
1.080001
1.100000
1.100000
1.080001
1.060000
1.080001
1.060002
1.079999
1.080001
1.080001
1.079999
1.079999
1.079999
1.080001
1.080001
1.060002
1.080001
1.060002
1.100000
1.060000
1.100000
1.300000
1.079999
1.080001
1.080001
1.080001
1.079999
1.079999
1.760000
1.060000
1.100000
1.060000
1.079999
1.060000
1.080001
1.079999
1.080001
1.079999
1.079999
1.100000
1.060000
1.100000
1.100000
1.060000
1.079999
1.060000
1.079999
1.100000
1.080001
1.100000
1.100000
1.060000
1.080001
1.120001
1.079999
1.119999
1.219999
1.060000
1.100000
1.060000
1.060000
1.060000
1.100000
1.060002
1.080001
1.100000
1.100000
1.060002
1.100000
1.080001
1.100000
1.119999
1.079999
1.079999
1.079999
1.120001
1.079999
1.060000
1.079999
1.120001
1.100000
1.100000
1.079999
1.080001
1.100000
1.060000
1.080001
1.100000
1.080001
1.060002
1.079999
1.100000
1.079999
1.079999
1.100000
1.079999
1.080001
1.080001
1.080001
1.060000
1.080001
1.080001
1.079999
1.079999
1.040000
1.080001
1.100000
1.080001
1.060000
1.060000
1.080001
1.079999
1.060000
1.060000
1.100000
1.120001
1.060000
1.100000
1.080001
1.080001
1.100000
1.060000
1.100000
1.060000
1.080001
1.080001
1.100000
1.080001
1.079999
1.060000
1.080001
1.060000
1.079999
1.060000
1.080001
1.120001
1.060002
1.060002
1.080001
1.080001
1.080001
1.080001
1.079999
1.080001
1.080001
1.060000
1.079999
1.060000
1.060000
1.100000
1.040000
1.100000
1.060000
1.079999
1.100000
1.080001
1.420001
1.100000
1.060000
1.080001
1.100000
1.080001
1.060000
1.060000
1.100000
1.080001
1.079999
1.079999
1.100000
1.060000
1.079999
1.060000
1.079999
1.399999
1.720000
1.080001
1.079999
1.079999
1.079999
1.100000
1.079999
1.060000
1.079999
1.060000
1.079999
1.080001
1.079999
1.080001
1.060000
1.060000
1.080001
1.060000
1.119999
1.079999
1.080001
1.060000
1.080001
1.100000
1.080001
1.220001
1.100000
1.060000
1.100000
1.080001
1.079999
1.100000
1.100000
1.100000
1.060000
1.079999
1.060000
1.100000
1.100000
1.060002
1.100000
1.079999
1.060002
1.060000
1.080001
1.060000
1.100000
1.139998
1.080001
1.060000
1.100000
1.080001
1.080001
1.060000
1.080001
1.100000
1.079999
1.080001
1.079999
1.060000
1.080001
1.100000
1.079999
