31.505999
31.253000
30.912001
30.873001
30.875000
32.382000
31.864000
31.281999
31.818000
31.918000
31.682000
31.763000
31.557000
31.881001
31.455999
32.405999
31.598000
31.832000
31.261000
32.187999
30.904000
31.835000
32.110000
32.237000
31.609001
32.369000
31.776000
32.039000
31.928000
31.649000
31.781000
31.502999
31.711000
31.664000
31.742000
31.498999
31.685000
31.559000
31.769000
31.547001
31.813000
31.994000
31.818001
31.561000
31.964000
31.539000
31.960000
31.518000
32.038000
31.548000
32.000000
31.557000
31.821000
31.518000
31.847999
31.498000
31.785000
31.543000
31.833000
31.556000
31.820000
31.624001
31.806000
31.540000
31.792000
31.542000
48.317000
31.246000
31.974000
31.057999
31.811000
31.168000
31.743000
31.066000
31.890000
31.060000
31.819000
32.151000
31.805000
31.877000
31.746000
31.185000
31.589000
31.060000
31.772000
31.100000
31.772000
31.168000
31.622999
31.048000
31.606000
31.110000
31.774000
31.350001
31.760000
31.069000
31.713000
31.566000
32.670000
31.781000
31.931000
31.561000
32.089001
32.087999
31.874000
31.903001
32.083000
31.416000
31.902000
32.247000
32.434000
31.140000
31.919000
32.029000
32.620000
31.270000
31.911000
31.060999
31.698001
31.241001
32.109001
31.919000
32.923001
32.699000
32.098000
31.900000
31.920000
32.666000
43.887000
31.924000
32.719000
31.752001
32.568000
32.013000
32.527001
31.939999
32.293000
32.122000
32.423000
32.046000
33.009000
31.772001
32.386000
32.781000
32.257000
31.145999
32.980000
31.217000
33.062001
31.103000
32.273000
31.277000
31.936999
32.132000
32.177000
31.971000
32.015000
31.256000
31.849000
31.178000
32.585001
32.112001
31.966001
31.459999
31.851999
31.397000
31.980000
32.632000
32.197000
32.143000
32.157999
32.407000
32.884001
32.537000
32.333001
31.265000
31.903000
32.090000
32.149000
31.874000
32.749000
32.537000
32.202000
32.228000
32.157000
32.164000
32.732000
31.979000
32.304000
32.094000
32.064999
31.851999
32.008001
31.152000
31.157999
32.961000
31.974000
31.668999
31.649000
32.392999
31.924000
31.786000
31.887000
32.234000
32.006000
31.884001
31.799000
32.580000
31.186000
32.182001
31.545999
32.001000
31.788999
31.245000
31.894000
32.856001
31.315000
32.180999
32.118999
32.991000
31.320999
32.169000
31.925000
32.743000
31.448000
31.665000
31.621000
32.845000
31.448000
31.917999
31.491000
32.068000
31.409999
31.958000
31.817000
32.873000
31.536000
32.754000
32.207000
32.996000
32.436999
32.813000
32.130000
33.036000
31.463000
31.994000
31.501001
31.997001
31.226000
33.641000
31.416001
31.981000
31.304000
33.086000
31.164000
30.945000
32.033000
31.084000
30.977000
31.111000
31.725000
32.290000
31.703000
31.253001
31.301000
31.308000
31.312000
31.198001
31.064000
31.270999
31.177000
30.928000
31.106000
31.136000
31.076999
31.253000
31.177000
31.243000
32.102000
31.498000
32.217000
31.780000
31.809000
31.818001
32.141000
31.519000
31.952000
31.494000
32.133000
31.827999
32.396999
31.688000
32.172000
31.517000
31.854001
31.492000
32.104000
31.445000
32.262000
31.696000
32.094000
30.914000
31.269000
31.646000
32.237000
31.510999
32.362000
31.653000
32.209000
31.547000
31.882999
31.847000
31.962001
31.644001
32.180000
32.327000
31.141000
31.822000
32.029999
32.178000
31.719000
31.965000
31.710001
32.004000
31.531000
31.846000
31.839000
32.158000
31.688000
32.164000
31.544000
31.842000
32.284000
32.113000
32.197000
32.060000
32.362000
31.886000
32.315000
32.180000
32.099000
32.016000
32.280000
31.878000
31.641000
31.880000
32.184999
31.980000
32.280000
31.990000
32.612000
31.822000
31.620000
32.203000
32.183000
32.046000
31.186000
31.702001
32.109000
31.823000
32.097001
33.283000
33.225000
33.090000
32.838000
32.741999
31.997999
32.194000
31.773000
32.754000
32.786000
32.762000
31.793000
32.530000
32.517000
32.922000
31.927000
32.575999
32.559000
31.873000
32.285000
33.125999
32.806000
32.171000
33.441001
32.496001
33.096001
32.467999
32.552999
32.503000
32.648000
32.700000
32.397000
32.528000
33.325000
32.748001
32.573000
32.783000
33.318000
31.946000
31.508000
32.244000
31.897000
32.111000
32.195999
32.252000
32.064000
32.122000
31.366000
32.101000
32.078001
31.575000
32.046000
31.860000
31.986999
32.528000
32.367000
32.852001
32.617999
31.863000
33.369000
31.948000
32.417000
32.477000
33.008000
32.670001
32.215999
32.614000
32.197000
32.506000
31.299000
32.266000
31.463000
32.236000
32.229000
31.141000
31.353000
32.150000
32.634000
32.975000
32.787000
32.107000
31.769999
31.778000
31.568999
31.991000
31.579000
31.957000
31.989001
31.880001
31.920000
32.295000
31.765000
31.973000
31.789999
32.017999
31.768000
31.780999
31.658000
31.978999
31.679000
31.940000
31.571000
31.737000
32.071000
31.775001
31.664000
31.787001
31.548000
31.767000
31.555000
31.760001
31.738000
31.888001
31.920000
31.938001
31.873000
31.949000
32.272000
32.304000
32.233001
32.074001
32.047001
31.777999
32.092000
31.946001
31.724000
31.796000
31.745000
31.953000
31.765000
31.775000
31.730999
32.859000
32.466000
31.930001
32.025000
32.982999
32.957000
31.647000
31.207000
31.957000
31.710000
32.156000
31.382000
32.218000
31.790000
30.851000
30.913999
31.533000
32.231000
31.992001
32.231000
32.066001
31.981001
32.238999
31.850000
32.037000
31.234000
32.154000
32.051001
32.370000
31.727000
32.238000
32.061000
32.160000
32.013000
32.305000
31.700999
32.279000
32.350000
32.194000
32.329001
32.211999
32.192000
32.369001
31.375000
32.269000
32.040000
32.125000
31.353001
32.219000
31.126000
32.025999
32.055001
32.353001
32.173000
32.352000
31.128000
30.950000
32.250999
31.896000
31.688000
32.031000
31.737000
32.002999
32.157999
32.016000
32.194001
32.658000
31.111999
32.505000
31.441000
32.435000
31.595000
32.408000
31.118999
32.392000
31.123000
31.599999
31.789999
32.445000
32.079000
31.819000
31.830000
32.498999
31.560000
31.600000
31.745999
32.276000
31.451000
32.436999
31.469001
31.613000
31.540000
32.511000
32.267000
32.324000
31.991000
32.280000
31.765000
32.385000
31.637000
32.418000
31.150999
31.761001
31.656000
32.326000
31.213000
32.277999
31.963999
32.450000
31.761000
32.032000
31.858000
31.582001
30.930000
32.407000
31.585000
32.450000
31.076000
32.442000
31.440000
31.773999
31.204999
31.584000
31.276001
32.276000
31.752000
32.390000
32.002999
31.547000
31.206001
32.075000
32.094000
31.723000
31.661999
31.390000
31.389999
31.718000
30.956000
31.487999
31.862000
31.530000
31.456999
31.828000
31.698000
31.579000
31.323000
31.199000
31.739000
32.169000
31.768000
31.938000
31.987000
31.313000
31.835000
32.508001
32.099000
32.377000
31.866000
32.112001
32.153000
32.201000
31.351999
32.138000
31.928000
31.548000
32.002000
32.061000
31.208000
32.264000
31.700000
31.911001
31.455999
32.164000
32.054000
31.733001
32.045000
32.010000
31.326001
31.988000
31.638999
32.093001
32.032000
32.120000
31.915000
32.318000
31.935000
31.993000
31.961000
31.958999
32.519000
32.168000
32.063000
32.486999
31.417999
32.684000
32.068999
32.672000
31.367000
32.428000
32.091000
33.328000
32.164000
32.157000
31.531000
32.167000
31.136001
32.173000
31.806000
32.988000
31.513000
32.860000
31.730000
32.016000
32.285000
31.690000
31.544000
32.758000
31.584000
32.137999
32.061000
32.169000
31.730000
31.886999
32.397000
32.272000
31.365000
32.886000
31.582001
32.519000
32.043000
32.324000
31.566000
32.027000
31.371000
31.816000
31.560000
32.157000
31.757000
32.350000
31.598999
31.986000
31.690001
33.213000
31.730000
32.324000
32.450000
33.040999
32.055000
32.859000
31.381000
33.021000
31.399000
32.680000
31.245000
32.672999
31.542000
32.644000
32.017000
32.292000
31.361001
32.130999
31.554000
32.981999
31.740000
32.167999
32.141000
32.994000
31.596000
32.988000
31.590001
32.137999
31.597000
32.311000
31.751000
32.833000
32.295000
32.324000
32.268001
33.016000
32.242000
32.791000
31.223000
32.636000
32.088000
33.020000
32.344000
32.873999
32.104000
32.157000
31.913000
32.847000
31.637000
32.867000
32.135000
33.210000
31.627000
31.969001
32.317000
32.848000
32.379000
32.791000
32.248000
32.716000
31.609001
33.240999
32.453000
32.986999
31.436000
32.699000
31.961000
32.543000
31.404000
31.990000
33.406000
33.595000
32.265000
33.479000
32.516000
32.546001
32.310000
32.386000
32.470000
33.222000
32.449000
33.104000
33.186000
33.280000
32.275000
32.403000
32.517000
33.464001
33.038000
33.567999
32.650000
33.354000
32.908000
32.309000
32.618000
32.198000
32.368001
32.976001
33.420000
33.519001
32.630000
33.698000
32.792000
33.826000
32.593000
33.354000
32.337000
32.678001
33.487000
33.788000
32.771000
32.481000
32.649000
33.596000
32.640000
32.731000
33.202000
33.492000
32.767001
32.924000
32.721000
33.582000
33.284000
33.305001
32.762000
33.100001
33.125999
33.395001
33.066000
33.273000
33.158000
33.414000
32.347000
33.018000
31.496000
32.886000
31.535000
33.179000
31.747000
33.520999
32.403001
33.164999
32.236001
32.604000
31.695000
32.912000
31.587000
32.839000
32.248000
32.638000
31.512000
32.988000
32.068000
32.930000
31.589000
32.934000
31.874000
32.689000
32.096000
32.951000
31.548000
32.776000
31.914000
32.769000
32.255000
32.761999
31.950001
33.476000
31.774000
33.150000
32.265000
32.471000
31.571000
32.199999
31.483000
32.860000
31.123000
32.655001
31.911000
33.007001
31.372000
33.127001
31.444999
32.435999
31.881000
33.263001
32.390000
33.153000
31.880000
33.035000
31.339000
33.036999
32.089000
292.694001
31.587000
31.687000
31.372000
31.759000
30.990000
31.744001
31.167000
31.747000
31.332000
31.821000
31.356000
31.692999
31.111000
31.756000
30.998001
31.758000
31.199000
31.933000
31.007000
31.843000
31.191000
31.743000
31.191000
31.885000
30.982000
31.747000
31.170000
31.746000
31.036000
31.697000
31.119999
31.905999
31.157000
32.030000
30.970001
31.760000
31.102000
31.752000
31.238000
31.743000
31.172000
31.754000
31.169000
31.777000
31.035000
31.748001
31.076000
31.758000
31.183000
31.753999
31.180000
31.814001
31.168999
31.757000
31.155000
31.747000
30.947000
31.692000
31.099000
31.729001
31.823000
31.241000
33.149000
32.351000
32.029000
32.440000
32.675000
32.265000
31.986000
31.341000
