1262.840000
1265.960000
1293.660000
1295.220000
1267.280000
1272.320000
1264.900000
1268.160000
1290.960000
1296.540000
1270.340000
1262.700000
1266.500000
1264.900000
1292.100000
1288.840000
1345.080000
1264.500000
1273.100000
1272.620000
1546.120000
1302.160000
1297.100000
1267.460000
1265.460000
1271.260000
1268.960000
1274.700000
1287.400000
1310.080000
1271.800000
1270.900000
1270.920000
1271.200000
1294.460000
1294.360000
1279.300000
1272.340000
1265.500000
1271.800000
1292.580000
1302.100000
1265.380000
1267.220000
1264.500000
1274.260000
1266.800000
1296.880000
1288.020000
1267.720000
1339.400000
1263.680000
1266.060000
1305.420000
1290.080000
1263.020000
1273.620000
1266.700000
1272.400000
1309.780000
1326.860000
1270.040000
1265.580000
1260.900000
1263.680000
1264.500000
1287.560000
1287.780000
1267.660000
1266.200000
1260.380000
1263.440000
1290.400000
1294.380000
1263.020000
1263.740000
1264.700000
1262.740000
1286.740000
1290.080000
1264.040000
1261.340000
1267.040000
1266.860000
1292.860000
1294.300000
1288.940000
1268.040000
1266.360000
1272.900000
1288.580000
1316.420000
1284.900000
1264.120000
1276.740000
1278.260000
1262.280000
1288.260000
1293.740000
1264.500000
1265.440000
1267.440000
1262.340000
1293.700000
1293.020000
1276.140000
1265.820000
1266.140000
1261.340000
1293.220000
1292.420000
1263.980000
1262.900000
1264.960000
1261.620000
1291.120000
1291.180000
1266.200000
1263.480000
1259.940000
1261.360000
1264.660000
1299.460000
1294.620000
1267.240000
1267.200000
1289.360000
1264.180000
1290.760000
1303.480000
1262.000000
1269.820000
1263.600000
1266.240000
1301.240000
1294.900000
1264.980000
1262.040000
1263.300000
1263.360000
1288.880000
1297.060000
1262.840000
1265.380000
1260.740000
1262.960000
1265.900000
1290.420000
1281.800000
1263.880000
1266.560000
1262.900000
1265.860000
1294.080000
1287.340000
1262.480000
1263.540000
1259.500000
1264.180000
1292.100000
1285.820000
1264.020000
1263.440000
1266.020000
1273.500000
1291.800000
1294.560000
1271.120000
1266.320000
1272.160000
1268.480000
1292.440000
1302.800000
1265.500000
1264.160000
1263.240000
1262.600000
1268.120000
1290.640000
1288.580000
1264.740000
1261.140000
1264.740000
1262.840000
1303.620000
1292.820000
1262.560000
1266.040000
1262.680000
1268.080000
1294.480000
1294.080000
1261.420000
1265.480000
1264.460000
1266.160000
1291.780000
1298.500000
1264.880000
1272.760000
1263.460000
1267.100000
1294.720000
1294.040000
1260.760000
1269.240000
1263.760000
1269.280000
1273.760000
1292.020000
1296.360000
1270.540000
1265.320000
1261.440000
1264.460000
1302.460000
1291.720000
1262.180000
1262.980000
1263.420000
1263.620000
1290.520000
1291.020000
1263.080000
1264.100000
1266.360000
1267.460000
1288.580000
1292.220000
1265.080000
1261.300000
1265.600000
1262.360000
1290.240000
1292.740000
1265.100000
1266.280000
1262.500000
1260.920000
1266.520000
1284.080000
1309.660000
1285.360000
1273.700000
1284.080000
1289.340000
1324.340000
1306.140000
1267.920000
1284.800000
1273.440000
1266.920000
1267.880000
1290.140000
1293.840000
1272.120000
1266.840000
1266.200000
1282.780000
1310.360000
1301.440000
1280.700000
1273.360000
1280.520000
1265.780000
1266.780000
1296.380000
1298.980000
1265.720000
1266.000000
1263.300000
1270.000000
1305.700000
1299.620000
1279.340000
1275.000000
1268.820000
1282.840000
1276.280000
1300.620000
1312.220000
1270.540000
1279.080000
1273.780000
1297.520000
1308.860000
1301.960000
1266.660000
1274.060000
1270.020000
1266.280000
1263.760000
1290.600000
1286.760000
1263.000000
1261.020000
1266.340000
1263.000000
1288.540000
1293.700000
1266.760000
1263.420000
1263.220000
1259.940000
1290.960000
1293.000000
1261.020000
1265.580000
1262.120000
1263.200000
1288.300000
1294.500000
1262.920000
1261.660000
1264.800000
1265.540000
1290.840000
1298.560000
1267.920000
1270.880000
1265.720000
1271.880000
1270.240000
1290.100000
1303.500000
1267.860000
1272.200000
1273.240000
1261.740000
1291.940000
1290.160000
1263.920000
1265.500000
1262.300000
1261.620000
1286.700000
1296.360000
1261.220000
1262.860000
1262.300000
1262.240000
1295.700000
1291.880000
1261.620000
1262.640000
1265.160000
1263.700000
1263.740000
1287.180000
1286.480000
1263.160000
1262.520000
1261.240000
1263.220000
1289.800000
1291.640000
1267.100000
1286.480000
1266.760000
1266.320000
1300.880000
1294.160000
1270.480000
1267.020000
1266.560000
1276.280000
1287.980000
1292.060000
1261.860000
1264.120000
1263.140000
1263.380000
1265.540000
1287.060000
1293.080000
1262.480000
1260.340000
1264.180000
1263.600000
1290.360000
1293.780000
1264.320000
1263.560000
1266.120000
1265.340000
1289.320000
1295.060000
1261.700000
1266.760000
1261.360000
1262.940000
1286.760000
1294.420000
1264.660000
1263.520000
1305.840000
1271.420000
1291.980000
1300.340000
1266.820000
1273.320000
1266.300000
1267.280000
1276.960000
1295.000000
1293.220000
1279.800000
1263.740000
1264.800000
1261.360000
1279.980000
1289.540000
1262.520000
1265.980000
1264.280000
1265.720000
1282.200000
1288.840000
1263.380000
1265.460000
1262.560000
1267.540000
1291.440000
1293.200000
1263.260000
1264.820000
1262.080000
1262.980000
1263.160000
1291.820000
1296.800000
1266.480000
1262.660000
1272.480000
1260.740000
1288.520000
1299.440000
1262.500000
1271.180000
1264.540000
1263.000000
1299.600000
1286.060000
1261.860000
1261.340000
1262.240000
1311.780000
1293.200000
1298.660000
1265.200000
1264.780000
1262.500000
1262.500000
1266.260000
1287.420000
1294.120000
1264.580000
1264.120000
1260.920000
1267.140000
1299.260000
1293.240000
1263.220000
1260.620000
1260.420000
1262.760000
1289.040000
1291.080000
1270.280000
1265.880000
1263.140000
1270.120000
1289.840000
1293.560000
1272.060000
1265.080000
1271.100000
1264.320000
1291.780000
1298.980000
1289.760000
1261.660000
1263.020000
1263.240000
1266.220000
1291.100000
1290.300000
1265.840000
1262.020000
1263.900000
1264.520000
1293.820000
1290.760000
1264.280000
1264.640000
1262.400000
1260.400000
1290.720000
1293.820000
1262.200000
1261.840000
1263.320000
1265.100000
1288.380000
1288.340000
1262.800000
1267.760000
1260.920000
1261.220000
1299.760000
1290.080000
1265.000000
1268.220000
1288.620000
1270.180000
1273.580000
1287.240000
1299.880000
1272.100000
1264.380000
1262.680000
1261.880000
1289.980000
1291.440000
1262.560000
1262.440000
1263.700000
1264.200000
1291.580000
1292.320000
1262.220000
1263.060000
1262.160000
1262.780000
1288.720000
1293.920000
1266.340000
1265.360000
1263.640000
1262.420000
1291.100000
1287.100000
1265.240000
1260.220000
1268.000000
1263.500000
1277.880000
1369.240000
1295.700000
1261.580000
1273.000000
1282.680000
1271.740000
1301.580000
1297.440000
1273.120000
1281.220000
1274.520000
1264.240000
1266.420000
1291.340000
1290.740000
1266.800000
1264.440000
1264.620000
1262.320000
1290.180000
1294.820000
1263.920000
1265.420000
1264.520000
1266.040000
1286.320000
1288.280000
1269.060000
1263.520000
1261.900000
1264.760000
1290.300000
1294.920000
1264.320000
1265.140000
1265.220000
1268.140000
1315.240000
1315.100000
1292.060000
1282.360000
1279.560000
1303.920000
1281.160000
1301.800000
1299.840000
1279.080000
1284.300000
1275.980000
1275.680000
1276.320000
1321.420000
1290.100000
1263.080000
1262.220000
1264.380000
1265.420000
1287.100000
1293.620000
1266.380000
1262.580000
1264.100000
1267.540000
1293.380000
1296.920000
1264.180000
1261.600000
1263.320000
1269.220000
1261.840000
1286.520000
1294.600000
1260.620000
1267.880000
1265.580000
1265.000000
1295.460000
1296.300000
1266.080000
1270.960000
1285.800000
1271.900000
1296.300000
1296.060000
1270.620000
1269.140000
1263.520000
1266.900000
1289.260000
1294.640000
1266.800000
1264.480000
1264.640000
1265.860000
1264.900000
1285.540000
1293.220000
1259.340000
1263.600000
1263.800000
1263.020000
1292.300000
1290.940000
1266.840000
1263.300000
1263.080000
1262.860000
1290.860000
1292.940000
1262.260000
1265.500000
1262.300000
1267.120000
1293.940000
1297.100000
1265.360000
1261.040000
1276.340000
1286.860000
1290.240000
1294.480000
1266.140000
1263.280000
1264.240000
1266.260000
1263.640000
1290.960000
1296.880000
1264.020000
1268.180000
1265.280000
1266.400000
1291.020000
1293.460000
1266.860000
1265.200000
1264.740000
1265.800000
1295.720000
1291.700000
1263.160000
1266.440000
1266.520000
1260.360000
1290.620000
1293.260000
1266.580000
1264.060000
1264.660000
1277.880000
1298.660000
1293.680000
1268.320000
1264.100000
1267.060000
1268.640000
1263.260000
1288.100000
1291.800000
1266.900000
1271.900000
1265.540000
1266.300000
1290.540000
1295.580000
1264.540000
1265.720000
1264.280000
1267.200000
1291.860000
1293.280000
1269.980000
1266.800000
1262.660000
1266.480000
1290.940000
1293.340000
1265.440000
1261.700000
1268.320000
1264.560000
1265.360000
1288.940000
1289.820000
1263.440000
1266.660000
1262.920000
1264.500000
1294.200000
1292.980000
1266.060000
1263.760000
1266.300000
1263.600000
1293.460000
1293.800000
1265.600000
1265.480000
1265.280000
1265.920000
1288.400000
1294.320000
1264.080000
1263.580000
1263.620000
1265.760000
1289.060000
1292.860000
1265.020000
1265.700000
1263.820000
1264.780000
1266.440000
1292.960000
1263.360000
1264.220000
1263.600000
1268.140000
1267.400000
1290.680000
1290.700000
1263.960000
1266.000000
1264.180000
1263.380000
1293.860000
1292.620000
1265.960000
1265.260000
1265.340000
1263.900000
1288.160000
1293.080000
1264.680000
1269.180000
1264.860000
1264.140000
1291.080000
1301.620000
1267.960000
1264.320000
1264.680000
1262.980000
1264.400000
1293.620000
1286.720000
1266.280000
1268.140000
1265.080000
1267.040000
1288.580000
1288.500000
1264.900000
1263.480000
1265.220000
1264.840000
1294.420000
1294.600000
1268.320000
1260.620000
1264.700000
1266.420000
1283.720000
1291.020000
1266.620000
1272.840000
1284.920000
1264.840000
1301.180000
1314.040000
1263.740000
1262.680000
1270.020000
1266.540000
1264.420000
1294.820000
1297.600000
1273.880000
1268.840000
1263.740000
1269.500000
1288.620000
1292.160000
1262.700000
1266.280000
1265.060000
1264.060000
1288.560000
1292.520000
1262.760000
1262.740000
1264.300000
1261.620000
1285.500000
1292.180000
1262.060000
1266.720000
1265.520000
1262.780000
1289.000000
1304.460000
1287.920000
1262.440000
1261.380000
1261.120000
1265.360000
1293.740000
1289.080000
1267.580000
1263.980000
1288.460000
1275.280000
1294.460000
1301.960000
1261.900000
1272.780000
1265.220000
1264.280000
1295.820000
1293.460000
1262.160000
1265.560000
1267.120000
1261.860000
1262.080000
1285.580000
1292.800000
1261.200000
1264.640000
1266.000000
1262.400000
1292.000000
1293.540000
1265.580000
1262.640000
1262.980000
1265.420000
1286.780000
1293.220000
1265.700000
1264.180000
1263.960000
1262.800000
1290.120000
1287.040000
1267.600000
1267.280000
1264.480000
1272.360000
1289.780000
1292.680000
1271.320000
1284.360000
1273.560000
1270.440000
1263.240000
1297.000000
1293.800000
1263.900000
1261.960000
1263.140000
1264.080000
1289.320000
1291.340000
1263.700000
1262.640000
1269.680000
1264.460000
1290.600000
1296.660000
1263.780000
1265.360000
1263.080000
1263.900000
1290.360000
1296.020000
1262.120000
1262.700000
1261.040000
1264.700000
1287.900000
1289.800000
1263.260000
1267.520000
1262.980000
1263.800000
1273.140000
1325.640000
1295.780000
1272.480000
1287.120000
1269.540000
1272.100000
1295.480000
1297.300000
1271.820000
1264.040000
1263.440000
1267.700000
1285.100000
1293.640000
1260.240000
1263.480000
1261.420000
1263.680000
1291.380000
1293.280000
1262.700000
1263.400000
1260.660000
1262.560000
1293.700000
1294.400000
1263.580000
1263.840000
1264.440000
1262.700000
1264.900000
1288.240000
1291.220000
1265.260000
1269.920000
1264.000000
1264.040000
1299.240000
1292.240000
1267.900000
1271.680000
1282.960000
1270.560000
1304.580000
1294.200000
1269.800000
1273.880000
1266.480000
1263.260000
1287.640000
1295.880000
1266.720000
1263.420000
1265.840000
1262.840000
1264.260000
1287.100000
1288.300000
1263.280000
1262.780000
1264.680000
1264.740000
1291.100000
1294.060000
1283.900000
1264.860000
