16.920000
16.800001
16.819999
16.780000
16.780000
16.759999
16.759999
16.780000
16.740002
16.780000
16.740002
16.780000
16.759999
16.780000
16.759999
16.739998
16.740002
16.739998
16.739998
16.780000
16.780000
16.739998
16.780000
16.740002
16.760003
16.759999
16.759999
16.759999
16.760003
16.780000
16.780000
16.780000
16.780000
16.819999
16.780000
16.780000
16.759999
16.739998
16.720001
16.780000
16.739998
16.780000
16.780000
16.759999
16.739998
16.780000
16.739998
16.760003
35.560001
16.879998
16.780000
16.739998
16.759999
16.759999
16.780000
16.760003
16.740002
16.759999
16.740002
16.759999
16.740002
16.739998
16.739998
16.780000
16.739998
16.759999
16.760003
16.759999
16.759999
16.760003
16.780000
16.739998
16.740002
16.740002
16.780000
16.800001
16.740002
16.759999
16.739998
16.759999
16.760003
16.759999
16.760003
16.760003
16.759999
16.759999
16.740002
16.739998
16.759999
16.739998
16.740002
16.780000
16.760003
16.740002
16.780000
16.739998
16.740002
16.739998
16.759999
16.740002
16.759999
16.759999
16.759999
16.739998
16.759999
16.779996
16.759999
16.760003
16.759999
16.780000
16.759999
16.780000
16.759999
16.759999
16.759999
16.780000
16.760003
16.780000
16.740002
16.759999
16.780000
16.759999
16.780000
16.780000
16.740002
16.759999
16.740002
16.759999
16.759999
16.759999
16.739998
16.739998
16.759999
16.740002
16.780000
16.760003
16.780000
16.760003
16.759999
16.780000
16.740002
16.740002
16.739998
16.780000
16.759999
16.740002
16.739998
16.739998
16.739998
16.780000
16.780000
16.780000
16.780000
16.739998
16.759999
16.760003
16.739998
16.759999
16.780000
16.780000
16.740002
16.759999
16.739998
16.780000
16.759999
16.759999
16.759999
16.740002
16.740002
16.759999
16.739998
16.759999
16.760003
16.780000
16.780000
16.740002
16.760003
16.780000
16.760003
16.759999
16.759999
16.759999
16.739998
16.759999
16.760003
16.739998
16.740002
16.760003
16.739998
16.759999
16.780000
16.759999
16.780000
16.700000
16.780000
16.759999
16.759999
16.760003
16.760003
16.740002
16.780000
16.739998
16.759999
16.780000
16.779996
16.740002
16.740002
16.780000
16.759999
16.739998
16.739998
16.759999
16.759999
16.759999
16.759999
16.780000
16.739998
16.740002
16.740002
16.780000
16.740002
16.759999
16.759999
16.740002
16.740002
16.759999
16.760003
16.740002
16.780000
16.740002
16.739998
16.739998
16.780000
16.740002
16.759999
16.780000
16.759999
16.759999
16.780000
16.780000
16.759999
16.919997
16.780000
17.060000
16.740002
16.759999
16.759999
16.780000
16.759999
16.759999
16.780000
16.780000
16.759999
16.740002
16.760003
16.780000
16.759999
16.759999
16.739998
16.739998
16.739998
16.780000
16.739998
16.760003
16.740002
16.780000
16.759999
16.740002
16.740002
16.760003
16.760003
16.760003
16.739998
16.780000
16.780000
16.760003
16.740002
16.759999
16.759999
16.739998
16.740002
16.780000
16.780000
16.740002
16.739998
16.740002
16.740002
16.740002
16.759999
16.759999
16.739998
16.760003
16.739998
16.740002
16.759999
16.759999
16.759999
16.759999
16.760003
16.780000
16.759999
16.739998
16.740002
16.780000
16.759999
16.780000
16.780000
16.739998
16.759999
16.780000
16.759999
16.759999
16.759999
16.780000
16.759999
16.740002
16.780000
16.759999
16.780000
16.740002
16.739998
16.759999
16.759999
16.720001
16.739998
16.739998
16.739998
16.780000
16.740002
16.760003
16.780000
16.739998
16.759999
16.739998
16.740002
16.759999
16.739998
16.760003
17.219998
16.740002
16.739998
16.739998
16.780000
16.780000
16.759999
16.759999
16.740002
16.739998
16.760003
16.800001
16.740002
16.739998
16.739998
16.759999
16.759999
16.779996
16.759999
16.759999
16.739998
16.739998
16.740002
16.780000
16.759999
16.760003
16.780000
16.760003
16.760003
16.780000
16.759999
16.739998
16.759999
16.760003
16.759999
16.759999
16.739998
16.780000
16.759999
16.760003
16.780000
16.780000
16.759999
16.739998
16.740002
16.740002
16.779996
16.760003
16.739998
16.780000
16.740002
16.759999
16.739998
16.739998
16.780000
16.780000
16.759999
16.739998
16.759999
16.780000
16.739998
16.760003
16.739998
16.760003
16.780000
16.759999
16.780000
16.739998
16.760003
16.760003
16.740002
16.780000
16.740002
16.780000
16.759999
16.759999
16.739998
16.759999
16.739998
16.780000
16.740002
16.759999
16.780000
16.780000
16.739998
16.740002
16.759999
16.759999
16.780000
16.740002
16.739998
16.780000
16.740002
16.780000
16.739998
16.760003
16.739998
16.780000
16.739998
16.740002
16.739998
16.759999
16.740002
16.780000
16.760003
16.739998
16.739998
16.759999
16.780000
16.759999
16.740002
16.740002
16.760003
16.740002
16.759999
16.779996
16.759999
16.759999
16.739998
16.759999
16.759999
16.780000
16.740002
16.760003
16.779996
16.759999
16.780000
16.759999
16.759999
16.740002
16.739998
16.759999
16.759999
16.739998
16.740002
16.779996
16.739998
16.759999
16.740002
16.780000
16.739998
16.760003
16.740002
16.740002
16.739998
16.759999
16.759999
16.780000
16.780000
16.780000
16.760003
16.760003
16.740002
16.740002
16.759999
16.739998
16.739998
16.759999
16.759999
16.740002
16.759999
16.759999
16.759999
16.780000
16.739998
16.739998
16.739998
16.739998
16.740002
16.760003
16.780000
16.780000
16.780000
16.780000
16.740002
16.759999
16.740002
16.759999
16.740002
16.759999
16.780000
16.739998
16.759999
16.780000
16.740002
16.780000
16.739998
16.780000
16.759999
16.740002
16.780000
16.759999
16.759999
16.759999
16.780000
16.740002
16.759999
16.759999
16.759999
16.739998
16.780000
16.740002
16.760003
16.780000
16.739998
16.780000
16.779996
16.760003
16.739998
16.780000
16.759999
16.739998
16.740002
16.740002
16.759999
16.759999
16.740002
16.759999
16.740002
16.760003
16.740002
16.759999
16.739998
16.780000
16.760003
16.739998
16.759999
16.759999
16.780000
16.739998
16.740002
16.759999
16.780000
16.739998
16.740002
16.780000
16.759999
16.779996
16.739998
16.780000
16.760003
16.780000
16.760003
16.740002
16.759999
16.739998
16.760003
16.739998
16.759999
16.780000
16.759999
16.759999
16.780000
16.739998
16.759999
16.780000
16.739998
16.759999
16.740002
16.740002
16.780000
16.739998
16.759999
16.759999
16.740002
16.759999
16.760003
16.759999
16.780000
16.759999
16.759999
16.740002
16.760003
16.760003
16.739998
16.739998
16.739998
16.780000
16.759999
16.740002
16.740002
16.780000
16.760003
16.780000
24.080001
16.739998
16.780000
16.740002
16.780000
16.780000
16.759999
16.740002
16.740002
16.739998
16.759999
16.759999
16.759999
16.740002
16.759999
16.740002
16.780000
16.759999
16.740002
16.759999
16.760003
16.780000
16.760003
16.759999
16.740002
16.739998
16.840000
16.759999
16.759999
16.740002
16.759999
16.760003
16.740002
16.780000
16.739998
16.739998
16.739998
16.759999
16.780000
16.739998
16.740002
16.739998
16.759999
16.760003
16.740002
16.759999
16.780000
16.740002
16.740002
16.780000
16.740002
16.740002
16.780000
16.799998
16.759999
16.740002
16.760003
16.760003
16.759999
16.759999
16.739998
16.759999
16.739998
16.760003
16.759999
16.739998
16.759999
16.759999
16.759999
16.740002
16.780000
16.759999
16.779996
16.740002
16.760003
16.759999
16.740002
16.759999
16.780000
16.740002
16.740002
16.780000
16.759999
16.780000
16.739998
16.780000
16.740002
16.780000
16.759999
16.759999
16.720001
16.759999
16.739998
16.760003
16.740002
16.740002
16.739998
16.780000
16.780000
16.740002
16.759999
16.759999
16.780000
16.740002
16.759999
16.759999
16.740002
16.760003
16.739998
16.740002
16.759999
16.759999
16.780000
16.800001
16.760003
16.759999
16.740002
16.739998
16.780000
16.739998
16.760003
16.740002
16.800001
16.780000
16.740002
16.759999
16.759999
16.780000
16.739998
16.780000
16.740002
16.739998
16.759999
16.759999
16.740002
16.760003
16.760003
16.780000
16.780000
16.780000
16.740002
16.780000
16.780000
16.740002
16.739998
16.780000
16.759999
16.760003
16.780000
16.780000
16.759999
16.759999
16.739998
16.760003
16.780000
16.759999
16.719997
16.760003
16.759999
16.780000
16.740002
16.759999
16.759999
16.780000
16.759999
16.740002
16.760003
16.759999
16.740002
16.759999
16.740002
16.740002
16.740002
16.780000
16.739998
16.759999
16.739998
16.759999
16.740002
16.739998
16.759999
16.759999
16.759999
16.739998
16.759999
16.739998
16.760003
16.780000
16.780000
16.780000
16.740002
16.780000
16.739998
16.800001
16.780000
16.759999
16.759999
16.740002
16.759999
16.759999
16.760003
16.779996
16.739998
16.780000
16.740002
16.740002
16.759999
16.739998
16.740002
16.740002
16.739998
16.780000
16.759999
16.780000
16.760003
16.740002
16.740002
16.759999
80.340002
16.840000
16.740002
16.740002
17.039999
16.800001
16.819999
16.700000
16.759999
16.739998
16.759999
16.779996
16.739998
16.780000
16.759999
16.739998
16.759999
16.780000
16.780000
16.780000
16.740002
16.739998
16.759999
16.759999
16.739998
16.740002
16.780000
16.740002
16.759999
16.760003
16.780000
16.759999
16.759999
16.780000
16.759999
16.800001
16.759999
16.780000
16.759999
16.759999
16.760003
16.759999
16.760003
16.739998
16.720001
16.759999
16.759999
16.780000
16.780000
16.780000
16.740002
16.759999
16.759999
16.780000
16.759999
16.759999
16.759999
16.740002
16.760003
16.780000
16.780000
16.739998
16.760003
16.740002
16.759999
16.739998
16.739998
16.759999
16.759999
16.759999
16.759999
16.760003
16.740002
16.740002
16.760003
16.759999
16.760003
16.759999
16.740002
16.759999
16.780000
16.759999
16.740002
16.780000
16.759999
16.759999
16.739998
16.760003
16.740002
16.739998
16.739998
16.740002
16.759999
16.740002
16.739998
16.780000
16.759999
16.759999
16.740002
16.780000
16.760003
16.760003
16.759999
16.759999
16.739998
16.760003
16.740002
16.739998
16.759999
16.759999
16.780000
16.740002
16.759999
16.739998
16.780000
16.740002
16.759999
16.739998
16.740002
16.760003
16.759999
16.759999
16.780000
16.759999
16.739998
16.780000
16.780000
16.759999
16.739998
16.759999
16.760003
16.739998
16.740002
16.759999
16.780000
16.739998
16.759999
16.780000
16.740002
16.740002
16.740002
16.740002
16.759999
16.739998
16.899999
16.740002
16.780000
16.760003
16.760003
16.780000
16.759999
16.740002
16.740002
16.780000
16.780000
16.739998
16.740002
16.739998
16.740002
16.780000
