133.460000
85.380000
72.120000
67.040000
66.100000
65.520000
66.120000
65.900000
65.800000
65.900000
66.100000
65.500000
65.960000
66.200000
65.480000
66.080000
65.980000
65.800000
65.200000
65.880000
65.420000
65.920000
66.020000
66.180000
65.300000
65.400000
65.800000
65.600000
65.800000
88.060000
70.480000
67.680000
66.140000
65.840000
65.840000
65.400000
65.780000
66.300000
65.680000
66.140000
65.860000
66.420000
65.960000
65.640000
65.280000
65.780000
65.580000
65.820000
65.640000
65.500000
65.440000
65.600000
65.300000
65.740000
65.860000
65.940000
65.500000
65.240000
65.840000
65.880000
65.720000
65.900000
65.280000
65.860000
65.880000
65.300000
65.360000
66.080000
66.420000
65.640000
65.540000
65.900000
65.660000
66.260000
66.020000
65.600000
65.620000
66.060000
66.140000
65.700000
65.480000
66.060000
65.780000
65.860000
66.180000
65.760000
65.760000
65.860000
65.720000
70.640000
65.980000
66.580000
66.100000
65.640000
66.180000
65.580000
65.820000
65.840000
66.320000
65.740000
66.380000
65.820000
66.160000
65.900000
66.020000
65.320000
65.660000
65.280000
66.140000
65.740000
66.220000
65.600000
65.800000
65.680000
65.940000
65.580000
66.020000
65.600000
65.680000
65.480000
65.920000
65.980000
65.920000
65.920000
65.860000
65.940000
65.460000
66.580000
65.760000
65.460000
65.900000
65.560000
65.860000
65.620000
65.940000
65.920000
65.560000
65.780000
65.620000
65.840000
65.360000
65.900000
65.700000
65.620000
65.700000
65.780000
65.600000
66.200000
65.540000
65.480000
73.480000
66.420000
65.660000
65.900000
66.220000
66.000000
65.820000
65.580000
65.700000
65.760000
65.900000
65.920000
65.540000
66.380000
65.640000
66.040000
66.020000
65.720000
65.360000
65.720000
66.460000
65.900000
65.740000
65.480000
65.340000
65.740000
65.960000
65.880000
65.580000
65.400000
65.800000
65.940000
65.800000
65.840000
65.440000
65.720000
65.840000
66.020000
65.820000
66.060000
66.380000
66.060000
65.620000
66.060000
65.460000
66.500000
65.480000
65.900000
65.840000
65.780000
65.820000
65.640000
65.380000
65.440000
65.760000
66.100000
65.700000
65.560000
65.720000
65.200000
69.960000
65.860000
65.900000
66.320000
65.360000
66.240000
66.000000
65.320000
65.660000
65.460000
65.660000
66.180000
65.700000
65.140000
66.160000
65.540000
65.940000
65.540000
66.040000
65.200000
65.760000
66.300000
65.800000
65.860000
65.680000
65.940000
65.840000
65.880000
65.560000
65.560000
65.800000
65.360000
65.760000
65.380000
65.900000
65.940000
65.920000
65.680000
66.160000
65.580000
65.340000
66.160000
65.700000
65.700000
66.260000
65.600000
65.660000
65.360000
66.140000
65.700000
65.860000
65.820000
65.800000
65.760000
65.800000
65.220000
65.780000
65.800000
65.760000
65.960000
65.780000
70.500000
66.380000
66.360000
65.480000
65.780000
65.900000
65.800000
66.720000
65.880000
65.920000
65.980000
66.040000
65.540000
65.640000
65.520000
65.940000
65.300000
65.800000
65.820000
65.660000
65.780000
65.740000
66.140000
65.580000
65.780000
65.380000
65.660000
65.540000
65.360000
65.700000
66.120000
66.400000
65.840000
65.740000
65.600000
66.040000
66.140000
65.620000
65.740000
65.840000
65.600000
65.780000
65.640000
65.720000
65.960000
65.980000
65.660000
65.940000
65.720000
65.700000
65.640000
66.220000
65.680000
65.880000
65.780000
65.820000
65.640000
65.700000
66.280000
65.880000
66.060000
70.480000
65.920000
65.840000
65.620000
65.500000
65.520000
65.720000
65.880000
65.920000
65.680000
66.180000
65.940000
65.700000
65.900000
65.660000
65.700000
65.560000
65.640000
66.340000
65.920000
66.740000
66.660000
65.940000
65.880000
65.800000
66.220000
68.520000
65.760000
65.740000
65.960000
66.020000
65.640000
65.560000
65.620000
65.540000
65.800000
65.700000
65.920000
65.900000
65.740000
65.840000
65.980000
65.440000
65.940000
65.720000
65.780000
65.800000
65.800000
65.480000
65.860000
65.820000
66.480000
65.860000
65.860000
65.820000
65.960000
65.680000
65.620000
65.860000
66.040000
71.060000
66.140000
66.040000
65.700000
65.740000
65.680000
65.900000
65.700000
65.440000
65.560000
66.040000
65.380000
65.880000
66.140000
65.740000
65.840000
66.080000
65.300000
65.840000
65.820000
66.160000
65.280000
66.040000
65.680000
65.940000
66.200000
65.800000
66.160000
66.280000
67.560000
66.980000
66.940000
66.640000
66.600000
67.300000
70.620000
71.760000
71.920000
68.380000
69.500000
66.020000
66.240000
65.260000
65.620000
65.760000
65.740000
65.640000
65.740000
65.600000
65.540000
66.020000
65.160000
66.180000
66.360000
65.800000
66.100000
65.900000
65.740000
65.360000
66.060000
66.040000
71.680000
65.860000
65.680000
65.500000
65.280000
65.960000
65.860000
65.800000
65.680000
66.400000
66.180000
66.400000
66.020000
66.360000
65.680000
66.100000
65.500000
65.700000
65.860000
66.420000
67.100000
73.380000
70.420000
69.320000
75.240000
77.000000
79.960000
76.100000
72.520000
69.880000
67.600000
68.380000
74.840000
69.180000
67.080000
66.320000
66.340000
68.840000
66.200000
66.280000
66.720000
65.980000
66.280000
65.920000
65.860000
66.560000
65.980000
66.040000
66.600000
65.920000
66.020000
65.620000
65.640000
65.960000
65.720000
65.920000
65.860000
65.880000
65.940000
72.800000
65.920000
66.020000
65.480000
65.960000
65.680000
65.920000
65.920000
65.640000
65.980000
65.700000
65.940000
65.960000
66.300000
65.520000
65.680000
65.420000
65.980000
65.740000
65.960000
65.440000
65.900000
65.580000
65.960000
65.600000
66.020000
65.980000
65.960000
66.120000
65.700000
65.760000
65.520000
66.020000
65.760000
65.860000
65.800000
65.680000
66.620000
66.180000
65.760000
66.160000
65.460000
65.640000
65.640000
66.320000
65.740000
65.800000
65.800000
65.960000
65.880000
65.640000
65.480000
66.000000
65.960000
65.960000
65.700000
66.240000
65.860000
66.140000
65.780000
71.400000
65.780000
66.100000
66.100000
66.140000
65.480000
66.540000
65.880000
65.880000
66.100000
65.960000
65.860000
65.780000
65.940000
65.680000
66.420000
65.820000
66.000000
65.940000
65.760000
66.000000
65.760000
66.040000
66.100000
66.100000
66.320000
66.560000
65.740000
66.280000
65.280000
66.800000
65.520000
66.200000
65.560000
65.600000
65.940000
65.740000
65.820000
66.140000
65.480000
66.140000
66.560000
65.920000
65.940000
65.320000
65.740000
65.760000
66.160000
65.740000
65.820000
65.600000
65.640000
65.700000
66.140000
66.160000
66.080000
65.640000
65.560000
66.000000
65.880000
66.060000
71.320000
65.480000
66.520000
66.260000
66.180000
66.060000
65.520000
65.900000
66.540000
66.000000
65.900000
65.960000
65.680000
66.560000
66.200000
66.020000
65.760000
65.620000
65.640000
65.720000
66.060000
66.120000
66.220000
65.460000
65.600000
65.660000
65.960000
66.440000
65.460000
65.860000
65.820000
65.920000
65.260000
65.700000
65.980000
65.580000
65.660000
66.420000
65.980000
66.040000
65.520000
66.240000
65.660000
66.100000
65.720000
66.440000
65.900000
65.840000
65.640000
66.020000
65.620000
65.880000
66.300000
65.820000
65.460000
66.260000
65.860000
65.900000
65.840000
65.780000
71.640000
65.780000
66.120000
66.560000
65.720000
65.540000
65.640000
65.740000
65.880000
65.720000
65.300000
66.280000
65.560000
66.240000
65.700000
66.080000
65.800000
65.860000
65.680000
65.420000
66.060000
66.180000
65.920000
65.800000
65.260000
66.100000
66.020000
66.040000
65.980000
66.000000
65.560000
65.800000
65.640000
65.400000
65.780000
65.960000
66.220000
65.640000
66.040000
66.160000
65.860000
65.500000
65.880000
65.700000
65.640000
65.660000
65.840000
65.920000
65.720000
65.920000
66.020000
66.540000
66.240000
66.460000
65.740000
66.700000
66.040000
65.720000
66.160000
65.800000
65.660000
72.200000
65.720000
65.820000
65.400000
65.900000
66.600000
65.900000
65.960000
65.740000
65.800000
66.380000
65.820000
65.840000
66.020000
65.920000
65.600000
65.940000
65.640000
66.060000
65.980000
65.460000
65.560000
65.780000
65.580000
66.360000
66.080000
65.800000
65.820000
66.160000
66.100000
65.820000
65.420000
65.920000
65.520000
66.020000
66.040000
65.820000
66.240000
65.240000
65.920000
65.620000
65.800000
65.520000
65.680000
65.940000
65.880000
65.580000
65.780000
65.540000
65.540000
66.020000
65.900000
65.380000
65.500000
65.460000
66.120000
65.780000
65.720000
65.480000
66.080000
65.800000
70.000000
65.820000
65.400000
65.680000
65.560000
65.960000
65.420000
65.580000
65.680000
65.960000
65.440000
65.620000
66.040000
65.480000
65.620000
66.100000
65.720000
65.540000
66.240000
65.560000
66.240000
66.240000
65.920000
66.340000
65.660000
65.840000
65.460000
66.220000
66.020000
65.500000
65.720000
66.300000
65.680000
65.740000
65.620000
65.580000
66.120000
65.920000
65.960000
65.840000
65.680000
65.520000
65.840000
65.400000
65.800000
65.980000
65.500000
65.760000
65.460000
67.200000
69.600000
68.540000
70.060000
73.040000
72.200000
74.280000
70.380000
66.300000
66.720000
66.680000
71.680000
66.600000
67.000000
67.060000
67.480000
66.700000
66.420000
67.160000
66.840000
67.040000
67.260000
66.800000
66.700000
66.540000
66.800000
67.640000
66.760000
67.420000
67.220000
67.760000
67.580000
66.660000
66.780000
67.220000
67.480000
66.720000
68.200000
66.600000
66.420000
65.800000
66.120000
65.940000
66.120000
66.160000
65.680000
65.580000
66.080000
65.840000
65.400000
66.040000
66.000000
65.900000
65.920000
65.680000
65.660000
65.880000
66.280000
65.640000
65.920000
65.900000
66.060000
65.760000
66.040000
66.560000
65.220000
65.820000
66.100000
65.660000
65.680000
65.760000
70.820000
66.060000
66.020000
65.940000
66.280000
66.260000
65.960000
65.880000
65.900000
66.160000
65.880000
65.820000
66.180000
65.960000
66.600000
65.400000
65.880000
65.780000
66.060000
65.600000
65.460000
65.860000
65.660000
66.280000
66.020000
65.720000
66.140000
66.280000
65.660000
65.940000
65.780000
65.400000
66.280000
65.720000
65.840000
65.640000
66.340000
66.160000
65.960000
65.680000
65.800000
65.520000
66.820000
66.040000
66.200000
66.400000
66.120000
65.620000
65.760000
65.500000
66.160000
65.900000
65.960000
65.820000
65.400000
66.060000
65.620000
66.020000
66.000000
66.240000
70.640000
65.720000
65.940000
66.040000
66.060000
