46.680001
22.600000
19.880001
19.200000
18.900000
18.660000
19.240000
18.540000
18.420000
18.960000
19.180000
19.040000
18.420000
18.600000
19.020000
18.620000
19.060001
18.780000
19.240000
18.840000
19.040000
18.460000
18.820000
18.980000
19.220000
18.660000
19.040000
18.820000
18.399999
19.700000
18.940000
18.800000
18.680000
18.960000
18.740000
18.540000
24.800000
19.359999
18.800001
18.680000
19.080000
32.280000
19.979999
19.379999
18.840000
18.840000
18.960000
19.040000
18.620000
18.800000
19.160000
19.180000
18.940000
18.720000
18.800000
19.440000
18.340000
18.720000
19.100000
18.860000
18.420000
19.180000
18.660000
18.600000
19.300000
19.160000
18.360000
19.440001
18.780001
18.900000
18.379999
18.900000
18.540000
18.519999
18.720000
19.080000
18.400000
18.279999
18.200000
18.440000
18.860000
18.340000
24.360000
19.800000
18.700000
19.180000
18.680000
18.879999
18.820000
18.360000
18.540001
18.359999
18.520000
18.440000
18.220000
18.960000
18.520000
18.460000
18.320000
18.499999
18.920000
18.499999
18.920001
18.580000
18.480000
18.660000
18.560000
18.480000
18.300001
18.500000
18.240000
18.540001
18.220000
18.480000
18.340000
18.580000
18.399999
18.420000
18.840000
18.400000
18.420000
18.560000
18.540001
18.859999
18.340000
21.300000
19.360000
18.560000
18.620000
18.240000
18.360000
18.340000
18.700000
18.400000
18.520000
18.320001
19.400000
18.580000
18.160000
18.500000
18.320000
18.600000
18.399999
18.460000
18.340000
18.560000
18.520000
18.640000
18.440000
18.540001
18.820000
18.340000
18.140000
18.820000
18.460000
18.480000
18.540000
18.720000
18.300000
18.540001
18.920001
18.520000
18.240000
18.940000
18.300000
18.340000
18.500000
18.380000
18.260000
19.220000
18.640000
18.279999
18.300001
18.399999
18.680000
18.580000
18.340000
18.540000
18.420000
18.460000
18.320001
18.900000
18.560000
18.540001
18.580000
18.620000
18.600000
18.279999
18.900000
18.360000
18.860000
19.640000
18.619999
18.340000
18.820000
18.440000
18.820000
18.800000
18.500000
18.360000
18.880000
18.340001
18.700000
18.619999
18.399999
18.560000
18.480000
18.360000
18.320000
18.800001
18.440000
18.479999
19.020000
18.660001
18.800000
18.420000
18.440000
18.500000
18.900000
18.820000
18.440001
18.480000
18.440000
18.480000
18.380000
18.720000
19.120000
18.460000
18.280000
18.259999
18.359999
18.460000
18.420001
18.700000
18.700000
18.420000
18.399999
18.600000
18.700000
18.560000
18.740000
18.320000
18.660001
18.940000
18.440001
18.720000
18.900000
18.580001
18.780000
18.379999
18.320000
18.540000
18.700000
18.879999
18.300001
27.060000
19.499999
18.540000
18.700001
18.620000
18.420001
18.499999
18.840000
18.560001
18.240000
18.500000
18.879999
18.960000
18.280000
18.660001
18.780000
18.860000
18.379999
18.300000
18.500000
18.620000
18.860000
18.479999
18.800000
18.820000
18.500000
18.600000
18.700000
18.420000
19.380000
18.280000
19.620000
18.420001
19.380000
18.580000
18.600000
18.900000
18.780001
18.379999
18.600000
18.620000
18.600000
18.500000
19.200000
26.000000
20.440000
19.020000
18.420000
18.400000
18.560001
18.420000
18.600000
18.379999
18.500000
19.460000
18.760000
18.859999
18.420000
18.399999
18.360000
18.360000
18.680000
18.760000
18.480000
18.860000
18.540000
18.560000
18.940000
18.480000
18.340000
18.399999
18.660001
18.540000
18.540000
18.640000
18.820000
18.500000
18.320000
18.780000
18.440000
18.820001
18.379999
18.740000
18.359999
18.259999
18.420001
18.800000
22.080000
19.000000
18.940000
18.620000
18.520000
19.100000
18.800000
18.280000
18.640000
18.639999
18.440000
18.879999
18.519999
20.080000
18.560000
18.680001
18.600000
18.720000
19.060000
19.060000
19.119999
18.760000
18.800001
18.980000
18.859999
18.600000
18.300001
18.500000
18.380000
18.499999
18.720000
19.160000
18.760000
18.840000
18.400000
18.500000
18.519999
18.379999
18.360000
18.560001
18.600000
18.660000
25.660000
47.020000
23.060000
19.239999
19.420000
18.900000
19.440000
19.500000
18.420001
19.040001
19.900000
19.520000
19.180001
18.440000
18.620000
19.800000
19.640001
19.060000
18.640000
18.900000
18.600000
20.560000
19.740000
18.940000
18.720000
18.700001
19.340000
19.359999
18.420001
18.879999
18.780001
18.460000
18.580000
18.960000
18.519999
18.739999
18.859999
18.900000
18.660001
22.340000
22.540000
19.520000
18.260000
18.340000
18.600000
18.700000
18.719999
19.200000
18.940000
18.620000
18.740000
18.240000
18.300000
18.660000
18.979999
18.500000
18.200001
19.380000
19.040000
18.860000
18.320000
18.640000
18.760000
18.700001
18.840000
19.080000
18.340000
19.300000
18.440000
18.580000
18.660000
18.499999
18.400000
18.399999
18.240000
18.220000
19.560000
18.400000
18.300001
18.660001
18.500000
18.499999
31.120000
21.280000
18.640000
18.420001
18.639999
18.640000
18.480000
18.440000
18.240000
18.400000
18.300001
18.840000
18.760000
18.420001
18.440000
18.720000
18.220000
18.520000
18.480000
18.520000
18.600000
18.680001
18.860000
18.499999
18.260000
18.619999
18.340000
18.639999
18.560000
18.619999
18.440000
18.499999
18.759999
18.360000
18.600000
18.740000
18.239999
18.240000
18.220000
18.580000
18.540000
18.460001
18.600000
18.660001
24.200001
19.440000
18.680001
18.740000
23.600000
19.780000
18.660001
18.400000
18.640000
18.520000
18.260000
18.780001
18.340000
18.360000
18.220000
18.260000
18.759999
18.519999
18.300001
18.260000
18.300000
18.380000
18.500000
18.519999
18.580000
19.420001
18.240000
18.360000
18.600000
18.519999
19.040001
18.640000
18.240000
18.580000
18.500000
18.720000
18.580000
18.440001
18.380000
18.660000
18.480000
18.859999
26.040000
21.560000
18.780001
18.560000
18.820000
18.440000
18.620000
18.520000
18.300000
18.519999
18.820000
18.499999
18.279999
18.420001
18.760000
18.600000
18.820000
18.879999
18.240000
18.540001
18.340000
18.500000
18.600000
18.540001
18.420000
18.820000
18.340000
18.360000
18.440000
18.540001
18.259999
18.340000
18.320000
18.620000
18.619999
18.660000
18.519999
18.560000
18.540000
18.940000
18.380000
18.440000
18.460000
18.440000
22.700001
19.739999
19.160001
18.600000
18.340000
18.520000
18.680001
18.200000
18.379999
18.380000
18.220000
18.320001
18.180001
18.180000
18.280000
18.380000
18.180000
18.760000
18.420001
18.340000
18.260000
18.440001
18.240000
18.620000
18.260000
18.340000
18.200000
18.480000
18.360000
18.460000
18.460000
18.820000
18.420001
18.600000
18.840000
18.440000
18.340000
18.520000
18.320000
18.440000
18.360000
18.320000
18.220000
20.380001
19.160000
18.279999
18.800000
18.379999
18.240000
18.300000
18.619999
18.560000
18.340000
18.960000
18.440000
18.620000
18.619999
18.440000
18.279999
18.340000
18.500000
18.379999
18.280000
18.500000
18.560001
18.540001
18.600000
18.440001
18.500000
18.480000
18.240000
18.420000
18.280000
18.279999
18.320001
18.720000
19.200000
18.420000
18.700000
18.440001
18.280000
18.480000
18.620000
18.460000
18.280000
18.260000
19.160000
18.759999
18.700000
18.680001
18.279999
18.359999
18.720000
19.320000
18.739999
18.500000
18.240000
18.200000
18.220000
18.320000
18.260000
18.480000
18.360000
18.300000
18.300001
18.440000
18.540000
18.700000
18.240000
18.700000
18.760000
18.680000
18.800000
18.739999
18.820001
18.720000
19.640000
18.600000
18.820000
18.540001
18.700000
18.440001
18.440000
18.360000
18.620000
18.460000
18.800000
18.379999
18.540001
20.400000
18.999999
18.940000
18.660001
18.420000
18.540000
18.340000
18.740000
18.720000
18.400000
18.540001
18.640000
18.160000
18.720000
18.200000
18.340000
18.300001
18.600000
18.780000
18.180000
18.280000
18.280000
18.279999
18.180000
18.360000
18.580000
18.360000
18.759999
18.460000
18.300000
18.580000
18.359999
18.820000
18.540001
18.400000
18.220000
18.420001
18.399999
18.400000
18.380000
18.600000
18.260000
18.640000
18.480000
19.560000
18.800000
18.500000
18.300000
18.300000
18.240000
18.480000
18.540000
18.700001
18.480000
18.280000
18.380000
18.420000
18.680000
18.360000
18.220000
18.400000
18.220000
18.560000
18.480000
18.360000
18.279999
18.420000
18.200001
18.300000
18.440000
18.480000
18.400000
18.480000
18.860000
18.360000
18.440000
18.340000
18.260000
18.420000
18.640000
18.600000
18.399999
18.520000
18.340000
18.320001
18.800000
18.500000
19.940000
18.580000
18.420000
18.460000
18.420000
19.080000
18.340000
18.640000
18.780000
18.519999
18.740000
18.999999
18.440000
18.360000
18.320000
18.580000
18.780000
18.520000
18.999999
18.560000
18.480000
18.360000
18.220000
18.700000
18.340001
19.000000
18.360000
18.239999
18.220000
18.240000
19.260000
18.340000
18.240000
18.500000
18.340000
18.460000
18.620000
18.420000
18.399999
18.700000
18.740000
18.540001
18.499999
19.140000
18.920000
19.440000
18.560000
18.780000
18.280000
18.600000
18.800000
18.840000
18.760000
18.960000
18.379999
18.540001
18.300001
18.500000
18.280000
18.400000
18.400000
18.400000
18.479999
18.700000
18.560000
18.320000
18.460000
18.400000
18.500000
18.360000
18.639999
18.300000
18.220001
18.279999
18.240000
18.360000
18.380000
18.320000
18.460000
18.240000
18.480000
18.420000
18.940000
18.480000
18.160000
18.500000
25.739999
19.619999
18.560000
18.399999
18.800000
18.660000
18.280000
18.420000
18.560001
18.280000
18.440001
18.560001
18.240000
18.840000
18.360000
18.400000
18.580000
18.580000
18.300001
18.320000
18.220000
18.240000
18.440000
18.380000
18.320001
18.500000
18.240000
18.700000
18.460000
18.820001
18.240000
18.580000
18.480000
18.300000
18.200001
18.360000
18.259999
18.460000
18.840000
18.380000
18.260000
18.240000
18.860000
18.860000
18.720000
18.420001
18.300000
18.660001
18.380000
18.620000
18.500000
18.600000
18.519999
18.600000
18.720000
18.479999
18.300000
18.540001
18.360000
18.500000
18.340000
18.480000
18.560001
18.540000
18.620000
18.460000
18.580000
18.340000
18.860000
18.560000
18.460000
18.500000
18.800001
18.360000
18.320000
18.340000
18.620000
18.380000
18.880000
18.700000
18.460000
18.240000
18.640000
18.600000
18.180000
18.420001
18.200001
19.480000
18.960000
18.460001
18.440000
18.880000
18.320000
18.480000
18.759999
18.660001
18.340000
18.360000
18.320000
18.180001
18.360000
18.619999
