3.140002
2.659999
2.580002
2.600003
2.579998
2.560001
2.559997
2.660003
2.599999
2.560001
2.560001
2.580002
2.579998
2.580002
2.579998
2.579998
2.599999
2.579998
2.559997
2.560001
2.580002
2.560001
2.560001
2.560001
2.559997
2.579998
2.560001
2.540000
2.579998
2.580002
2.560001
2.599999
2.560001
2.600003
2.540000
2.540000
2.760001
2.560001
2.600003
2.560001
2.599999
2.580002
2.579998
3.160000
2.580002
2.639998
2.560001
2.760001
2.579998
2.579998
2.579998
2.620000
2.680000
2.579998
2.599999
2.559997
2.640001
2.579998
2.580002
2.560001
2.579998
2.680000
2.560001
2.580002
2.560001
2.540000
2.560001
2.560001
2.600003
2.560001
2.719998
2.640001
2.580002
2.579998
2.560001
2.640001
2.579998
2.560001
2.560001
2.560001
2.559997
2.560001
2.559997
2.580002
2.579998
2.579998
2.580002
2.560001
2.559997
2.580002
2.680000
2.739999
2.680000
2.639998
2.739999
2.559997
2.540000
2.599999
2.579998
2.579998
2.559997
2.719998
2.580002
2.640001
2.580002
2.599999
3.020000
2.899997
2.660003
2.560001
2.580002
2.540000
2.579998
2.579998
2.560001
2.560001
2.559997
2.559997
2.600003
2.560001
2.600003
2.580002
2.559997
2.560001
2.599999
2.579998
2.540000
2.559997
2.560001
2.580002
2.560001
2.600003
2.580002
2.560001
2.579998
2.599999
2.579998
2.579998
2.580002
2.560001
2.680000
2.560001
2.599999
2.579998
2.659999
2.560001
2.560001
2.559997
2.580002
2.560001
2.579998
2.560001
2.580002
2.600003
2.579998
2.580002
2.579998
2.580002
2.580002
2.560001
2.580002
2.580002
2.560001
2.560001
2.560001
2.560001
2.599999
2.560001
2.580002
2.580002
2.560001
3.380001
2.860002
2.859998
2.580002
2.579998
2.560001
2.579998
2.599999
2.580002
2.640001
2.560001
2.599999
2.859998
2.560001
2.659999
3.020000
2.620000
2.560001
2.580002
2.639998
2.560001
2.580002
2.560001
2.579998
2.639998
2.579998
2.599999
2.799999
2.580002
2.660003
2.599999
2.640001
2.559997
2.599999
2.579998
2.560001
2.580002
2.640001
2.639998
2.739999
2.559997
2.560001
2.560001
2.599999
2.659999
2.659999
2.579998
2.579998
2.579998
2.579998
2.660003
2.580002
2.580002
2.560001
2.579998
2.540000
2.580002
2.579998
2.599999
2.559997
2.560001
2.580002
2.560001
2.599999
2.820000
2.560001
2.579998
2.559997
2.700001
2.599999
2.560001
2.559997
2.540000
2.580002
2.559997
2.579998
2.579998
2.560001
2.600003
2.560001
2.579998
2.579998
2.559997
2.560001
2.560001
2.560001
2.540000
2.560001
2.580002
2.579998
2.559997
2.580002
2.579998
2.560001
2.560001
2.599999
2.580002
2.560001
2.660003
2.580002
2.559997
2.579998
2.579998
2.579998
2.540000
2.559997
2.579998
2.560001
2.580002
2.599999
2.559997
2.560001
2.600003
2.600003
2.600003
2.579998
2.599999
2.559997
2.579998
2.560001
2.560001
2.579998
2.580002
2.580002
2.560001
2.560001
2.580002
2.559997
3.320001
2.659999
2.660003
2.560001
2.719998
2.560001
2.639998
2.560001
2.580002
2.580002
2.580002
2.599999
2.640001
2.560001
2.560001
2.640001
2.540000
2.560001
2.560001
2.599999
2.540000
2.580002
2.840001
2.680000
2.560001
2.659999
2.620000
2.579998
2.599999
2.560001
2.579998
2.580002
2.540000
2.599999
2.579998
2.599999
2.579998
2.659999
2.620000
2.580002
2.560001
2.579998
2.599999
2.580002
2.580002
2.560001
2.580002
2.659999
2.579998
2.579998
2.560001
2.599999
2.579998
2.580002
2.579998
2.580002
2.580002
2.620000
2.579998
2.560001
2.560001
2.559997
2.599999
2.579998
2.600003
2.579998
2.600003
2.560001
2.579998
2.579998
2.639998
2.579998
2.580002
2.579998
2.560001
2.580002
2.600003
2.579998
2.540000
2.560001
2.580002
2.540000
2.559997
2.700001
2.560001
2.559997
2.580002
2.580002
2.840001
2.559997
2.560001
2.579998
2.599999
2.560001
2.560001
2.579998
2.579998
2.559997
2.579998
2.560001
2.599999
2.560001
2.580002
2.579998
2.580002
2.579998
2.579998
2.580002
2.579998
2.699997
2.560001
2.579998
2.640001
2.579998
2.599999
2.599999
2.680000
2.560001
2.560001
2.560001
2.599999
2.579998
2.580002
2.579998
2.560001
2.560001
2.560001
2.559997
3.160000
2.659999
2.739999
2.580002
2.599999
2.639998
2.599999
2.639998
2.620000
2.560001
2.540000
2.719998
2.640001
3.060002
2.580002
2.580002
2.580002
2.579998
2.580002
2.599999
2.580002
2.580002
2.580002
2.599999
2.580002
2.739999
2.560001
2.599999
2.580002
2.560001
2.579998
2.919998
2.659999
2.599999
2.640001
2.560001
2.579998
2.560001
2.640001
2.580002
2.580002
9.039998
2.620000
2.579998
2.659999
2.580002
2.560001
2.579998
2.580002
2.580002
2.640001
2.620000
2.580002
2.620000
2.580002
2.640001
2.560001
2.579998
2.579998
2.560001
2.580002
2.580002
2.580002
2.599999
2.820000
2.580002
2.559997
2.580002
2.579998
2.560001
2.579998
2.579998
2.579998
2.579998
2.580002
2.599999
2.559997
2.599999
2.559997
2.560001
2.540000
2.560001
2.600003
2.560001
2.599999
2.579998
2.579998
2.560001
2.560001
2.579998
2.599999
2.580002
2.580002
2.599999
2.559997
2.620000
2.560001
2.620000
2.680000
2.659999
2.559997
2.579998
2.620000
2.560001
2.580002
2.580002
2.540000
2.599999
2.560001
2.560001
2.580002
2.560001
2.560001
2.579998
2.560001
2.560001
2.579998
2.579998
2.560001
2.560001
2.599999
2.560001
2.579998
2.580002
2.560001
2.560001
2.579998
2.599999
3.580000
2.540000
2.560001
2.739999
2.720002
2.620000
2.739999
2.579998
2.560001
2.920002
2.580002
2.579998
2.560001
2.599999
2.599999
2.640001
2.580002
2.580002
2.660003
2.620000
2.560001
2.580002
2.639998
2.580002
2.560001
2.639998
2.560001
2.580002
2.579998
2.560001
2.560001
2.599999
2.659999
2.580002
2.639998
2.599999
2.560001
2.540000
2.580002
2.560001
2.599999
2.540000
2.580002
2.579998
2.639998
2.580002
2.660003
2.580002
2.599999
2.580002
2.560001
2.540000
2.640001
2.560001
2.580002
2.640001
2.640001
2.639998
2.560001
2.579998
2.560001
2.560001
2.580002
2.560001
2.900001
2.560001
2.640001
2.560001
2.580002
2.579998
2.600003
2.560001
2.560001
2.580002
2.579998
2.579998
2.659999
2.560001
2.560001
2.559997
2.580002
2.560001
2.579998
2.580002
2.540000
2.719998
2.560001
2.580002
2.560001
2.580002
2.579998
2.560001
2.579998
2.560001
2.599999
2.580002
2.579998
2.560001
2.579998
2.580002
2.640001
2.559997
2.560001
2.599999
2.580002
2.560001
2.580002
2.580002
2.580002
2.560001
2.579998
2.579998
2.580002
2.560001
2.579998
2.560001
2.579998
2.680000
2.559997
2.580002
2.580002
2.580002
2.560001
2.560001
2.580002
2.599999
2.579998
2.579998
2.820000
2.660003
2.560001
2.579998
2.579998
2.579998
2.560001
2.680000
2.640001
2.560001
2.580002
2.560001
2.560001
2.599999
2.680000
2.680000
2.579998
2.719998
2.680004
2.560001
2.579998
2.620000
2.560001
2.580002
2.560001
2.580002
2.560001
2.659999
2.760001
2.680000
2.579998
2.580002
2.559997
2.599999
2.560001
2.559997
2.560001
2.599999
2.560001
2.659999
2.599999
2.560001
2.620000
2.599999
2.599999
2.560001
2.560001
2.560001
2.580002
2.619997
2.579998
2.560001
2.560001
2.579998
2.560001
2.680000
2.659999
2.560001
2.580002
2.659999
2.580002
2.540000
2.560001
2.560001
3.160000
2.699997
2.560001
2.580002
2.559997
2.560001
2.560001
2.579998
2.559997
2.580002
2.600003
2.580002
2.560001
2.560001
2.559997
2.560001
2.579998
2.680000
2.560001
2.560001
2.599999
2.580002
2.600003
2.560001
2.579998
2.580002
2.560001
2.599999
2.579998
2.599999
2.579998
2.599999
2.559997
2.560001
2.560001
2.559997
2.580002
2.579998
2.560001
2.599999
2.599999
2.559997
2.579998
2.580002
2.580002
2.699997
2.559997
2.560001
2.579998
2.580002
2.560001
2.579998
2.580002
2.559997
2.579998
2.600003
2.560001
2.579998
2.560001
2.560001
2.659999
2.560001
2.560001
2.560001
3.040001
2.580002
2.680000
2.599999
2.680000
2.560001
2.579998
2.579998
2.560001
2.580002
2.580002
2.559997
2.540000
2.580002
2.580002
2.580002
2.739999
2.540000
2.580002
2.579998
2.600003
2.580002
2.620000
2.660003
2.579998
2.559997
2.680000
2.560001
2.580002
2.579998
2.559997
2.659999
2.540000
2.579998
2.560001
2.680000
2.620000
2.580002
2.560001
2.560001
2.559997
3.059998
2.559997
2.580002
2.579998
2.580002
2.560001
2.579998
2.540000
2.559997
2.579998
2.560001
2.560001
2.599999
2.640001
2.580002
2.699997
2.579998
2.560001
2.580002
2.560001
2.600003
2.579998
2.660003
2.680000
2.580002
2.600003
2.540000
2.559997
2.580002
2.599999
2.579998
2.559997
2.580002
2.599999
2.600003
2.599999
2.579998
2.580002
2.599999
2.559997
2.560001
2.559997
2.559997
2.580002
2.560001
2.560001
2.580002
2.580002
2.739999
2.600003
2.579998
2.559997
2.579998
2.579998
2.580002
2.560001
2.560001
2.560001
2.579998
2.579998
2.579998
2.580002
2.579998
2.560001
2.560001
2.579998
2.579998
2.560001
2.579998
2.580002
2.560001
2.560001
2.599999
2.560001
2.579998
2.599999
2.599999
2.560001
2.579998
2.560001
2.580002
2.560001
2.680000
2.580002
2.580002
2.580002
2.560001
3.260002
2.620000
2.579998
2.579998
2.579998
2.560001
2.560001
2.560001
2.560001
2.659999
2.620000
2.760001
2.680000
2.560001
2.560001
2.600003
2.700001
2.599999
2.640001
2.760001
2.560001
2.579998
2.579998
2.660003
2.599999
2.579998
2.599999
2.560001
2.560001
2.680000
2.580002
2.579998
2.559997
2.579998
2.579998
2.580002
2.599999
2.579998
2.660003
2.559997
2.579998
2.640001
2.580002
2.639998
2.559997
2.560001
2.600003
2.580002
2.660003
2.560001
2.599999
2.580002
2.639998
2.579998
2.580002
2.580002
2.560001
2.600003
2.560001
2.560001
2.580002
