10.836000
10.780000
10.858000
10.855000
10.673000
10.627000
10.568000
10.603000
10.495001
10.616000
10.938999
10.927000
10.445000
10.372001
10.473000
10.384000
10.276000
10.441000
10.390000
10.261999
10.274000
10.352000
10.390000
10.415000
10.407000
10.400000
10.441001
10.373000
10.368001
10.379001
10.485999
10.451000
10.220000
10.378000
10.369999
10.547000
10.398000
10.339000
10.286000
10.283000
10.322001
10.335000
10.080000
10.319999
10.443999
10.252000
10.209000
10.271000
10.484000
10.270000
10.268000
10.185000
10.218999
10.079000
10.209001
10.232001
10.221999
10.215000
10.207999
10.191000
10.205001
10.199000
10.207999
10.197000
10.260000
10.179000
10.476000
10.336000
10.187999
10.163000
10.162000
10.195000
10.284000
10.183000
10.140000
9.995000
10.137999
10.097000
10.101000
9.957000
10.244000
9.922000
9.958000
10.113000
10.120000
9.951999
9.967000
10.070000
10.117000
10.027000
10.136000
9.945001
10.052999
9.890000
9.957001
9.895000
10.043000
9.889000
10.079000
10.079000
9.973000
10.062000
9.895001
9.995000
9.885000
9.928000
9.901000
9.956000
9.863000
12.592001
11.443000
11.080001
10.829000
11.090000
10.715000
10.929000
10.959000
10.695000
10.757000
10.488001
10.671999
10.620000
10.582000
10.490000
10.481000
10.470000
10.369000
10.387000
10.288999
10.366000
10.366000
10.288000
10.487000
10.345000
10.317000
10.370000
10.292000
10.338999
10.225001
10.365000
10.205000
10.245000
10.203000
10.169000
10.195000
10.348000
10.446999
10.171000
10.213000
10.185000
10.212000
10.207999
10.175999
10.140000
10.197000
10.181000
10.137000
10.181000
10.166001
10.145000
10.341000
10.296000
10.102000
10.116000
10.360000
10.180000
10.159000
10.218000
10.102999
10.048000
10.140999
10.171999
10.469000
10.350000
10.088000
10.078000
10.375000
10.063999
10.070000
10.106000
10.457000
10.330000
10.322000
10.315000
10.536000
10.484001
10.383001
10.458999
10.314000
10.428000
10.406000
10.272000
10.414000
10.060000
10.133999
10.271000
10.348000
10.267000
9.966000
10.446000
10.230000
10.096000
10.386000
10.069000
10.052999
10.362000
10.204000
9.945000
10.326000
10.163001
10.245000
10.173000
10.399999
10.194000
10.303000
10.191000
10.237000
10.353000
9.862000
10.137000
10.654000
10.224000
10.521000
10.366000
10.090000
10.234999
10.130000
10.156000
10.117000
10.144000
10.086000
10.203000
10.247000
10.117000
10.065000
9.960000
9.895000
9.843000
9.971000
9.914000
10.165000
10.250000
10.034001
10.109999
10.000000
9.861000
10.287000
10.392000
10.389000
10.125999
10.226000
10.305000
10.263000
10.222000
9.796000
9.766000
9.836000
9.829000
9.931001
10.278000
10.144000
9.825000
10.334000
10.253000
10.175000
9.993000
9.799001
9.814001
10.385000
10.229999
9.811000
9.850000
9.953000
9.801000
9.978000
10.114000
10.183999
9.774000
9.773999
9.788999
10.240000
10.287000
10.034001
9.985000
9.857000
9.801000
9.953001
9.900999
9.797000
10.002000
9.789000
9.804000
9.791000
9.951000
9.738000
9.936000
9.803000
9.880000
9.925000
9.807000
9.986999
9.704000
9.712000
9.712000
9.993000
10.019001
10.196000
9.848000
9.989000
10.097000
10.034000
10.190000
10.004001
10.095000
10.152000
10.104000
10.095000
10.215000
10.126000
10.216000
10.026000
9.796000
10.005000
10.043000
10.150000
10.183000
9.966000
10.038000
10.195999
10.159000
10.274000
9.914001
9.739000
10.163000
10.039000
10.183000
10.101000
10.074000
10.016000
10.187999
10.047000
10.088000
10.040000
10.022000
10.046000
10.191999
10.050000
10.191000
10.168000
9.777000
9.903000
10.156999
10.141000
10.172000
10.121000
10.191000
10.169000
10.183000
10.209000
10.211000
10.212000
10.918001
9.976000
10.288000
10.204000
9.721000
9.779000
9.790000
10.226000
10.143001
10.090000
10.179000
10.158000
9.772000
10.279000
10.237000
10.005000
10.164000
10.158000
10.203999
10.117000
10.233999
9.803000
10.172999
10.144000
10.210999
10.112001
10.028000
10.044999
10.212000
10.132000
10.287000
9.833000
10.148000
10.176999
10.168000
10.124000
9.773999
9.864000
10.033000
10.294001
10.292999
10.276000
9.885000
9.688000
10.009999
9.697000
10.054000
9.696000
9.987000
9.876000
10.095000
10.175000
9.711000
9.731000
9.745000
9.725000
9.718000
9.877000
9.735000
10.294000
10.049000
9.713001
9.720000
9.963000
9.801000
10.117000
10.138000
9.834000
10.215000
9.873000
9.974000
9.679000
10.127001
9.820000
9.867000
9.817000
9.807000
10.172000
9.821000
9.812000
9.642000
10.007000
10.133999
9.719000
9.784000
10.039000
10.161000
10.241999
10.222000
10.310000
10.382000
10.093000
10.068000
9.809000
10.207000
10.027000
10.066000
9.790000
9.803000
10.079000
10.195000
10.027000
10.191999
10.080000
10.003000
10.080000
10.238000
10.069001
10.240000
10.063000
9.635000
10.070001
9.984000
9.919000
9.903001
10.080000
10.175000
10.187000
9.888000
10.285000
10.206000
10.070001
9.896000
9.897000
9.893000
9.835000
9.955999
9.603000
10.228000
9.786000
9.919000
9.745999
10.023001
10.081000
9.810000
10.220000
10.107000
9.976000
10.013000
10.140000
9.727000
9.703000
9.683000
9.653000
9.831000
9.842000
9.793000
9.857001
9.768000
9.856000
9.869999
9.850000
9.674000
9.656999
9.717000
9.716000
9.700000
9.678001
9.714000
9.635000
9.702000
9.955000
9.753999
9.957000
9.713000
9.671000
9.943999
9.665000
9.830000
9.945000
9.938000
9.938001
9.920000
9.896000
9.919000
9.905000
9.921000
9.889999
10.210000
10.234000
10.333001
10.245000
9.916000
10.193000
10.219000
10.063000
10.322000
10.214000
10.053000
9.923000
9.924999
9.906000
9.822000
9.913000
9.909000
9.969001
10.290000
10.571999
10.416000
10.287001
10.127000
10.067999
9.971000
9.891001
9.857000
9.853999
10.021000
9.802000
10.072000
10.046001
9.885999
9.915000
10.038000
9.639001
9.877000
9.869000
9.903000
10.192000
10.014000
9.886000
10.096000
10.004001
9.888000
9.994000
9.866000
9.837001
9.893000
9.893000
9.839000
9.658000
10.515000
10.147001
10.427999
10.010000
10.310999
10.055999
9.890000
10.060000
9.880001
9.773000
10.034000
10.676000
10.662000
10.751001
9.657000
9.932000
10.342000
10.014000
9.980000
10.114999
10.111000
10.435000
10.198999
10.170000
10.096001
10.191000
9.963000
11.739000
11.160000
10.698000
10.666000
10.680000
10.472000
10.497000
10.574000
10.467000
10.404000
10.433001
10.392000
10.378000
10.343000
10.302001
10.377000
10.496000
10.489000
10.316000
10.338000
10.305000
10.260000
10.320000
10.341000
10.332000
10.202001
10.191000
10.299000
10.264999
10.669000
10.605000
10.429000
10.046001
10.461001
10.111000
10.327999
10.424000
10.358999
10.400000
10.549000
10.017000
10.510000
10.422000
10.603000
10.406001
10.269000
10.352001
10.346000
10.271000
10.257999
9.956000
10.285000
10.423000
10.201001
10.345000
10.297000
10.344001
10.169000
10.237000
9.894000
10.104000
9.919999
9.890000
10.182000
10.153000
10.235000
10.133000
10.115000
10.122000
10.249000
10.172999
10.243000
10.289000
10.313000
10.398000
10.404999
10.226000
10.220000
10.683999
10.233000
10.398000
10.231000
9.810000
9.813000
9.803000
10.192000
10.410001
10.474000
10.388000
10.387000
10.203000
9.767000
9.947000
10.297000
10.284999
10.345000
10.214000
10.302000
10.202000
10.337000
10.327999
10.260999
10.211000
10.221000
10.311000
10.175000
10.127000
10.167000
10.178000
10.190000
9.776000
9.969001
10.175000
10.343000
10.221000
10.176000
10.255001
10.318000
10.056000
9.901999
9.979000
10.465000
10.168999
10.340001
10.040000
9.870000
9.797000
10.033000
10.134000
9.870999
9.876000
9.864001
10.155001
9.843000
9.954000
10.279000
9.920000
10.102999
10.168000
10.248000
10.408000
10.365000
10.379000
10.073000
10.094000
10.119000
10.247000
9.954000
9.958000
9.714000
9.827000
9.923000
10.028000
10.062000
10.095000
9.968000
9.706000
9.662000
9.635000
9.820000
10.043000
9.992001
9.913000
9.924000
9.959000
9.904000
10.210000
10.140000
10.078999
9.955000
9.972000
9.930000
9.939000
10.031000
9.932999
9.934000
9.917000
9.961001
10.284000
9.644001
9.656999
9.889000
9.646000
9.633999
9.767000
9.673000
9.757000
9.743000
10.032000
10.139000
10.071999
10.227000
9.910000
10.077001
10.012999
10.222000
9.935999
10.074000
10.132001
10.102999
10.214000
10.078999
9.967000
9.788999
10.159000
9.988000
10.182000
10.056000
10.070999
10.009000
9.901999
9.995000
10.293000
10.311000
10.411000
10.050000
10.570999
10.540000
10.199999
10.592001
10.094000
10.043000
9.811000
10.020000
10.348001
10.697001
10.443000
10.310000
10.276000
10.277000
10.460000
10.408000
10.350000
10.399000
10.311000
10.246000
10.298001
10.217000
10.220001
9.889000
10.553000
9.860000
10.277000
10.286001
10.264000
9.965001
10.215000
9.865001
9.875000
9.981000
10.051000
9.832000
10.655000
9.807000
9.748000
9.636000
9.606000
9.625999
9.616001
9.831000
9.794000
9.796999
9.812000
9.741000
9.772000
9.757000
9.699999
9.660000
9.842999
9.773000
9.951000
9.801000
9.758000
9.764000
9.817000
9.796000
9.744000
9.786000
9.641000
9.645999
9.705000
9.690000
9.668000
9.853001
9.869001
9.635000
10.082999
10.049000
10.046000
9.808000
9.885000
9.910000
9.889000
9.676000
9.869000
10.061000
9.907000
10.024000
9.900000
9.855000
9.856001
9.863000
9.928000
9.886000
9.915000
9.634000
9.601000
9.640000
9.624001
9.618000
9.870999
9.801000
9.860001
9.877000
10.001000
9.815000
9.636999
10.042000
9.973000
9.622000
9.992000
10.250000
10.468001
10.147001
10.151001
10.297000
10.284000
9.640000
9.987000
9.764000
10.432000
10.139000
10.260001
9.874000
9.854999
10.055000
9.816000
9.629000
10.040000
9.858000
10.181000
10.309000
10.243000
10.429000
10.233000
9.726000
9.878000
10.166001
10.214000
10.016000
10.260000
10.030000
10.237000
10.265000
10.183000
10.289000
10.197000
9.989000
9.627000
9.955000
10.006000
10.246000
10.144000
10.221001
10.128000
10.300000
9.585000
10.015000
9.745000
9.986999
10.213000
10.276000
10.133000
10.316000
9.962000
9.966999
10.015001
10.211000
9.883001
9.746000
9.950000
10.052000
