21.680001
20.879999
20.959999
20.980000
20.919997
20.979997
21.019999
20.980000
20.939998
20.960003
20.980000
20.980000
20.940002
21.019999
20.819999
20.819999
20.959999
20.919997
20.920001
20.939998
20.980000
21.000002
20.940002
20.959999
20.920001
20.919997
20.939998
20.940002
20.980000
20.959999
20.940002
20.980000
20.959999
20.959999
20.959999
20.959999
20.959999
20.919997
20.940002
20.939998
20.980000
20.939998
20.839997
20.959999
20.999998
21.100000
20.940002
21.000002
20.980000
20.919997
20.939998
20.999998
20.760000
20.939998
20.959999
20.940002
20.959999
20.959999
20.999998
20.939998
20.959999
20.939998
20.960003
20.980000
20.959999
20.939998
20.939998
20.980000
20.799998
20.900000
20.959999
20.959999
20.919997
20.920001
20.940002
20.979997
20.980000
20.959999
21.000002
20.939998
20.980000
20.960003
20.980000
20.940002
20.999998
20.959999
20.920001
20.959999
20.860001
20.959999
20.980000
20.980000
20.959999
20.980000
20.959999
20.999998
20.959999
20.979997
20.959999
20.959999
20.979997
20.959999
20.940002
20.940002
20.939998
20.939998
20.999998
20.940002
20.900000
20.820003
20.940002
20.900000
20.920001
20.939998
21.019999
20.920001
20.920001
20.959999
20.980000
20.959999
20.920001
20.959999
20.940002
20.959999
20.939998
20.920001
20.900000
20.959999
20.920001
20.939998
20.900000
20.939998
20.939998
20.959999
20.959999
20.980000
20.960003
20.939998
20.980000
20.760000
20.979997
21.000002
21.240000
20.920001
20.939998
20.940002
20.980000
20.959999
20.980000
21.019999
20.980000
20.980000
20.819999
21.019999
21.079998
20.819999
20.979997
20.960003
20.960003
20.960003
20.980000
20.960003
20.920001
20.980000
20.920001
20.980000
20.959999
20.980000
20.959999
21.000002
20.980000
20.940002
20.939998
20.939998
20.980000
20.900000
20.860001
20.980000
20.959999
20.939998
20.959999
20.920001
20.920001
20.959999
20.959999
20.919997
20.980000
20.939998
20.980000
20.980000
20.940002
20.939998
20.960003
20.800002
20.959999
20.980000
21.000002
20.980000
20.959999
20.939998
20.960003
20.940002
20.980000
20.939998
20.939998
20.940002
20.960003
20.939998
20.959999
21.000002
20.979997
20.760000
20.999998
20.920001
20.980000
20.839997
20.940002
20.959999
20.939998
20.980000
20.959999
20.860001
20.959999
20.959999
20.959999
20.939998
20.780001
21.000002
20.939998
21.180000
20.980000
20.860001
20.920001
20.959999
20.959999
21.159999
21.199998
21.019999
20.959999
28.280001
20.919997
20.959999
20.959999
20.999998
20.959999
21.000002
20.999998
20.939998
20.900000
20.959999
20.959999
20.900000
20.960003
20.920001
20.920001
20.960003
20.920001
20.939998
20.959999
20.959999
20.959999
21.000002
20.939998
20.959999
20.940002
20.940002
20.940002
20.939998
20.960003
20.960003
20.939998
20.919997
20.940002
20.959999
20.979997
20.979997
20.840000
20.920001
20.939998
20.940002
20.920001
20.979997
20.940002
20.939998
20.940002
20.959999
20.939998
20.980000
20.939998
20.980000
20.920001
21.000002
20.980000
20.959999
20.919997
20.959999
20.939998
21.000002
20.940002
20.939998
20.939998
20.959999
20.959999
20.980000
20.959999
20.980000
20.940002
20.959999
21.240000
20.939998
20.959999
20.960003
20.959999
20.959999
20.780001
20.940002
20.980000
20.920001
20.959999
20.959999
20.900000
20.919997
20.940002
20.919997
20.799998
20.980000
20.939998
20.980000
20.939998
20.979997
20.919997
20.959999
21.000002
20.980000
20.900000
21.000002
20.920001
21.000002
20.959999
21.000002
21.019999
20.920001
20.840000
20.999998
20.959999
20.960003
20.959999
20.920001
20.980000
20.980000
20.959999
20.980000
20.859998
20.840000
20.920001
21.000002
20.940002
20.959999
20.959999
20.980000
20.980000
20.959999
20.920001
20.940002
21.019999
20.939998
20.999998
20.939998
20.939998
20.959999
20.919997
20.940002
20.999998
20.939998
20.920001
20.959999
20.939998
20.999998
20.920001
20.940002
20.959999
20.779997
20.920001
20.920001
21.020003
20.859998
21.100000
20.939998
20.840000
20.960003
20.939998
20.940002
20.980000
20.959999
20.900000
20.959999
20.959999
20.980000
20.920001
21.000002
20.939998
20.979997
20.940002
20.960003
20.959999
20.979997
20.939998
20.939998
20.980000
20.779997
20.999998
21.000002
20.939998
20.959999
20.939998
20.920001
20.919997
20.980000
20.940002
20.919997
20.940002
20.940002
20.940002
20.940002
20.959999
20.960003
20.959999
20.959999
20.860001
20.959999
20.939998
21.019999
20.939998
20.920001
20.959999
20.859998
21.020003
20.959999
20.939998
20.979997
20.939998
20.979997
20.940002
20.960003
20.980000
21.000002
20.999998
21.020003
20.919997
20.959999
20.980000
20.959999
20.959999
20.939998
21.000002
20.940002
21.000002
21.040000
20.959999
20.939998
20.940002
20.920001
20.940002
20.879999
20.959999
27.980000
20.879999
20.959999
20.939998
20.979997
20.980000
21.079998
20.919997
21.019999
20.919997
20.939998
20.980000
20.960003
20.939998
20.980000
20.920001
21.040000
20.939998
20.980000
20.979997
20.939998
20.959999
20.940002
20.959999
20.980000
20.959999
20.959999
21.120001
20.959999
20.860001
20.980000
20.939998
20.959999
21.019999
20.979997
21.000002
20.959999
20.959999
20.919997
20.960003
21.000002
20.920001
20.999998
20.939998
20.959999
20.980000
20.840000
20.980000
20.820003
20.980000
20.940002
20.959999
20.980000
20.980000
20.980000
20.920001
20.959999
20.819999
20.900000
20.939998
20.960003
20.939998
20.960003
21.000002
21.000002
20.959999
20.940002
20.920001
20.980000
20.980000
20.959999
20.960003
20.939998
20.859998
20.959999
21.019999
20.980000
21.000002
20.959999
20.939998
20.980000
20.959999
20.960003
20.959999
20.960003
20.760000
20.940002
20.939998
20.959999
20.959999
20.959999
20.920001
20.939998
21.000002
20.920001
20.940002
20.959999
20.980000
20.980000
20.979997
20.840000
20.980000
20.980000
20.959999
20.999998
20.980000
20.919997
20.940002
21.100000
20.999998
20.940002
20.980000
20.940002
20.720001
20.959999
20.740002
20.980000
20.920001
20.959999
20.999998
20.980000
20.959999
20.960003
20.959999
20.920001
21.000002
20.960003
20.959999
20.980000
20.939998
20.980000
20.959999
20.980000
20.939998
20.920001
20.939998
20.819999
20.959999
20.959999
20.920001
20.960003
21.000002
20.799998
20.959999
20.900000
20.960003
20.959999
20.939998
20.939998
20.959999
20.959999
20.980000
20.999998
20.959999
20.940002
20.980000
20.959999
20.980000
20.939998
20.980000
20.939998
20.980000
20.939998
20.920001
20.940002
20.960003
20.959999
20.920001
20.959999
20.959999
20.940002
20.980000
21.019999
20.939998
20.960003
20.980000
20.979997
20.819999
20.959999
21.040000
21.080002
20.939998
21.240000
21.120001
20.980000
20.980000
20.940002
20.920001
21.019999
20.940002
20.939998
20.940002
20.959999
21.000002
20.940002
20.959999
20.959999
20.959999
20.720001
20.920001
21.180000
20.999998
20.940002
20.959999
20.959999
20.920001
20.959999
20.980000
20.939998
20.959999
20.959999
20.980000
20.959999
20.920001
20.959999
20.940002
21.000002
21.000002
20.979997
21.060001
20.980000
20.959999
20.980000
20.939998
20.959999
20.900000
29.000003
20.999998
20.840000
20.959999
20.940002
20.959999
20.959999
21.019999
20.980000
20.940002
21.060001
20.959999
20.920001
20.939998
20.940002
20.800002
20.940002
20.939998
20.959999
20.980000
20.939998
20.900000
21.000002
20.940002
20.919997
20.900000
20.980000
20.940002
20.980000
20.779997
20.980000
20.920001
20.940002
20.920001
20.959999
20.940002
20.879999
20.920001
20.860001
20.919997
21.000002
21.019999
20.939998
20.960003
20.980000
21.019999
20.980000
21.120001
20.939998
20.939998
20.959999
20.940002
20.959999
20.980000
20.960003
20.940002
20.940002
21.279998
21.000002
20.959999
20.939998
20.940002
20.939998
20.959999
20.959999
20.920001
20.940002
20.959999
20.959999
20.980000
20.980000
20.920001
20.959999
20.920001
20.940002
20.960003
20.980000
20.980000
20.819999
21.019999
20.939998
20.980000
21.000002
20.999998
20.959999
20.760000
20.979997
20.940002
20.959999
20.980000
20.960003
20.919997
20.959999
20.980000
20.980000
21.000002
21.000002
20.939998
20.959999
21.000002
20.960003
20.939998
20.959999
20.940002
20.939998
20.939998
20.959999
20.880003
20.900000
20.939998
20.980000
20.919997
20.959999
28.419998
20.939998
20.939998
20.920001
20.939998
20.959999
20.999998
21.000002
21.100000
20.880003
20.920001
20.959999
20.999998
20.960003
20.980000
20.939998
20.980000
21.040000
20.959999
20.959999
20.900000
20.959999
20.959999
20.980000
20.980000
20.960003
20.959999
20.999998
20.980000
20.900000
20.959999
20.940002
20.959999
20.960003
20.939998
20.959999
20.939998
20.959999
21.060001
21.000002
20.920001
20.999998
20.920001
20.900000
20.959999
20.959999
20.980000
20.980000
20.959999
21.000002
20.980000
21.000002
20.940002
21.019999
20.940002
20.960003
20.940002
20.940002
20.880003
21.000002
20.960003
20.920001
20.979997
20.959999
20.939998
20.959999
20.959999
20.959999
20.940002
20.980000
20.940002
20.980000
20.920001
20.959999
20.960003
20.959999
20.979997
21.040000
20.959999
20.920001
20.799998
20.980000
20.920001
20.980000
21.000002
20.819999
20.900000
20.959999
20.939998
20.940002
20.920001
20.980000
21.000002
21.060001
20.940002
20.980000
20.939998
20.959999
20.980000
20.940002
20.920001
20.960003
20.840000
20.659998
20.940002
20.900004
20.959999
20.900000
20.980000
20.880003
20.959999
20.819999
21.220002
20.860001
20.920001
21.000002
20.959999
20.980000
20.900000
20.880003
20.959999
20.959999
20.939998
20.980000
20.959999
20.940002
20.880003
20.979997
20.959999
20.940002
20.860001
20.959999
20.960003
20.939998
20.920001
21.000002
20.620000
20.939998
20.959999
20.940002
20.900000
28.420001
20.900000
20.959999
21.020003
20.959999
20.980000
20.959999
20.960003
20.940002
20.959999
20.959999
20.840000
20.959999
20.879999
20.939998
20.940002
20.880003
20.780001
20.959999
20.959999
20.959999
20.980000
20.959999
20.880003
20.939998
21.000002
20.980000
20.939998
20.920001
21.020003
20.980000
20.959999
20.959999
20.919997
21.000002
20.919997
20.939998
20.980000
21.079998
20.920001
21.019999
21.219999
20.940002
20.940002
20.920001
20.959999
21.000002
20.960003
20.940002
20.900000
20.920001
20.900000
20.959999
20.959999
20.999998
