139.060000
134.428000
133.989999
133.073000
134.772001
136.544000
133.634000
133.310000
133.001000
132.633000
132.959000
132.471000
139.677000
137.524000
199.767000
162.711000
146.282000
136.395000
134.199000
133.475000
132.998000
132.587000
133.035000
132.115000
132.208000
132.265000
133.219000
132.383000
132.416000
132.793000
132.277000
133.519000
132.436000
132.507999
132.346000
132.355001
132.243000
131.963000
132.471000
132.144000
132.197000
132.382000
132.082000
132.633000
132.266000
132.452000
132.881000
132.677000
132.448000
131.991000
131.839000
132.870000
132.712000
132.615000
132.134000
131.757000
132.709000
132.507000
132.317000
132.127999
131.991999
132.899000
132.230000
132.278000
132.298000
132.325999
140.840000
132.536000
132.340999
132.068000
132.299000
132.697000
132.180000
132.558000
132.289000
132.534999
132.360999
133.176999
132.310000
132.513000
131.904000
132.414000
132.480000
132.319001
132.353000
132.660000
132.305000
133.184000
132.424000
132.607000
132.670000
132.182000
132.596000
132.389000
132.295000
132.778999
132.270000
132.604999
132.707000
132.316000
132.246000
132.349000
132.435001
132.536001
131.969000
132.908000
132.530000
132.328000
132.634000
132.228000
132.371000
132.474000
132.851000
132.836999
132.213000
132.567000
132.453999
132.081000
132.274000
131.921000
132.218000
132.242000
133.457000
132.727000
133.411000
132.555000
132.398000
133.219000
132.314000
132.130000
132.525000
132.199000
132.903000
131.891000
132.784000
132.987000
132.055000
133.052001
132.853000
132.181000
132.110000
132.332000
132.474000
132.987999
132.058000
132.425999
132.396000
132.689999
132.619999
132.353000
132.091000
132.042000
132.329000
132.963000
132.661000
132.072999
132.622999
132.720000
132.623999
132.486001
132.298000
132.259000
144.807001
132.317000
132.470001
132.284001
132.420000
132.474000
132.630999
132.380000
132.632000
132.500000
133.122000
132.561999
131.876000
132.146000
132.056000
132.326000
132.282000
132.037000
132.442000
132.378000
131.903000
132.299000
132.379000
132.162999
132.155000
132.253000
132.396000
132.307000
132.441000
132.553000
132.005000
132.520000
132.607999
132.364000
131.892000
132.565999
132.583001
132.522000
132.611000
132.697000
132.248000
132.593000
132.278999
132.182000
132.367000
132.070000
131.899000
132.328000
132.562000
132.351000
132.127000
133.579999
132.432001
132.459000
132.764000
132.526000
132.406000
132.483000
132.271000
132.224000
132.275000
132.946000
132.615999
132.635000
132.513001
132.515000
132.613000
132.209999
131.926999
132.279000
131.994001
132.500000
132.317999
132.548001
131.825000
132.273001
132.466001
132.544000
132.308000
132.414000
131.935000
139.668000
132.150999
132.465000
132.532000
132.298000
132.908001
133.518999
133.053999
132.711000
132.172001
132.758001
132.625001
132.955000
132.674000
131.901000
132.398000
132.986000
131.932000
132.018000
132.491000
133.366000
133.124000
132.413000
132.688000
132.615000
132.376000
132.649000
132.191001
132.606000
132.309999
132.373000
132.643000
133.057000
132.491999
132.673999
132.358000
132.586000
132.586000
132.094000
132.564000
132.232999
132.091000
132.552000
132.190000
132.635000
132.406000
132.690000
132.569999
132.247000
133.051000
132.533999
132.180000
132.044001
132.640000
132.456999
132.484999
132.474001
132.069000
132.173000
132.373000
132.794000
132.375000
132.624000
132.333000
132.435001
132.329999
133.259000
132.024000
131.691000
132.552001
132.406000
132.371000
132.192000
132.061000
132.689000
132.548000
132.580000
132.633000
132.443001
132.061000
132.709000
132.746000
132.417000
132.873000
132.104000
132.197000
137.250000
131.727000
132.480000
132.298000
131.844000
132.235999
132.704000
132.374000
131.923000
132.137000
132.491000
132.835001
132.153001
132.498000
132.079001
132.139000
132.201999
132.834000
132.372000
132.827000
132.173999
132.445999
132.197999
132.707000
132.451000
132.974000
132.215000
132.489000
132.289999
132.737000
132.486000
132.424001
132.187000
132.904000
133.172999
132.119000
132.325000
132.302000
132.498000
132.300000
132.385000
132.510000
132.045000
132.507000
131.904000
132.589000
132.645000
132.593000
132.452999
132.021000
134.192000
133.473000
133.049000
133.212000
132.478000
132.198000
132.876000
132.370000
132.575000
131.930000
132.154999
132.406000
132.045000
132.041000
132.167000
132.105000
132.460000
132.111000
132.128000
132.656000
132.479001
132.340000
133.345000
132.423000
132.142001
132.401000
132.786000
132.157000
132.072000
132.901000
132.710001
131.980000
132.417000
132.298000
132.104000
132.526000
132.442000
132.339000
131.894001
132.649000
132.180000
132.707000
132.146000
132.170000
132.662000
132.776000
132.541000
132.207000
132.201000
131.985000
132.280000
132.805000
132.769000
132.273001
132.671000
132.154000
132.387000
133.051000
132.354000
132.359000
132.319000
132.220999
132.823001
132.937000
132.591000
132.455001
132.207000
132.164000
132.398999
132.953000
132.592000
132.599000
132.696000
132.463000
132.600000
132.356000
132.433000
132.621001
132.654999
131.860000
132.456000
132.005000
133.049000
132.987000
132.426000
132.406999
132.483000
132.425000
132.646000
132.143000
131.954000
132.365000
132.143000
132.616000
132.409999
132.506000
132.414000
132.346000
131.845000
132.503999
132.282999
132.110001
138.864000
132.448000
132.528000
132.397000
132.583000
132.341000
132.257001
132.550000
132.233000
132.106000
132.002000
132.831000
132.971000
132.267999
132.542000
132.187000
132.445000
132.471000
132.389001
131.883000
132.124000
132.740000
132.503000
132.049000
132.369000
132.288001
132.562000
132.320000
132.277000
132.785000
132.621000
132.873001
132.674000
133.141000
132.249000
132.163000
133.431000
132.321999
132.411000
132.286000
132.708000
133.105000
132.414000
132.487999
132.416000
132.743000
132.862000
132.244000
132.491000
132.292000
132.224000
132.336000
132.407000
132.510999
132.696000
132.714000
133.040000
132.215000
133.136000
132.427000
132.165999
133.072000
132.539000
132.226001
132.207000
132.293000
132.821000
132.291000
132.017001
132.123999
132.533000
132.425000
132.945000
132.755000
133.338001
132.723000
140.849000
132.605000
132.367000
132.285000
132.931000
132.888000
132.220000
132.341000
132.219000
132.370000
132.003000
132.188001
132.392000
132.411000
132.583001
132.554000
132.356000
132.730000
132.335000
132.377000
132.210000
132.459000
132.229000
132.664001
132.237000
132.667000
132.696999
132.645000
132.498001
132.857000
132.745001
132.867000
132.602001
132.716000
132.579001
131.518000
132.768000
132.102000
131.978000
132.145001
132.074000
132.387999
131.668000
132.233000
132.389000
132.329999
132.321000
132.119000
132.254001
132.940999
132.270000
132.750000
132.548001
132.905001
132.507000
132.379000
132.735000
132.915000
132.801000
132.166999
132.544000
132.309000
132.340000
132.414000
132.243000
132.471000
132.735000
132.622001
133.101000
132.248000
132.443001
138.290000
132.717000
132.189999
131.994000
132.432000
132.437999
132.565000
132.757000
132.025001
132.294999
132.246000
132.359000
132.485000
132.704999
132.526000
133.029000
132.436001
132.222000
132.393000
133.282000
132.141001
132.534000
132.298000
132.372000
132.696000
132.167000
132.428000
132.640000
132.019000
132.625000
132.964000
132.427000
132.075001
132.265001
132.037000
132.525000
132.362000
132.534999
132.591001
132.833000
132.843000
132.438000
132.536000
132.454000
132.522999
132.662000
132.431000
132.472000
132.395000
132.531000
132.121000
132.421000
132.278999
132.336000
132.255000
132.427000
132.709000
132.352000
132.402999
132.195000
132.417000
132.166000
132.037000
132.129000
132.674000
131.848999
138.334000
132.325000
132.278000
132.255000
132.476999
131.960000
132.488000
132.950000
132.289001
132.407000
132.262000
133.071000
132.896000
132.977000
132.396000
132.381001
132.713000
132.910999
132.190000
131.995999
132.803000
132.643000
132.656000
132.562000
132.221000
132.670000
132.594001
132.333000
132.160000
131.921000
132.050000
132.624000
132.768000
132.221000
132.280000
132.371999
132.859999
132.861000
132.442000
132.235000
132.850001
132.797000
132.634001
132.373000
131.985000
132.325000
132.249000
132.302999
132.117000
132.463001
132.312000
132.714000
132.706000
132.433999
132.488000
132.204000
132.328000
132.452000
132.460000
132.115000
132.648000
132.721000
132.549000
132.768000
132.509000
132.360999
132.339000
132.440999
131.848000
132.360999
132.339000
138.035000
132.544000
132.812000
132.669000
133.229000
132.985000
132.711000
131.965000
132.680000
132.006000
132.191000
132.687000
132.283000
132.219000
132.541000
132.041000
132.613000
132.096000
133.208999
132.681000
132.605000
132.466001
132.563000
131.977000
132.922000
132.098000
132.893000
132.532000
132.476000
132.410000
132.320001
132.776001
132.374000
132.548001
132.270000
132.131000
133.063000
132.936000
132.450000
133.029000
132.391999
132.870000
132.298999
132.374000
132.301000
132.797000
132.146000
132.259000
132.273000
132.585000
132.782000
132.423000
132.370001
132.074000
132.603000
132.143000
132.906000
131.940000
132.897000
132.010000
132.363000
132.619999
132.623999
132.400000
132.373000
132.383000
132.130000
132.100000
132.479000
132.182000
132.651000
139.096000
132.060000
131.868000
132.233000
132.081000
132.134000
132.707001
132.098000
132.259999
132.518000
132.149000
132.438000
132.204000
132.287000
132.322000
132.651000
132.556001
132.588999
132.661000
132.069000
132.194000
132.622000
133.440000
133.095000
132.425000
132.106001
132.717000
132.310000
132.814000
132.083001
132.655000
132.859000
132.603999
132.286000
132.180000
132.021000
132.875000
132.365000
132.582000
133.031000
132.762000
132.802000
132.421000
132.034000
132.126001
132.720999
132.872000
132.336000
132.428000
132.346001
132.440000
134.335000
133.312000
133.307000
133.489000
133.332000
132.725000
132.092000
132.123999
132.913000
131.988000
132.229000
132.466000
132.862000
132.193000
132.636000
132.516000
132.277000
132.510000
132.861000
132.133000
132.993001
132.047000
132.495999
131.843001
132.092999
132.943001
132.469000
132.621000
131.968000
132.607001
138.497000
132.778999
132.161000
132.309000
132.445999
132.716999
133.274999
132.606000
132.552000
132.598001
132.117000
132.579000
132.483000
132.297000
132.925000
132.759000
132.305000
132.172000
132.544000
132.087000
132.642000
132.406999
132.193000
132.669000
132.820000
132.120000
132.912000
132.032000
132.743000
132.073000
132.321999
132.091001
132.626999
132.375000
132.735000
133.146999
132.261000
132.823001
132.959000
132.521000
132.976000
132.613000
132.747000
132.742000
132.336000
132.570000
133.083000
132.161000
132.259000
132.387000
132.370001
132.817999
132.260000
132.088000
132.588999
132.408001
132.300000
132.263000
132.314000
132.669000
132.755000
132.993001
132.772000
132.603000
132.318000
132.310000
132.394000
132.311000
132.179000
132.464000
132.746000
139.404000
133.458000
132.425000
132.656001
132.584000
132.335000
132.494000
132.341000
132.428000
132.171000
132.444000
132.820000
