449.100003
448.199999
450.580001
448.360000
465.599999
450.840000
452.539999
447.219998
448.599998
460.979998
449.779999
448.279999
450.100001
448.139999
450.999998
450.080000
452.199999
452.879999
450.240001
451.460000
450.299997
466.359999
449.680001
450.920001
451.740000
448.600002
450.200003
450.300001
468.760002
445.700001
447.179999
451.420002
449.899998
450.400002
450.580001
465.920001
452.080000
448.279999
448.440000
447.540000
450.339999
446.920000
449.439999
450.420000
449.239999
448.940001
448.500000
461.880002
447.459999
446.120001
449.240003
449.440002
449.039999
447.659999
465.299997
449.159998
449.440002
450.780001
448.100001
447.360002
449.139997
467.079997
452.259999
450.060003
446.759999
449.460000
450.840000
448.800001
449.220002
446.860000
446.720000
447.400000
449.600000
467.299998
447.899997
447.200000
450.799998
447.040003
450.880002
448.240001
467.599999
450.539999
450.339999
449.540000
448.260002
450.979996
446.060002
463.860001
450.580001
449.279997
451.239999
448.020000
450.040001
448.320001
467.360001
448.260002
447.800003
449.519999
447.780002
452.519998
448.420003
450.179998
445.700001
451.239999
449.700002
449.260000
464.600001
450.420000
449.880000
450.139999
449.340001
447.620001
447.839998
462.780003
447.300002
448.020000
450.459998
447.819997
450.360000
447.700001
459.940001
451.460000
447.220001
450.520001
446.680002
450.679999
449.000001
448.039997
450.719997
450.020000
450.580001
448.739998
462.959997
448.260002
447.359998
445.400000
450.179998
450.360000
446.460001
468.479998
448.300000
447.919998
451.619998
450.020000
450.700000
451.719999
466.860000
447.400000
450.579997
447.859999
449.560001
448.440000
448.599998
450.160000
448.580001
448.179998
448.560003
446.340002
468.320001
451.940000
450.020000
451.960001
448.000003
450.200003
449.440002
465.980001
448.259998
447.880000
447.659999
443.639997
449.600000
447.840001
464.079998
451.740000
447.559997
448.739998
449.679997
449.519999
448.260002
451.099999
448.500000
447.419997
445.160002
448.380001
469.500002
447.760001
447.699998
449.260000
448.299997
449.200001
448.360000
467.480000
450.400002
447.719999
446.380001
449.159998
451.439999
447.900001
463.280000
449.139997
449.039999
449.020002
450.700000
449.439999
446.140002
449.999999
448.759999
447.700001
447.799999
450.179998
446.800001
449.859999
448.419999
449.740000
447.380003
450.280000
453.159999
467.420001
449.659999
449.219998
448.119998
450.840000
451.660000
450.980000
467.020001
449.560001
447.999999
449.220002
451.000001
450.799998
448.300000
467.160001
449.900001
448.959999
447.319999
449.659999
448.139999
445.760000
449.480001
449.480001
449.120000
448.220000
445.920002
462.220002
449.840002
448.999997
447.699998
448.780000
445.980001
451.200001
461.680003
448.500000
446.599998
446.600001
446.980000
448.399998
451.320000
463.299997
449.239999
448.380001
448.760003
447.820000
450.560000
449.379999
450.100001
452.439997
447.200000
445.600003
449.299999
467.560001
447.039999
446.799997
449.279997
448.980000
448.060002
450.720001
467.279997
450.959999
445.959996
448.840000
445.720002
450.020000
448.200002
465.939999
446.359999
448.800001
449.699998
448.740002
448.600002
450.280000
448.000003
450.759999
448.320001
450.460002
448.980000
445.820000
446.820002
451.639999
450.360000
448.620003
466.420002
452.380002
449.140001
447.379999
449.479997
449.220002
449.400000
466.479998
445.739999
447.439998
446.440000
448.599998
448.479999
451.019999
466.120001
447.780002
449.520003
450.500000
448.120002
448.860001
451.579999
448.320001
450.539999
450.199999
449.640002
450.640000
464.759998
450.220000
445.760000
451.300003
448.220000
446.100000
448.500000
460.179999
450.900000
449.039999
449.880000
450.660001
447.060000
451.719999
463.240001
448.980000
451.460000
447.300002
449.980002
450.759999
449.140001
449.180003
449.699998
449.159998
450.240001
449.039999
468.559999
449.099999
448.780000
462.299999
450.059999
451.260000
450.580001
469.859999
448.580001
448.080003
448.320001
447.659999
450.479999
447.679996
465.280000
451.180000
446.879998
447.999999
450.780001
450.959999
449.560001
446.279999
447.779998
450.999998
450.840000
450.500000
450.540002
448.720001
452.379998
448.619999
449.719999
448.899999
446.879998
463.120002
447.500002
450.039998
450.959999
450.260002
445.820000
447.299998
462.140001
450.160000
451.040000
449.859999
448.880002
448.459998
451.520000
462.479997
450.440001
447.300002
449.120000
451.019999
448.579997
450.659998
451.739997
450.799998
445.600003
447.859999
449.360002
463.440001
447.980002
447.140001
448.360000
451.359998
451.719999
449.260000
467.260003
447.619997
447.680000
450.379997
446.660001
447.519999
448.619999
467.379998
449.780002
447.380003
448.419999
450.619999
446.419999
449.700002
466.540001
450.319998
450.059999
450.919997
450.660001
445.979998
450.059999
447.400000
448.200002
449.000001
451.140001
449.060000
465.519998
447.260000
448.619999
450.340003
448.959999
448.739998
448.360000
465.579998
448.120002
447.280001
449.800000
447.400000
449.320000
446.139999
463.339999
450.759999
448.700000
448.139999
449.020002
453.979999
449.840002
448.300000
450.999998
447.960000
447.999999
445.900001
470.820002
447.000001
449.659999
448.920000
448.100001
451.400001
447.159998
468.380000
448.240001
449.600000
449.460000
449.620001
451.239999
449.840002
466.019999
449.719999
446.699999
449.620001
447.380003
448.840003
445.620000
450.479999
447.400000
446.839999
447.920002
448.640000
463.180002
446.459997
448.980000
447.740003
449.219998
447.419997
448.320001
463.020001
449.320000
451.299999
446.799997
448.360000
448.080003
451.120000
464.559998
449.499998
446.600001
448.020000
447.799999
449.639998
448.400002
463.300001
452.080000
451.280002
448.279999
452.160001
447.440002
451.320000
450.300001
449.960001
448.259998
450.100001
451.159999
466.740001
450.039998
451.040000
450.520001
448.720001
450.700000
447.560001
465.420000
449.579999
448.780000
448.940001
450.980000
448.739998
452.959999
464.380000
452.819999
446.100000
446.060002
451.099999
450.360000
449.480001
448.599998
451.140001
450.360000
450.040001
443.860002
459.199999
451.000001
447.140001
449.880000
449.300002
449.800000
450.380001
461.819999
447.980002
447.740000
448.579997
448.720001
446.720000
451.120000
465.999998
449.220002
448.679999
447.900001
450.139999
449.640002
448.860001
449.660003
448.500000
449.120000
449.480001
449.960001
449.140001
450.660001
448.139999
449.080002
446.020003
448.799998
450.560000
468.920000
447.740000
448.199999
449.659999
449.760001
449.019998
449.699998
466.900002
448.539998
450.160000
448.220003
450.320002
449.200001
450.680003
468.259998
450.980000
449.320000
449.999999
448.660001
450.740002
451.020002
447.600000
448.160000
448.559999
450.139999
445.680000
463.440001
450.459998
447.239999
451.279998
449.379999
448.239997
447.820000
463.620000
446.879998
447.419997
447.799999
449.540000
448.100001
446.600001
464.979999
447.499998
448.940001
446.699999
448.240001
449.780002
447.919998
449.500002
448.980000
447.579999
447.999999
450.059999
467.079997
451.820001
448.460001
448.200002
448.360000
450.119998
448.380001
465.799998
448.220003
449.299999
450.500000
450.240001
451.019999
450.640000
466.860000
450.360000
446.479999
446.759999
447.360002
451.499999
449.099999
471.779998
449.299999
449.400000
451.560002
450.479999
452.700000
449.280001
447.680000
450.920001
449.200001
450.940002
449.580003
461.480003
447.499998
450.680003
449.640002
448.940001
449.600000
447.400000
465.360001
449.340001
447.620001
450.980000
449.500002
449.519999
449.540000
464.180000
450.980000
448.860001
450.980000
446.839999
449.779999
449.019998
446.379997
448.520001
449.359998
450.700000
449.500002
464.800000
446.939997
450.460002
462.499999
447.760001
450.339999
449.159998
467.900001
449.959997
450.179998
449.219998
450.780001
449.900001
448.500000
463.959999
449.340001
444.940001
447.500002
446.699999
450.379997
452.860001
450.880002
449.960001
447.359998
451.260000
448.259998
467.280000
449.999999
449.600000
450.280000
449.919999
447.379999
450.959999
462.820001
446.739998
448.119998
447.099999
450.940002
452.319998
448.800001
461.759999
450.840000
447.799999
450.479999
448.619999
448.439997
448.840000
450.179998
448.119998
447.820000
449.919999
448.440000
450.999998
449.200001
450.160000
448.320001
449.579999
456.720002
447.719999
463.740002
447.140001
449.099999
448.920000
450.299997
451.499999
448.680002
465.800002
447.580002
445.120003
447.340000
449.560001
450.620003
448.980000
465.360001
447.239999
450.720001
446.660001
447.999999
451.120000
446.780000
449.540000
449.719999
448.899999
449.540000
449.180000
464.520000
449.639998
446.500000
450.780001
449.760001
449.240003
453.380000
467.060000
448.619999
445.939999
448.660001
444.860000
449.560001
449.220002
464.520000
447.439998
448.539998
449.719999
449.120000
448.539998
448.139999
452.739999
449.059997
449.019998
449.200001
452.120002
466.180000
451.820001
448.179998
452.500001
448.600002
452.360000
449.260000
466.600001
446.820002
447.139997
446.559999
449.659999
447.379999
452.660002
462.719999
449.519999
450.360000
449.820001
448.099997
450.360000
449.180000
463.340003
447.319999
447.920002
449.900001
449.639998
451.559998
448.020000
448.540002
451.759998
451.159999
448.140003
447.120000
465.420000
448.840000
448.580001
447.280001
447.459999
450.640000
447.840001
464.279998
448.380001
448.060002
446.259998
449.560001
448.360000
449.280001
464.600001
449.400000
446.960002
447.600000
447.439998
451.299999
447.960000
449.500002
447.440002
449.420001
450.260002
450.420000
465.920001
447.719999
447.299998
451.020002
447.620001
449.740000
448.660001
460.380003
447.719999
449.820001
451.860003
451.499999
451.719999
449.819997
465.460002
448.300000
449.740000
450.119998
451.719999
448.360000
452.500001
449.180000
449.859999
447.319999
448.739998
450.260002
463.519998
449.439999
447.799999
450.980000
451.439999
446.600001
452.480003
462.699998
449.839998
446.939997
449.239999
450.119998
449.339997
450.840000
464.540001
448.860001
450.160000
448.419999
447.099999
449.979998
448.959999
463.500001
447.200000
448.840000
452.240001
449.120000
448.619999
453.339998
448.279999
446.260002
447.639998
450.020000
449.199997
464.140002
449.260000
448.319998
450.100001
448.660001
449.359998
450.059999
467.399999
449.820001
451.200001
449.919999
450.900000
449.639998
447.200000
461.240001
447.299998
446.500000
450.840000
448.740002
449.820001
447.039999
449.880000
449.600000
450.259998
449.940000
450.900000
463.200003
448.380001
448.360000
444.740001
448.300000
447.239999
447.200000
465.700001
446.940001
449.759997
451.699998
448.080000
448.360000
446.780000
462.520000
446.359999
448.819999
450.199999
449.079998
448.620003
449.700002
463.900000
448.420003
450.080000
450.120002
448.460001
449.820001
449.180000
447.799999
450.420003
451.400001
450.339999
445.359997
463.560000
448.940001
449.480001
448.060002
447.779998
447.720002
448.920000
463.700000
450.020000
448.759999
448.820002
449.579999
451.520000
