0.165000
0.163000
0.149000
0.146000
0.139000
0.144000
0.139000
0.139000
0.139999
0.141000
0.166000
0.138000
0.139000
0.139000
0.139000
0.138000
0.139000
0.140000
0.141000
0.139000
0.141000
0.139999
0.143999
0.140000
0.140000
0.139000
0.141000
0.139000
0.140000
0.140000
0.140000
0.139000
0.140000
0.139000
0.139001
0.139001
0.141000
0.139001
0.139000
0.140000
0.139999
0.140999
0.140999
0.139001
0.141000
0.139000
0.140000
0.139000
0.139001
0.139999
0.154000
0.140999
0.139000
0.140000
0.140999
0.140000
0.140999
0.141000
0.139999
0.142000
0.143000
0.140000
0.140000
0.140000
0.142001
0.140000
0.168000
0.141000
0.140000
0.140000
0.143000
0.140999
0.140999
0.140000
0.140000
0.140000
0.141000
0.140000
0.139999
0.139000
0.139001
0.139000
0.139000
0.140000
0.140000
0.140000
0.140999
0.141000
0.140000
0.141000
0.143000
0.139000
0.139000
0.139000
0.140000
0.139000
0.139000
0.139001
0.139000
0.138001
0.141000
0.140000
0.139000
0.142000
0.139000
0.139000
0.139999
0.140000
0.139000
0.139001
0.140000
0.140000
0.138000
0.138000
0.144000
0.139000
0.139000
0.138000
0.140000
0.140999
0.142000
0.140999
0.251001
0.142001
0.144000
0.142000
0.140000
0.140000
0.142000
0.140000
0.143000
0.140000
0.140999
0.139999
0.140000
0.140000
0.142000
0.139000
0.140000
0.139000
0.143000
0.141000
0.142000
0.140000
0.143001
0.139999
0.141000
0.140999
0.140999
0.140999
0.141000
0.140000
0.141000
0.140999
0.142001
0.141000
0.141000
0.142001
0.141000
0.142001
0.140000
0.141000
0.140999
0.140000
0.139000
0.141000
0.142000
0.142000
0.140000
0.140000
0.141000
0.140999
0.142000
0.141000
0.143000
0.141000
0.142001
0.141000
0.139000
0.143000
0.141000
0.140000
0.142000
0.140000
0.142000
0.140000
0.142000
0.140999
0.141000
0.141000
0.140000
0.140000
0.141000
0.141000
0.140000
0.142000
0.141000
0.141000
0.141000
0.139000
0.141000
0.140000
0.140999
0.139000
0.140000
0.142001
0.140000
0.139001
0.139000
0.140000
0.140000
0.139001
0.140999
0.139001
0.139000
0.139000
0.139000
0.141000
0.139000
0.138000
0.142001
0.139000
0.140000
0.138001
0.139000
0.139000
0.139000
0.139000
0.139000
0.139000
0.139000
0.139000
0.139000
0.139001
0.139000
0.139000
0.139000
0.140000
0.140000
0.139000
0.139999
0.138000
0.139000
0.144000
0.140000
0.139000
0.142001
0.142000
0.141000
0.142001
0.140000
0.141000
0.143000
0.142000
0.139000
0.140000
0.139000
0.141000
0.140999
0.144000
0.142001
0.139001
0.141000
0.139999
0.139999
0.139000
0.142001
0.138000
0.141000
0.140999
0.140000
0.139000
0.138000
0.140000
0.141000
0.140000
0.140000
0.141000
0.139999
0.140999
0.141000
0.139000
0.140999
0.140000
0.140999
0.139000
0.139000
0.140999
0.139000
0.142000
0.140000
0.140000
0.139000
0.141000
0.141000
0.140000
0.139000
0.143000
0.140000
0.139000
0.139000
0.138001
0.140000
0.140000
0.140000
0.138000
0.140999
0.139000
0.140000
0.138000
0.140000
0.139999
0.139000
0.139000
0.140000
0.140000
0.139000
0.139000
0.139000
0.139000
0.140000
0.140000
0.140000
0.139000
0.141000
0.140000
0.139999
0.139000
0.140000
0.140000
0.140000
0.139000
0.139000
0.139000
0.140000
0.140000
0.140000
0.139001
0.140000
0.138000
0.140000
0.139000
0.140000
0.139000
0.140000
0.140999
0.139000
0.140000
0.143000
0.140000
0.143000
0.141000
0.140999
0.140999
0.140000
0.141000
0.141000
0.140999
0.142001
0.140000
0.142000
0.140000
0.142000
0.140999
0.140000
0.142000
0.140999
0.136999
0.140999
0.139000
0.139999
0.138001
0.139000
0.138000
0.140000
0.138001
0.139000
0.140999
0.139000
0.140000
0.142001
0.141000
0.140000
0.140000
0.141000
0.140000
0.139000
0.141000
0.140999
0.139000
0.142001
0.142000
0.143000
0.140000
0.140000
0.141000
0.140999
0.139000
0.140000
0.140000
0.140000
0.140000
0.140999
0.141000
0.139999
0.140000
0.140000
0.139999
0.139000
0.139000
0.140999
0.138000
0.139001
0.138000
0.139000
0.138001
0.140000
0.138001
0.139000
0.140000
0.140000
0.139000
0.139001
0.139000
0.143000
0.139000
0.139000
0.139000
0.139000
0.138001
0.140000
0.139000
0.139000
0.138000
0.139000
0.139000
0.141000
0.140000
0.139000
0.138001
0.139000
0.138001
0.139000
0.139000
0.139000
0.139000
0.139000
0.139000
0.140000
0.138000
0.139000
0.140000
0.139999
0.139000
0.140000
0.141000
0.140000
0.139000
0.141000
0.140999
0.140000
0.140000
0.140000
0.141000
0.141000
0.142000
0.142000
0.141000
0.141000
0.140999
0.141000
0.140000
0.140000
0.141000
0.140000
0.140000
0.141000
0.140000
0.140000
0.142000
0.142000
0.139999
0.143000
0.142000
0.141000
0.140999
0.140000
0.139000
0.142001
0.140999
0.141000
0.141000
0.140000
0.140000
0.142000
0.140999
0.140999
0.140000
0.141000
0.138000
0.140000
0.140999
0.139999
0.140000
0.142000
0.139000
0.141000
0.140999
0.142000
0.140999
0.140000
0.140000
0.141000
0.139000
0.139999
0.140000
0.143000
0.139000
0.140999
0.140000
0.141000
0.140999
0.141000
0.143000
0.140000
0.140999
0.142000
0.141000
0.142000
0.142000
0.140000
0.140000
0.140999
0.139001
0.140000
0.139999
0.142000
0.140999
0.140999
0.141000
0.144999
0.139000
0.144999
0.141000
0.143000
0.140000
0.139000
0.139000
0.141000
0.138000
0.143000
0.140999
0.142001
0.141000
0.140000
0.141000
0.140000
0.140999
0.139999
0.140000
0.141000
0.142000
0.140000
0.141000
0.142001
0.142000
0.140000
0.142001
0.140000
0.141000
0.140999
0.140999
0.140000
0.140000
0.140000
0.139999
0.140999
0.141000
0.141000
0.139000
0.143000
0.140000
0.139999
0.140000
0.141000
0.141000
0.143000
0.141000
0.142000
0.140999
0.138000
0.141000
0.139999
0.141000
0.140000
0.140999
0.140000
0.140999
0.141000
0.140000
0.139999
0.141000
0.140000
0.141000
0.140000
0.141000
0.141000
0.140999
0.140999
0.141000
0.141000
0.140999
0.141000
0.139999
0.144000
0.140000
0.141000
0.140000
0.140999
0.142001
0.139000
0.140999
0.142000
0.140999
0.141000
0.141000
0.140999
0.141000
0.140000
0.141000
0.140000
0.141000
0.141000
0.140000
0.140999
0.142001
0.140000
0.141000
0.140000
0.141000
0.139999
0.138000
0.139999
0.139001
0.140000
0.139001
0.139001
0.139000
0.140000
0.139000
0.140000
0.138001
0.140000
0.138000
0.138001
0.138001
0.139000
0.140000
0.140000
0.140000
0.139999
0.138000
0.139000
0.137000
0.139000
0.140000
0.139000
0.138001
0.140999
0.139000
0.139000
0.138001
0.138001
0.139000
0.140000
0.139000
0.139000
0.139000
0.139000
0.139000
0.140000
0.139000
0.140000
0.139000
0.139000
0.140999
0.139000
0.140999
0.139000
0.138000
0.143000
0.140999
0.140000
0.140999
0.140999
0.139999
0.139999
0.138000
0.141000
0.140999
0.139999
0.140000
0.141000
0.142000
0.140000
0.143000
0.139000
0.139000
0.139000
0.140999
0.139000
0.139000
0.139000
0.139000
0.142000
0.138000
0.142001
0.138001
0.140000
0.141000
0.141000
0.138000
0.141000
0.140000
0.139999
0.140000
0.140000
0.140000
0.141000
0.142000
0.141000
0.142001
0.142000
0.142001
0.141000
0.141000
0.141000
0.139999
0.139999
0.140000
0.140000
0.141000
0.139000
0.140000
0.141000
0.142000
0.140999
0.140000
0.141000
0.140999
0.139000
0.139001
0.145000
0.142000
0.143000
0.143999
0.139999
0.140999
0.140999
0.138000
0.139999
0.139000
0.140000
0.139000
0.141000
0.140000
0.140000
0.140000
0.140000
0.140000
0.140000
0.142001
0.139999
0.143000
0.140000
0.140000
0.141000
0.140000
0.141000
0.142000
0.140000
0.140999
0.141000
0.141000
0.140000
0.139001
0.141000
0.140000
0.140000
0.141000
0.140999
0.140000
0.140999
0.140000
0.139000
0.142001
0.140999
0.142001
0.140000
0.139999
0.140000
0.140000
0.140000
0.138000
0.141000
0.140999
0.140000
0.139000
0.139000
0.140000
0.140000
0.139000
0.140000
0.142000
0.140000
0.140999
0.142000
0.140999
0.141000
0.140999
0.139999
0.139000
0.140999
0.141000
0.141000
0.140000
0.141000
0.141000
0.140000
0.140000
0.140999
0.140000
0.140000
0.141000
0.142000
0.141000
0.141000
0.139000
0.140000
0.140000
0.141000
0.141000
0.140999
0.140999
0.140000
0.140999
0.143001
0.141000
0.141000
0.140000
0.142000
0.141000
0.142000
0.141000
0.140999
0.139000
0.142000
0.140000
0.142000
0.139000
0.140000
0.139999
0.139000
0.139000
0.140000
0.139001
0.139000
0.140000
0.138001
0.140000
0.141000
0.138000
0.139000
0.139000
0.140999
0.140000
0.140000
0.140999
0.140000
0.139000
0.139000
0.141000
0.140000
0.140000
0.139001
0.139000
0.140000
0.141000
0.139000
0.142001
0.143000
0.140999
0.141000
0.142001
0.141000
0.140000
0.140000
0.140000
0.141000
0.141000
0.143000
0.140999
0.142001
0.140000
0.140999
0.139999
0.140999
0.141000
0.140000
0.140999
0.142000
0.141000
0.142001
0.140999
0.143000
0.140999
0.140999
0.141000
0.140999
0.142001
0.140999
0.142000
0.140999
0.141000
0.139001
0.140000
0.140000
0.141000
0.139000
0.142000
0.141000
0.141000
0.141000
0.140999
0.139999
0.138001
0.140000
0.138001
0.141000
0.139000
0.142000
0.138000
0.141000
0.140000
0.140999
0.139001
0.142001
0.139999
0.141000
0.140000
0.140000
0.141000
0.140000
0.140999
0.143000
0.143000
0.140000
0.138000
0.139000
0.138000
0.139000
0.140000
0.139000
0.139000
0.139000
0.139000
0.139999
0.141000
0.139000
0.141000
0.140000
0.138000
0.140999
0.140999
0.139999
0.141000
0.140999
0.140000
0.140000
0.140999
0.141000
0.140000
0.139000
0.140000
0.143000
0.140999
0.143000
0.142001
0.140999
0.140999
0.141000
0.140000
0.140999
0.140000
0.141000
0.141000
0.141000
0.141000
0.142000
0.140000
