0.234000
0.221999
0.210000
0.209000
0.203000
0.210000
0.198000
0.204000
0.197999
0.198000
0.195000
0.193000
0.194000
0.195000
0.194999
0.194999
0.196000
0.198999
0.194999
0.194999
0.198000
0.198999
0.198000
0.195000
0.197999
0.200000
0.198000
0.198000
0.195000
0.194000
0.197000
0.198000
0.197999
0.198999
0.198000
0.198000
0.194000
0.195000
0.195000
0.194000
0.198000
0.199000
0.198000
0.194000
0.198000
0.197000
0.194000
0.194000
0.194000
0.193999
0.195000
0.194000
0.194999
0.194999
0.194000
0.194000
0.195000
0.194000
0.194000
0.195000
0.194999
0.194000
0.195000
0.197000
0.196001
0.200001
0.198000
0.194000
0.194000
0.193999
0.194000
0.194000
0.194000
0.195000
0.195000
0.194000
0.193999
0.193000
0.194999
0.195000
0.198000
0.195000
0.194999
0.197000
0.198000
0.194000
0.195000
0.194000
0.197000
0.197000
0.195000
0.194000
0.198000
0.200000
0.194999
0.194000
0.197001
0.194999
0.198000
0.198000
0.198000
0.198000
0.194999
0.194000
0.198000
0.198000
0.197000
0.198000
0.197000
0.197000
0.200000
0.198000
0.198000
0.195000
0.194000
0.195000
0.194999
0.197000
0.194000
0.198000
0.198000
0.199000
0.197001
0.198000
0.196000
0.196001
0.194000
0.194000
0.196000
0.198000
0.194999
0.195000
0.198000
0.193999
0.197000
0.195000
0.194000
0.194000
0.194000
0.195000
0.194000
0.193999
0.194000
0.195000
0.193999
0.196000
0.194000
0.197000
0.198000
0.198999
0.195000
0.194000
0.197000
0.199000
0.197000
0.198000
0.198000
0.194999
0.198000
0.197000
0.194000
0.199000
0.194000
0.197000
0.194000
0.194000
0.198000
0.194000
0.194999
0.194000
0.198000
0.194000
0.196000
0.198000
0.198000
0.197000
0.193999
0.195000
0.195000
0.194000
0.196000
0.200001
0.194000
0.198999
0.194999
0.197001
0.196001
0.194000
0.194999
0.198000
0.198000
0.198000
0.198000
0.198999
0.196001
0.198000
0.198000
0.194999
0.198000
0.194000
0.198000
0.198000
0.197000
0.198000
0.195000
0.198000
0.198000
0.198000
0.194999
0.193999
0.194000
0.194999
0.196000
0.200000
0.197000
0.197000
0.194999
0.194000
0.194000
0.194999
0.195000
0.194000
0.196000
0.195000
0.194000
0.195000
0.195000
0.196001
0.194000
0.194999
0.197000
0.198000
0.198000
0.198000
0.198000
0.197999
0.198000
0.200001
0.197999
0.198000
0.198000
0.195000
0.196001
0.197000
0.198000
0.195000
0.197999
0.194000
0.197999
0.195000
0.197000
0.194999
0.193999
0.194000
0.195000
0.194999
0.197000
0.194000
0.195000
0.198000
0.198000
0.194000
0.197000
0.194999
0.194000
0.200001
0.196001
0.198000
0.206999
0.197000
0.195000
0.198000
0.196001
0.195000
0.198000
0.198000
0.197001
0.197999
0.195000
0.194000
0.196001
0.197000
0.198000
0.195000
0.194000
0.194000
0.195000
0.194000
0.199000
0.198000
0.198000
0.198000
0.198000
0.198000
0.198000
0.198000
0.199000
0.198000
0.194999
0.198000
0.199000
0.195000
0.197000
0.198000
0.199000
0.194000
0.195000
0.195000
0.193999
0.194000
0.194000
0.194999
0.194000
0.198000
0.195000
0.198000
0.197000
0.195000
0.194999
0.196001
0.194000
0.195000
0.194999
0.194000
0.198000
0.199000
0.198000
0.197000
0.197000
0.197000
0.197000
0.196001
0.226000
0.194000
0.200000
0.197000
0.199000
0.197000
0.195000
0.194999
0.196000
0.195000
0.200000
0.198000
0.198000
0.200000
0.199000
0.196000
0.195000
0.194000
0.194000
0.195000
0.195000
0.194000
0.194000
0.194000
0.198000
0.194000
0.194000
0.194000
0.194000
0.194000
0.196000
0.195000
0.194000
0.195000
0.194000
0.194999
0.196000
0.193000
0.200000
0.199000
0.198000
0.198000
0.198000
0.198000
0.198000
0.198999
0.200000
0.198000
0.195000
0.198000
0.196000
0.194000
0.196001
0.198000
0.198000
0.199000
0.195000
0.199000
0.198000
0.197000
0.198000
0.200000
0.198000
0.197001
0.198000
0.194000
0.198000
0.197000
0.196000
0.199000
0.198000
0.194000
0.198000
0.197000
0.197000
0.198000
0.198000
0.196000
0.198000
0.194000
0.196000
0.197000
0.198000
0.194000
0.198000
0.198000
0.198000
0.198000
0.196001
0.196001
0.198000
0.197999
0.198000
0.194000
0.198000
0.194000
0.195000
0.194000
0.197000
0.198000
0.195000
0.194000
0.197000
0.198000
0.198000
0.195000
0.194999
0.194000
0.194000
0.195000
0.198000
0.194000
0.193999
0.194000
0.194000
0.195000
0.195000
0.194000
0.198000
0.198000
0.194000
0.197000
0.194000
0.195000
0.195000
0.195000
0.200001
0.194000
0.198000
0.193000
0.196001
0.194000
0.198000
0.197000
0.195000
0.194000
0.198000
0.194000
0.194999
0.198000
0.198000
0.200000
0.196000
0.197000
0.198000
0.196000
0.198000
0.194000
0.197001
0.194000
0.194000
0.194000
0.195000
0.194000
0.195000
0.198000
0.198999
0.198000
0.198000
0.198000
0.198000
0.198000
0.196000
0.194000
0.194000
0.199000
0.196001
0.196001
0.195000
0.199000
0.197999
0.198999
0.197000
0.199000
0.198000
0.195000
0.198000
0.198000
0.198000
0.197000
0.197000
0.198000
0.198000
0.195000
0.198999
0.194000
0.195000
0.198000
0.198000
0.198000
0.197000
0.198000
0.427000
0.193000
0.194000
0.197000
0.198000
0.198000
0.198000
0.198000
0.196001
0.197999
0.198000
0.198999
0.198000
0.197999
0.200001
0.194000
0.197000
0.198000
0.196000
0.198000
0.194000
0.194000
0.198000
0.198000
0.197000
0.194999
0.196000
0.195000
0.198000
0.198000
0.195000
0.194999
0.198000
0.198000
0.194999
0.194999
0.197000
0.194000
0.195000
0.194000
0.198000
0.195000
0.200001
0.198000
0.196000
0.198000
0.194999
0.194999
0.198000
0.198999
0.193999
0.194000
0.194000
0.194000
0.195000
0.195000
0.194000
0.195000
0.195000
0.197000
0.194999
0.195000
0.195000
0.196000
0.197000
0.199000
0.198000
0.194000
0.195000
0.194000
0.196000
0.197000
0.194999
0.198000
0.194000
0.194999
0.194999
0.196000
0.198000
0.194000
0.198000
0.198000
0.197999
0.196000
0.198000
0.196001
0.194999
0.194000
0.195000
0.194000
0.195000
0.197000
0.197999
0.194000
0.195000
0.195000
0.198000
0.194000
0.195000
0.199000
0.194999
0.194000
0.194000
0.195000
0.194000
0.194000
0.194999
0.198000
0.194999
0.262000
0.196001
0.199000
0.195000
0.194000
0.198000
0.198000
0.197000
0.198000
0.200001
0.194000
0.195000
0.193999
0.195000
0.194999
0.194000
0.195000
0.195000
0.195000
0.197000
0.195000
0.196000
0.197000
0.195000
0.195000
0.197000
0.197000
0.197000
0.198000
0.200000
0.196001
0.197000
0.196000
0.194999
0.194000
0.198000
0.198000
0.198000
0.196000
0.197000
0.193999
0.194000
0.198000
0.194000
0.199000
0.200001
0.198000
0.196000
0.194000
0.194999
0.196000
0.195000
0.194999
0.198000
0.194000
0.195000
0.195000
0.194999
0.198000
0.196000
0.197999
0.198000
0.198000
0.197001
0.198000
0.198000
0.194000
0.194000
0.197000
0.197000
0.198000
0.198000
0.198000
0.195000
0.195000
0.198000
0.196000
0.198000
0.198000
0.198000
0.198000
0.198000
0.196001
0.197000
0.197999
0.195000
0.198999
0.197000
0.194000
0.194999
0.197000
0.195000
0.194000
0.194999
0.194000
0.196000
0.198000
0.197000
0.196000
0.197000
0.194000
0.194999
0.197000
0.197000
0.199000
0.198000
0.194000
0.196001
0.195000
0.194000
0.195000
0.195000
0.193999
0.198000
0.194000
0.194000
0.195000
0.197999
0.194999
0.194999
0.197000
0.197999
0.194999
0.194000
0.195000
0.194999
0.193999
0.195000
0.194000
0.194000
0.193999
0.194999
0.194000
0.195000
0.194000
0.195000
0.196001
0.196000
0.198000
0.197001
0.198000
0.198000
0.196000
0.197000
0.196000
0.198000
0.194000
0.198000
0.194000
0.198000
0.197000
0.197000
0.197000
0.198000
0.196001
0.197000
0.198000
0.198000
0.193001
0.197001
0.195000
0.197000
0.197000
0.195000
0.198000
0.198000
0.196000
0.197000
0.194000
0.197000
0.199000
0.196000
0.198000
0.195000
0.194000
0.195000
0.194000
0.195000
0.198000
0.194000
0.198999
0.198000
0.198000
0.196001
0.197999
0.198000
0.196000
0.197000
0.194000
0.198000
0.195000
0.195000
0.194000
0.194000
0.194000
0.194000
0.195000
0.194000
0.195000
0.195000
0.194999
0.195000
0.196000
0.197000
0.197999
0.197000
0.198999
0.198000
0.193000
0.194000
0.196000
0.197000
0.197000
0.196001
0.197999
0.195000
0.196000
0.194000
0.194000
0.195000
0.193999
0.197000
0.198000
0.197000
0.196000
0.197000
0.197999
0.197000
0.198000
0.196000
0.193999
0.196000
0.196001
0.194000
0.197999
0.197001
0.197000
0.197000
0.194000
0.194000
0.194999
0.198000
0.199000
0.197000
0.196001
0.197001
0.198999
0.197000
0.194999
0.197000
0.194000
0.195000
0.194000
0.195000
0.198000
0.197000
0.198000
0.197000
0.193999
0.197000
0.194000
0.194000
0.198000
0.197000
0.194000
0.197000
0.194000
0.196000
0.197999
0.197001
0.200001
0.197000
0.194000
0.194999
0.194000
0.197001
0.193000
0.198000
0.195000
0.197000
0.194000
0.194000
0.196000
0.195000
0.194000
0.194000
0.195000
0.196000
0.199000
0.198000
0.195000
0.198000
0.194000
0.197000
0.194000
0.197000
0.196000
0.197000
0.197000
0.197000
0.197999
0.197001
0.198000
0.194000
0.198000
0.194000
0.194000
0.194000
0.198000
0.197000
0.200001
0.198000
0.197000
0.197000
0.198000
0.197000
0.199000
0.195000
0.194000
0.197000
0.198000
0.197000
0.198000
0.198000
0.196001
0.197000
0.198000
0.196001
0.199000
0.197000
0.198000
0.197000
0.197000
0.196001
0.197000
0.196001
0.197001
0.197000
0.194000
0.197001
0.198999
0.197000
0.197999
0.196000
0.197000
0.197000
0.198000
0.197000
0.198999
0.198000
0.198000
0.198000
0.196000
0.197000
0.198000
0.196000
0.198000
0.197000
0.197000
0.197000
0.197000
0.197000
0.198000
0.194000
0.194000
0.198000
0.194999
