0.940001
0.939999
0.940001
0.920001
0.939999
0.920001
0.940001
0.920000
0.940001
0.939999
0.940001
0.920000
0.940001
0.940001
0.920001
0.940001
0.920000
0.940001
0.920000
0.940001
0.920001
0.940001
0.940001
0.940001
0.940001
0.940001
0.920000
0.979999
0.920000
0.920000
0.939999
0.939999
0.920000
0.940001
0.920000
0.939999
0.920001
0.940001
0.939999
0.940001
0.920000
0.940001
0.920000
0.920000
0.920000
0.940001
0.920001
0.939999
0.939999
0.940001
0.939999
0.939999
0.920000
0.920000
0.940001
0.920000
0.920000
0.940001
0.940001
0.920001
0.920000
0.940001
0.920000
0.940001
0.920000
0.939999
0.940001
0.939999
0.920000
0.939999
0.940001
0.940001
0.920000
1.080001
0.920000
0.940001
0.920000
0.939999
0.920001
0.940001
0.920000
0.920000
0.920000
0.920000
0.920000
0.939999
0.920000
0.920001
0.920000
0.920000
0.920000
0.920000
0.939999
0.920000
0.920001
0.920000
0.920000
0.920001
0.920000
0.939999
0.920000
0.940001
0.920000
0.920000
0.920000
0.940001
0.920001
0.920000
0.920001
0.920000
0.920001
0.920000
0.920000
0.939999
0.920000
0.920001
0.920000
0.920000
0.940001
0.920000
0.920001
0.940001
0.940001
0.940001
0.920001
0.920000
0.979999
0.940001
0.920000
0.940001
0.920000
0.920001
0.920000
0.940001
0.939999
0.920000
0.939999
0.920000
0.940001
0.940001
0.920001
0.939999
0.920001
0.920000
0.920001
0.920000
0.920000
0.920000
0.920000
0.940001
0.920001
0.940001
0.979999
0.940001
0.920000
0.960000
0.939999
0.940001
0.920000
0.920001
0.920000
0.940001
0.920000
0.940001
0.920000
0.920000
0.940001
0.920000
0.939999
0.920000
0.920000
0.920001
0.920001
0.920000
0.920000
0.939999
0.920000
0.920000
0.920000
0.940001
0.939999
0.939999
0.920000
0.920000
0.939999
0.940001
0.940001
0.920000
0.920000
0.920000
0.939999
1.040000
0.920000
0.920000
0.920000
0.920000
0.920000
0.920001
0.920001
0.940001
0.920000
0.940001
0.920000
0.940001
0.940001
0.940001
0.920000
0.940001
0.920000
0.920000
0.939999
0.920000
0.940001
0.920000
0.920000
0.940001
0.939999
0.940001
0.920000
0.920000
0.920000
0.939999
0.920001
0.940001
0.920001
0.939999
1.080001
0.920000
1.060000
0.920001
0.940001
0.939999
0.920000
0.939999
0.920000
0.939999
0.920000
0.920001
0.920000
0.920000
0.940001
0.939999
0.920000
0.940001
0.920001
0.920000
0.920000
0.920000
0.920000
0.920001
0.920000
0.939999
0.920000
0.920000
0.940001
0.939999
0.920001
0.920000
0.920000
0.940001
0.920000
0.939999
0.920000
0.920000
0.940001
0.939999
0.920001
0.940001
0.920000
0.920000
0.939999
0.940001
0.920001
0.939999
0.920000
0.940001
0.920000
0.920000
0.920000
0.920000
0.920000
0.920000
0.920000
0.940001
0.940001
0.920000
0.920000
0.920000
0.920000
0.920000
0.920000
0.940001
0.920000
0.920000
0.920000
0.920001
0.920000
0.920000
0.920001
0.920000
0.920001
0.939999
0.920000
0.940001
0.920001
0.920001
0.940001
0.920000
0.920000
0.920000
0.900000
0.920000
0.920000
0.940001
0.920000
0.939999
0.920000
0.920001
0.940001
0.920001
0.920000
0.940001
0.920001
0.940001
0.920000
0.939999
0.920000
0.920000
0.939999
0.920001
0.920001
0.920000
0.920000
0.920000
0.920000
0.940001
0.920000
0.939999
0.920000
0.920000
1.079999
0.939999
0.920000
0.940001
1.039999
0.940001
0.940001
0.920000
0.920000
0.920000
0.920001
0.940001
0.920000
0.920000
0.939999
1.040000
0.920000
0.939999
0.939999
0.940001
0.920000
0.940001
0.940001
0.940001
0.920000
0.940001
0.920001
0.939999
0.920000
0.920000
0.920000
0.939999
0.920001
0.939999
1.079999
0.920000
0.920000
0.939999
0.920000
0.920000
0.920000
0.940001
0.920001
0.940001
0.920000
0.920000
0.920000
0.920000
0.940001
0.920000
0.920001
0.940001
0.920000
0.940001
0.920001
0.920001
0.920000
0.940001
0.920001
0.940001
0.920000
0.940001
0.920000
0.920000
0.939999
0.940001
0.920000
0.920001
0.920000
0.940001
0.920001
1.119999
0.920000
0.920001
0.920001
0.920000
0.920000
0.940001
0.920000
0.920000
0.920000
0.920000
0.920000
0.939999
0.940001
1.140000
0.920000
0.920000
0.940001
0.920000
0.920000
0.939999
0.939999
0.920000
0.920001
0.920000
0.940001
0.920000
0.940001
0.920000
0.940001
0.940001
0.939999
0.920001
0.920001
0.920001
0.920000
0.940001
0.879999
0.920001
0.939999
0.920000
0.940001
0.940001
0.920000
0.940001
0.920001
0.939999
0.940001
0.920000
0.920000
0.920000
0.920000
0.940001
0.920001
0.920000
0.920001
0.920000
0.940001
0.920000
0.920000
0.920001
0.940001
0.920000
0.940001
0.920000
0.920000
0.920000
0.940001
0.920000
0.920000
0.940001
0.920000
0.940001
0.940001
0.920000
0.920001
0.920000
0.920000
0.940001
0.920000
0.940001
0.939999
0.920000
0.920000
0.920000
0.920000
0.920000
0.940001
0.920001
0.920000
0.920001
0.940001
0.939999
0.940001
0.940001
0.920000
0.920000
0.920001
0.940001
0.920000
0.939999
0.920000
0.920000
0.920000
0.920000
0.920000
0.940001
0.920000
0.920000
0.940001
0.940001
0.940001
0.920000
0.940001
0.979999
0.939999
0.940001
0.920000
0.920000
0.940001
0.920000
0.920000
0.920001
0.920000
0.920000
0.920001
0.940001
0.940001
0.920000
0.940001
0.940001
0.920000
0.920000
0.940001
0.940001
0.920000
0.939999
0.920000
0.920001
0.920000
0.920000
0.920000
0.940001
0.940001
0.939999
0.920000
0.960000
0.920000
0.920000
0.920001
0.920000
0.920000
0.940001
0.920000
0.939999
0.920000
0.920000
0.920000
0.940001
0.920000
0.920000
0.920001
0.920000
0.920000
0.940001
0.920000
0.920000
0.920000
0.920000
0.920000
0.920001
0.920000
0.920000
0.920001
0.939999
0.920000
0.920000
0.920000
0.920001
0.920000
0.920000
0.920000
0.940001
0.900000
0.940001
0.920000
0.920001
0.920000
0.920000
0.920000
0.939999
0.920000
0.940001
0.920001
0.920000
0.920000
0.920000
0.939999
0.920001
0.920000
0.920001
0.920000
0.920001
0.920000
0.939999
0.940001
0.940001
0.920001
0.920000
0.920000
0.920000
0.920000
0.940001
0.979999
0.920000
0.920000
0.940001
0.940001
0.920000
0.939999
0.920000
0.920000
0.940001
0.920000
0.920000
0.939999
0.940001
0.940001
0.940001
1.020001
0.920000
0.940001
0.920000
0.940001
0.939999
0.920000
0.940001
0.940001
0.939999
0.920001
0.920000
0.920000
0.939999
0.920000
0.940001
0.920000
0.920001
0.940001
0.940001
0.920000
0.920001
0.920000
0.920000
0.920000
0.940001
0.920000
0.939999
0.920000
0.939999
0.920001
0.939999
0.920001
0.960000
0.920000
0.939999
0.920000
1.040000
0.920000
0.939999
0.920000
0.939999
0.939999
0.920000
0.920001
0.940001
0.920000
0.940001
0.940001
0.920000
0.920000
0.940001
0.920000
0.939999
0.920000
0.939999
0.920000
0.940001
0.920000
0.920000
0.940001
0.939999
0.920000
0.920000
0.939999
0.940001
0.920000
0.920000
0.940001
0.920000
0.920000
0.920000
0.920000
0.920001
0.920001
0.920000
0.920000
0.940001
0.920000
0.920000
0.920000
0.939999
0.920000
0.979999
0.920001
0.920000
0.920000
0.940001
0.939999
0.920000
0.920000
0.920000
0.920000
0.939999
0.920000
0.920000
0.940001
0.940001
0.920000
0.920000
0.940001
0.939999
0.920000
0.939999
0.920000
0.940001
0.920000
0.940001
0.920001
0.900000
0.920001
0.940001
0.920000
0.920001
0.940001
0.920001
0.920001
0.940001
0.940001
0.940001
0.920001
0.939999
0.920000
0.920001
0.920000
0.940001
0.940001
0.940001
0.920000
0.940001
0.920000
0.939999
0.999998
0.940001
0.920000
0.940001
1.079999
1.080001
0.939999
0.920000
0.920000
0.939999
0.920000
0.940001
0.920000
0.940001
0.940001
0.920000
0.939999
0.940001
0.939999
0.920000
0.920001
0.920000
0.940001
0.940001
0.920000
0.920000
0.920000
0.920000
0.920000
0.939999
0.920000
0.939999
0.940001
0.939999
0.940001
0.939999
0.920001
0.940001
0.920000
0.920000
0.920000
0.939999
0.940001
0.940001
0.920000
0.940001
0.920000
0.920000
0.920000
0.940001
0.979999
0.940001
0.920000
0.920000
0.920000
0.920000
0.920000
0.920000
0.920000
0.940001
0.920001
0.940001
0.920000
0.939999
0.920001
0.920000
0.920001
0.920000
0.940001
0.940001
0.920000
0.920000
0.920000
0.920000
0.920001
0.939999
0.940001
0.940001
1.080001
0.939999
0.940001
0.920000
0.920000
0.940001
0.920000
0.920001
0.880001
0.939999
0.920001
0.920001
0.920000
0.939999
0.920000
0.920000
0.920001
0.940001
0.920001
0.920000
0.920000
1.080001
0.920000
0.920000
0.920000
0.940001
0.920000
0.920000
0.920000
0.920001
0.920001
1.100000
0.920000
0.940001
0.939999
0.940001
0.939999
0.940001
0.940001
0.920000
0.920000
0.939999
0.940001
0.920001
0.920000
0.939999
0.920000
0.940001
0.920000
0.920000
0.920000
0.920000
0.920000
0.920001
0.939999
0.940001
0.920000
0.940001
0.940001
0.939999
0.920000
0.939999
0.920001
0.920000
0.920001
0.940001
0.920001
0.940001
0.920001
0.940001
0.920000
0.960000
0.940001
0.939999
0.939999
0.939999
0.920000
0.940001
0.940001
1.019999
0.980001
0.920000
0.920000
0.920000
0.920000
0.920000
0.920000
0.920000
0.920000
0.920001
0.920000
0.920000
0.940001
0.920001
0.920001
0.939999
0.940001
0.940001
0.920000
0.940001
0.920000
0.920000
0.920001
0.920000
0.920001
0.960000
0.920001
0.920000
0.940001
0.940001
0.879999
0.920000
0.920000
0.939999
0.920001
0.940001
0.920000
0.940001
0.920000
0.940001
0.920000
0.920000
0.920000
0.920000
0.920000
0.939999
0.920000
0.940001
0.920001
0.940001
0.920000
0.939999
0.940001
0.920000
0.920000
0.920000
0.920000
0.940001
0.920000
0.940001
0.939999
1.060000
1.240000
0.939999
0.920000
0.940001
0.939999
0.939999
0.940001
0.920000
