363.180000
365.679998
362.039998
360.199999
358.459998
361.119997
361.340001
360.220000
357.880000
356.859997
374.740001
358.560000
356.219999
355.740000
377.040002
350.760002
363.319997
358.540002
360.520002
356.500000
359.480001
359.880000
355.379999
355.519999
358.220000
359.859999
362.319998
366.920002
359.139998
358.580001
359.099999
369.620003
358.300000
357.160002
366.020001
360.460002
355.939999
358.399998
359.460000
360.599998
361.520000
360.700000
359.559998
358.339999
369.260002
355.239999
361.860000
357.500002
373.439997
358.399998
365.520000
356.780000
356.980000
359.819997
359.740000
361.460000
358.399998
356.060002
352.400001
360.280000
357.079998
372.499999
358.700000
359.320000
359.540001
373.740003
356.559999
352.980003
358.440001
360.160001
357.520003
358.200002
356.319997
358.840000
356.880002
358.959999
360.679999
365.900002
369.459998
361.320000
363.539997
357.540000
375.879999
356.460001
359.260000
358.179998
362.179998
359.940000
363.800000
359.219998
356.880002
351.299997
359.579999
355.979998
358.380001
370.099999
360.140000
358.820003
360.859998
374.119997
358.540002
359.019998
356.279999
359.859999
362.259999
357.900001
362.399999
360.360000
356.160000
360.519998
359.900001
357.779998
370.360002
361.740001
360.360000
360.600002
358.280003
359.479997
357.840002
360.259999
359.899998
353.080001
362.560000
359.760001
356.860001
356.179997
354.819998
362.160001
358.799998
370.759998
359.140001
364.880003
356.840000
358.260002
357.660003
359.820001
361.499999
357.580002
359.140001
362.000000
357.019998
359.239999
357.499998
356.079999
360.380001
356.020000
368.680000
356.079999
357.900001
359.919999
364.900000
362.859998
360.339999
358.999997
358.259998
355.880000
376.740001
355.960000
359.999999
356.399998
358.279999
359.760001
357.000001
370.680001
358.680002
361.159999
362.080000
359.060001
357.940000
356.200002
359.979998
357.839998
352.480002
355.099998
365.680002
360.520002
357.379999
358.339999
361.560002
358.520001
372.360002
357.740000
359.399997
357.960001
357.960001
361.740001
355.140001
361.479998
357.799999
357.800003
359.339997
357.440002
358.799998
357.319999
357.560001
358.859997
355.719998
371.660002
360.739999
363.759998
356.720001
364.860002
354.899999
361.120000
358.920000
356.020000
354.860000
359.379999
358.680002
355.140001
357.999999
357.680000
362.560000
359.740000
376.279999
356.760003
357.960001
367.860001
360.900000
362.579998
356.879998
358.220000
363.100000
357.680000
359.959997
362.999998
358.120002
354.679998
375.640001
358.160000
359.900001
367.000002
360.560000
360.280000
357.340001
363.159999
359.759998
358.899999
355.960000
357.740000
355.900001
359.500002
360.860001
359.280001
362.140000
356.260002
359.219998
358.399998
370.859999
360.479999
357.099999
357.059997
357.499998
359.400000
358.220000
363.460001
357.840002
359.159999
357.859999
357.719999
358.819999
358.519997
363.240000
360.560000
358.880002
372.320000
359.180000
357.760001
360.440001
359.739996
358.539999
364.620000
356.740002
360.739999
356.260002
355.420001
356.100000
357.140001
357.379999
358.139999
359.539997
357.720003
366.119999
357.859999
359.540001
359.040000
358.840000
362.720001
357.540000
355.919998
359.499998
357.219998
360.479999
358.180001
362.480000
357.740000
356.899999
359.140001
362.799998
371.539999
358.860001
358.620003
358.419999
360.300001
353.920002
356.480002
362.240002
357.860003
358.479999
356.279999
359.820001
357.560001
358.739998
358.640000
373.719998
360.059999
369.900003
358.279999
359.699998
356.320001
356.699999
356.179997
357.940003
362.079997
360.300001
368.919998
359.060001
360.259999
359.140001
355.400000
358.920000
358.480003
357.360002
372.000001
360.960003
357.740000
355.860002
358.500000
362.700000
358.739998
356.340002
366.000000
356.139999
357.080001
359.239999
355.920002
355.719998
357.500002
358.759999
360.520002
374.060001
358.980000
356.960002
356.160000
355.279997
358.640000
356.040001
371.300001
359.420002
354.899999
357.999999
359.600000
357.499998
355.099998
360.199999
363.320000
359.200001
373.579998
361.000001
356.000002
360.900000
356.880002
359.740000
358.600002
356.580000
359.219998
354.920000
355.620001
359.800000
354.620002
362.020001
356.679998
360.520002
358.080000
374.819998
360.999998
355.159998
360.360000
356.759999
358.059999
355.140001
358.740002
354.899999
355.400000
360.280000
374.700002
362.199999
373.059999
359.979998
359.900001
358.939998
371.500000
357.120000
358.880002
357.820000
358.020000
353.220001
357.540000
359.180000
353.879999
354.720000
363.560002
358.399998
357.860003
371.339999
359.140001
359.759998
359.019998
377.260000
360.920001
360.920001
361.980002
361.400001
357.799999
359.219998
360.500000
361.639999
365.740001
357.960001
357.360002
360.479999
372.779999
355.319999
358.080000
357.620001
373.300001
356.939998
361.800000
365.679998
358.020000
356.040001
359.780002
356.640000
356.939998
359.000001
352.720000
360.700000
356.079999
369.859997
361.719999
355.779998
359.579999
373.719998
356.879998
360.739999
356.959999
361.839999
357.220002
361.919999
359.379999
356.760003
356.760003
360.039998
358.220000
358.339999
380.640000
357.400000
357.940000
357.340001
376.400001
358.039998
361.620001
359.859999
357.919998
355.659999
359.460000
356.600001
359.220002
356.780000
356.479999
359.579999
367.699999
375.599999
356.580000
359.140001
360.239998
374.560002
353.580002
360.440001
358.200002
359.159999
358.700000
361.779999
357.239999
356.859997
357.999999
362.940002
359.639999
359.439999
376.199998
355.659999
357.800003
360.560000
368.839998
357.619997
357.820000
360.879999
363.820001
392.379999
368.519999
364.459999
360.780001
356.879998
356.020000
358.040001
357.960001
373.659998
368.000001
377.659999
368.480001
383.299999
361.340001
363.479998
360.140000
366.000000
354.399998
359.760001
359.239999
356.520001
357.880000
358.860001
363.279998
357.900001
356.200002
361.679997
362.700000
359.579999
375.019997
358.599998
355.260000
362.400003
360.199999
358.460002
357.999999
361.540001
361.719999
359.140001
358.720001
361.899998
356.980000
358.720001
363.979999
360.479999
361.699998
376.760002
358.619999
360.479999
358.060002
359.360002
353.540000
359.759998
358.619999
356.380001
355.220001
358.059999
361.920003
358.179998
376.559999
359.620001
358.540002
354.240000
370.399997
357.719999
359.680001
358.819999
361.979999
355.280001
359.460000
362.179998
358.759999
357.319999
356.100000
377.380002
352.120001
372.540001
357.200000
359.400000
361.700002
374.619998
355.360001
353.239998
359.399997
358.840000
357.639998
362.660002
357.699998
360.199999
358.539999
359.359998
361.099999
353.200000
356.740002
359.300002
359.420002
356.520001
370.280001
359.180000
357.699998
353.480000
356.780000
362.860002
354.520001
359.020002
354.300003
356.800001
360.980000
358.939998
359.680001
375.560001
358.800001
358.780000
362.039998
370.999999
357.900001
355.759997
356.980003
357.159998
354.720000
358.420003
356.640000
356.699999
353.259999
353.540000
358.840000
361.479998
376.120001
358.619999
375.720002
356.059998
373.140000
360.820003
358.339999
361.480001
360.020000
359.379999
358.360000
357.159998
359.420002
360.240001
359.140001
356.619999
356.980000
375.760000
358.380001
357.260000
359.220002
374.179997
358.080000
359.820001
357.679997
359.900001
355.860002
359.960001
358.300000
364.379998
358.739998
359.779999
359.220002
360.560000
371.780001
352.920000
360.660002
359.200001
375.380002
362.560000
354.580000
361.040000
363.120001
361.419998
357.420001
362.360001
357.419997
353.900000
362.239998
358.319998
360.720001
355.320003
357.540000
357.540000
358.939998
372.360002
359.620001
355.360001
363.380000
358.660001
360.020000
362.259999
358.399998
358.640000
356.640000
363.279998
360.699996
354.699999
359.519999
360.840000
358.459998
357.080001
375.580002
353.939999
359.239999
358.379997
358.080000
361.679997
359.839998
359.439999
357.519999
358.339999
357.139997
362.120003
358.380001
358.460002
355.979998
359.079998
360.540003
371.879999
358.840000
359.040000
359.779999
360.740002
357.639998
359.099999
357.460000
357.600000
361.760002
364.379998
358.539999
362.980001
358.560000
356.759999
359.420002
355.960000
375.159997
361.140002
358.840000
357.120000
357.340001
354.139999
359.639999
359.519999
358.539999
362.599999
354.080003
354.739998
359.540001
375.080001
361.460000
355.179999
358.859997
372.559998
357.659999
358.439997
364.580002
359.239999
357.940000
357.980002
360.360000
359.359998
358.879998
357.859999
355.959997
360.140000
373.819999
354.659997
358.040001
360.259999
375.700001
357.540000
366.020001
361.200001
358.180001
356.119998
358.859997
361.180000
358.560000
354.419999
360.539999
358.279999
357.719999
383.600000
359.499998
356.960002
357.140001
370.200001
361.499999
357.859999
362.760000
360.560000
355.080001
357.299998
359.299999
356.560003
357.779998
360.619999
357.000001
363.079999
372.800000
358.480003
361.299999
357.380003
375.080001
363.419998
360.920001
359.440003
359.320000
358.580001
360.220000
357.039999
358.920000
354.899999
357.740000
363.880001
359.200001
369.679999
361.259997
358.160000
358.040001
371.420000
356.659997
359.439999
360.879999
359.999999
360.760000
357.760001
361.280002
347.860001
355.979998
357.379999
359.180000
361.500002
370.860003
357.820000
358.520001
358.519997
373.579998
360.220000
357.099999
357.580002
363.720000
362.000000
356.739998
359.060001
357.299998
355.900001
358.220000
356.620003
359.379999
377.260000
357.160002
357.940000
357.440002
373.600002
356.219999
358.279999
366.319999
356.620003
357.120000
357.580002
357.160002
358.540002
353.839997
358.460002
358.459998
360.259999
370.680001
361.680001
357.919998
356.760003
374.599997
358.280003
359.099999
355.480000
360.040002
356.500000
357.640002
360.420000
356.780000
356.800001
358.500000
357.820000
358.879998
372.660000
357.460000
358.380001
360.460002
376.559999
360.120002
357.880000
361.219998
359.200001
356.899999
357.780002
361.920003
360.040002
357.200000
358.840000
357.540000
359.600000
376.339998
358.080000
358.139999
358.220000
371.180002
354.139999
357.220002
358.560000
358.360000
358.640000
365.699999
357.700001
357.279997
354.900002
359.400000
358.879998
356.959999
370.239999
357.540000
360.120002
359.019998
378.139999
359.080002
355.360001
358.820003
350.759998
358.600002
360.000003
359.660000
359.900001
353.519998
357.460000
354.440000
360.359997
355.039999
356.139999
359.959997
357.940000
370.740000
357.740000
358.700003
359.800003
359.079998
358.160000
359.740000
359.040000
357.559998
353.340000
354.399998
358.640000
362.220000
356.559999
359.580003
364.560001
360.140003
374.699999
356.620003
358.939998
359.439999
356.820002
359.699998
358.220000
357.859999
360.040002
353.299998
356.619999
359.200001
357.299998
356.199998
364.420000
359.919999
355.840001
370.600000
355.400000
364.220001
358.180001
360.319998
356.980000
358.799998
358.920000
360.280000
358.400002
358.619999
359.839998
355.680000
357.099999
357.200000
355.439998
358.040001
374.200001
360.539999
360.140000
357.060000
