1950.840000
1947.440000
1950.859999
1957.140001
1963.560000
1963.860000
1967.800001
2231.260000
2000.739999
1968.640000
1965.180000
1959.500000
1973.499998
1956.459999
1986.720001
1975.020001
1995.640000
1981.420001
1961.099999
1972.440001
1960.940000
1948.220000
1962.139999
1967.400001
1965.839999
1967.620000
1949.519999
1954.520000
1948.899999
1950.840000
1967.100000
1966.460001
1967.120001
1968.120001
1948.080000
1948.280001
1951.380000
1950.080002
1965.200000
1964.960000
1970.160000
1964.520000
1947.880000
1950.020000
1947.520001
1948.519999
1966.320001
1964.399999
1965.100000
1970.840001
1948.080000
1950.059999
1951.820001
1949.860001
1960.740000
1967.120001
1961.400000
1964.960001
1950.800002
1951.300001
1948.500000
1951.560000
1968.640000
1962.119998
1966.599999
1964.360001
1957.780000
1989.180000
1989.220001
1976.299999
1945.359999
1967.480000
1964.199999
1962.740000
1965.460001
1950.460000
1947.360000
1947.620001
1947.840000
1959.860001
1961.340001
1965.540001
1961.560000
1947.100000
1950.580001
1952.780001
1948.759999
1963.959999
1962.640001
1962.719999
1948.600000
1948.420001
1949.780000
1959.559999
1969.520001
1962.880000
1958.859999
1965.080000
1948.980000
1947.840000
1949.540000
1949.960001
1960.460000
1968.920000
1967.780001
1963.700000
1949.940000
1961.200001
1948.140001
1953.760000
1972.540000
1964.640001
1961.840000
1960.460000
1947.200000
1947.040001
1948.700001
1950.859999
1960.840000
1964.760000
1966.360001
1963.140000
1953.520000
1952.660000
1950.860001
1947.939999
1962.679999
1964.160001
1965.280000
1962.560000
1949.400000
1947.960000
1948.659999
1950.580001
1960.840002
1962.299999
1965.840001
1963.960001
1947.860001
1951.280000
1950.000001
1947.079999
1962.280000
1967.419999
1962.060001
1963.500001
1950.180000
1949.180000
1949.600000
1951.200001
1963.920001
1964.299999
1966.140000
1962.600000
1948.160000
1950.060001
1948.460000
1945.940001
1966.960000
1970.560001
1962.760001
1962.780001
1948.279999
1948.700000
1950.759999
1952.420000
1963.239999
1965.240000
1964.919999
1949.600000
1948.320000
1948.659999
1950.560000
1963.299999
1965.180000
1964.100000
1964.119999
1948.060000
1950.820001
1948.740000
1948.480001
1975.739999
1966.839999
1965.040000
1964.300001
1947.960000
1946.940001
1950.340001
1949.320000
1964.420000
1965.640001
1965.180000
1961.420000
1949.139999
1950.719999
1949.500000
1951.819999
1964.919999
1966.140000
1962.379999
1965.200000
1950.239999
1948.400000
1949.560000
1952.160001
1963.420000
1963.420000
1963.060001
1965.060001
1947.640000
1953.400001
1961.220000
1988.720000
1990.160001
1991.839999
1961.500000
1959.340001
1964.480001
1949.560000
1947.820000
1948.740000
1948.020000
1961.800000
1963.900000
1965.340000
1960.440001
1950.920001
1949.579999
1948.420001
1948.500000
1963.280000
1963.779999
1964.080000
1965.900000
1947.899999
1949.940000
1967.100000
1945.720000
1960.140001
1967.599999
1965.659998
1961.819999
1948.260000
1947.319999
1946.599999
1949.040001
1967.160000
1959.600000
1965.340002
1950.180000
1947.319999
1949.139999
1949.479999
1962.479999
1961.360000
1963.299999
1961.500000
1949.180001
1950.440001
1949.300000
1946.520001
1963.359999
1967.160001
1961.940000
1960.620001
1955.720000
1950.240001
1946.740000
1952.660000
1965.620000
1961.719999
1959.920000
1964.940000
1945.100000
1950.080000
1950.360000
1947.260000
1965.539999
1964.880001
1964.560000
1961.679999
1949.220000
1949.060000
1946.379999
1950.000001
1961.520001
1962.840000
1960.820001
1966.559999
1946.360001
1949.480001
1957.319999
1949.160000
1958.899999
1966.200002
1962.220000
1962.400001
1952.680001
1950.040000
1947.139999
1949.719999
1965.399999
1962.580001
1964.940000
1963.280002
1946.800001
1951.580001
1952.740001
1948.600000
1961.300001
1966.620000
1965.059999
1964.080000
1949.160000
1951.500000
1949.620001
1950.680001
1965.200000
1964.620000
1963.919999
1965.340000
1947.520001
1947.780000
1951.080000
1948.520001
1964.660000
1965.340000
1969.859999
1946.060000
1949.860001
1949.840000
1949.400000
1952.300001
1966.459999
1964.180000
1962.660002
1952.159999
1947.700001
1949.759999
1953.320000
1967.100000
1964.220000
1963.340001
1964.040000
1948.980000
1949.999999
1950.420000
1947.939999
1962.940000
1969.260000
1962.020000
1964.760000
1952.779999
1947.540000
1945.680000
1951.020001
1977.820000
2004.660001
2003.280001
1992.540000
1964.040000
1947.719999
1950.260000
1948.400000
1947.240001
1966.599999
1960.680000
1963.919999
1961.880000
1946.920000
1948.720001
1949.500000
1950.360000
1960.859999
1962.280000
1967.359999
1961.860001
1947.220000
1955.080001
1949.080000
1947.500000
1965.160001
1961.660000
1960.840000
1966.700001
1946.659999
1947.899999
1949.200001
1951.959999
1961.860001
1959.300000
1966.320001
1961.420001
1954.019999
1951.099999
1946.520001
1946.580000
1960.419999
1969.619999
1958.380001
1964.679999
1949.360000
1945.519999
1946.659999
1949.759999
1964.840000
1961.980000
1962.300001
1949.600000
1946.740000
1948.160000
1947.500000
1960.000001
1967.060000
1962.360000
1962.539999
1950.560000
1950.200001
1948.200000
1948.740000
1966.320001
1959.779998
1964.620000
1963.239999
1946.419999
1948.640000
1950.560000
1948.720001
1960.700000
1976.520000
1962.940000
1965.919999
1946.660001
1950.560000
1948.020000
1949.600000
1964.900000
1969.740001
1962.619999
1968.780000
1946.780000
1947.379999
1954.580000
1953.020001
1965.240000
1962.719999
1964.860000
1961.199999
1946.459999
1951.560000
1948.600000
1947.939999
1969.640000
1963.620000
1960.400000
1966.920000
1945.179999
1948.160000
1950.900000
1950.220000
1966.599999
1963.620000
1964.700000
1963.680001
1946.540000
1950.420000
1947.440000
1948.099999
1965.219999
1965.400001
1965.040000
1951.280000
1949.700000
1947.440000
1947.480001
1951.600000
1964.739999
1962.779999
1967.000000
1949.380001
1947.560001
1952.140000
1946.780000
1959.340001
1965.739999
1963.480001
1966.259999
1949.999999
1948.980000
1946.720000
1948.340001
1966.160001
1965.360001
1963.520000
1967.880001
1948.000001
1947.960000
1954.539999
1948.600000
1964.399999
1963.540001
1974.500000
2007.180000
2005.640000
1980.319999
1945.640001
1947.039999
1951.720001
1962.840000
1959.580000
1967.480000
1964.520000
1947.500000
1948.360000
1949.640000
1948.400000
1962.800000
1967.920002
1963.060001
1963.600000
1950.500000
1948.579999
1949.120000
1946.179999
1960.500000
1960.240001
1968.020000
1964.280000
1947.100000
1947.920000
1951.199999
1948.820001
1962.740000
1969.060000
1961.700000
1960.800001
1953.480000
1946.699999
1948.640000
1957.740000
1960.980000
1960.719999
1961.299999
1964.420000
1946.860000
1947.400000
1950.620001
1949.180001
1962.980000
1962.420002
1960.980000
1947.239999
1955.040000
1948.399998
1948.480001
1963.900000
1965.839999
1959.099999
1962.859999
1954.320000
1948.100001
1947.980000
1954.779999
1963.000001
1958.860001
1965.399999
1961.380001
1946.920000
1950.479999
1949.700002
1949.640000
1962.379999
1967.620000
1960.659999
1961.080000
1951.699998
1947.020000
1945.920000
1951.859999
1958.900001
1961.740000
1963.040000
1964.679999
1947.880000
1956.440000
1949.420001
1947.100000
1962.960001
1969.720000
1961.460000
1957.040001
1950.200001
1947.139999
1948.419999
1951.199999
1961.199999
1962.339999
1965.820001
1966.300001
1946.839999
1949.180000
1950.379999
1947.719999
1963.359999
1966.760000
1964.840000
1963.779999
1954.820001
1948.519999
1946.640000
1952.480001
1963.200001
1964.080000
1972.479999
1965.400001
1945.980001
1947.079999
1950.920001
1948.600000
1963.180000
1969.400000
1962.640001
1963.620001
1948.899999
1947.000001
1946.720000
1950.660000
1968.419999
1963.740001
1967.320001
1950.800000
1948.500000
1947.760001
1950.140001
1965.280000
1964.960000
1964.879999
1966.259999
1946.419999
1951.980000
1947.860001
1947.339999
1961.740000
1972.199999
1965.399999
1963.480001
1966.880001
1987.500001
1987.560000
1980.280001
1946.380001
1957.880000
1967.840001
1959.620001
1962.480001
1948.080000
1949.780000
1947.500000
1947.300000
1966.200000
1959.460000
1963.679999
1965.380000
1947.959999
1947.759999
1951.080000
1949.540000
1961.320000
1962.280000
1962.940000
1963.679999
1947.820000
1954.480000
1949.380001
1947.640002
1965.160001
1961.460000
1961.120000
1964.779999
1951.520002
1973.460000
1951.280002
1949.160000
1963.620001
1957.900001
1962.060001
1960.600002
1948.700000
1949.580001
1947.179999
1948.500000
1966.259999
1963.300001
1960.760001
1970.120002
1950.160000
1949.360000
1947.160000
1951.019999
1962.460000
1958.079999
1968.680000
1960.260000
1946.659999
1950.619999
1946.799999
1948.180001
1964.460000
1963.600000
1959.220000
1950.580001
1952.979999
1945.260001
1948.880000
1962.679999
1964.000000
1960.780000
1969.620001
1949.360000
1946.960000
1952.280002
1946.619999
1960.579999
1968.280001
1964.539999
1964.180000
1947.340000
1949.560000
1948.980000
1947.899999
1968.519999
1959.120000
1962.780001
1964.980001
1949.780000
1947.560001
1948.780000
1948.099999
1962.859999
1966.180000
1967.480000
1962.099999
1947.719999
1949.620001
1947.160000
1949.560000
1964.499999
1963.780001
1962.400001
1966.720000
1946.960000
1946.820000
1948.159998
1951.220000
1963.020001
1967.580000
1968.620000
1961.720001
1949.120000
1957.740000
1949.620001
1946.740000
1969.039999
1963.400001
1963.560000
1966.639999
1949.279999
1946.960000
1950.819999
1950.140001
1961.619999
1967.060000
1962.680001
1948.500000
1946.120000
1952.259999
1947.319999
1949.880000
1967.680002
1961.300001
1966.539999
1950.400000
1950.920001
1947.580000
1946.599999
1967.939999
1961.020000
1966.040000
1965.299999
1948.080000
1946.420001
1969.780000
1989.820000
1988.940001
1980.720000
1964.280000
1958.300000
1965.760000
1949.619999
1949.039999
1949.460000
1950.580001
1963.800000
1960.400000
1968.580000
1958.020002
1945.880000
1948.840000
1949.960001
1942.280000
1960.060000
1967.040000
1960.740000
1963.020001
1948.680000
1948.300000
1948.260000
1951.819999
1965.019999
1962.100001
1965.879999
1965.700001
1947.699999
1950.580001
1950.660000
1948.200000
1966.840001
1964.740001
1961.620001
1961.540001
1948.280001
1946.839999
1945.499999
1951.240001
1962.080000
1962.280001
1963.479999
1963.779999
1945.999999
1949.400000
1949.560000
1946.760001
1964.280000
1961.360000
1963.840000
1949.680001
1949.400000
1948.480001
1948.060000
1964.100000
1963.620000
1959.899999
1963.520000
1951.320000
1944.780000
1952.840000
1950.020000
1964.660000
1963.160001
1963.920001
1958.720000
1947.140001
1949.539999
1949.700002
1947.420001
1965.020001
1964.560000
1961.180000
1963.380000
1951.920001
1948.439999
1949.419999
1950.819999
1963.280000
1961.640000
1965.919999
1963.719999
1946.699999
1949.600000
1949.540000
1947.179999
1972.420000
1963.340001
1964.860000
1963.380000
1950.099999
1947.140001
1949.080000
1951.159999
1963.520002
1964.720000
1967.680000
1964.380000
1946.300000
1951.800000
1950.660000
1947.500000
1965.159999
1966.020001
1966.300000
1963.520000
1950.700000
1946.360001
1947.340000
1950.600000
1964.599999
1964.339999
1967.599999
1985.320000
1955.840001
1960.960001
1973.700000
1964.000000
2003.419999
1986.819999
1980.300000
1979.600001
1982.460000
1952.180000
1948.780000
1950.740000
1948.860001
1962.099999
1965.040000
1974.860001
1996.500000
1957.380001
1969.859999
1962.420000
1953.900000
2008.260000
1967.320001
1961.600000
1966.979999
1949.859999
1947.559999
1994.539998
1985.440001
1991.040001
1970.900001
1977.580000
1971.780000
1967.580000
1960.360000
1956.080001
1951.520000
1964.040000
1955.080001
1974.439999
1975.640001
1973.400000
1980.400000
1961.320002
1948.120000
1948.960001
1947.240001
1968.419999
1965.039998
1963.840000
1962.360000
1951.500000
1950.080000
1949.059999
1955.979999
1962.740000
1968.720000
1980.219999
1965.840001
1948.080001
1948.880000
1950.959999
1947.859999
1964.259999
1965.140000
1961.980000
1965.019999
1949.640000
1947.980000
1949.380001
1949.440001
1969.580000
1961.379999
1962.980000
1964.000000
1948.060000
1950.600000
1949.039999
1949.600000
1964.199999
1964.220000
1962.159999
1949.380001
1951.020001
1947.740000
1947.520001
1945.520001
1964.920001
1962.940000
1961.479999
1950.739998
