0.118000
0.101000
0.100999
0.102000
0.102000
0.100000
0.102000
0.101000
0.102000
0.350000
0.351001
0.352000
0.351000
0.352000
0.268000
0.355000
0.099000
0.100000
0.099001
0.100000
0.100000
0.101000
0.100000
0.100000
0.100001
0.100000
0.100001
0.353000
0.352000
0.100000
0.098000
0.100000
0.100000
0.099001
0.100999
0.100001
0.099001
0.100000
0.099001
0.352000
0.351001
0.100000
0.100000
0.099000
0.100000
0.100000
0.099001
0.099000
0.099001
0.101000
0.100999
0.100000
0.100000
0.100000
0.100000
0.100000
0.100000
0.099000
0.101000
0.100000
0.100000
0.099000
0.101000
0.100000
0.100000
0.100000
0.100999
0.100000
0.353999
0.100000
0.099001
0.100000
0.100001
0.100001
0.099001
0.355000
0.352000
0.101000
0.357000
0.100000
0.351001
0.099000
0.099000
0.353000
0.099001
0.100000
0.101000
0.101000
0.098000
0.100000
0.100000
0.100001
0.099001
0.100001
0.099001
0.100000
0.100000
0.351000
0.099001
0.102000
0.100000
0.101999
0.100000
0.100000
0.100000
0.101000
0.102000
0.100000
0.100000
0.100000
0.103001
0.100000
0.100000
0.349999
0.100000
0.355001
0.353999
0.100000
0.100000
0.102000
0.102000
0.102000
0.102000
0.099000
0.101000
0.101999
0.100001
0.100000
0.101999
0.101999
0.103000
0.102000
0.353000
0.102000
0.103001
0.353000
0.100000
0.100000
0.099001
0.099000
0.101000
0.101999
0.101000
0.102000
0.101000
0.102000
0.102000
0.101999
0.103001
0.102000
0.102000
0.355001
0.349000
0.269000
0.351001
0.355001
0.355001
0.271000
0.353999
0.350000
0.352000
0.352000
0.353999
0.102000
0.101999
0.102000
0.101000
0.101999
0.103000
0.100000
0.102000
0.100000
0.101000
0.352000
0.100000
0.099000
0.098000
0.100000
0.100000
0.100000
0.101000
0.100000
0.101000
0.100000
0.101000
0.099000
0.100000
0.101000
0.100000
0.101000
0.100000
0.100000
0.100000
0.359000
0.356001
0.100000
0.102000
0.099000
0.100001
0.100000
0.101000
0.355000
0.353000
0.101999
0.101999
0.352000
0.101000
0.102000
0.100000
0.099000
0.352000
0.100000
0.100000
0.100000
0.100000
0.101000
0.100000
0.102000
0.100000
0.100000
0.100000
0.100000
0.101000
0.099001
0.100000
0.100000
0.101000
0.100001
0.348000
0.099001
0.353999
0.100000
0.100000
0.099001
0.100000
0.099000
0.098000
0.100000
0.101000
0.099000
0.098000
0.099001
0.100000
0.099001
0.354000
0.100001
0.100001
0.100000
0.101000
0.100000
0.101000
0.099000
0.100000
0.100000
0.100000
0.100000
0.101000
0.100000
0.100001
0.100000
0.101000
0.356000
0.099001
0.100001
0.354000
0.351000
0.351000
0.349000
0.101000
0.100000
0.100000
0.100000
0.100000
0.100000
0.101000
0.100001
0.351000
0.352000
0.100001
0.099000
0.100000
0.100001
0.100000
0.100000
0.353000
0.101000
0.351001
0.100000
0.352000
0.100999
0.100000
0.100001
0.098000
0.101000
0.100000
0.351000
0.351000
0.354000
0.097999
0.097999
0.099001
0.101000
0.101000
0.100000
0.100000
0.099000
0.100000
0.263000
0.100000
0.102000
0.100001
0.352000
0.100000
0.100001
0.100001
0.103001
0.101000
0.101999
0.102000
0.354000
0.100001
0.100000
0.098000
0.100000
0.099001
0.100999
0.100000
0.100001
0.101000
0.101000
0.100000
0.100000
0.349999
0.098000
0.100000
0.355000
0.100000
0.353000
0.099000
0.100000
0.099000
0.101000
0.100000
0.100000
0.101000
0.100000
0.098000
0.352000
0.353000
0.100000
0.351001
0.100000
0.353999
0.101000
0.353999
0.100000
0.100000
0.100000
0.099001
0.359001
0.358000
0.100000
0.097999
0.351000
0.353000
0.100000
0.355001
0.352001
0.101999
0.100000
0.100001
0.100000
0.100000
0.100001
0.100000
0.100000
0.100000
0.100000
0.100000
0.100000
0.351000
0.100000
0.100000
0.100000
0.100000
0.100000
0.102000
0.356001
0.101999
0.355000
0.351000
0.351000
0.353999
0.356000
0.351000
0.351001
0.352001
0.352000
0.352001
0.351000
0.100001
0.100000
0.101000
0.099001
0.102000
0.102000
0.101000
0.101999
0.101999
0.102000
0.101000
0.102000
0.101999
0.102000
0.102000
0.102000
0.102000
0.356000
0.356000
0.352999
0.353000
0.351000
0.360000
0.353000
0.351001
0.351000
0.350000
0.355000
0.353999
0.356000
0.353000
0.353000
0.100001
0.100000
0.100000
0.100000
0.102000
0.102000
0.101000
0.101000
0.100999
0.101000
0.101999
0.101000
0.103001
0.102000
0.101999
0.101999
0.102000
0.102000
0.102000
0.102000
0.101999
0.102000
0.353000
0.100000
0.101000
0.100000
0.352000
0.100001
0.100000
0.100000
0.100000
0.100000
0.100000
0.100000
0.100000
0.101000
0.101000
0.099000
0.100000
0.359001
0.352000
0.100000
0.349999
0.100000
0.352000
0.354000
0.355000
0.100001
0.100000
0.100001
0.101000
0.100001
0.102000
0.100000
0.100000
0.100000
0.100000
0.100000
0.355000
0.097999
0.100000
0.101999
0.101999
0.100000
0.101999
0.102000
0.100000
0.352000
0.101999
0.102000
0.100000
0.099001
0.102000
0.102000
0.101000
0.102000
0.103001
0.101999
0.102000
0.102000
0.101999
0.102000
0.100000
0.102000
0.101999
0.101999
0.101999
0.101000
0.353999
0.100000
0.100001
0.100000
0.101999
0.102000
0.100999
0.103000
0.102000
0.102000
0.101000
0.349000
0.351001
0.352000
0.352000
0.356000
0.352000
0.355000
0.351000
0.350000
0.350000
0.351000
0.356000
0.353000
0.266000
0.353000
0.354000
0.355001
0.269000
0.354000
0.352001
0.353999
0.356001
0.100000
0.102000
0.099001
0.100000
0.100000
0.100001
0.100000
0.101000
0.100000
0.101000
0.100000
0.099000
0.100000
0.100000
0.100000
0.351001
0.347000
0.102000
0.100000
0.100000
0.099001
0.099000
0.100000
0.269000
0.100001
0.101000
0.100000
0.099001
0.099000
0.101000
0.100000
0.358000
0.353000
0.353000
0.098000
0.349000
0.353000
0.099000
0.353000
0.100000
0.100000
0.352000
0.099001
0.100000
0.100000
0.100000
0.100000
0.099001
0.100999
0.098000
0.100000
0.100000
0.100000
0.102000
0.351000
0.098000
0.100000
0.100000
0.098000
0.100000
0.099000
0.100000
0.101000
0.352000
0.098000
0.102000
0.354000
0.100000
0.099001
0.099000
0.100000
0.102000
0.100000
0.100001
0.100000
0.099001
0.101000
0.101000
0.100999
0.351000
0.100001
0.351001
0.102000
0.351000
0.353000
0.352000
0.352000
0.355001
0.100001
0.102000
0.097999
0.101000
0.353000
0.100000
0.100000
0.100000
0.100001
0.100000
0.098000
0.350000
0.100000
0.100001
0.101000
0.100000
0.100001
0.099001
0.359000
0.100001
0.100000
0.100000
0.101000
0.101000
0.099001
0.100000
0.098000
0.100000
0.100001
0.101000
0.100000
0.100001
0.098000
0.101000
0.100000
0.100000
0.100000
0.100001
0.100000
0.099000
0.351001
0.100000
0.100000
0.100000
0.101000
0.100000
0.100000
0.100000
0.101000
0.351000
0.356000
0.100000
0.352000
0.357000
0.355000
0.356000
0.100999
0.101000
0.100000
0.099001
0.100000
0.353999
0.101000
0.099000
0.352001
0.100000
0.357000
0.099000
0.100000
0.099001
0.103000
0.352000
0.352999
0.100000
0.100001
0.100000
0.100000
0.101999
0.352000
0.353999
0.354000
0.354000
0.100001
0.099001
0.100000
0.100000
0.101000
0.099001
0.350000
0.099001
0.100000
0.350000
0.100001
0.102000
0.353000
0.099000
0.100000
0.099001
0.099001
0.100000
0.351000
0.356000
0.100000
0.100001
0.099000
0.098000
0.355001
0.101999
0.099000
0.099001
0.099001
0.100000
0.100001
0.101000
0.100001
0.357999
0.100000
0.357000
0.099000
0.100000
0.100000
0.098000
0.099001
0.100000
0.098000
0.101000
0.103001
0.355000
0.103000
0.349999
0.100000
0.100000
0.100000
0.101000
0.100000
0.099000
0.099000
0.099001
0.101000
0.100000
0.100000
0.100000
0.100000
0.099000
0.100000
0.099000
0.099000
0.100001
0.099000
0.099000
0.099001
0.353000
0.100000
0.100000
0.099000
0.352000
0.099000
0.099001
0.099001
0.100000
0.100001
0.101000
0.097999
0.098000
0.100000
0.101000
0.100000
0.352001
0.351000
0.100001
0.100001
0.100000
0.100000
0.101000
0.099001
0.353000
0.100000
0.100000
0.100000
0.352000
0.352001
0.100000
0.099000
0.100000
0.100000
0.098000
0.100000
0.101000
0.099000
0.100000
0.100000
0.100001
0.100000
0.101000
0.099000
0.101000
0.100000
0.100000
0.097999
0.100000
0.101000
0.100000
0.098000
0.100000
0.100000
0.101000
0.100000
0.100000
0.100000
0.100000
0.100001
0.097999
0.351000
0.101000
0.100000
0.354000
0.355000
0.101000
0.352000
0.101000
0.360000
0.099000
0.100000
0.098000
0.100000
0.101000
0.097999
0.352999
0.100000
0.100000
0.099000
0.100000
0.100001
0.101000
0.100000
0.355001
0.099001
0.099000
0.099001
0.353999
0.099000
0.101000
0.099001
0.100000
0.100001
0.100000
0.100000
0.365000
0.102000
0.101999
0.100999
0.102000
0.100000
0.100000
0.100001
0.100001
0.100000
0.354000
0.351000
0.353999
0.356000
0.099000
0.100000
0.100001
0.100000
0.100000
0.100000
0.100000
0.101000
0.101000
0.100000
0.103001
0.102000
0.103000
0.351001
0.349000
0.101000
0.100000
0.097999
0.100000
0.351001
0.099001
0.097999
0.356000
0.100000
0.100000
0.100000
0.100999
0.100001
0.100000
0.100000
0.101000
0.102000
0.101000
0.353000
0.099001
0.100000
0.100000
0.103001
0.102000
0.101000
0.101000
0.101000
0.101000
0.100000
0.098000
0.099001
0.101000
0.101999
0.101000
0.100000
0.100000
0.100000
0.098000
0.098000
0.101000
0.098000
0.097999
0.100000
0.101000
0.358000
0.356000
0.100000
0.100000
0.100000
0.101999
0.357999
0.353000
0.100001
0.102000
0.100001
0.101000
0.101000
0.352000
0.101000
0.100000
0.101000
0.103000
0.100001
0.100000
0.100000
0.100000
0.100001
0.101000
0.101000
0.100000
0.100000
0.100000
0.100000
0.100000
0.101000
0.101000
0.100000
0.100000
0.098000
0.097999
0.100000
0.100000
0.099001
