8.527000
9.029000
8.948000
9.081000
8.959000
9.129000
9.363000
9.373000
9.173000
9.480000
9.312000
9.145000
9.486000
9.594000
8.967000
9.383000
9.410000
9.438000
9.384000
9.348000
9.285000
9.296000
9.285000
9.364000
9.175000
9.707000
9.385000
9.232000
9.136000
9.252000
9.220000
9.132000
9.326000
9.183000
9.004000
8.942000
9.309000
9.327000
9.129000
9.342000
8.956000
9.132000
9.429000
9.545000
9.319000
9.482000
9.542000
9.351000
9.427000
9.260000
9.414000
9.188000
9.553000
9.442000
9.326000
9.333000
9.870000
9.589000
9.260000
9.327000
9.628000
9.977000
9.481000
9.605000
9.632000
9.478000
9.448000
9.698000
9.602000
9.501000
9.760000
9.465000
9.472000
9.389000
10.064000
9.746000
10.029000
9.562000
9.731000
9.576000
9.736000
9.554000
9.802000
9.476000
9.593000
9.915000
10.060000
9.557000
9.812000
9.512000
9.495000
10.134000
9.305000
9.579000
9.926000
9.508000
9.583000
9.859000
9.476000
9.772000
9.814000
9.338000
10.073000
9.687000
9.733000
9.846000
9.736000
9.649000
9.939000
9.780000
9.744000
9.900000
9.748000
9.413000
9.649000
9.786000
9.566000
9.703000
9.738000
9.457000
9.574000
9.813000
9.619000
9.743000
9.610000
9.542000
9.620000
9.792000
9.369000
9.548000
9.780000
9.474000
9.451000
9.719000
9.429000
9.564000
9.592000
9.488000
9.692000
9.602000
9.539000
10.502000
9.498000
9.840000
9.615000
9.856000
10.022000
9.898000
10.156000
9.990000
9.739000
9.640000
9.513000
9.674000
9.646000
9.322000
9.414000
9.544000
9.678000
9.439000
9.731000
9.517000
9.426000
9.822000
9.800000
9.588000
10.061000
9.672000
10.057000
9.477000
10.373000
9.935000
9.609000
10.130000
9.872000
9.580000
9.699000
9.701000
10.125000
9.921000
9.670000
9.617000
9.775000
9.851000
9.670000
10.310000
9.641000
9.590000
9.882000
9.813000
9.437000
10.126000
9.879000
10.188000
10.049000
9.715000
10.028000
9.967000
9.761000
9.809000
9.936000
9.944000
9.744000
9.700000
10.214000
9.779000
10.139000
9.855000
10.397000
10.216000
9.444000
10.211000
9.563000
10.256000
10.544000
9.796000
9.714000
9.797000
9.610000
10.266000
9.994000
9.720000
9.815000
9.935000
9.824000
9.646000
9.880000
9.863000
9.735000
10.000000
9.638000
9.918000
10.027000
9.866000
9.850000
9.802000
9.606000
10.062000
10.290000
9.718000
9.822000
9.967000
9.833000
10.277000
10.134000
9.751000
9.864000
9.823000
9.463000
9.478000
10.006000
10.064000
10.110000
9.478000
9.401000
10.001000
9.485000
10.128000
9.823000
9.773000
9.975000
9.884000
9.785000
9.333000
9.496000
9.871000
9.844000
9.747000
9.954000
9.619000
10.232000
9.597000
9.609000
9.688000
9.798000
10.051000
9.899000
9.470000
9.719000
9.494000
10.026000
9.839000
9.744000
9.856000
9.745000
9.771000
9.827000
9.886000
9.769000
9.698000
9.912000
9.387000
9.902000
9.510000
9.718000
9.786000
9.819000
9.940000
9.916000
9.675000
10.145000
9.680000
10.194000
9.883000
10.163000
9.695000
10.024000
9.590000
9.893000
9.953000
9.831000
9.759000
9.841000
9.303000
9.362000
9.642000
9.647000
9.658000
9.175000
9.689000
9.642000
9.789000
9.640000
9.245000
9.335000
9.120000
9.545000
9.795000
9.224000
9.314000
9.511000
9.293000
9.364000
9.738000
9.308000
9.227000
9.384000
9.352000
9.530000
9.745000
9.699000
9.361000
9.490000
9.432000
9.766000
9.346000
9.450000
9.384000
9.152000
9.459000
9.946000
9.304000
9.754000
10.208000
9.292000
9.649000
9.954000
9.414000
9.562000
9.604000
10.016000
9.664000
9.603000
9.643000
9.162000
9.270000
9.563000
9.342000
9.377000
10.059000
9.623000
9.782000
9.948000
9.764000
9.613000
9.590000
9.738000
9.767000
9.560000
9.924000
9.559000
9.681000
9.814000
9.275000
9.339000
9.296000
9.497000
9.711000
9.710000
9.582000
9.665000
9.614000
9.676000
10.009000
9.426000
9.691000
9.973000
9.636000
10.136000
9.993000
9.404000
9.784000
9.770000
9.487000
9.357000
9.437000
9.619000
9.737000
9.700000
9.499000
9.649000
9.981000
9.645000
9.722000
9.857000
9.779000
9.795000
9.556000
9.867000
9.816000
9.795000
9.557000
9.901000
9.526000
9.762000
9.976000
9.507000
9.467000
9.751000
9.891000
9.930000
9.762000
9.869000
9.747000
9.437000
9.865000
9.959000
9.577000
9.588000
9.610000
9.754000
9.340000
9.406000
9.456000
9.748000
9.606000
9.863000
9.453000
9.381000
9.905000
9.661000
9.653000
9.598000
9.786000
9.839000
9.577000
9.500000
9.835000
9.887000
9.632000
10.197000
9.649000
9.477000
9.565000
9.471000
9.859000
9.527000
9.693000
9.611000
9.419000
9.862000
9.699000
9.529000
9.753000
10.049000
9.149000
9.483000
9.571000
9.756000
9.706000
9.675000
9.564000
9.551000
9.710000
9.784000
9.552000
9.684000
9.557000
9.553000
9.816000
9.662000
10.105000
9.959000
10.051000
9.769000
8.501000
8.914000
8.870000
8.840000
8.899000
8.937000
8.832000
8.941000
9.077000
9.157000
9.142000
8.807000
8.869000
9.121000
8.801000
8.842000
8.874000
8.911000
8.977000
9.128000
8.889000
9.078000
8.894000
9.214000
9.177000
9.104000
9.045000
9.001000
8.868000
8.887000
9.200000
9.024000
9.176000
9.039000
9.032000
8.982000
9.219000
9.239000
9.267000
9.254000
9.015000
9.178000
9.419000
9.146000
8.953000
9.356000
9.323000
9.235000
9.436000
9.225000
9.352000
9.552000
9.294000
9.706000
9.089000
9.229000
9.278000
9.149000
9.125000
9.367000
9.231000
9.390000
9.264000
9.456000
9.159000
9.713000
9.109000
9.577000
9.200000
9.626000
9.100000
9.133000
9.381000
9.323000
9.346000
9.222000
9.674000
9.175000
9.481000
9.512000
9.795000
9.405000
9.668000
9.752000
9.929000
9.575000
9.343000
9.540000
9.816000
9.388000
9.334000
9.696000
9.441000
9.442000
9.323000
9.323000
9.599000
9.407000
9.425000
9.763000
9.490000
9.631000
9.690000
9.577000
9.464000
9.509000
9.580000
9.373000
9.316000
9.361000
9.385000
9.569000
9.271000
9.560000
9.506000
9.631000
9.813000
9.383000
9.456000
9.652000
9.358000
9.645000
9.356000
9.896000
9.689000
9.291000
9.429000
9.144000
9.441000
9.430000
9.428000
9.850000
9.523000
9.633000
9.631000
9.866000
9.567000
9.681000
9.792000
9.427000
9.940000
9.558000
9.859000
9.550000
9.706000
9.270000
9.472000
9.433000
9.525000
9.489000
9.450000
9.546000
9.342000
9.542000
10.015000
9.482000
9.487000
9.480000
9.649000
9.775000
9.500000
9.522000
10.185000
9.898000
9.670000
9.571000
9.641000
9.140000
9.239000
9.679000
9.507000
9.580000
9.171000
9.669000
9.678000
9.656000
9.384000
9.932000
9.436000
9.628000
9.213000
9.494000
9.309000
9.924000
9.301000
10.025000
9.867000
9.578000
9.466000
9.980000
9.340000
9.449000
9.557000
9.325000
9.419000
9.512000
9.403000
9.712000
9.488000
9.604000
9.633000
9.334000
9.330000
9.377000
9.629000
9.363000
9.528000
9.931000
9.383000
9.597000
9.633000
9.509000
9.800000
9.530000
9.391000
9.754000
9.782000
9.260000
9.854000
9.801000
9.530000
9.504000
9.729000
9.327000
9.886000
15.633000
9.690000
9.181000
9.643000
9.239000
9.441000
9.380000
9.169000
9.366000
9.170000
9.231000
9.528000
9.751000
9.991000
9.466000
9.738000
9.825000
9.466000
9.862000
9.779000
9.418000
9.616000
10.085000
9.705000
9.771000
9.423000
9.614000
9.937000
9.586000
9.442000
9.165000
9.310000
9.328000
9.687000
9.429000
9.289000
9.631000
9.638000
9.540000
9.535000
9.342000
9.280000
9.371000
9.963000
9.158000
9.509000
9.577000
9.337000
9.981000
9.516000
9.267000
9.740000
9.517000
9.115000
9.357000
9.256000
9.638000
10.077000
9.695000
9.712000
10.065000
9.368000
9.763000
9.256000
9.519000
9.804000
9.623000
9.282000
9.383000
9.719000
9.192000
9.570000
9.493000
10.102000
9.368000
9.201000
9.384000
9.809000
9.396000
9.792000
9.857000
9.543000
9.573000
9.318000
9.471000
9.923000
9.124000
9.750000
9.949000
10.105000
9.425000
9.452000
10.083000
9.744000
9.615000
9.701000
10.065000
9.744000
9.736000
9.954000
9.645000
9.720000
9.827000
9.798000
10.091000
10.098000
9.390000
9.719000
9.821000
9.484000
9.579000
9.405000
9.870000
9.132000
9.549000
9.518000
9.722000
9.731000
9.691000
9.291000
9.673000
9.520000
9.949000
9.536000
9.596000
9.245000
9.574000
9.925000
9.466000
9.534000
9.841000
9.703000
9.130000
9.431000
9.982000
9.462000
9.920000
9.464000
9.881000
9.705000
9.758000
9.754000
9.505000
9.865000
9.810000
9.574000
9.816000
9.819000
9.749000
9.595000
9.383000
9.339000
9.724000
10.319000
9.607000
9.718000
9.695000
10.274000
9.758000
9.379000
9.711000
10.088000
9.454000
9.777000
10.092000
9.760000
9.879000
9.922000
9.748000
10.168000
9.404000
9.488000
9.537000
9.930000
9.559000
9.804000
9.690000
9.552000
9.743000
9.256000
9.981000
9.428000
9.337000
9.850000
9.513000
9.751000
9.525000
9.286000
9.903000
9.686000
9.496000
9.526000
10.184000
9.619000
9.604000
9.804000
9.766000
9.551000
9.190000
9.911000
10.040000
9.639000
9.583000
9.469000
10.124000
9.948000
9.777000
9.817000
9.575000
10.069000
9.676000
9.679000
9.565000
10.106000
9.262000
10.004000
9.597000
9.685000
9.810000
10.070000
10.186000
9.983000
9.397000
9.537000
9.311000
9.785000
9.357000
9.624000
9.601000
9.640000
9.444000
9.749000
9.966000
9.784000
9.475000
9.461000
9.472000
9.819000
9.268000
9.840000
9.534000
9.879000
9.481000
10.104000
9.416000
9.402000
9.466000
10.009000
9.804000
9.310000
9.634000
9.806000
9.717000
9.363000
9.780000
9.527000
9.252000
9.491000
9.513000
9.875000
9.660000
9.285000
9.743000
9.770000
9.520000
9.654000
9.607000
9.224000
9.368000
9.547000
9.786000
9.234000
9.540000
9.163000
10.014000
10.077000
8.335000
8.804000
9.001000
9.212000
