22.543000
22.496000
22.475000
22.476000
22.477000
22.486000
22.517000
22.479000
22.483000
22.472000
22.486000
22.485999
22.493999
22.490000
22.470000
22.475000
22.478000
22.473000
22.472000
22.479000
22.473000
22.476001
22.481999
22.481999
22.505000
22.481999
22.480000
22.484000
22.484000
22.480001
22.480001
22.479001
22.487000
22.481999
22.480000
22.484000
22.479000
22.484000
22.480000
22.481999
22.481000
22.476000
22.483000
22.489000
22.481000
22.480001
22.479000
22.481000
22.482000
22.473999
22.481999
22.508000
22.479001
22.472000
22.472000
22.472001
22.472001
22.557000
22.469999
22.476000
22.472001
22.476000
22.481000
22.482000
22.487001
22.481000
22.484001
22.482000
22.485000
22.473999
22.476000
22.487000
22.481000
22.477999
22.487001
22.482000
22.480000
22.477000
22.485000
22.480000
22.489000
22.483001
22.504000
22.480001
22.469000
22.473000
22.471000
22.469000
22.488000
22.481000
22.473000
22.475000
22.488000
22.481000
22.479001
22.478000
22.475000
22.484000
22.475000
22.476000
22.468000
22.476000
22.471000
22.472000
22.485000
22.476000
22.472000
22.473999
22.484000
22.476000
22.480001
22.479001
22.479000
22.505000
22.504999
22.511000
22.506000
22.506000
22.507000
22.505000
22.503000
22.503000
22.502000
22.499000
22.499000
22.501000
22.504000
22.503000
22.502000
22.503000
22.515999
22.516000
22.518001
22.510001
22.509000
22.512999
22.508000
22.509000
22.506000
22.507000
22.510001
22.510001
22.515001
22.508000
22.516000
22.513000
22.519000
22.515000
22.510001
22.508000
22.516000
22.523999
22.520999
22.503001
22.513000
22.511000
22.499001
22.515999
22.509000
22.510001
22.505000
22.509000
22.513000
22.517000
22.507001
22.507000
22.516000
22.502000
22.502000
22.507000
22.507000
22.506000
22.510001
22.515001
22.510000
22.506000
22.507001
22.506000
22.508000
22.510000
22.506000
22.506000
22.505000
22.503000
22.501000
22.516000
22.512000
22.507001
22.511000
22.512999
22.515000
22.512999
22.510000
22.514000
22.516000
22.509000
22.512999
22.520000
22.511000
22.513000
22.509000
22.508999
22.507000
22.510001
22.512000
22.507001
22.509000
22.509000
22.508999
22.510000
22.511000
22.522001
22.512000
26.473001
22.550000
22.496000
22.493000
22.506000
22.482000
22.477000
22.477000
22.483001
22.476000
22.487001
22.482000
22.470000
22.472000
22.515999
22.473999
22.472001
22.490000
22.485000
22.480000
22.482000
22.482000
22.491001
22.479001
22.482000
22.493000
22.473000
22.474000
22.480000
22.474000
22.474000
22.471000
22.496000
22.474000
22.473999
22.473000
22.477000
22.479000
22.479001
22.484000
22.481000
22.492000
22.489000
22.487000
22.486000
22.486000
22.489000
22.487001
22.489000
22.479000
22.488000
22.493999
22.488000
22.479000
22.493000
22.487000
22.492000
22.482000
22.497999
22.495000
22.479001
22.519000
22.493000
22.492000
22.495000
22.492000
22.489999
22.473000
22.476000
22.481000
22.471000
22.475000
22.487000
22.474000
22.472001
22.478000
22.472000
22.475000
22.478000
22.475000
22.473999
22.476000
22.473000
22.473000
22.482000
22.481000
22.477999
22.493000
22.480000
22.481000
22.491000
22.488000
22.484000
22.485000
22.472000
22.472001
22.477000
22.487000
22.483000
22.477000
22.477999
22.484001
22.482000
22.485000
22.479000
22.486000
22.485000
22.484000
22.490000
22.480001
22.479000
22.484999
22.483001
22.476000
22.478000
22.478000
22.479001
22.482000
22.489000
22.491000
22.488000
22.481000
22.480000
22.486000
22.475000
22.501000
22.472000
22.472000
22.472000
22.473000
22.473000
22.473000
22.472000
22.473999
22.475000
22.472000
22.474000
22.473000
22.476000
22.478000
22.478000
22.478000
22.487000
22.483000
22.478000
22.476000
22.477000
22.477000
22.480999
22.482000
22.481000
22.475000
22.471000
22.473000
22.474000
22.477000
27.175000
22.534001
22.469000
22.468000
22.475000
22.471000
22.478000
22.468000
22.470000
22.470000
22.468001
22.466999
22.473000
22.469999
22.469000
22.469999
22.473000
22.472001
22.467000
22.471000
22.471000
22.498000
22.469000
22.468000
22.470000
22.469000
22.466000
22.495001
22.470000
22.468000
22.466000
22.469000
22.469000
22.532000
22.473999
22.473999
22.471000
22.473000
22.472000
22.473000
22.475000
22.473000
22.479000
22.472001
22.472001
22.472000
22.472001
22.501000
22.492000
22.473000
22.473000
22.469000
22.486000
22.472000
22.469000
22.480000
22.480001
22.469000
22.471000
22.473999
22.468000
22.473000
22.480000
22.473000
22.469000
22.472000
22.474000
22.483000
22.470000
22.469000
22.488000
22.472001
22.474000
22.470000
22.470000
22.473000
22.471000
22.473000
22.474000
22.470000
22.475000
22.476000
22.475000
22.475000
22.474000
22.472001
22.475000
22.476000
22.473000
22.479000
22.474000
22.471000
22.471000
22.478000
22.476000
22.472000
22.477000
22.472000
22.471000
22.475000
22.478000
22.475000
22.474000
22.469000
22.478000
22.472000
22.474000
22.477000
22.481000
22.472000
22.477000
22.474000
22.472000
22.472001
22.470000
22.475000
22.471000
22.475000
22.473000
22.472000
22.475000
22.472000
22.472001
22.477000
22.475000
22.471000
22.474000
22.477000
22.472000
22.472000
22.475000
22.467000
22.475000
22.476000
22.469000
22.473000
22.469000
22.475000
22.477000
22.477000
22.471000
22.471000
22.471000
22.476000
22.477000
22.469000
22.473000
22.469000
22.474000
22.473000
22.472000
22.474000
22.477000
22.475000
22.474000
22.476000
26.845000
22.514000
22.504000
22.473000
22.474000
22.523001
22.476000
22.479001
22.474000
22.472000
22.476000
22.487000
22.475000
22.475000
22.473999
22.473000
22.474000
22.491001
22.476000
22.472001
22.516000
22.497999
22.475000
22.474000
22.475000
22.470000
22.469000
22.470000
22.490000
22.491000
22.477999
22.478000
22.473000
22.477000
22.472000
22.473999
22.473000
22.473000
22.473000
22.475000
22.473000
22.474000
22.473999
22.474000
22.478000
22.482000
22.473000
22.476001
22.470000
22.475000
22.488999
22.479001
22.472000
22.472000
22.479001
22.493999
22.493000
22.472000
22.472000
22.472001
22.474000
22.488000
22.474000
22.472001
22.473000
22.472000
22.473999
22.473000
22.484000
22.472000
22.528999
22.500000
22.515000
22.492000
22.504000
22.518000
22.522000
22.505000
22.497000
22.503001
22.470000
22.469000
22.473000
22.473000
22.473000
22.472000
22.471000
22.483000
22.470000
22.471000
22.475000
22.476000
22.472001
22.479000
22.473000
22.475000
22.473999
22.479001
22.481999
22.484000
22.481999
22.484000
22.479001
22.479000
22.470000
22.485000
22.481000
22.480001
22.479000
22.483001
22.487001
22.480000
22.481999
22.477000
22.531000
22.493999
22.484000
22.486000
22.483000
22.477000
22.478000
22.473999
22.479000
22.486000
22.477000
22.485000
22.484000
22.481000
22.478000
22.480001
22.477000
22.485000
22.514000
22.487000
22.485000
22.480001
22.479000
22.479000
22.486000
22.481000
22.483000
22.478000
22.510000
22.505000
22.498000
22.501000
22.501000
22.499001
22.504000
22.504000
22.493999
22.497000
22.496999
22.497000
22.533000
22.492000
27.330001
22.503000
22.502000
22.494000
22.477000
22.500000
22.493000
22.496999
22.477999
22.477000
22.482000
22.483000
22.483001
22.478000
22.483000
22.480999
22.475000
22.474000
22.481000
22.481000
22.478000
22.478000
22.478000
22.472000
22.508999
22.477000
22.478000
22.491001
22.511000
22.497000
22.527000
22.492000
22.485000
22.479001
22.487000
22.482000
22.492000
22.481000
22.485000
22.486000
22.479000
22.481000
22.497000
22.474000
22.476000
22.482000
22.496000
22.481000
22.474000
22.486000
22.485000
22.483000
22.479000
22.474000
22.479001
22.479001
22.481000
22.477000
22.483000
22.489999
22.492001
22.478000
22.480000
22.478000
22.475000
22.475000
22.479000
22.474000
22.488000
22.485000
22.485000
22.483000
22.487000
22.479000
22.486000
22.475000
22.476000
22.479001
22.480000
22.482000
22.481000
22.481000
22.477000
22.479001
22.511000
22.474000
22.488000
22.485000
22.517000
22.485000
22.481000
22.490000
22.497999
22.502000
22.523000
22.504000
22.494000
22.485999
22.476000
22.473000
22.474000
22.488000
22.487000
22.476000
22.485000
22.528000
22.479001
22.488000
22.486000
22.480000
22.480000
22.477999
22.482000
22.480000
22.481000
22.491000
22.485000
22.473000
22.491001
22.484000
22.516000
22.495001
22.477000
22.475000
22.478000
22.477000
22.472001
22.509000
22.473999
22.476001
22.481000
22.477000
22.480000
22.487000
22.476000
22.477999
22.480000
22.473000
22.480999
22.491000
22.481000
22.477000
22.476000
22.486000
22.477999
22.487001
22.489000
22.485000
22.483001
22.480000
22.494000
22.486000
22.476001
22.475000
22.473000
22.477000
27.016000
22.517000
22.497000
22.504000
22.501000
22.506000
22.507000
22.495001
22.508000
22.506000
22.494000
22.504999
22.500000
22.605000
22.507000
22.496999
22.500000
22.499000
22.506000
22.497000
22.527000
22.499000
22.474000
22.479000
22.473000
22.478000
22.478000
22.476000
22.474000
22.487001
22.492000
22.487001
22.485000
22.492000
22.484000
22.508000
22.484000
22.481000
22.490000
22.492001
22.491001
22.489000
22.490000
22.492000
22.496000
22.487000
22.486000
22.491000
22.483001
22.479001
22.493000
22.488000
22.478000
22.493000
22.494000
22.496000
22.478000
22.477999
22.478000
22.474000
22.483000
22.495000
22.493999
22.484000
22.481000
22.488000
22.499001
22.495000
22.494000
22.523000
22.492000
22.505000
22.496000
22.498000
22.496000
22.496999
22.487001
22.521000
22.497000
22.497000
22.500999
22.498000
22.496001
22.491000
22.499000
22.495000
22.493000
22.495000
22.497000
22.494000
22.496000
22.500000
22.503000
22.504999
22.499001
22.501000
22.510000
22.511000
22.504999
22.519999
22.490000
22.502000
22.488000
22.491000
22.506000
22.499000
22.502000
22.492000
22.496000
22.499000
22.495001
22.502000
22.497999
22.501000
22.499000
22.493000
22.489999
22.473000
22.473000
22.473000
22.472001
22.480001
22.474000
22.472000
22.481999
22.473000
22.474000
22.506000
22.474000
22.475000
22.482000
22.473999
22.475000
22.476000
22.473000
22.473999
22.474000
22.473000
22.473000
22.470000
22.473999
22.517000
22.482000
22.485000
22.475000
22.484999
22.489000
22.481999
22.488000
22.486000
22.477000
22.472000
22.475000
22.475000
22.477000
22.473000
27.190000
22.465999
22.471000
22.480000
22.472000
22.469999
22.505000
