38.280000
22.140000
19.580000
21.160000
19.500000
19.100000
18.700000
18.600000
18.520000
19.040000
18.620000
18.720000
18.620000
19.020000
18.720000
18.800000
18.520000
18.520000
18.800000
18.520000
18.520000
18.520000
18.620000
18.620000
18.520000
18.600000
18.520000
18.620000
18.720000
18.600000
18.520000
18.520000
18.720000
18.620000
30.040000
20.640000
19.220000
18.620000
18.600000
18.600000
18.700000
18.620000
18.640000
18.620000
18.620000
19.120000
18.620000
18.720000
18.520000
18.620000
18.620000
18.520000
18.600000
18.800000
18.520000
18.520000
18.520000
18.620000
18.620000
18.500000
18.900000
18.700000
18.520000
18.520000
18.620000
18.720000
18.780000
19.240000
18.980000
18.720000
18.800000
19.080000
18.520000
18.800000
19.000000
18.520000
18.640000
18.600000
18.620000
18.520000
18.620000
18.600000
18.520000
18.620000
18.640000
18.800000
19.000000
18.620000
18.520000
18.820000
18.520000
18.820000
18.820000
18.820000
18.520000
18.720000
18.520000
18.520000
18.540000
18.620000
18.620000
18.720000
18.940000
18.620000
18.520000
18.520000
18.520000
18.820000
18.520000
18.520000
18.620000
18.620000
18.520000
18.520000
18.620000
18.520000
18.500000
18.720000
18.520000
18.520000
18.700000
18.620000
18.700000
18.620000
18.600000
18.620000
18.620000
18.760000
18.520000
18.520000
18.520000
18.520000
18.540000
18.720000
18.520000
18.520000
19.460000
18.620000
18.700000
18.900000
18.620000
18.820000
18.620000
18.520000
18.520000
18.780000
18.520000
18.520000
18.520000
18.620000
18.720000
18.500000
18.900000
18.600000
18.700000
18.920000
18.720000
18.720000
18.620000
18.620000
18.620000
18.700000
18.800000
18.620000
18.500000
18.800000
18.700000
18.700000
18.620000
18.720000
18.720000
23.540000
19.080000
18.520000
18.800000
18.520000
18.920000
18.840000
18.620000
18.620000
18.520000
18.520000
18.600000
18.520000
18.520000
18.520000
18.520000
18.600000
18.620000
18.620000
18.620000
18.780000
18.820000
18.620000
18.520000
18.520000
18.500000
18.620000
18.620000
18.820000
18.720000
18.520000
18.720000
18.600000
18.520000
18.940000
18.820000
18.700000
18.820000
18.520000
18.700000
18.520000
18.920000
18.620000
18.520000
18.720000
18.720000
18.520000
18.520000
18.620000
19.200000
18.620000
18.600000
18.600000
18.520000
18.700000
18.620000
18.620000
18.520000
18.820000
18.940000
18.720000
18.520000
18.520000
18.600000
19.080000
18.500000
18.620000
18.520000
18.520000
29.080000
19.880000
18.820000
18.720000
18.520000
18.520000
18.520000
18.520000
18.520000
18.520000
18.500000
18.720000
18.800000
18.520000
18.520000
18.520000
18.540000
18.520000
18.520000
18.520000
18.520000
18.520000
18.800000
18.520000
18.520000
18.520000
18.640000
18.640000
18.520000
18.620000
18.520000
18.520000
25.580000
18.640000
18.520000
18.520000
18.520000
18.520000
18.520000
18.520000
18.500000
18.520000
18.520000
18.520000
18.520000
18.520000
18.520000
18.620000
18.520000
18.520000
18.520000
18.540000
18.620000
18.520000
18.520000
18.520000
18.620000
18.520000
18.520000
18.520000
18.620000
18.620000
18.520000
18.520000
18.520000
18.520000
18.620000
19.640000
18.620000
18.620000
18.500000
18.520000
18.520000
18.500000
18.520000
18.680000
18.520000
18.520000
18.720000
18.620000
18.520000
18.540000
18.520000
18.520000
18.620000
18.720000
18.640000
18.540000
18.500000
18.520000
18.520000
18.600000
18.520000
18.520000
18.520000
18.500000
18.520000
18.520000
18.520000
18.520000
18.520000
24.640000
18.720000
18.520000
18.520000
18.620000
18.520000
18.520000
18.520000
18.800000
18.620000
18.520000
18.620000
18.520000
18.520000
18.620000
18.520000
18.500000
18.520000
18.500000
18.520000
18.520000
18.540000
18.520000
18.520000
18.520000
18.520000
18.520000
18.520000
18.520000
18.520000
18.520000
18.520000
18.520000
18.500000
18.520000
18.960000
18.520000
18.520000
18.520000
18.520000
18.520000
18.620000
18.500000
18.520000
18.520000
18.520000
27.060000
20.960000
18.720000
18.520000
18.520000
18.620000
19.700000
18.520000
18.540000
18.620000
18.520000
18.520000
18.620000
18.520000
18.520000
18.520000
18.540000
18.520000
18.800000
18.500000
18.520000
18.520000
18.520000
19.360000
18.540000
18.520000
18.520000
18.620000
18.520000
18.620000
18.540000
18.520000
18.620000
18.520000
18.540000
18.620000
18.620000
18.520000
18.520000
18.520000
18.520000
18.520000
18.500000
18.620000
18.520000
18.520000
18.520000
18.520000
18.520000
18.520000
18.620000
18.520000
18.520000
18.520000
18.520000
18.520000
18.700000
18.520000
18.780000
18.800000
18.600000
18.520000
18.520000
18.520000
18.520000
18.620000
18.520000
18.620000
18.520000
18.620000
18.520000
18.620000
18.720000
18.520000
18.520000
18.520000
18.520000
18.500000
18.520000
18.700000
18.620000
18.620000
18.520000
18.520000
18.520000
18.520000
18.520000
18.520000
18.620000
18.520000
18.520000
18.600000
18.520000
18.660000
18.920000
18.520000
18.620000
18.520000
18.520000
18.720000
18.520000
18.520000
18.520000
18.700000
18.780000
18.520000
18.800000
18.500000
19.080000
18.700000
18.620000
18.540000
19.240000
18.520000
18.620000
18.840000
18.620000
18.520000
18.620000
18.520000
18.620000
18.800000
18.780000
18.540000
18.620000
18.620000
18.960000
18.520000
18.780000
18.720000
19.120000
18.720000
18.620000
18.520000
18.720000
18.820000
18.620000
19.000000
18.800000
18.720000
18.520000
18.620000
18.700000
18.920000
18.720000
18.520000
18.620000
19.160000
18.820000
18.720000
18.720000
19.000000
18.720000
18.720000
18.620000
18.620000
18.620000
18.720000
18.520000
18.620000
18.520000
18.520000
18.740000
18.620000
18.600000
18.880000
18.600000
18.720000
19.040000
18.620000
18.540000
18.520000
18.620000
18.700000
18.500000
18.500000
18.720000
18.620000
18.620000
18.620000
18.500000
18.880000
18.620000
18.520000
18.520000
18.600000
18.700000
18.620000
18.700000
18.520000
18.520000
18.520000
18.720000
18.520000
18.500000
18.520000
18.620000
18.760000
18.620000
18.600000
18.520000
18.720000
18.520000
18.620000
18.520000
18.720000
18.700000
18.800000
18.680000
19.120000
18.620000
18.600000
18.720000
18.720000
18.620000
18.620000
18.820000
18.720000
18.980000
19.000000
18.620000
18.620000
18.520000
18.520000
18.500000
18.700000
18.880000
18.520000
18.840000
18.860000
18.920000
18.620000
19.040000
18.920000
18.720000
18.820000
18.800000
18.700000
18.520000
18.720000
18.620000
18.720000
18.620000
18.740000
18.700000
18.600000
18.700000
18.500000
18.580000
18.700000
18.700000
18.620000
18.620000
18.800000
18.700000
18.620000
18.800000
18.620000
18.520000
18.700000
18.600000
18.620000
18.620000
18.880000
18.520000
18.700000
20.000000
18.720000
18.620000
18.720000
19.300000
18.880000
19.100000
19.000000
19.140000
19.060000
19.100000
19.160000
19.020000
19.080000
19.120000
19.100000
18.920000
18.620000
19.060000
18.700000
18.700000
18.900000
19.580000
18.700000
18.520000
18.820000
18.700000
18.620000
18.520000
18.900000
18.720000
18.940000
18.800000
18.820000
18.800000
22.120000
18.900000
18.600000
18.800000
18.720000
18.520000
18.740000
18.620000
19.040000
18.820000
18.720000
19.220000
18.600000
18.540000
18.520000
18.520000
18.520000
18.880000
18.620000
18.700000
18.600000
18.600000
18.540000
18.620000
18.520000
18.620000
18.620000
18.620000
18.600000
18.520000
18.520000
18.520000
18.520000
18.600000
19.140000
18.520000
18.500000
18.520000
18.500000
18.800000
18.620000
18.620000
18.520000
18.620000
18.520000
18.520000
18.520000
18.700000
18.520000
18.600000
18.740000
18.700000
18.520000
18.520000
18.520000
18.620000
18.620000
18.620000
18.520000
18.520000
18.620000
18.520000
18.520000
18.520000
18.520000
18.500000
18.520000
18.620000
18.520000
25.280000
19.180000
18.600000
18.640000
18.520000
18.520000
18.620000
18.520000
18.520000
18.520000
18.620000
18.520000
18.520000
18.520000
18.520000
18.520000
18.520000
18.520000
18.520000
18.520000
18.600000
18.620000
18.500000
18.520000
18.520000
18.520000
18.600000
18.720000
18.820000
18.520000
18.520000
18.520000
24.340000
18.920000
18.520000
18.520000
18.520000
18.520000
18.520000
18.520000
18.500000
18.520000
18.620000
18.520000
18.520000
18.520000
18.520000
18.520000
18.520000
18.520000
18.520000
18.520000
18.520000
18.500000
18.520000
18.520000
18.520000
18.520000
18.500000
18.520000
18.520000
18.520000
18.620000
18.520000
18.520000
18.520000
18.520000
20.040000
18.620000
18.500000
18.520000
18.520000
18.620000
18.520000
18.520000
18.600000
18.600000
18.520000
18.620000
18.620000
18.520000
18.520000
18.520000
18.520000
18.520000
18.520000
18.520000
18.520000
18.520000
18.520000
18.520000
18.520000
18.520000
18.520000
18.520000
18.520000
18.520000
18.520000
18.500000
18.520000
18.520000
18.520000
18.740000
18.520000
18.520000
18.540000
18.520000
18.520000
18.520000
18.540000
18.520000
18.520000
18.520000
18.620000
18.520000
18.520000
18.820000
18.520000
18.620000
18.520000
18.520000
18.540000
18.520000
18.520000
18.520000
18.520000
18.520000
18.520000
18.520000
18.520000
18.520000
18.520000
18.520000
18.520000
18.520000
18.520000
27.480000
19.080000
18.520000
18.520000
18.520000
18.620000
18.500000
18.520000
18.520000
18.520000
18.520000
18.520000
18.620000
18.500000
18.540000
18.600000
18.520000
18.520000
18.520000
18.520000
18.520000
18.520000
18.600000
18.840000
18.600000
18.640000
18.520000
18.520000
18.520000
18.500000
18.500000
18.520000
18.500000
18.520000
18.520000
19.560000
18.900000
18.760000
18.520000
18.520000
18.520000
18.520000
18.620000
18.520000
18.520000
18.520000
18.520000
18.520000
18.520000
18.520000
18.520000
18.520000
18.520000
18.520000
18.520000
18.620000
18.520000
18.520000
18.520000
18.520000
18.520000
18.520000
18.520000
18.520000
18.520000
18.520000
18.520000
18.800000
18.500000
18.500000
18.560000
18.520000
18.520000
18.540000
18.520000
18.520000
18.500000
18.500000
18.520000
18.520000
18.520000
18.520000
18.520000
18.520000
18.520000
18.520000
18.520000
18.520000
18.520000
18.520000
18.520000
18.520000
18.620000
18.540000
18.520000
18.520000
18.520000
18.520000
18.500000
18.520000
18.520000
18.500000
18.620000
18.620000
21.080000
19.340000
18.940000
