608.220000
614.140000
624.919999
608.920000
611.079998
608.259998
605.200000
610.260002
608.700000
611.040000
615.259998
614.119999
614.739999
612.879999
621.479999
611.240000
608.599998
609.919999
611.699998
612.100001
611.780003
612.380002
614.360001
611.480001
628.320001
631.719999
630.379997
612.199999
616.380002
616.300002
610.639997
627.340000
616.639998
616.740000
611.339998
609.900001
613.340002
626.839999
628.980000
610.560000
616.039999
609.740000
609.859999
611.159999
613.220003
613.580000
608.520001
614.480000
612.080000
624.299999
608.560000
610.900000
609.400000
609.980002
612.580001
610.820003
609.859999
608.339999
608.600002
612.760000
626.580000
625.859998
607.720003
612.620000
608.820003
621.520001
606.840000
608.399998
610.619999
612.379998
611.980002
613.779999
627.999999
620.339997
609.519999
610.680003
611.019999
610.379998
609.820001
613.040000
605.480000
610.200003
612.819999
610.020000
623.399999
622.320000
610.179998
609.400000
609.159999
613.079999
608.739998
614.700001
612.819999
611.079998
610.880002
610.619999
631.880000
623.059999
616.599999
610.580001
606.720001
610.959999
606.980000
611.340001
616.379999
614.060000
607.759997
608.199999
621.980000
618.840002
606.740002
613.779999
613.619998
609.320000
608.860001
613.139998
609.680001
610.660002
610.600002
613.779999
627.219997
622.499999
612.380002
611.439999
609.540001
612.980001
609.560002
610.339999
611.839999
607.299998
610.280000
610.920001
625.240002
625.240002
608.560000
609.079998
612.399999
614.500001
614.200000
612.080000
611.539997
608.980000
623.179998
608.840000
624.380000
623.980001
613.520000
616.820000
608.240001
612.340000
613.580000
613.699999
615.219999
606.720001
615.320001
610.780001
617.620002
612.040002
610.920001
613.080002
609.900001
610.380001
613.380000
611.320000
610.140000
615.800001
613.120001
620.039999
622.800000
610.239998
610.239998
611.499999
614.480000
613.940001
609.260000
614.280000
610.740002
608.339999
611.200001
613.899998
623.060003
612.019997
611.159999
608.780000
612.599999
611.079998
610.719997
613.360003
610.560000
612.099998
612.280000
626.339998
622.760002
618.160002
609.999999
610.740002
608.039998
610.780001
608.780000
608.360000
616.880003
608.199999
614.939999
627.560001
625.260003
611.860000
616.560001
612.900000
610.020000
612.280000
612.680003
612.560000
609.960001
611.219998
617.360000
624.660000
622.639999
606.440000
608.679999
610.379998
610.399999
610.180002
607.940000
610.239998
610.819999
614.299998
610.879999
624.380004
620.660000
612.020001
612.420000
611.619998
608.479999
612.620000
615.100000
610.520002
613.740001
611.680001
613.320000
628.260002
624.839999
613.000002
610.660002
609.500002
610.319998
610.659998
607.160002
608.719997
610.240001
615.400001
612.680003
628.420003
626.960002
608.860001
607.860003
610.640001
612.280000
611.979999
630.860001
610.700000
612.599999
610.380001
613.080002
625.320002
636.100002
610.039998
608.860001
610.319998
609.580003
617.020000
615.260001
612.640001
612.800002
614.340000
610.160001
624.879997
623.739999
609.540001
612.140000
614.239998
612.599999
610.199999
610.459998
613.140002
615.100000
612.059999
612.160001
621.339999
626.419999
607.620001
614.599999
611.420002
608.060002
610.819999
615.459997
609.200001
610.920001
614.900000
612.119999
621.600002
614.220001
612.399999
609.219998
609.620001
611.639999
614.140000
614.279997
606.940001
607.159998
609.000001
609.900001
626.559999
610.200003
614.160001
613.839999
608.659998
613.240000
611.099999
611.719999
606.040001
610.459998
613.120001
610.600002
623.120002
610.259999
612.740003
610.159997
613.720004
614.580002
610.259999
611.979999
610.799998
618.140001
613.059998
626.320001
621.380001
607.319999
608.300000
608.640000
616.300002
614.200000
613.400001
618.320003
615.340002
613.220003
610.539999
626.639999
624.339998
610.739999
608.260002
605.160002
609.740000
612.100001
609.820001
610.380001
611.399997
614.480000
607.919998
623.580001
625.480000
609.880000
613.760002
608.999997
606.720001
608.520001
608.279999
614.879999
609.559998
614.400003
606.080003
628.780000
620.159999
609.120000
617.280003
631.920002
613.359999
611.699998
607.140001
611.079998
614.039999
626.399998
611.240000
621.740002
631.340001
611.400001
610.819999
607.640002
604.920000
611.880001
613.800000
609.820001
611.600000
615.720000
605.740000
626.300000
624.960002
610.879999
609.280001
611.480001
612.659998
611.760002
612.599999
609.559998
610.619999
609.859999
611.160003
621.959999
609.620001
610.600002
617.679998
611.600000
606.959999
613.760002
607.219998
610.640001
613.479998
606.500000
613.899998
624.560002
608.959999
607.200000
611.000001
608.640000
613.180000
609.180000
614.640001
607.239999
609.299999
610.119998
611.320000
622.899998
612.259999
606.780000
612.179998
634.040002
608.939998
612.679999
611.960001
607.060000
609.360002
611.099999
612.839997
620.640002
613.480002
610.859998
612.599999
613.879997
616.060000
607.200000
608.680002
611.800000
612.760000
612.399999
611.060001
627.599999
610.479999
606.640000
615.139998
611.080002
609.840002
613.079999
606.259998
604.720000
608.940002
617.780000
627.000000
622.239999
613.440000
609.120000
610.959999
607.239999
613.019999
609.699998
610.120002
610.820003
611.520000
614.119999
623.539999
627.579998
611.000001
610.959999
611.540001
611.279998
609.339997
609.120000
612.860002
612.280000
609.239999
608.759999
624.619998
629.999999
606.199998
617.520001
613.680001
610.780001
611.080002
631.200001
610.080000
609.460000
615.640000
613.800000
620.740000
614.419997
609.220002
613.540001
607.200000
610.700000
610.620003
608.420003
611.840002
612.519998
609.139998
612.960000
634.039998
613.800000
610.420000
607.400000
623.980001
609.639999
611.720003
619.160000
612.840001
610.879999
611.260001
621.760000
622.320000
610.020000
608.339999
611.940000
610.220000
611.180000
612.280000
610.240001
613.560002
609.820001
613.080002
623.460002
623.580001
608.360000
609.940000
610.880002
611.860000
611.220002
606.819998
612.119999
608.939998
610.959999
612.119999
628.160000
627.339996
613.440000
608.580001
610.020000
608.199999
610.020000
612.400003
613.720000
615.160000
615.040001
610.199999
627.020001
621.360000
610.900003
611.740001
616.380002
611.240000
610.080000
609.740000
610.539999
611.280002
609.000001
616.580002
623.960000
619.520001
607.940003
609.480001
610.640001
610.840000
614.739999
608.379997
611.480001
607.780002
617.619999
609.280001
626.380000
624.120001
608.700000
608.659998
608.059999
610.840000
607.960001
610.080000
611.060001
610.259999
609.919999
607.640002
625.119999
624.420002
609.040000
610.080000
607.560001
611.520000
609.980002
611.339998
610.540003
613.600001
609.840002
612.280000
634.280000
623.080000
616.980001
610.500000
616.760001
609.859999
611.940000
609.919999
613.019999
610.299997
605.560001
610.379998
626.200002
622.400001
609.300002
610.720001
612.900000
608.179998
610.240001
615.720000
611.299999
610.980000
607.299998
614.320002
622.840002
610.500000
609.800000
608.980000
607.179999
609.299999
613.399997
611.719999
613.740001
609.420002
611.320000
609.579999
625.399999
609.460000
607.439999
609.040000
608.860001
610.859998
612.219997
609.140001
612.720001
612.739999
612.220000
608.840000
620.059997
612.020001
619.440001
612.260003
610.339999
612.860002
608.860001
612.639997
608.200002
612.039998
612.199999
611.979999
627.000000
610.660002
610.039998
612.879999
614.960000
614.299998
612.280000
608.959999
605.439998
608.080000
613.780003
611.899998
621.100001
613.100000
611.019999
610.200003
606.320001
612.440001
615.880001
609.000001
607.200000
609.579999
612.159997
611.719999
623.260003
618.759997
609.579999
609.159999
609.680001
611.880001
606.240001
607.499998
611.979999
610.659998
608.200002
630.460002
624.260001
609.620001
608.580001
610.300001
608.520001
613.060001
607.319999
606.580000
612.560000
610.860001
610.439997
627.620000
625.980001
612.400003
610.479999
611.979999
610.920001
615.300000
614.660002
610.879999
616.060000
617.920000
610.399999
626.979999
626.359999
617.219999
611.880001
611.539997
611.280002
610.900000
614.580002
614.520002
610.160001
611.919999
611.979999
626.280002
624.639999
615.359999
610.540003
614.259999
609.680001
611.779999
611.940000
612.440001
608.619999
616.500001
629.239999
630.260002
614.999998
612.900000
611.900002
609.700002
607.219998
614.300001
609.740000
609.180000
610.420000
628.580000
637.340002
639.460001
615.059998
611.340001
611.559998
613.860000
608.980000
608.939998
613.119997
614.360001
614.580002
623.420000
617.739998
613.460001
614.320002
612.520002
619.800001
614.200000
610.819999
616.520002
612.440001
613.160003
630.039997
636.100002
611.559998
606.720001
612.719998
611.080002
603.820000
609.239999
615.419999
609.800000
609.779999
639.160000
633.680001
608.320002
609.379999
613.120001
608.700000
612.560000
610.260002
608.940002
612.980001
613.219999
618.179999
627.179999
627.760001
615.520000
610.059999
610.879999
608.300000
616.200000
611.839999
612.199999
611.800000
613.019999
628.860001
626.879998
613.679998
611.320000
609.880000
609.940000
606.859997
610.660002
609.600000
612.480000
611.419998
610.900000
625.639997
627.179999
607.099999
612.580001
614.300001
612.160001
610.619999
608.279999
609.540001
611.159999
609.099999
629.540000
628.619999
612.900000
609.419998
628.700003
609.699998
611.719999
614.939999
609.940000
605.979998
611.619998
612.439997
630.300000
624.500003
607.719999
610.399999
612.760000
612.420000
629.560001
606.740002
615.060002
610.339999
608.119998
613.660000
625.340000
627.440002
615.440000
612.579998
613.779999
609.499998
612.999998
610.280000
609.680001
608.580001
609.820001
608.419999
625.039998
627.079997
612.900000
611.260001
609.740000
616.479997
609.400000
611.499999
612.259999
612.219997
609.439999
626.479998
622.880001
614.140000
611.940000
607.480001
612.220000
610.799998
624.220002
608.180001
615.140002
613.259997
610.860001
626.899999
623.740003
609.720003
612.219997
614.980001
609.960001
611.560002
607.099999
610.119998
611.019999
609.540001
613.480002
631.139997
624.639999
613.159999
610.779997
606.000002
610.459998
617.199998
606.580000
611.180000
612.320002
610.840000
607.540000
621.100001
624.660000
609.619997
609.699998
603.220001
607.200000
607.899997
612.520002
612.640001
611.400001
608.459998
611.700002
625.260003
621.420000
611.740001
615.419999
605.580002
608.179998
607.680000
612.840001
608.400002
615.160000
612.220000
609.320000
628.920000
612.679999
608.400002
608.360000
609.700002
614.920001
613.299999
609.800000
610.180002
615.720000
629.760001
627.360001
629.060000
635.000002
613.240000
613.400001
609.460000
612.059999
611.099999
616.919998
612.579998
611.779999
610.520002
625.440001
625.040002
613.180000
616.380002
608.279999
609.219998
609.919999
607.020002
608.840000
607.660003
615.540002
612.520002
626.319997
624.140002
612.980001
608.820003
613.200001
614.200000
609.540001
609.559998
609.640002
609.420002
609.060001
613.339998
620.159999
626.040000
614.319999
610.719997
606.059998
