11.279999
9.360000
9.380001
9.360000
9.520001
9.380001
9.520000
9.440000
9.360000
9.600000
9.680000
9.360000
9.820000
9.459999
9.520001
9.439999
9.460000
9.440000
21.180000
9.840000
9.440000
9.360000
9.360000
9.380000
9.360000
9.380000
9.360000
9.459999
9.360000
9.560000
9.640000
9.380000
9.360000
9.460000
9.360000
9.440000
9.520000
9.360000
9.440000
9.380001
9.520000
9.520001
9.440000
9.380001
9.440000
9.460000
9.360000
9.360000
9.360000
9.459999
9.360000
9.360000
9.380001
9.360000
9.360000
9.360000
9.360000
9.360000
9.520000
9.440000
9.360000
9.520000
9.440000
9.440000
9.360000
9.459999
9.380000
9.360000
9.520001
9.360000
10.580000
9.640000
9.360000
9.439999
9.360000
9.380000
9.380000
9.460000
9.440000
9.520000
9.439999
9.380000
9.360000
9.380000
9.360000
9.380000
9.360000
9.380000
9.360000
9.380001
9.360000
9.380001
9.360000
9.440000
9.360000
9.360000
9.360000
9.380000
9.360000
9.439999
9.360000
9.360000
9.380000
9.440000
9.360000
9.380000
9.360000
9.360000
9.380000
9.360000
9.360000
9.540000
9.360000
9.380001
9.380000
9.580000
9.360000
9.540000
9.540000
9.439999
9.700000
9.520000
9.360000
9.360000
9.440000
9.540000
9.439999
122.320000
14.339999
9.680000
9.520000
9.440000
9.439999
9.360000
9.360000
9.380000
9.439999
9.600000
9.360000
9.460000
9.360000
9.400000
9.520000
9.380001
9.360000
9.460000
9.360000
9.439999
9.360000
9.540000
9.440000
9.380001
9.360000
9.380000
9.380000
9.380000
9.360000
9.360000
9.360000
9.540000
9.440000
9.360000
9.380001
9.380001
9.360000
9.380000
9.360000
9.380000
9.500001
9.360000
9.360000
9.380000
9.360000
9.380000
9.520000
9.460000
9.440000
9.380000
9.360000
9.380000
9.360000
9.380001
9.380000
9.360000
11.780000
9.459999
9.540000
9.360000
9.520000
9.460000
9.700000
9.380000
9.520000
9.400000
9.360000
9.439999
9.520000
9.360000
9.440000
9.460000
9.520000
9.520000
9.420000
9.520000
9.520000
9.380000
9.440000
9.580000
9.380000
9.380000
9.440000
9.620000
9.440000
9.440000
9.440000
9.540000
9.520000
9.460000
9.440000
9.380000
9.440000
9.520000
9.420000
9.380000
9.380000
9.380000
9.520001
9.380001
9.500000
9.380000
9.440000
9.460000
9.360000
9.460000
9.439999
9.360000
9.360000
9.380000
9.360000
9.459999
9.360000
9.439999
10.320000
9.460000
9.380001
9.360000
9.360000
9.620001
9.740000
9.380000
9.520000
9.380000
9.380000
9.459999
9.360000
9.720000
9.500001
9.459999
9.540000
9.440000
9.520000
9.540000
9.380000
9.540000
9.440000
9.380001
9.360000
9.680000
9.440000
9.460000
9.360000
9.360000
9.380000
9.360000
9.360000
9.380000
9.360000
9.360000
9.360000
9.439999
9.360000
9.440000
9.360000
9.459999
9.360000
9.460000
9.459999
9.360000
9.360000
9.600000
9.520000
9.460000
9.380000
9.439999
9.360000
9.360000
9.380001
9.360000
9.360000
9.680000
9.580000
9.440000
9.440000
9.360000
9.460000
9.380000
9.360000
9.380000
9.440000
9.380000
9.380000
9.380000
9.360000
9.380000
9.380000
9.380000
9.360000
9.459999
9.380000
9.540000
9.520000
9.380001
9.360000
9.380000
9.360000
9.380001
9.600000
9.380000
9.360000
9.459999
9.459999
9.460000
9.440000
9.540000
9.360000
9.380001
9.500000
9.360000
9.360000
9.380001
9.440000
9.380000
9.360000
9.360000
9.380001
9.380000
9.360000
9.380000
9.360000
9.380000
9.380000
9.360000
9.380000
9.380000
9.360000
9.360000
9.360000
9.380000
19.180000
9.520001
9.360000
9.380000
9.360000
9.380000
9.380000
9.380001
9.380000
9.380000
9.440000
9.380000
9.380001
9.360000
9.360000
9.360000
9.380001
9.380000
9.360000
9.380001
9.360000
9.380000
9.360000
9.360000
9.380001
9.440000
9.380000
9.460000
9.440000
9.460000
9.439999
9.360000
9.360000
9.380001
9.360000
9.360000
9.540000
9.540000
9.360000
9.480000
9.380000
9.460000
9.380001
9.380000
9.380000
9.380001
9.380001
9.640000
9.380000
9.380001
9.540000
9.459999
9.360000
9.380000
10.540000
9.520000
9.520000
9.360000
9.360000
9.380001
9.380000
9.440000
9.380001
9.380001
9.540000
9.360000
9.380000
9.380000
9.360000
9.380000
9.440000
9.380000
9.360000
9.520000
9.360000
9.439999
9.360000
9.380000
9.380000
9.360000
9.440000
9.380000
9.380000
9.460000
9.360000
9.360000
9.440000
9.360000
9.440000
9.380001
9.360000
9.740001
9.540000
9.680000
9.360000
9.620000
9.380001
9.400000
9.440000
9.360000
9.360000
9.460000
9.600000
9.459999
9.540000
9.380000
9.460000
9.440000
9.440000
9.540000
9.440000
9.540000
9.680000
9.460000
9.360000
9.440000
9.380001
9.360000
9.360000
9.360000
9.380000
9.360000
9.459999
9.440000
9.380000
9.380001
9.360000
9.380000
9.360000
9.440000
9.439999
9.380000
9.440000
9.380000
9.520000
9.380000
9.439999
9.360000
9.380001
9.520000
9.460000
9.380000
9.380001
9.360000
9.360000
9.520000
9.380001
9.360000
9.360000
9.360000
9.380001
9.380000
9.439999
9.380000
9.360000
9.540000
9.439999
9.439999
9.440000
9.459999
9.520000
9.400000
9.360000
9.360000
9.440000
9.440000
9.439999
9.380001
9.439999
9.440000
9.520001
9.380000
9.680000
9.380000
9.520000
9.460000
9.380001
9.380000
9.540000
9.459999
9.360000
9.380000
9.440000
9.360000
9.360000
9.360000
9.360000
9.380000
9.360000
9.439999
9.380000
9.380000
9.420000
9.380001
9.380000
9.440000
9.360000
9.360000
9.360000
9.380000
9.360000
9.440000
9.360000
9.460000
9.360000
9.480000
9.360000
9.380001
9.360000
9.380000
9.380000
9.380000
9.360000
9.380000
9.360000
9.460000
9.360000
9.360000
9.380000
9.380000
9.380000
9.380000
9.360000
9.360000
9.380000
9.380001
9.360000
9.380000
10.300000
9.460000
9.700000
9.860000
9.360000
9.460000
9.520000
9.440000
9.680000
9.540000
9.440000
9.440000
9.540000
9.460000
9.440000
9.380000
9.440000
9.579999
9.520001
9.440000
9.380001
9.440000
9.320000
9.360000
9.540000
9.380001
9.440000
9.460000
9.540000
9.540000
9.360000
9.440000
9.360000
9.380000
9.360000
9.459999
9.440000
9.459999
9.360000
9.380001
9.520000
9.380000
9.360000
9.440000
9.460000
9.380000
9.360000
9.439999
9.360000
9.380001
9.460000
9.440000
9.360000
9.380001
9.360000
9.380000
9.360000
9.380000
10.080000
9.360000
9.380001
9.440000
9.360000
9.380000
9.440000
9.380000
9.839999
9.380000
9.360000
9.440000
9.440000
9.440000
9.600000
9.360000
9.360000
9.380000
9.360000
9.360000
9.520000
9.440000
9.460000
9.440000
9.540000
9.440000
9.380001
9.380000
9.360000
9.380001
9.360000
9.460000
9.380000
9.439999
9.540000
9.360000
9.360000
9.380000
9.459999
9.459999
9.380000
9.380000
9.360000
9.380000
9.360000
9.440000
9.440000
9.380000
9.360000
9.380001
9.440000
9.380000
9.440000
9.380000
9.360000
9.360000
9.380000
9.459999
11.720000
9.680000
9.360000
9.360000
9.380001
9.380000
9.360000
9.380000
9.360000
9.360000
9.360000
9.380000
9.360000
9.380001
9.360000
9.360000
9.440000
9.360000
9.460000
9.360000
9.360000
9.360000
9.360000
9.360000
9.340000
9.380000
9.360000
9.460000
9.360000
9.360000
9.380001
9.360000
9.360000
9.380001
9.380000
9.380000
9.360000
9.380000
9.360000
9.360000
9.380000
9.380001
9.360000
9.360000
9.440000
9.459999
9.420000
9.360000
9.360000
9.360000
9.360000
9.360000
9.360000
9.380000
9.360000
9.380001
9.360000
9.540000
9.339999
9.380001
9.360000
9.380000
9.360000
9.380000
9.380000
9.459999
9.380000
9.380000
9.440000
9.380001
9.380000
9.360000
9.360000
9.380001
9.380000
9.380000
9.360000
9.380001
9.440000
9.360000
9.360000
9.360000
9.360000
9.440000
9.380000
9.380000
9.360000
9.360000
9.380001
9.380001
9.360000
9.360000
9.360000
9.380000
9.340000
9.380000
9.380000
9.360000
9.380001
9.360000
9.360000
9.360000
9.380001
9.360000
9.360000
9.360000
9.360000
9.380000
9.360000
9.380000
9.360000
9.380000
9.360000
9.380000
9.380000
9.420000
9.360000
9.360000
9.360000
9.380000
9.380001
9.360000
9.420000
9.360000
9.440000
9.360000
9.380001
9.360000
9.360000
9.380001
9.360000
9.440000
9.360000
9.360000
9.360000
9.360000
9.360000
9.360000
9.360000
9.360000
9.460000
9.360000
9.439999
9.360000
9.360000
9.360000
9.360000
9.460000
9.440000
9.360000
9.380001
9.360000
9.380000
9.380000
9.360000
9.360000
9.360000
9.360000
9.340000
9.380000
9.360000
9.380001
9.360000
9.460000
9.360000
9.380000
9.360000
9.360000
9.380001
9.380000
9.360000
9.360000
9.360000
9.560000
9.360000
9.360000
9.360000
9.380000
9.360000
9.380001
9.360000
9.360000
9.360000
9.360000
9.360000
9.380000
9.360000
9.380000
9.360000
9.360000
9.360000
9.380000
9.360000
9.380000
9.380000
9.360000
9.360000
9.380000
9.380000
9.799999
9.380000
9.360000
9.440000
9.380000
9.380001
9.460000
9.360000
9.380000
9.380000
9.680000
9.460000
9.360000
9.380000
9.380000
9.380001
9.440000
9.480000
9.360000
9.360000
9.380000
9.360000
9.360000
9.360000
9.440000
9.380001
9.380001
9.360000
9.380001
9.459999
9.460000
9.440000
9.420000
9.440000
9.380000
9.380001
9.380001
9.380000
9.440000
9.360000
9.380001
9.460000
9.520000
9.540000
9.680000
9.459999
9.620000
9.440000
9.459999
9.560000
9.360000
9.620000
9.540000
9.520000
9.540001
9.420000
9.459999
9.440000
9.600000
9.360000
9.520000
9.520000
9.380000
9.520000
9.440000
9.360000
9.360000
9.620001
9.380000
9.360000
9.520000
9.459999
9.660000
9.380000
9.520001
9.360000
9.380000
9.600000
9.520000
9.360000
9.440000
9.440000
9.420000
9.360000
9.460000
9.520000
9.460000
9.440000
9.460000
9.360000
20.900000
10.060000
9.380001
9.440000
9.380000
9.360000
9.380000
9.360000
9.459999
