158.485999
158.577000
158.514000
161.659000
158.997000
158.958999
158.652999
159.377000
175.473999
157.821001
157.997000
159.543999
158.279000
158.112000
159.072000
156.814001
159.056000
158.133000
158.121000
158.220000
158.396000
158.244000
158.935999
159.585000
159.595000
159.341000
158.654000
158.975000
159.109999
158.623001
158.920000
159.219000
158.718000
158.063999
164.841000
158.151000
158.585001
158.218000
158.952000
158.791000
158.670001
158.930000
158.330000
158.751000
158.572000
158.538000
159.504000
158.197001
159.555000
159.008999
158.841000
158.342000
159.000999
157.888001
158.261999
158.807999
159.287000
158.607000
158.520000
158.594999
159.035000
159.020999
158.299000
159.072001
158.836000
158.473000
158.820000
157.900999
158.538000
158.365000
158.099000
158.674001
159.088000
158.369000
158.798999
158.711000
158.736000
158.571000
159.526000
158.857000
158.811000
158.900000
159.106000
158.567000
158.883000
159.241000
157.493999
158.233000
159.241999
158.729999
158.670000
158.070999
158.199999
159.178000
158.717999
157.992000
158.665000
159.638000
159.285000
159.413000
158.913000
158.961000
159.206000
158.094000
159.198000
158.577000
158.732000
158.673000
158.752000
158.954999
158.001000
158.470999
158.453000
158.655000
158.548000
158.640000
158.410000
158.384000
158.626000
158.495001
158.726000
158.632000
158.830000
158.374000
158.221000
158.654001
158.832001
158.844000
159.004000
158.226000
158.710000
158.387000
159.112000
159.194999
158.426000
158.763000
158.449001
157.988000
158.457000
158.067000
158.139001
157.709000
158.404999
159.438000
158.907000
158.349000
158.335000
158.862000
159.329000
159.384000
159.452000
159.217000
159.111000
158.609000
158.555999
158.551000
158.160000
158.244001
158.897000
159.151000
159.009000
158.371000
158.420000
158.414000
159.018001
157.750000
159.072001
158.770001
159.407000
158.906000
159.083000
159.163000
159.750000
158.575000
158.763000
159.081000
157.996000
158.237000
158.818999
158.807999
158.685000
159.344000
158.878000
158.566000
158.995001
158.922000
158.855001
159.123000
158.513000
158.075000
158.642001
158.393000
159.159999
159.340001
159.132000
158.633000
158.955000
158.082000
158.376000
158.927999
159.571000
158.599000
158.842999
158.222000
159.608000
159.245000
159.070000
157.941001
158.425000
159.179999
158.962000
158.406001
158.438000
158.454000
159.155000
159.217999
158.249999
158.733000
158.605999
158.489999
158.729000
158.363000
159.179999
158.665000
158.785000
158.572000
158.683999
159.039000
159.219000
159.395000
158.428000
158.215000
158.538000
159.233000
158.013999
158.359000
158.307000
158.998000
158.546000
158.339000
159.264000
159.108000
158.432000
158.549000
158.607000
157.784000
158.971000
158.160000
159.229000
159.320000
158.441000
159.753000
159.035000
158.713000
158.597001
158.829000
157.954999
157.892000
159.002000
159.055000
158.445000
158.673001
159.461000
157.491000
158.633000
158.394000
158.797000
159.580001
158.887000
158.635000
159.752000
158.583000
158.660000
158.221000
159.057000
158.865000
159.014001
158.574000
158.326000
158.892000
158.946999
159.778000
158.550000
159.394000
158.808000
158.701000
158.727000
158.231000
158.928000
162.825000
158.480000
159.109000
159.139999
158.294000
159.856000
158.558000
158.450000
159.015000
159.288000
158.606000
158.503000
158.266000
159.028000
158.531000
158.809001
158.640000
159.220000
158.631001
158.831000
158.323000
158.756000
158.351000
158.383000
157.627000
158.256000
158.815000
158.852001
158.976001
158.326999
158.177000
159.102000
158.245000
159.115000
159.356999
159.402000
158.275000
158.273000
158.440000
159.534000
158.588000
159.126000
158.406001
159.438000
158.918000
158.842000
159.033000
159.924001
159.039999
158.385000
159.062000
158.426000
159.230000
159.928001
157.857000
158.318000
158.797001
158.665000
159.119000
159.430000
159.131000
158.096001
158.651999
158.633000
159.558000
159.102000
158.712000
158.420000
158.453000
159.574999
158.933000
158.868000
159.283000
159.283000
158.431999
158.854000
158.992000
158.917001
159.436001
158.367000
158.037000
159.126000
159.894000
159.290001
158.353000
158.718000
159.445000
159.145000
159.014001
158.864000
158.776999
158.907000
159.000000
158.706000
158.572000
158.808000
158.370000
158.323999
158.567000
158.404000
159.022000
159.155000
159.035000
158.885000
158.891000
158.710000
158.505000
157.818000
158.521000
158.183000
157.967000
159.300000
158.779999
157.155000
157.615000
158.152999
158.764999
158.772999
158.620000
158.809000
158.806000
158.888000
158.218000
158.699000
158.967000
158.876000
158.597000
158.879001
157.799000
158.810000
158.964000
159.192001
159.051000
158.148999
157.954000
158.227000
158.391000
159.472000
159.650000
159.502001
158.655000
158.795000
159.113000
158.301000
158.620000
158.777000
159.237999
158.954999
158.605000
158.458999
159.130001
158.235000
158.765000
159.673000
159.122000
158.504000
158.526001
159.112999
158.930000
158.149000
158.179999
158.250000
158.938000
158.509000
158.280999
158.547000
158.893000
158.585000
158.706000
159.539000
158.545000
157.919000
158.589000
158.660000
158.686999
159.380000
159.088001
158.605000
158.086000
157.966999
157.884000
158.600000
158.202000
158.591000
158.696000
158.402000
158.489000
158.004000
158.835000
159.996000
158.656000
158.138000
158.325001
160.116000
158.835000
158.567000
158.501999
158.733000
158.042000
158.913000
158.179000
158.350000
157.910000
158.801000
158.636000
158.980001
158.781000
158.091000
164.559000
158.226000
158.978000
158.540000
158.280000
157.675000
158.211000
158.926001
157.292000
158.555999
158.322000
157.978000
159.100001
158.110000
158.196000
159.016000
158.869000
158.504001
158.358000
159.519000
159.084000
159.148999
158.125000
158.586000
158.549000
157.881000
169.541000
158.543000
158.996000
158.788000
158.058000
158.208000
158.048000
158.379000
158.360001
159.559000
158.695000
158.745000
159.351000
158.737999
158.888999
158.352000
158.725000
158.200000
157.732000
158.770000
158.869000
158.998000
159.174000
158.054001
157.517999
157.957000
164.602000
158.268000
159.130001
158.226999
158.257000
158.696000
158.086999
158.168000
159.457000
158.937000
158.584000
158.404000
158.600000
159.155000
157.872000
158.751001
158.988000
158.328000
158.962999
158.875000
158.086000
158.998000
158.471000
159.241999
158.221000
158.348000
157.989000
159.158000
158.930000
158.838000
158.921000
158.435999
158.811000
159.264999
157.862000
158.857000
159.096000
158.650001
158.844000
158.716000
159.045000
158.249999
157.527001
158.147000
158.335000
158.359000
158.580000
159.604000
158.365000
159.627999
158.380000
159.013000
158.413000
158.166000
158.303000
158.419000
158.063000
157.672000
159.074999
158.938000
158.504000
159.035000
158.457000
158.770000
159.161000
159.620999
158.426000
158.158000
158.297000
159.835000
158.999000
158.104000
158.375000
159.281000
158.569000
158.949000
158.617000
158.108000
158.554000
158.473001
158.074999
158.163000
158.751001
159.587000
158.775000
158.607000
158.535000
159.589000
157.981000
158.392000
159.268000
157.776999
158.658001
158.127000
158.130000
158.671000
158.358000
158.987000
157.980001
160.635000
157.710999
159.086000
158.505000
158.971000
159.023000
158.473000
158.512999
158.470000
158.393000
158.264000
158.815000
158.524999
157.891000
158.633000
158.492000
159.828000
157.834001
159.004999
157.900999
158.731000
159.047999
159.275000
157.910001
158.358000
158.705000
159.438000
158.758000
158.891000
158.601000
158.498000
158.916000
158.507001
158.987000
158.583000
158.658001
158.794000
159.167000
159.450000
158.321000
157.556000
157.798000
159.104001
158.074000
157.408999
157.898000
158.445000
158.235000
158.408000
157.637999
159.024999
158.505000
165.852999
158.377000
158.918000
158.116000
158.678000
158.524000
159.545001
158.547999
158.389000
159.343001
158.131000
157.896999
158.540000
158.656999
158.766000
158.417000
161.700000
163.048000
157.340000
158.019000
159.324000
158.492000
159.351000
158.774001
158.810999
158.054000
158.824001
158.260000
157.668999
158.551000
158.510000
165.723000
158.828000
157.335000
157.537000
158.763000
158.782000
158.541000
158.396000
158.325000
158.748000
158.443999
158.561000
159.275000
159.046000
158.364000
159.024000
158.090000
158.538000
159.153000
158.771000
160.106000
158.450000
158.322000
159.371000
158.315000
158.795000
160.790000
160.988000
159.240000
159.205000
158.864999
159.817000
158.856000
159.062000
158.620000
158.702000
158.584000
158.574000
158.306000
158.642000
159.574999
158.643000
158.404000
158.934000
157.939000
158.462000
159.086000
158.795000
158.107000
158.296000
158.396000
158.222000
158.737000
160.232000
158.570000
158.691000
158.125000
165.599001
158.490000
158.669000
158.898000
159.460000
157.987000
158.268000
158.361999
159.130000
158.973000
160.015000
158.822000
162.442000
159.925000
159.124000
159.057000
158.653000
158.616999
158.454000
159.434000
160.628000
159.000000
159.871000
158.895000
157.972000
157.827000
158.934000
159.781000
159.215000
158.476000
159.829000
159.616000
163.608000
157.841000
159.003001
158.373000
159.325000
158.474000
158.636000
158.772000
158.369999
157.995000
159.707000
159.228000
159.223001
158.628000
158.570000
158.549000
158.750000
158.459000
158.988000
158.949000
158.457000
158.165000
158.405000
158.528999
159.086999
158.796000
158.636000
159.162000
158.626000
158.951000
158.015000
158.810000
158.972000
158.155000
159.020000
158.740001
158.651000
158.693001
158.565000
158.069000
158.025000
158.688000
158.061001
157.961001
157.627000
158.650000
157.951000
158.739000
158.519000
157.989000
158.593000
158.272999
158.066000
158.906000
158.786000
158.807000
158.815000
158.741000
158.570999
159.380000
159.204001
157.996000
158.857000
159.386000
158.709000
158.679000
159.027999
158.849000
158.749000
158.411000
158.728000
158.503000
159.224001
159.862000
159.854000
158.782001
159.457999
159.441000
158.600001
159.612000
158.518000
158.182000
157.820000
158.990000
159.059000
158.595000
159.309000
159.365000
157.906001
159.066000
158.720001
158.699000
158.268000
158.580000
159.132000
158.803000
159.080000
158.019000
172.029000
158.074999
158.899000
158.366000
159.479001
159.709000
159.519000
158.421000
158.318000
158.904999
158.809001
159.640000
158.200000
159.281000
158.133000
159.101000
158.675999
158.030000
159.348000
159.461000
158.764000
158.607000
159.287000
158.643000
159.066999
159.052000
165.424000
158.607000
157.561000
158.276000
158.071000
158.523000
158.771000
158.013000
158.079000
158.211000
158.654000
158.222999
158.566000
158.286000
158.648000
158.393000
158.601999
158.774000
159.422000
159.020999
158.089001
158.524999
158.992999
158.086000
158.696000
158.708000
158.323000
158.293000
157.919999
158.150000
159.268000
158.148000
159.064000
158.329000
158.304000
157.665000
158.990000
159.410999
158.510000
158.541000
158.763000
158.222999
158.972000
158.435000
158.194000
158.798001
159.093999
159.085000
158.267001
159.312000
158.839000
158.098999
158.656000
158.612001
159.295999
158.199999
