3.756002
3.726000
3.732000
3.735000
3.744999
3.718000
3.754001
3.744001
3.737001
3.741000
3.730001
3.751000
3.760001
3.716001
3.732001
3.761999
3.754001
3.713001
3.753001
3.728999
3.723001
3.734000
3.761001
3.741000
3.714999
3.747001
3.733000
3.735000
3.753001
3.717000
3.720000
3.733000
3.745999
3.751000
3.743999
3.734998
3.735000
3.764998
3.742000
3.763000
3.727000
3.726000
3.723999
3.778001
3.743999
3.771000
3.785001
3.727999
3.735000
3.741000
3.736001
3.722999
3.745001
3.714999
3.779000
3.751000
3.751999
3.718000
3.750999
3.743999
3.750000
3.733000
3.720000
3.737001
3.725002
3.759999
3.738001
3.738999
3.737001
3.729001
3.730999
3.744999
3.723999
3.736001
3.721001
3.715001
9.511000
3.751999
3.732000
3.737001
3.718000
3.754001
3.715001
3.732000
3.747001
3.729999
3.736001
3.738001
3.752999
3.761999
3.752001
3.743000
3.744999
3.736001
3.736001
3.744001
3.729001
3.722999
3.746001
3.735000
3.741000
3.718000
3.760001
3.743000
3.769001
3.727000
3.732000
3.724001
3.741000
3.752999
3.735999
3.730001
3.758000
3.727000
3.753001
3.732001
3.736001
3.728999
3.720000
3.719000
3.736999
3.745001
3.736001
3.750000
3.721001
3.724001
3.742000
3.735999
3.753001
3.740000
3.788998
3.743000
3.755001
3.728000
3.754999
3.746001
3.740001
3.733000
3.741000
3.758000
3.738999
3.724001
3.760001
3.763001
3.744001
3.714001
3.734000
3.741000
3.719999
3.732000
3.751000
3.725000
3.717000
3.751000
3.758000
3.724001
3.742000
3.730001
3.731001
3.734000
3.735000
3.740000
3.732000
3.720999
3.725000
3.727999
3.728000
3.730001
3.760001
3.758999
3.745999
3.713001
3.725000
3.736001
3.764000
3.748000
3.726000
3.727000
3.742000
3.732001
3.726998
3.751000
3.744999
3.743999
3.723999
3.737001
3.734000
3.729001
3.712000
3.768001
3.727000
3.731001
3.726000
3.742000
3.738999
3.759999
3.749000
3.730999
3.757000
3.748000
3.717000
3.742000
3.743000
3.757000
3.698999
3.748000
3.752001
3.748000
3.728000
3.737999
3.722001
3.723999
3.740001
3.729001
3.742000
3.728000
3.727000
3.738999
3.721001
3.736999
3.719000
3.759000
3.700001
3.734000
3.729001
3.738001
3.734998
3.727000
3.743000
3.761001
3.721001
3.746999
3.729999
3.730001
3.748000
3.698999
3.738999
3.759000
3.706999
3.750000
3.715001
3.719000
3.742000
3.758000
3.742000
3.724001
3.764000
3.744999
3.730999
3.738001
3.738999
3.699999
3.743000
3.734000
3.751000
3.742000
3.745999
3.763000
3.747001
3.721001
3.742000
3.717000
3.727000
3.757000
3.707999
3.735999
3.751000
3.734998
3.735000
3.742000
3.722999
3.734000
3.741000
3.715999
3.737999
3.764000
3.773000
3.738999
3.758000
3.736001
3.729999
3.759000
3.733000
3.733000
3.730999
3.734000
3.710000
3.744001
3.722001
3.748000
3.741000
3.741000
3.754999
3.720999
3.735999
3.736999
3.734000
3.728000
3.727000
3.756000
3.750000
3.740000
3.744999
3.727000
3.742000
3.725000
3.734000
3.729001
3.745999
3.744999
3.735999
3.729999
3.741000
3.750000
3.745999
3.723001
3.726000
3.722001
3.707999
3.726000
3.756000
3.723999
3.716001
3.729999
3.758000
3.727000
3.764002
3.721001
3.744999
3.723999
3.727999
3.750000
3.745001
3.722001
3.720000
3.730001
3.749000
3.720000
3.726000
3.736001
3.738999
3.746001
3.768001
3.745999
3.711000
3.751000
3.719000
3.728000
3.744001
3.715001
3.744001
3.765000
3.745001
3.728999
3.748000
3.714999
3.721999
3.743000
3.715001
3.735000
3.723999
3.710000
3.725000
3.730999
3.745001
3.745999
3.773000
3.742998
3.750000
3.752999
3.715999
3.737999
3.743000
3.742000
3.744001
3.733000
3.768999
3.764000
3.717000
3.745001
3.733000
3.735000
3.716001
3.728999
3.738001
3.723999
3.756000
3.729001
3.718000
3.730999
3.711000
3.733000
3.746999
3.705001
3.732001
3.729999
3.736001
3.753001
3.736001
3.730999
3.740000
3.746001
3.763000
3.726000
3.739001
3.750000
3.721001
3.748000
3.743999
3.760999
3.708001
3.717000
3.722999
3.714001
3.752001
3.736001
3.752001
3.733000
3.710002
3.737001
3.743000
3.725000
3.738001
3.756000
3.732001
3.727000
3.747001
3.735000
3.713999
3.775001
3.737001
3.734000
3.712999
3.745001
3.733002
3.732000
3.744999
3.738001
3.727000
3.713001
3.727000
3.738999
3.722999
3.746999
3.734000
3.751999
3.763000
3.721001
3.753001
3.748000
3.729999
3.754999
3.751999
3.739001
3.745999
3.754999
3.736001
3.735999
3.752999
3.746999
3.748000
3.743000
3.745999
3.721001
3.724001
3.720000
3.760001
3.735000
3.766000
3.736999
3.729001
3.755001
3.727000
3.742000
3.753999
3.749000
3.732001
3.728000
3.736001
3.737999
3.713001
3.741000
3.746001
3.720000
3.714999
3.758000
3.734000
3.717000
3.763000
3.737001
3.726998
3.698001
3.732001
3.741002
3.738001
3.764000
3.745999
3.742000
3.729001
3.742000
3.695000
3.732000
3.726000
3.745001
3.730001
3.752001
3.725000
3.763000
3.734000
3.733000
3.717000
3.741998
3.756000
3.746999
3.733000
3.743000
3.726000
3.744999
3.751999
3.738999
3.734998
3.735000
3.750000
3.734000
3.763000
3.758000
3.746001
3.740000
3.728000
3.751000
3.721001
3.759999
3.714001
3.723001
3.742000
3.735000
3.720999
3.753001
3.750000
3.735000
3.748000
3.732000
3.732001
3.714001
3.751999
3.749000
3.729999
3.749000
3.743000
3.717000
3.723999
3.729001
3.753001
3.742000
3.742000
3.735000
3.736999
3.744999
3.751000
3.713001
3.727000
3.722001
3.764000
3.742000
3.750999
3.751000
3.721999
3.726000
3.744999
3.732000
3.758000
3.736001
3.752999
3.735999
3.742000
3.776001
3.735000
3.744999
3.735000
3.743000
3.750000
3.748000
3.729001
3.723001
3.743000
3.768001
3.735999
3.726000
3.737999
3.756000
3.746999
3.746999
3.763000
3.721999
3.735999
3.712999
3.715999
3.736001
3.753999
3.738999
3.753999
3.734000
3.737999
3.742000
3.763000
3.747001
3.720999
3.740000
3.745001
3.744001
3.726000
3.756000
3.758000
3.746999
3.758000
3.758000
3.720000
3.728000
3.730999
3.761001
3.751999
3.749000
3.761001
3.731001
3.743000
3.776999
3.744001
3.756000
3.739001
3.748000
3.741000
3.730999
3.732000
3.727000
3.738999
3.737001
3.733000
3.746001
3.728000
3.750000
3.743000
3.738001
3.746999
3.724001
3.735000
3.748002
3.750000
3.744999
3.755001
3.737001
3.741000
3.738999
3.733000
3.751000
3.732000
3.732000
3.728999
3.732000
3.748000
3.745999
3.704000
3.746999
3.734000
3.750000
3.746999
3.726998
3.759999
3.737001
3.749998
3.724001
3.718000
3.750000
3.725000
3.750000
3.730999
3.722001
3.736999
3.734000
3.712999
3.748000
3.731001
3.728999
3.723999
3.732000
3.758000
3.737001
3.736001
3.722999
3.715001
3.742000
3.721999
3.737001
3.722001
3.723999
3.739001
3.753001
3.744001
3.729999
3.725002
3.762001
3.735000
3.754001
3.737999
3.715999
3.749000
3.738999
3.740000
3.735999
3.756000
3.761001
3.726000
3.749000
3.735000
3.783999
3.721001
3.729001
3.742998
3.721001
3.720999
3.747001
3.743999
3.738999
3.724001
3.729001
3.720999
3.746001
3.734000
3.711000
3.752001
3.720999
3.749998
3.729999
3.769999
3.751000
3.743000
3.769001
3.752999
3.734000
3.705999
3.749000
3.726000
3.757000
3.707999
3.728000
3.752999
3.708001
3.726000
3.703998
3.746001
3.758000
3.729001
3.751999
3.719999
3.735000
3.764000
3.746999
3.748000
3.759000
3.730001
3.740000
3.738001
3.730999
3.734000
3.749000
3.738999
3.758000
3.716001
3.735000
3.756000
3.734000
3.730999
3.728999
3.736999
3.742000
3.733998
3.740000
3.775001
3.755001
3.776999
3.697000
3.750999
3.746999
3.759000
3.730999
3.748000
3.741000
3.739001
3.735000
3.696000
3.741998
3.726000
3.714001
3.734000
3.744001
3.732000
3.746999
3.734000
3.731001
3.740000
3.730999
3.751000
3.729999
3.730999
3.721001
3.731001
3.753001
3.719000
3.741000
3.706001
3.738001
3.733002
3.727999
3.721001
3.741000
3.735000
3.729001
3.744001
3.756000
3.748000
3.755001
3.761999
3.750999
3.779000
3.728999
3.756000
3.758000
3.721001
3.752001
3.742000
3.739001
3.738999
3.754001
3.722001
3.714999
3.736001
3.734000
3.928998
3.761999
3.782000
3.719000
3.746999
3.734000
3.742000
3.741000
3.733000
3.743999
3.745999
3.754999
3.741000
3.744001
3.728999
3.730001
3.737001
3.727000
3.743000
3.779000
3.729999
3.745001
3.737001
3.718000
3.729001
3.760999
3.743999
3.743000
3.751000
3.740000
3.742000
3.739001
3.746999
3.735000
3.744001
3.734000
3.752999
3.732001
3.743000
3.736999
3.731001
3.744999
3.740000
3.720000
3.732000
3.737001
3.729001
3.745999
3.753001
3.761999
3.748000
3.740000
3.745001
3.753001
3.721001
3.754001
3.743000
3.711000
3.750000
3.734000
3.760999
3.725000
3.730001
3.728999
3.734998
3.735000
3.745999
3.730001
3.737999
3.729001
3.732000
3.735000
3.756000
3.744001
3.742998
3.727000
3.715999
3.729001
3.728999
3.762001
3.740000
3.733000
3.710000
3.741000
3.737999
3.727000
3.735000
3.756000
3.741000
3.722999
3.721999
3.721999
3.738999
3.746999
3.764000
3.748000
3.733000
3.730999
3.760001
3.761001
3.733000
3.751000
3.746999
3.771000
3.704000
3.758000
3.754999
3.740001
3.736001
3.742998
3.751000
3.743000
3.740000
3.762001
3.750000
3.768001
3.717000
3.742000
3.733000
3.728999
3.750999
3.743000
3.726000
3.726000
3.736001
3.720999
3.722001
3.712999
3.745999
3.721001
3.723999
3.726000
3.720000
3.737001
3.723999
3.738001
3.730999
3.736001
3.726000
3.734000
3.718002
3.729001
3.750999
3.735000
3.735000
3.723999
3.742000
3.744001
3.746999
3.738999
3.719000
3.725002
3.729001
3.742000
3.720000
3.739001
3.754999
3.729001
3.733002
3.730999
3.711998
3.723999
3.735000
3.752001
