0.161001
0.151999
0.154000
0.141000
0.141999
0.142001
0.144001
0.143001
0.140000
0.141000
0.142001
0.141000
0.142001
0.141000
0.141000
0.142999
0.140000
0.141000
0.142001
0.141000
0.141999
0.141000
0.141000
0.141999
0.140000
0.141000
0.141999
0.141000
0.141999
0.140000
0.141000
0.141999
0.142001
0.141000
0.140999
0.141000
0.142001
0.141000
0.141000
0.141000
0.141999
0.140999
0.143001
0.142001
0.140000
0.140000
0.140999
0.141000
0.141999
0.141999
0.142001
0.141000
0.141999
0.141000
0.141000
0.143001
0.140000
0.141000
0.142001
0.142001
0.140000
0.142001
0.141999
0.142001
0.142001
0.141000
0.141000
0.142001
0.142001
0.140000
0.141000
0.141000
0.140000
0.140999
0.140000
0.143001
0.140000
0.140999
0.141000
0.142001
0.141000
0.141999
0.143001
0.143001
0.142001
0.141000
0.140000
0.141000
0.142001
0.142001
0.140999
0.141000
0.142001
0.141999
0.142001
0.143001
0.140999
0.141000
0.142999
0.143001
0.141999
0.141000
0.143001
0.142999
0.140999
0.141000
0.142001
0.141000
0.140000
0.141000
0.140000
0.141000
0.142001
0.140999
0.142001
0.142999
0.142001
0.142001
0.142001
0.141000
0.141000
0.141000
0.140999
0.140999
0.141000
0.141000
0.141999
0.142001
0.142001
0.140999
0.142001
0.141000
0.141999
0.142001
0.141000
0.141000
0.141000
0.141999
0.142001
0.141000
0.141000
0.141000
0.142001
0.141000
0.142001
0.146000
0.141000
0.141000
0.141000
0.141000
0.141000
0.142001
0.141999
0.144999
0.142001
0.143001
0.141000
0.141000
0.142001
0.143001
0.141000
0.142999
0.142001
0.141999
0.140999
0.140999
0.141000
0.142001
0.141999
0.142001
0.141000
0.142999
0.141000
0.141000
0.142001
0.141999
0.141999
0.141999
0.140999
0.147000
0.141000
0.141000
0.143001
0.142001
0.142001
0.141000
0.140000
0.140999
0.141000
0.141000
0.140000
0.143001
0.141000
0.153001
0.140000
0.139000
0.142001
0.141999
0.142001
0.142001
0.142001
0.142001
0.142001
0.142001
0.140000
0.142001
0.140000
0.142999
0.142001
0.141999
0.141000
0.142001
0.142999
0.143001
0.141999
0.143001
0.140000
0.142001
0.142001
0.139000
0.142001
0.143001
0.141000
0.142001
0.142999
0.140000
0.143001
0.142001
0.145001
0.142001
0.141000
0.141999
0.143001
0.142001
0.142001
0.145001
0.141999
0.141999
0.141999
0.142999
0.142999
0.142999
0.142999
0.142001
0.142001
0.146000
0.142001
0.141999
0.140000
0.149999
0.149999
0.143999
0.141000
0.146000
0.140000
0.141999
0.142001
0.142001
0.142001
0.140000
0.142001
0.141999
0.145001
0.142001
0.144999
0.142001
0.142001
0.141999
0.142001
0.140000
0.142001
0.142001
0.142001
0.142001
0.146000
0.139998
0.141000
0.140000
0.143999
0.142001
0.140000
0.140000
0.140000
0.141999
0.140000
0.143001
0.140000
0.146000
0.142001
0.139000
0.140000
0.142001
0.141999
0.140000
0.140000
0.142001
0.144999
0.141999
0.144999
0.142001
0.140000
0.141999
0.142001
0.142001
0.140000
0.142999
0.140000
0.140000
0.139998
0.141999
0.140999
0.139000
0.140000
0.141000
0.142001
0.140000
0.147000
0.140000
0.142001
0.141999
0.141999
0.142999
0.139998
0.142001
0.140000
0.141999
0.141000
0.142001
0.139000
0.142001
0.140000
0.141999
0.139000
0.142001
0.142001
0.140000
0.140000
0.142001
0.141000
0.142001
0.142001
0.142001
0.140000
0.142999
0.143001
0.142001
0.143001
0.143001
0.142001
0.142001
0.140000
0.142001
0.141999
0.142001
0.141999
0.140000
0.140000
0.140000
0.142001
0.141999
0.140000
0.143001
0.140000
0.140000
0.142999
0.142999
0.140000
0.142001
0.139000
0.142999
0.142001
0.142001
0.140000
0.143001
0.140000
0.141999
0.143001
0.143001
0.142001
0.142999
0.141000
0.141999
0.141999
0.143001
0.143001
0.142001
0.142001
0.139000
0.139000
0.142999
0.139998
0.141999
0.139000
0.143001
0.145001
0.143001
0.143001
0.139000
0.142001
0.143001
0.142001
0.142001
0.140000
0.142001
0.140000
0.142001
0.142001
0.144001
0.142999
0.142001
0.141999
0.143001
0.142001
0.143001
0.142001
0.142001
0.141999
0.142999
0.141000
0.143001
0.142001
0.143001
0.142999
0.142001
0.140000
0.143001
0.140000
0.141999
0.141000
0.142001
0.140000
0.142001
0.142999
0.142001
0.140000
0.141999
0.142001
0.141999
0.141999
0.139000
0.143001
0.142001
0.142001
0.142999
0.142001
0.142001
0.140000
0.143001
0.142001
0.139000
0.142001
0.142999
0.142001
0.142001
0.140000
0.142001
0.139000
0.142001
0.142001
0.142001
0.140000
0.142001
0.142001
0.142001
0.141999
0.141000
0.141000
0.142001
0.139000
0.143001
0.140000
0.143001
0.140000
0.141999
0.140999
0.141999
0.140000
0.143999
0.140000
0.143999
0.139000
0.141999
0.141000
0.142999
0.142001
0.141999
0.142001
0.142001
0.140000
0.143001
0.140000
0.142001
0.141999
0.142001
0.142001
0.142001
0.142001
0.141999
0.142001
0.142001
0.141999
0.142999
0.140000
0.143999
0.141999
0.142999
0.141000
0.139000
0.143001
0.142001
0.140999
0.143001
0.141999
0.142001
0.141000
0.142001
0.142001
0.142001
0.140999
0.142001
0.141999
0.143001
0.141000
0.142999
0.141999
0.143001
0.142001
0.142999
0.142001
0.142001
0.140000
0.140000
0.141999
0.142999
0.140000
0.143001
0.141999
0.142001
0.139998
0.141999
0.141999
0.142999
0.141000
0.141999
0.143001
0.143001
0.143001
0.140000
0.142001
0.142001
0.140000
0.140000
0.142001
0.143001
0.142001
0.141999
0.142001
0.143001
0.141999
0.143001
0.140000
0.142999
0.141000
0.140000
0.141999
0.143001
0.140000
0.143001
0.140000
0.142001
0.142001
0.142001
0.142001
0.141000
0.140000
0.139000
0.142001
0.142001
0.142001
0.142001
0.142001
0.143001
0.141000
0.142999
0.142001
0.142001
0.140000
0.142001
0.140999
0.143001
0.141999
0.141999
0.141999
0.142001
0.140000
0.143001
0.141000
0.142001
0.140000
0.142001
0.141999
0.143001
0.142001
0.142999
0.140000
0.142999
0.141000
0.142999
0.142001
0.143001
0.140000
0.140000
0.140000
0.144999
0.140000
0.142999
0.141999
0.142001
0.140000
0.142001
0.142999
0.142001
0.142001
0.142999
0.139000
0.142001
0.141000
0.142001
0.142001
0.141999
0.141000
0.141999
0.141999
0.143001
0.141000
0.143001
0.139000
0.142999
0.141000
0.142001
0.141999
0.143001
0.141999
0.142001
0.139000
0.143001
0.142001
0.141999
0.140000
0.141999
0.140000
0.141999
0.140000
0.142001
0.142001
0.142999
0.141999
0.142999
0.141999
0.142001
0.140000
0.142999
0.139998
0.140000
0.140000
0.140000
0.141999
0.140000
0.142001
0.140000
0.140000
0.140000
0.141999
0.140000
0.141000
0.142001
0.140000
0.141000
0.142999
0.141999
0.140000
0.144001
0.143001
0.140000
0.142001
0.142001
0.142001
0.139998
0.140000
0.141000
0.140000
0.142001
0.141999
0.141999
0.142001
0.141999
0.140000
0.140000
0.140000
0.139998
0.142001
0.140000
0.140000
0.140000
0.140000
0.141999
0.141999
0.142001
0.141999
0.142001
0.139998
0.142001
0.142001
0.141999
0.142001
0.143001
0.140000
0.143001
0.142001
0.140000
0.142001
0.142001
0.140000
0.142999
0.141000
0.143001
0.142001
0.143001
0.140000
0.143001
0.141999
0.142999
0.140000
0.141999
0.141000
0.143001
0.142999
0.142001
0.140000
0.141999
0.140000
0.142001
0.140000
0.142001
0.142001
0.143001
0.141999
0.144999
0.141000
0.141000
0.141000
0.142999
0.140000
0.140000
0.140000
0.142001
0.139998
0.142001
0.140000
0.142001
0.142001
0.141000
0.141999
0.140000
0.140000
0.140999
0.140000
0.143001
0.140000
0.142001
0.141000
0.141999
0.141999
0.142999
0.142001
0.143001
0.141999
0.142001
0.140000
0.143001
0.139000
0.140000
0.142001
0.143001
0.140000
0.141999
0.140000
0.142999
0.141000
0.143001
0.140000
0.140000
0.140000
0.142001
0.142999
0.142001
0.140000
0.141999
0.139000
0.139998
0.140000
0.142001
0.142001
0.140000
0.140000
0.142999
0.142001
0.140000
0.140000
0.142001
0.141000
0.140000
0.142001
0.140000
0.140000
0.141999
0.142001
0.141999
0.144999
0.140999
0.142001
0.142001
0.142001
0.143001
0.143001
0.143001
0.141000
0.141999
0.142001
0.140000
0.141999
0.141999
0.142001
0.139000
0.141999
0.141999
0.141000
0.142001
0.142999
0.139000
0.140000
0.141999
0.141000
0.143001
0.140000
0.143001
0.140000
0.143001
0.141999
0.143001
0.140999
0.142999
0.142001
0.143001
0.139998
0.143001
0.140999
0.142001
0.142001
0.142999
0.141000
0.141999
0.143001
0.142001
0.142001
0.143001
0.140000
0.142999
0.141999
0.142001
0.142999
0.142001
0.140000
0.141999
0.142001
0.142001
0.140000
0.142001
0.140000
0.142001
0.140000
0.143001
0.141000
0.141999
0.142001
0.142001
0.142001
0.143001
0.140000
0.143001
0.141999
0.142999
0.143001
0.142001
0.141999
0.142001
0.142001
0.142001
0.142001
0.142999
0.141999
0.142001
0.141000
0.141999
0.139000
0.142001
0.142001
0.143001
0.142001
0.141999
0.140000
0.142001
0.142001
0.142999
0.141000
0.140000
0.142001
0.143001
0.141000
0.142999
0.139000
0.143001
0.141000
0.143001
0.140000
0.143001
0.140000
0.142001
0.141999
0.142999
0.140000
0.142001
0.139000
0.142001
0.141999
0.142001
0.140000
0.142001
0.141999
0.142999
0.142001
0.142001
0.141000
0.141999
0.143001
0.142999
0.140000
0.142999
0.141999
0.142001
0.141999
0.142001
0.140000
0.143999
0.142999
0.142001
0.139000
0.142001
0.142001
0.140000
0.141999
0.142001
0.141999
0.139998
0.140000
0.142999
0.141000
0.142001
0.142001
0.142001
0.143999
0.141999
0.141000
0.140000
0.142001
0.140000
0.142001
0.142001
0.142001
0.142001
0.140000
0.142001
0.140000
0.142001
0.139998
0.142999
0.142001
0.142001
0.141999
0.142001
0.140000
0.142001
0.142999
0.143001
0.141999
0.142001
0.140000
0.140000
0.142001
0.141999
