32.960000
18.040000
67.860000
15.200000
12.300001
12.519998
12.460001
12.300000
12.560001
12.580000
12.399999
12.559999
12.399999
12.280000
12.440000
12.440000
12.640001
12.540000
13.460001
15.020000
14.719998
12.300000
12.399999
12.320001
12.300000
12.320001
12.420001
12.300000
12.440000
12.559999
12.280000
12.300000
13.019999
12.780000
12.639999
12.420001
12.300000
13.700001
12.280000
12.280000
12.280000
12.300001
12.420001
12.280000
12.280000
12.540000
12.280000
14.400000
12.420001
12.300000
12.279999
12.300000
12.540000
12.319999
12.419999
12.320001
12.280000
12.419999
12.520000
12.400001
12.280000
12.419999
12.259999
12.559999
12.540000
12.320001
12.399999
12.320001
12.420001
12.300000
12.300000
12.280000
12.280000
12.440000
12.399999
12.460001
12.300000
12.300000
13.219999
12.520000
12.300001
12.320001
12.300000
12.540000
12.300001
12.319999
12.280000
12.320001
12.420001
12.300000
12.280000
12.300000
12.640001
12.760000
12.440000
12.420001
12.300000
12.300000
12.320001
12.300001
12.280000
12.300001
12.300000
12.319999
12.300000
12.340000
12.300000
12.300000
12.240000
12.300001
12.320001
12.319999
12.320001
12.320001
12.300000
12.580000
12.279999
12.300000
12.399999
12.440002
12.300000
12.300000
12.399999
12.440000
12.740001
12.300000
12.280000
12.340000
12.320001
12.320001
12.300000
12.300000
12.300000
12.319999
12.420001
12.319999
12.280000
12.440000
12.320001
12.259999
12.300000
12.320001
12.419999
12.420001
12.300000
12.280000
12.300000
12.320001
12.279999
12.320001
12.280000
12.320001
12.300001
12.320001
12.440002
12.320001
12.300000
12.300000
12.280000
12.280000
12.280000
12.319999
12.300000
12.320001
12.300001
12.300000
12.300000
12.300001
12.300000
12.320001
12.260001
12.320001
12.279999
12.300000
12.280000
12.300001
12.300000
12.319999
12.320001
12.319999
12.300001
12.319999
12.580000
12.300001
12.300000
12.319999
12.399999
12.280000
12.300000
12.320001
12.300001
12.300001
12.300000
12.300000
12.319999
12.300001
12.300000
12.300000
12.300000
12.320001
12.480000
12.440002
12.319999
12.320001
12.300000
12.300000
12.300000
12.320001
12.300000
12.300000
12.300001
12.300000
12.300000
12.300001
12.300001
12.300000
12.300000
12.300000
12.280000
12.300000
12.319999
12.300000
12.300000
12.300000
12.279999
12.300000
12.319999
12.300001
12.300000
12.300001
12.300000
12.300000
12.380000
12.320001
12.300000
12.300001
12.300000
12.300000
12.300001
12.300000
12.300000
12.300001
12.320001
12.300000
12.280000
12.319999
12.559999
12.259999
12.300000
12.420001
12.459999
12.300000
12.319999
12.320001
12.300000
12.320001
12.300000
12.300000
12.279999
12.300000
12.300000
12.240000
12.300001
12.319999
12.319999
12.300000
12.300000
12.300000
12.280000
12.420001
12.320001
12.319999
12.320001
12.319999
12.300001
12.320001
13.780000
12.419999
12.400001
12.319999
12.300000
12.300000
12.280000
12.300000
12.399999
12.280000
12.300000
12.300000
12.420001
12.300000
12.320001
12.359999
12.300001
12.319999
12.320001
12.320001
12.320001
12.320001
12.300000
12.300000
12.280000
12.300000
12.300000
12.300000
12.320001
12.300000
12.280000
12.420001
12.300000
12.319999
12.300000
12.300000
12.300001
12.340000
12.300001
12.300000
12.300000
12.319999
12.300000
12.300000
12.240000
12.320001
12.300000
12.319999
12.279999
12.319999
12.300000
12.320001
12.300000
12.300000
12.300000
12.319999
12.279999
12.300000
12.320001
12.300000
12.440000
12.320001
12.320001
12.300000
12.280000
12.300001
12.420001
12.319999
12.300000
12.440000
12.280000
12.320001
12.300000
12.300000
12.280000
13.219999
12.300001
12.300000
12.300000
12.300000
12.300000
12.300001
12.300000
12.440000
12.280000
12.320001
12.300000
12.300001
12.420001
12.320001
12.260001
12.300000
12.300000
12.319999
12.280000
12.300000
12.300000
12.340000
12.280000
12.320001
12.300000
12.320001
12.300001
12.300000
12.319999
12.300000
12.279999
12.440000
12.420001
12.280000
12.300000
12.300001
12.300000
12.300000
12.300000
12.320001
12.300000
12.300000
12.300000
12.319999
12.300000
12.279999
12.259999
12.319999
12.300000
12.320001
12.280000
12.419999
12.280000
12.300001
12.300000
12.300000
12.279999
12.300000
12.320001
12.300001
12.280000
12.300000
12.300000
12.300000
12.300001
12.320001
12.300000
12.300000
12.280000
12.420001
12.320001
12.300000
12.280000
12.300000
12.300000
12.240000
12.300000
12.420001
12.280000
12.320001
12.280000
12.319999
12.319999
12.320001
12.320001
12.319999
12.300001
12.320001
12.300000
12.440000
12.300000
12.420001
12.300000
12.320001
12.319999
12.320001
12.300000
12.319999
12.320001
12.319999
12.300000
12.320001
12.300001
12.300000
12.300000
12.319999
12.480000
12.300000
12.300000
12.399999
12.320001
12.300000
12.280000
12.320001
12.300000
12.320001
12.300000
12.320001
12.279999
12.320001
12.300001
12.259999
12.300000
12.320001
12.300000
12.280000
12.280000
12.320001
12.300000
12.320001
12.259999
12.300000
12.300000
12.319999
12.300000
12.300000
12.300001
12.300001
12.300001
12.300000
12.300000
12.340000
12.279999
12.300000
12.279999
12.319999
12.280000
12.300000
12.300001
12.300000
12.280000
12.280000
12.300000
12.320001
12.300000
12.300000
12.279999
12.320001
12.300000
12.340000
12.280000
12.320001
12.319999
12.320001
12.280000
12.300001
12.300001
12.300000
12.300000
12.300000
12.300001
12.319999
12.279999
12.319999
12.280000
12.300001
12.300000
12.340000
12.300000
12.340000
12.300001
17.339999
12.300000
12.300000
12.300000
12.320001
12.300001
12.320001
12.300000
12.279999
12.420001
12.319999
12.300000
12.300000
12.300000
12.319999
12.279999
12.300000
12.300000
12.320001
12.300000
12.300001
12.279999
12.300001
12.300001
12.300001
12.300000
12.320001
12.300000
12.300000
12.300001
12.259999
12.300000
12.320001
12.320001
12.440000
12.680000
12.440000
12.399999
12.560001
12.540000
12.300000
12.419999
12.440000
12.540001
12.599999
12.739999
12.420001
12.300000
12.320001
12.300000
12.319999
12.280000
12.440000
12.680000
12.320001
12.700001
12.320001
12.540000
12.300001
12.259999
12.440000
12.420001
12.320001
12.420001
12.520000
12.300001
12.320001
12.420001
12.440000
12.440002
12.280000
12.300000
12.420001
12.399999
12.300001
12.799999
12.300000
12.420001
12.440000
12.440000
12.300000
12.300001
12.300000
12.440000
12.320001
12.399999
12.300000
12.440000
12.300000
12.420001
12.300000
12.440002
12.320001
12.300001
12.540000
12.300000
12.340000
12.300000
12.319999
12.320001
12.320001
12.300000
12.300000
12.319999
12.319999
12.300000
12.259999
12.300000
12.300000
12.300000
12.420001
12.300001
12.300000
12.279999
12.300000
12.300000
12.319999
12.280000
12.320001
12.280000
12.720000
12.300001
12.319999
12.300000
12.320001
12.280000
12.300001
12.300000
12.300000
12.680000
12.320001
12.300000
12.280000
12.300001
12.319999
12.280000
12.739999
12.540000
12.319999
12.280000
12.300001
12.280000
12.459999
12.320001
12.440000
12.300000
12.300001
12.300000
12.300000
12.300000
12.300001
12.300000
12.280000
12.300001
12.319999
12.300001
12.320001
12.300000
12.319999
12.300000
12.320001
12.300000
12.300000
12.300001
12.420001
12.560001
12.240000
12.419999
12.300000
12.420001
12.419999
12.320001
12.300000
12.300000
12.300000
12.400001
12.320001
12.300000
12.320001
12.279999
12.320001
12.459999
12.320001
12.420001
12.280000
12.300001
12.320001
12.300000
12.300000
12.300000
12.320001
12.280000
12.320001
12.300000
12.300001
12.320001
12.660000
12.300000
12.300000
12.300000
12.319999
12.300000
12.300001
12.300000
12.340000
12.280000
12.300000
12.300000
12.300000
12.300000
12.300000
12.300000
12.300001
12.300000
12.319999
12.320001
12.340000
12.279999
12.300000
12.300000
12.320001
12.280000
12.300000
12.300000
12.320001
12.320001
12.280000
12.300000
12.320001
12.279999
12.319999
12.280000
12.440002
12.300000
12.320001
12.300000
12.320001
12.300000
12.320001
12.340000
12.300000
12.240000
12.319999
12.300000
12.320001
12.279999
12.300000
12.319999
12.340000
12.280000
12.300000
12.399999
12.319999
12.300000
12.319999
12.300000
12.320001
12.320001
12.319999
12.300000
12.300000
12.300001
12.320001
12.300000
12.279999
12.300000
12.320001
12.280000
12.320001
12.300000
12.320001
12.300000
12.380000
12.280000
12.300000
12.320001
12.319999
12.280000
12.300000
12.300000
12.319999
12.280000
12.320001
12.280000
12.320001
12.300000
12.300000
12.300000
12.560001
12.399999
12.420001
12.300001
12.320001
12.320001
12.280000
12.300000
12.320001
12.280000
12.320001
12.320001
12.300001
12.300001
12.300001
12.320001
12.300000
12.300000
12.300000
12.300000
12.320001
12.240000
12.319999
12.419999
12.319999
12.300001
12.319999
12.300000
12.280000
12.300000
12.319999
12.259999
12.319999
12.300000
12.319999
12.320001
12.280000
12.300001
12.319999
12.300000
12.280000
12.300001
12.420001
12.300000
12.320001
12.300001
12.340000
12.300000
12.300001
12.300000
12.300001
12.279999
12.300001
12.300000
12.300001
12.300000
12.319999
12.280000
12.320001
12.300000
12.300000
12.380000
12.300000
12.319999
12.300000
12.280000
12.300000
12.280000
12.320001
12.300000
12.320001
12.300000
12.419999
12.300001
12.300000
12.319999
12.320001
12.300000
12.320001
12.279999
12.300000
12.300000
12.300000
12.300000
12.319999
12.300000
12.300000
12.300000
12.320001
12.280000
12.319999
12.280000
12.300001
12.280000
12.300000
12.300000
12.319999
12.300001
12.300001
12.300001
12.300000
12.300000
12.320001
12.320001
12.320001
12.300000
12.280000
12.300001
12.319999
12.320001
12.320001
12.300000
12.300000
12.300001
12.300000
12.300000
12.319999
12.300000
12.559999
12.300000
12.320001
17.320000
12.300000
12.319999
12.280000
12.300000
12.300000
12.280000
12.300001
12.300000
12.300000
12.300000
12.320001
12.320001
12.300000
12.300001
12.640001
12.440000
12.300000
12.300000
12.319999
12.300000
12.320001
12.280000
12.320001
12.280000
12.300000
12.300000
12.319999
12.300000
12.320001
12.300000
12.260001
12.300000
12.319999
12.300000
12.440000
12.320001
12.320001
12.300000
12.300000
12.280000
12.319999
12.300000
12.320001
12.300000
12.340000
12.420001
12.280000
12.300001
12.300000
12.300000
12.320001
12.300000
12.300000
12.300000
12.300000
31.800000
16.840000
