0.155999
0.154001
0.113000
0.147000
0.135000
0.136000
0.114000
0.136999
0.156000
0.113000
0.112000
0.134001
0.143000
0.132000
0.139000
0.113000
0.112000
0.136000
0.113000
0.137000
0.113000
0.119001
0.120000
0.116999
0.118000
0.135999
0.113000
0.137000
0.138001
0.113000
0.114000
0.136000
0.138000
0.138001
0.113000
0.138000
0.137000
0.136999
0.114000
0.139000
0.113000
0.138000
0.113000
0.114000
0.137000
0.115000
0.122000
0.115000
0.112999
0.138001
0.113000
0.143000
0.136999
0.136000
0.113000
0.137000
0.136999
0.114000
0.136000
0.133000
0.136000
0.136000
0.115001
0.135999
0.142001
0.135999
0.143000
0.139001
0.112999
0.113000
0.143000
0.146000
0.136999
0.118000
0.137000
0.136000
0.112000
0.137000
0.119000
0.142000
0.138000
0.133000
0.136000
0.138000
0.136999
0.134001
0.136000
0.136000
0.113000
0.164000
0.113000
0.142001
0.144000
0.117000
0.138000
0.139001
0.114000
0.137000
0.137000
0.137000
0.119000
0.139001
0.138000
0.137000
0.113999
0.138000
0.113000
0.136000
0.120000
0.136999
0.113000
0.114000
0.112999
0.115001
0.113000
0.181001
0.112000
0.139000
0.137000
0.138000
0.113000
0.118000
0.115001
0.115000
0.139000
0.138000
0.113000
0.137000
0.141000
0.183000
0.112000
0.133000
0.113000
0.137000
0.113999
0.137000
0.112999
0.138000
0.119000
0.137000
0.114000
0.137000
0.141000
0.136000
0.114000
0.138000
0.136999
0.138000
0.137000
0.113000
0.113000
0.136000
0.113000
0.143000
0.137000
0.133000
0.137000
0.138001
0.131000
0.136999
0.138000
0.112000
0.113000
0.114000
0.137000
0.135999
0.137000
0.136999
0.157000
0.136000
0.123000
0.136000
0.115000
0.135999
0.113000
0.138000
0.143000
0.138000
0.113000
0.137000
0.112999
0.138000
0.136000
0.134000
0.113000
0.136999
0.138001
0.138000
0.113000
0.137000
0.142001
0.143000
0.113999
0.138001
0.143000
0.136999
0.136000
0.138001
0.136999
0.134000
0.114000
0.136000
0.136000
0.116000
0.112000
0.131000
0.137000
0.139000
0.113000
0.137000
0.137000
0.113000
0.150000
0.136999
0.114000
0.115000
0.116000
0.113999
0.136999
0.115001
0.136999
0.138001
0.136000
0.142001
0.136999
0.118000
0.136000
0.136999
0.135999
0.138001
0.149000
0.137000
0.136999
0.138001
0.113999
0.116000
0.136000
0.139000
0.135000
0.138001
0.136000
0.136999
0.135999
0.136999
0.136000
0.138001
0.113999
0.136999
0.136000
0.117000
0.136000
0.113999
0.159000
0.138000
0.113000
0.139000
0.118000
0.136000
0.136999
0.137000
0.163000
0.139001
0.112000
0.137000
0.127000
0.136999
0.136999
0.136000
0.137000
0.136000
0.136000
0.135001
0.112000
0.135001
0.113000
0.134000
0.113000
0.134001
0.136999
0.136000
0.113999
0.138001
0.136000
0.118000
0.136000
0.136000
0.138000
0.137000
0.138000
0.117000
0.138001
0.134000
0.155000
0.136000
0.127001
0.139000
0.135001
0.136999
0.113000
0.138001
0.119000
0.136999
0.113000
0.115000
0.112000
0.137000
0.112999
0.134000
0.137000
0.117000
0.121000
0.135999
0.136000
0.135000
0.113000
0.115001
0.113000
0.138000
0.137000
0.115000
0.113999
0.115000
0.136000
0.137000
0.136999
0.113999
0.136999
0.139000
0.112000
0.113000
0.137000
0.139000
0.137000
0.136999
0.137000
0.137000
0.135000
0.139000
0.143000
0.138000
0.123000
0.166000
0.138001
0.138001
0.112000
0.113000
0.121000
0.113999
0.122000
0.117000
0.113000
0.144000
0.142001
0.137000
0.113000
0.135000
0.113000
0.134001
0.126000
0.134000
0.143000
0.142000
0.123000
0.136000
0.157000
0.115000
0.136000
0.139000
0.112000
0.115001
0.112000
0.139000
0.146000
0.135000
0.113000
0.138000
0.136000
0.138000
0.113000
0.138000
0.137000
0.137000
0.114000
0.137000
0.128999
0.138000
0.138000
0.139000
0.136000
0.138000
0.143000
0.136999
0.113000
0.137000
0.113000
0.112999
0.122000
0.136000
0.112000
0.115000
0.124000
0.137000
0.113000
0.136999
0.142001
0.143000
0.136000
0.184000
0.114000
0.135999
0.123000
0.138000
0.156000
0.113000
0.155000
0.138001
0.119000
0.114000
0.165001
0.138001
0.144000
0.140000
0.112999
0.113000
0.127000
0.138000
0.142000
0.138000
0.136000
0.137000
0.154001
0.115001
0.120000
0.136999
0.136999
0.134000
0.142001
0.115000
0.136000
0.134001
0.158000
0.136000
0.137000
0.138000
0.122000
0.143000
0.138000
0.138000
0.113000
0.138000
0.136000
0.137000
0.115000
0.134000
0.113000
0.136999
0.112000
0.136000
0.135000
0.136999
0.142001
0.142000
0.137000
0.137000
0.113000
0.137000
0.126000
0.138000
0.113000
0.113000
0.113000
0.137000
0.112000
0.117000
0.138000
0.137000
0.113000
0.138000
0.113000
0.136999
0.138000
0.137000
0.135999
0.138000
0.135999
0.138001
0.136000
0.136000
0.120000
0.138001
0.113000
0.137000
0.138000
0.115000
0.118000
0.136999
0.113000
0.116000
0.126000
0.116000
0.136000
0.138000
0.113000
0.137000
0.113000
0.138001
0.135000
0.138000
0.137000
0.136000
0.113000
0.120000
0.137000
0.136999
0.112000
0.114000
0.116000
0.138000
0.136999
0.140000
0.138000
0.138001
0.137000
0.137000
0.138000
0.136000
0.112999
0.138000
0.138001
0.139001
0.137000
0.115001
0.138000
0.138000
0.136000
0.113999
0.136999
0.136000
0.136000
0.138000
0.118000
0.118000
0.129000
0.138000
0.112000
0.138000
0.136000
0.112999
0.138000
0.115000
0.136999
0.136999
0.113000
0.124000
0.136000
0.139000
0.113000
0.139001
0.112000
0.113999
0.136000
0.135000
0.120000
0.138000
0.137000
0.138001
0.136000
0.137000
0.138000
0.139000
0.139000
0.138000
0.136000
0.139000
0.136000
0.137000
0.141000
0.141000
0.136999
0.138000
0.138000
0.137000
0.113000
0.137000
0.112999
0.138000
0.136999
0.138000
0.138001
0.138000
0.136000
0.137000
0.141000
0.137000
0.123000
0.136000
0.119001
0.137000
0.115000
0.138000
0.112000
0.115000
0.137000
0.137000
0.113000
0.138001
0.142001
0.138001
0.113000
0.135000
0.113000
0.117000
0.113000
0.137000
0.120000
0.138000
0.142001
0.136999
0.136000
0.137000
0.136000
0.113000
0.137000
0.117000
0.138001
0.138000
0.136999
0.134000
0.137000
0.113000
0.138000
0.137000
0.113000
0.136999
0.122000
0.137000
0.113000
0.113999
0.138001
0.115000
0.137000
0.138000
0.112000
0.138000
0.124000
0.138000
0.122000
0.136999
0.121000
0.142000
0.112000
0.137000
0.136000
0.142001
0.143000
0.115000
0.116000
0.114000
0.113999
0.137000
0.113000
0.138000
0.112999
0.137000
0.113000
0.139000
0.112000
0.136999
0.139001
0.137000
0.136999
0.136999
0.136000
0.155000
0.136000
0.139000
0.117000
0.116000
0.136000
0.137000
0.113000
0.136999
0.137000
0.137000
0.138000
0.112000
0.136000
0.138000
0.123999
0.128000
0.123000
0.134001
0.113000
0.137000
0.126000
0.134000
0.113000
0.113000
0.137000
0.115000
0.159999
0.134000
0.136000
0.136000
0.113000
0.145000
0.136000
0.139000
0.136999
0.137000
0.137000
0.136999
0.113000
0.138001
0.136999
0.137000
0.113000
0.138000
0.120000
0.134000
0.112001
0.112999
0.113999
0.138000
0.124000
0.136999
0.135999
0.138001
0.120000
0.138001
0.119001
0.139000
0.120999
0.139000
0.136000
0.136000
0.137000
0.137000
0.136000
0.133000
0.113000
0.136999
0.137000
0.140000
0.136000
0.139000
0.113000
0.136999
0.138000
0.135000
0.136000
0.138000
0.117000
0.138000
0.113000
0.138001
0.139000
0.138000
0.136000
0.138000
0.112000
0.136999
0.136000
0.136000
0.112000
0.138000
0.135000
0.137000
0.116000
0.137000
0.142001
0.117000
0.142000
0.138000
0.113000
0.136999
0.137000
0.115000
0.115000
0.136000
0.138001
0.113000
0.138001
0.116999
0.136999
0.113000
0.117000
0.135000
0.123001
0.119001
0.112999
0.115000
0.112000
0.138001
0.136000
0.119000
0.113000
0.138000
0.137000
0.136000
0.113000
0.138001
0.112000
0.136999
0.113000
0.137000
0.140999
0.136999
0.112999
0.139000
0.136999
0.119001
0.127000
0.139000
0.113000
0.136999
0.113999
0.136000
0.112999
0.137000
0.113000
0.138000
0.112000
0.137000
0.138001
0.138001
0.119000
0.143999
0.112000
0.138000
0.137000
0.115000
0.135000
0.135000
0.113999
0.115001
0.138000
0.136999
0.136000
0.136999
0.138000
0.138001
0.136999
0.113000
0.137000
0.119000
0.143001
0.140000
0.138000
0.138000
0.138000
0.113000
0.138000
0.138000
0.139000
0.128000
0.126000
0.136000
0.137000
0.138000
0.113999
0.136999
0.136000
0.137000
0.137000
0.138000
0.114000
0.136000
0.139000
0.134000
0.136000
0.112001
0.137000
0.112000
0.113000
0.137000
0.136000
0.141000
0.116000
0.120000
0.136000
0.138001
0.113000
0.139000
0.138000
0.141000
0.136000
0.137000
0.113000
0.116000
0.113000
0.137000
0.136000
0.143001
0.115000
0.140999
0.113000
0.143000
0.112000
0.139999
0.137000
0.138000
0.113000
0.136999
0.136000
0.138000
0.140999
0.137000
0.128000
0.137000
0.142001
0.143000
0.120999
0.136000
0.114000
0.138000
0.112999
0.134001
0.140000
0.136000
0.124000
0.117000
0.114000
0.132000
0.126000
0.113000
0.112000
0.117000
0.114000
0.115000
0.125000
0.137000
0.140000
0.137000
0.112001
0.136999
0.113000
0.113000
0.114000
0.115001
0.113000
0.113000
0.112000
0.137000
0.120000
0.116000
0.138000
0.138000
0.138000
0.140000
0.137000
0.113000
0.114000
0.112000
0.112000
0.113000
0.137000
0.138001
0.136000
0.136999
0.124000
0.136000
0.115000
0.137000
0.142000
0.138000
0.136000
0.116999
0.112000
0.113000
0.138000
0.113000
0.150000
0.137000
0.136000
0.115000
0.161000
0.118000
0.139000
0.112000
0.113000
0.119000
0.136000
0.138000
0.136000
0.138001
0.136000
0.136000
0.136000
0.128000
0.138000
0.139000
0.136999
0.136000
0.117000
0.139001
0.142001
0.138001
0.139000
0.137000
