0.308000
0.325000
0.333998
0.325000
0.324000
0.325000
0.333000
0.320999
0.336001
0.324000
0.329999
0.329999
0.330001
0.337001
0.326999
0.329999
0.337001
0.326000
0.332000
0.337001
0.330999
0.326000
0.334000
0.335000
0.327000
0.321001
0.341000
0.328999
0.330999
0.329999
0.328999
0.329001
0.324000
0.324002
0.330999
0.324000
0.326000
0.321999
0.328001
0.326000
0.336001
0.322999
0.325000
0.328999
0.330999
0.323001
0.368001
0.356000
0.349000
0.341000
0.362001
0.340000
0.364000
0.351999
0.342999
0.348000
0.349000
0.343001
0.359001
0.364000
0.353999
0.361999
0.350999
0.353001
0.350000
0.344001
0.361999
0.360001
0.353999
0.349000
0.350999
0.353999
0.350000
0.345999
0.343001
0.352001
0.350000
0.356000
0.345001
0.351001
0.355000
0.340000
0.350000
0.358000
0.348000
0.349000
0.355000
0.353999
0.355000
0.347000
0.356998
0.344001
0.354001
0.348000
0.351999
0.343999
0.351999
0.346001
0.342000
0.339000
0.359001
0.353001
0.357000
0.345001
0.350000
0.356000
0.350999
0.342000
0.348000
0.335999
0.348000
0.347000
0.352001
0.355000
0.341000
0.357000
0.345999
0.352999
0.349998
0.343999
0.337999
0.351001
0.348000
0.352001
0.343001
0.357000
0.350000
0.344999
0.340000
0.353001
0.358999
0.344999
0.352999
0.351001
0.350999
0.341998
0.350000
0.352001
0.355000
0.354001
0.344999
0.342999
0.344999
0.347000
0.351001
0.357000
0.344001
0.356000
0.350000
0.349000
0.345999
0.343999
0.355000
0.349000
0.351001
0.340000
0.350999
0.355002
0.350999
0.355000
0.361001
0.351001
0.359999
0.345001
0.366000
0.343999
0.348002
0.345999
0.344999
0.347000
0.353001
0.358999
0.356000
0.355000
0.350000
0.337999
0.357000
0.353001
0.357000
0.337999
0.345999
0.352001
0.357000
0.349000
0.345001
0.353999
0.356000
0.350000
0.345999
0.341000
0.351999
0.345999
0.351001
0.359999
0.355000
0.353001
0.351001
0.354001
0.354001
0.343001
0.356000
0.353999
0.349998
0.351001
0.352001
0.343001
0.348000
0.359999
0.348002
0.366999
0.364000
0.342999
0.347000
0.359001
0.357999
0.346001
0.359001
0.355000
0.348000
0.342000
0.358000
0.350999
0.340000
0.355000
0.351001
0.347000
0.351999
0.357000
0.351999
0.350000
0.342999
0.355000
0.351001
0.353001
0.350999
0.367999
0.344001
0.348000
0.353001
0.352001
0.365000
0.347001
0.365000
0.355002
0.349000
0.349000
0.353999
0.348000
0.348000
0.343001
0.344001
0.344001
0.350000
0.352001
0.364000
0.343999
0.356000
0.352001
0.341000
0.367999
0.352001
0.339000
0.352999
0.352001
0.350000
0.354001
0.353999
0.359001
0.356000
0.352001
0.359001
0.345999
0.349998
0.358000
0.347001
0.359001
0.353001
0.358000
0.349000
0.350000
0.351999
0.341998
0.348000
0.359999
0.343001
0.355000
0.347000
0.348000
0.344999
0.335000
0.359999
0.356000
0.360999
0.348000
0.356000
0.347000
0.351999
0.353999
0.349000
0.342999
0.346001
0.352999
0.351001
0.359001
0.350000
0.351001
0.360001
0.348000
0.350000
0.344001
0.353999
0.351001
0.355000
0.357999
0.356000
0.352001
0.345999
0.336999
0.348000
0.339000
0.348000
0.355000
0.360999
0.347000
0.338001
0.350000
0.349000
0.351001
0.335999
0.354001
0.349000
0.350999
0.349000
0.357000
0.351999
0.353999
0.352999
0.353999
0.351001
0.351999
0.350000
0.350999
0.367001
0.348000
0.352001
0.347000
0.365000
0.354001
0.359001
0.343999
0.350000
0.349000
0.343001
0.341000
0.342000
0.360001
0.357999
0.350000
0.358000
0.345001
0.352001
0.341000
0.352001
0.355000
0.358000
0.341000
0.345001
0.337999
0.353999
0.368999
0.351001
0.353999
0.337001
0.352001
0.356000
0.355000
0.351001
0.336999
0.349000
0.345999
0.349000
0.351001
0.349000
0.342000
0.353001
0.337001
0.343001
0.350999
0.350000
0.341000
0.345999
0.337001
0.341000
0.357000
0.357000
0.348000
0.353001
0.355002
0.352001
0.358000
0.352999
0.344001
0.348000
0.356000
0.348000
0.348002
0.349000
0.353001
0.352999
0.345001
0.348000
0.363000
0.350999
0.353001
0.345999
0.339000
0.343999
0.350999
0.352999
0.360001
0.352001
0.350000
0.352001
0.350000
0.357000
0.350999
0.343001
0.338001
0.349998
0.352999
0.352999
0.345999
0.342999
0.352999
0.348000
0.346001
0.347000
0.349000
0.337001
0.344999
0.340000
0.345001
0.344001
0.358999
0.344999
0.345999
0.351001
0.369001
0.351001
0.347000
0.354001
0.345001
0.353001
0.349000
0.343001
0.352999
0.345001
0.345999
0.356000
0.346001
0.344001
0.341000
0.346001
0.354001
0.356000
0.363000
0.356000
0.353001
0.347000
0.362001
0.347000
0.359001
0.348000
0.358000
0.346001
0.349000
0.343999
0.346001
0.351001
0.353999
0.336999
0.353999
0.346001
0.344999
0.356000
0.356000
0.349000
0.367001
0.353001
0.345999
0.349000
0.341000
0.359001
0.343001
0.348000
0.344001
0.343001
0.343001
0.360001
0.351999
0.349998
0.347000
0.349000
0.353001
0.342000
0.351001
0.348000
0.349998
0.343999
0.355000
0.355000
0.342999
0.351001
0.353001
0.351999
0.335999
0.350999
0.357000
0.340002
0.351001
0.343001
0.383001
0.342999
0.348000
0.354001
0.367001
0.345999
0.353001
0.351001
0.362001
0.356000
0.355000
0.352999
0.355000
0.356000
0.348000
0.344001
0.341000
0.350999
0.350000
0.351001
0.348000
0.357999
0.347000
0.355000
0.344999
0.360999
0.351001
0.350000
0.350000
0.344001
0.339000
0.342000
0.356000
0.346001
0.353999
0.348002
0.349000
0.346001
0.359001
0.353001
0.344001
0.370000
0.350000
0.347000
0.348000
0.351001
0.353001
0.350000
0.349000
0.347000
0.340000
0.347000
0.350000
0.347000
0.342000
0.352001
0.350000
0.343001
0.349000
0.351001
0.358000
0.356000
0.349000
0.356000
0.353999
0.350999
0.340000
0.340002
0.347000
0.356998
0.348000
0.337001
0.347000
0.350000
0.353999
0.343999
0.344999
0.358000
0.357000
0.349000
0.358000
0.339000
0.355000
0.351999
0.343001
0.344001
0.343999
0.351001
0.334000
0.348000
0.352001
0.350000
0.352001
0.365999
0.364000
0.349000
0.353001
0.355002
0.351999
0.355000
0.343999
0.337999
0.339000
0.351001
0.344001
0.349000
0.353001
0.344001
0.351999
0.351001
0.349000
0.345001
0.354001
0.353999
0.355000
0.590000
0.346001
0.356000
0.344001
0.350000
0.349000
0.345001
0.334999
0.342999
0.347000
0.353001
0.349000
0.358000
0.347000
0.353001
0.342000
0.357999
0.345001
0.356000
0.345999
0.351999
0.347000
0.348000
0.350000
0.344999
0.352999
0.347001
0.341000
0.341000
0.353999
0.347000
0.358000
0.345001
0.354001
0.347000
0.343001
0.349000
0.348000
0.357000
0.341998
0.350000
0.351999
0.352999
0.350000
0.350000
0.345001
0.344001
0.334999
0.343001
0.351001
0.360999
0.348000
0.343001
0.356000
0.340000
0.345999
0.356000
0.347000
0.348000
0.342000
0.340002
0.349000
0.354001
0.348000
0.365000
0.352001
0.353001
0.344001
0.340000
0.353999
0.350000
0.356000
0.348000
0.350000
0.344001
0.348000
0.353999
0.348000
0.352999
0.356000
0.344999
0.361999
0.347000
0.343001
0.361001
0.352001
0.348000
0.342000
0.340000
0.344001
0.360999
0.348000
0.340000
0.351001
0.353999
0.344001
0.345999
0.345999
0.335999
0.352999
0.353001
0.349998
0.339000
0.351999
0.337999
0.343999
0.342000
0.343001
0.360001
0.345999
0.342000
0.358999
0.342000
0.347000
0.361999
0.348000
0.351999
0.344001
0.350999
0.343999
0.344999
0.347001
0.348002
0.347001
0.343001
0.352999
0.344999
0.346001
0.345001
0.356000
0.353999
0.356000
0.350000
0.343001
0.349998
0.348000
0.360999
0.347000
0.347000
0.349000
0.350999
0.342000
0.345999
0.343001
0.343001
0.344999
0.339000
0.349000
0.343001
0.344999
0.341000
0.348002
0.358000
0.352001
0.355002
0.350000
0.357999
0.356000
0.349000
0.353001
0.347000
0.353001
0.356000
0.339001
0.364000
0.344001
0.354001
0.353999
0.351999
0.349000
0.347000
0.344001
0.348000
0.364000
0.344001
0.344001
0.350999
0.356000
0.348000
0.334000
0.341000
0.355002
0.343001
0.353999
0.353999
0.353999
0.344001
0.344999
0.351999
0.341000
0.348000
0.347001
0.349000
0.363002
0.335000
0.345999
0.342000
0.340000
0.345999
0.343001
0.344001
0.344999
0.342999
0.352001
0.345999
0.345001
0.353999
0.345999
0.355000
0.350000
0.352001
0.347000
0.349998
0.359999
0.351999
0.351001
0.341000
0.349000
0.349998
0.343001
0.365999
0.348000
0.336001
0.349000
0.355002
0.358999
0.351001
0.339000
0.350000
0.357000
0.340000
0.342000
0.351999
0.350000
0.352999
0.348000
0.356000
0.353999
0.350000
0.350999
0.341000
0.345999
0.353999
0.348000
0.351999
0.355000
0.348000
0.347001
0.347000
0.354001
0.351001
0.352999
0.344999
0.350000
0.343999
0.340000
0.340000
0.346001
0.349000
0.351999
0.350000
0.355000
0.362001
0.340000
0.349000
0.350000
0.340000
0.341000
0.352001
0.351001
0.344999
0.342000
0.348000
0.355000
0.348000
0.335000
0.344001
0.353999
0.345001
0.344001
0.342000
0.349000
0.348000
0.342000
0.345001
0.347000
0.338001
0.355000
0.359001
0.355000
0.346001
0.345999
0.348000
0.358000
0.361001
0.347000
0.355000
0.348000
0.355000
0.360999
0.345001
0.350999
0.353999
0.350000
0.355000
0.350000
0.354001
0.349000
0.349000
0.355000
0.357000
0.359001
0.350000
0.345999
0.350000
0.350999
0.350999
0.345001
0.359999
0.347000
0.348002
0.349000
0.347001
0.361999
0.343001
0.352999
0.342999
0.341000
0.351001
0.344999
0.347000
0.343001
0.351999
0.348000
0.347000
0.341000
0.345999
0.350999
0.350000
0.350000
0.343001
0.359001
0.350000
0.346001
0.343001
0.345999
0.344001
0.344999
0.347000
0.343001
0.349000
0.351001
0.351001
0.361001
0.345001
0.349000
0.351999
0.346001
0.344001
0.357000
0.349000
0.353999
0.351001
0.347000
