265.940000
167.060000
121.040000
106.160000
101.180000
99.220000
97.280000
96.180000
95.140000
95.260000
94.660000
93.240000
94.140000
93.500000
93.460000
92.920000
93.140000
93.720000
93.300000
93.300000
93.360000
93.080000
92.680000
127.540000
116.520000
99.260000
94.780000
93.020000
94.800000
92.560000
92.960000
93.040000
93.260000
91.600000
92.020000
92.200000
91.460000
91.600000
92.020000
92.120000
91.340000
92.560000
91.740000
91.420000
90.580000
91.340000
91.220000
91.720000
91.100000
91.180000
91.620000
91.940000
89.760000
91.300000
91.220000
90.920000
91.140000
90.740000
90.860000
91.420000
90.660000
91.140000
90.580000
90.860000
90.840000
91.200000
104.440000
95.300000
92.180000
91.140000
92.400000
91.040000
91.220000
90.720000
91.280000
91.040000
90.880000
90.840000
90.680000
90.120000
91.380000
90.720000
91.000000
90.180000
90.000000
90.180000
90.060000
90.220000
91.020000
90.400000
90.080000
89.640000
89.920000
90.980000
90.740000
89.520000
89.920000
89.520000
90.860000
90.740000
90.600000
89.920000
90.000000
90.560000
89.820000
89.900000
90.880000
89.860000
89.860000
89.960000
96.700000
91.500000
90.920000
91.120000
90.680000
90.760000
90.400000
90.540000
130.600000
232.500000
242.420000
225.580000
188.120000
228.460000
252.900000
221.680000
165.120000
250.120000
220.540000
245.720000
165.900000
128.920000
118.480000
119.100000
104.980000
126.520000
121.240000
113.080000
109.940000
101.280000
100.540000
103.800000
103.000000
103.400000
102.280000
100.740000
99.640000
99.320000
98.020000
98.520000
98.420000
98.240000
98.900000
101.100000
102.040000
102.680000
101.480000
103.680000
104.740000
103.480000
105.240000
106.840000
106.560000
107.520000
106.840000
126.720000
172.080000
159.860000
168.000000
183.480000
208.300000
229.920000
255.180000
217.360000
181.460000
176.340000
179.200000
175.280000
177.480000
180.040000
178.000000
182.800000
182.960000
180.600000
193.100000
210.620000
212.000000
219.900000
192.600000
175.920000
170.760000
134.600000
106.700000
107.740000
108.480000
103.280000
100.880000
97.940000
95.320000
89.560000
88.280000
87.940000
88.020000
87.360000
87.560000
87.160000
87.840000
87.760000
86.720000
88.020000
87.120000
86.780000
87.260000
87.000000
86.660000
86.920000
87.260000
87.380000
87.100000
87.460000
86.960000
86.980000
87.900000
87.820000
87.420000
87.380000
87.320000
88.040000
87.140000
87.700000
87.920000
87.680000
87.200000
87.460000
87.160000
92.920000
87.300000
88.080000
87.340000
87.000000
86.840000
87.140000
86.840000
87.220000
87.060000
86.900000
87.060000
87.300000
87.520000
86.060000
86.580000
86.600000
87.480000
87.500000
86.360000
87.160000
86.660000
86.820000
87.600000
86.820000
86.580000
86.760000
86.520000
86.600000
87.140000
86.900000
87.120000
87.760000
86.680000
87.380000
87.240000
87.100000
86.860000
87.140000
86.720000
86.960000
87.600000
87.340000
86.700000
86.540000
87.400000
91.640000
87.560000
87.900000
86.440000
87.240000
86.040000
86.620000
87.180000
86.640000
86.760000
94.800000
92.360000
84.700000
80.440000
82.280000
79.920000
80.300000
79.940000
81.420000
79.240000
79.220000
79.080000
79.460000
81.300000
79.200000
79.300000
79.580000
79.500000
82.680000
80.680000
80.240000
80.720000
82.260000
83.760000
82.960000
83.360000
84.620000
83.660000
86.760000
86.200000
91.020000
90.380000
92.520000
94.380000
93.420000
92.460000
91.880000
96.300000
92.640000
91.400000
92.180000
91.340000
90.640000
91.300000
91.900000
91.920000
90.560000
91.720000
91.740000
91.060000
91.220000
91.060000
90.820000
91.840000
91.800000
90.700000
91.880000
91.820000
91.840000
90.080000
90.820000
90.800000
91.240000
90.720000
90.520000
92.240000
90.900000
91.220000
89.740000
90.200000
90.260000
90.200000
90.120000
89.840000
90.140000
90.060000
90.600000
90.000000
90.960000
90.900000
94.320000
90.800000
90.600000
90.600000
90.460000
89.860000
91.100000
90.240000
88.980000
90.400000
90.700000
90.160000
90.500000
89.500000
89.740000
90.460000
89.800000
89.180000
90.300000
89.320000
90.780000
89.460000
90.300000
88.820000
90.160000
90.240000
90.780000
89.860000
89.380000
90.640000
89.740000
89.500000
88.560000
88.180000
89.660000
89.260000
88.680000
89.740000
89.440000
89.580000
90.460000
88.780000
89.820000
89.340000
88.880000
93.340000
90.300000
118.740000
130.240000
101.380000
92.800000
92.940000
90.660000
90.560000
89.980000
90.200000
90.580000
90.120000
90.780000
90.800000
89.360000
90.260000
90.940000
90.680000
90.480000
89.640000
89.700000
89.980000
89.660000
89.580000
90.380000
90.100000
90.580000
90.360000
90.280000
90.540000
89.340000
89.840000
90.160000
90.300000
89.920000
89.300000
89.680000
89.620000
89.540000
89.780000
89.780000
91.000000
95.780000
92.080000
91.820000
88.840000
90.180000
90.020000
89.420000
91.200000
89.920000
91.700000
90.180000
90.120000
89.480000
89.920000
89.920000
89.960000
89.580000
90.960000
89.960000
89.680000
89.180000
89.660000
89.540000
89.720000
89.060000
89.860000
89.560000
89.640000
89.160000
89.640000
90.360000
89.420000
89.100000
89.540000
89.460000
89.580000
89.840000
89.700000
89.400000
90.640000
89.620000
90.520000
90.720000
89.440000
89.620000
95.740000
89.920000
89.740000
89.300000
90.060000
89.960000
89.880000
90.080000
91.260000
89.500000
90.280000
89.560000
89.620000
89.360000
90.020000
89.340000
89.600000
90.440000
89.800000
89.400000
89.380000
91.300000
89.500000
90.400000
90.560000
89.700000
88.940000
89.360000
89.600000
89.400000
90.140000
89.480000
90.380000
90.600000
90.120000
90.800000
90.160000
89.000000
89.980000
89.720000
89.140000
90.640000
88.900000
90.380000
94.480000
89.600000
89.660000
89.700000
90.220000
90.700000
88.800000
89.420000
89.720000
91.220000
89.200000
89.380000
89.180000
89.880000
89.420000
89.720000
89.080000
89.600000
89.200000
90.200000
89.640000
89.960000
89.540000
89.100000
90.280000
89.740000
89.940000
89.420000
89.860000
89.940000
90.480000
88.720000
89.180000
89.400000
89.580000
88.960000
89.260000
89.700000
89.700000
90.580000
89.220000
89.300000
88.760000
89.880000
89.560000
95.380000
90.780000
90.740000
88.940000
89.220000
89.540000
89.700000
89.000000
89.180000
89.380000
89.820000
89.680000
90.340000
89.140000
90.260000
89.680000
89.580000
88.800000
89.920000
89.140000
89.040000
89.660000
90.060000
89.460000
89.000000
89.380000
89.640000
88.560000
89.000000
89.620000
89.340000
88.960000
89.160000
91.240000
89.580000
89.140000
89.800000
89.740000
89.380000
88.740000
88.080000
89.600000
89.300000
89.360000
94.120000
89.940000
88.760000
89.780000
89.520000
89.560000
89.800000
89.700000
89.960000
88.960000
90.180000
90.520000
88.860000
90.360000
89.260000
89.500000
88.820000
89.560000
89.200000
89.860000
90.180000
89.000000
89.100000
88.840000
89.260000
88.700000
90.180000
90.060000
90.120000
88.640000
89.860000
89.440000
89.520000
89.440000
89.740000
89.500000
89.740000
88.660000
89.400000
89.600000
89.600000
88.980000
88.840000
88.860000
89.240000
94.740000
89.720000
90.180000
89.120000
88.120000
88.820000
88.120000
89.400000
90.120000
88.940000
88.380000
89.540000
89.240000
88.800000
89.640000
89.760000
89.820000
89.420000
88.940000
89.220000
89.780000
89.080000
88.840000
88.840000
89.640000
89.840000
89.860000
89.920000
89.380000
89.840000
89.920000
88.860000
89.500000
89.360000
89.320000
89.920000
90.480000
89.740000
89.540000
90.860000
90.260000
89.320000
90.060000
89.340000
89.260000
94.600000
89.460000
89.680000
89.680000
91.020000
89.280000
89.700000
89.280000
88.440000
89.220000
88.320000
89.120000
88.960000
89.940000
90.340000
88.880000
89.880000
90.000000
89.600000
89.420000
89.100000
90.840000
89.560000
88.840000
89.320000
89.040000
89.380000
89.440000
89.040000
88.780000
89.780000
87.660000
89.120000
89.280000
89.000000
88.660000
89.480000
89.280000
89.180000
89.360000
89.420000
88.380000
89.940000
88.140000
94.640000
88.840000
89.800000
89.260000
88.920000
89.040000
89.340000
89.380000
88.280000
89.060000
88.100000
88.940000
89.360000
89.060000
88.760000
88.760000
89.320000
88.780000
89.620000
89.260000
89.480000
89.280000
88.860000
89.480000
89.160000
88.660000
89.900000
90.080000
88.960000
89.240000
89.100000
89.440000
90.020000
88.740000
87.880000
89.740000
89.860000
88.480000
89.300000
89.620000
88.880000
90.040000
89.720000
89.220000
89.340000
94.600000
90.280000
88.880000
88.580000
89.060000
88.760000
88.800000
88.520000
87.820000
88.680000
89.160000
89.100000
89.200000
90.540000
90.040000
89.140000
88.960000
89.320000
89.360000
89.240000
88.720000
89.040000
88.720000
89.860000
89.300000
89.380000
89.240000
89.400000
88.980000
89.080000
89.100000
89.820000
89.120000
89.500000
88.460000
89.800000
89.300000
88.380000
89.020000
89.800000
89.120000
89.960000
89.840000
89.040000
90.020000
95.640000
89.660000
89.860000
88.880000
88.720000
89.180000
88.180000
89.180000
89.040000
88.360000
89.200000
89.040000
90.060000
88.600000
88.600000
88.240000
89.440000
89.380000
89.600000
89.560000
88.900000
89.020000
88.620000
89.540000
88.760000
88.900000
88.820000
88.420000
90.280000
89.600000
88.460000
89.160000
89.700000
88.800000
89.300000
88.920000
89.400000
89.640000
89.560000
88.560000
88.180000
89.020000
88.620000
88.840000
88.860000
92.520000
89.100000
90.040000
89.180000
89.160000
89.400000
89.280000
89.640000
88.820000
89.260000
89.280000
89.700000
89.340000
88.100000
87.720000
89.560000
88.400000
88.700000
89.080000
89.860000
89.420000
89.780000
88.520000
88.260000
89.060000
88.980000
89.620000
90.160000
89.220000
89.360000
88.760000
89.420000
89.280000
89.680000
89.460000
89.400000
88.700000
89.560000
88.960000
89.500000
88.640000
90.000000
88.540000
89.220000
94.560000
89.060000
88.920000
90.300000
89.480000
88.780000
89.580000
89.700000
89.020000
88.720000
89.520000
89.060000
89.420000
88.440000
88.020000
89.660000
88.580000
87.620000
89.880000
88.260000
89.280000
89.140000
89.160000
89.420000
89.680000
88.940000
88.560000
89.320000
89.200000
89.540000
89.520000
89.140000
88.920000
88.880000
88.680000
89.940000
88.800000
88.800000
89.920000
89.300000
89.300000
89.380000
88.780000
89.100000
89.020000
92.780000
90.540000
88.600000
88.920000
90.120000
