60.816000
59.879000
59.866999
59.853000
61.011000
59.823000
60.999000
61.031000
60.840000
61.033000
60.864000
60.854000
60.854000
61.013000
60.814000
60.849000
60.815000
60.829001
60.864001
60.843000
60.850000
60.815999
60.859000
60.839999
60.847000
61.020000
60.698000
60.695000
60.816000
60.818000
68.093000
60.035000
59.893000
59.875000
59.800000
59.954001
60.833000
60.691999
60.656000
59.859999
60.817000
60.863000
60.843999
60.698000
60.694000
60.731000
60.859000
60.859000
60.893999
60.854999
60.869000
60.862999
60.877000
60.864000
60.861001
60.846000
60.850000
60.838000
60.529999
60.895000
60.837001
60.671001
60.673000
60.866000
60.861000
60.838000
60.861000
60.897000
60.856001
60.852000
60.706000
60.699000
60.268000
60.020000
61.018000
60.023000
60.859000
60.705001
60.837001
60.838000
60.712000
60.524000
60.698000
59.869000
59.850000
60.841000
60.868000
60.847000
60.816000
60.854000
60.818001
60.854000
60.699000
60.696000
60.695000
60.856000
59.845000
60.684000
59.837000
60.833001
60.830000
60.715000
60.698001
60.697000
60.844000
60.843999
60.817000
59.861000
60.703000
60.816000
60.818001
60.894000
60.854000
60.435000
60.200000
60.857000
60.862000
60.213000
60.858999
60.693000
60.869001
61.035001
60.219000
59.879000
60.899001
60.862000
60.818000
60.878000
60.846000
60.825000
60.699000
60.901000
60.860001
60.718000
60.898000
60.864000
60.696000
60.694001
60.858000
60.835999
60.860001
60.868000
60.850000
60.866000
60.818001
60.864000
60.816000
60.843000
60.854000
60.844000
60.858000
60.835999
60.695000
60.866000
60.751000
60.850000
59.817000
60.854000
60.865000
60.848000
60.869000
60.843999
60.682001
60.854000
60.860000
60.697000
60.844000
59.847999
59.866999
60.659000
59.869000
60.846000
60.705001
60.706000
60.847000
60.854000
60.870999
60.667001
60.727000
60.868000
60.689000
60.696000
60.861000
60.896000
60.817000
60.850000
60.870000
60.829001
60.849000
60.868000
60.870000
60.887000
60.858000
60.845000
60.893999
60.664999
60.107000
59.847000
59.874999
59.837000
60.880000
61.016001
60.698000
60.893999
60.896000
60.866000
60.853000
60.858000
61.019000
60.858000
60.694000
60.859000
60.982000
60.856001
60.860001
60.826000
60.819000
60.699000
60.900001
60.999000
60.838000
60.837000
60.983000
60.697000
60.865000
60.993000
60.698000
60.868001
60.841001
60.988000
60.850999
60.854000
60.698000
60.844000
60.849000
60.845000
60.846000
60.435999
59.837000
60.868000
60.868001
60.833000
59.848000
59.863000
60.898000
60.843000
59.864000
60.827000
60.853000
60.703000
60.526000
60.692000
60.864001
60.843999
60.847000
60.525999
60.895000
60.869000
60.865001
59.870000
59.853000
60.529000
60.837000
60.895001
60.698001
60.846000
60.866999
60.863000
60.866000
60.847000
60.841001
60.855000
60.853000
60.858000
60.870999
60.853000
60.835999
60.850000
61.107000
60.633000
59.855999
59.861000
60.006999
59.825000
60.839999
60.681000
60.865001
61.012000
60.854000
60.848000
61.012000
60.818000
60.838000
60.833001
60.678001
60.878000
60.671000
60.696000
60.860000
60.837001
61.247000
60.887001
60.673000
60.842000
60.862000
61.027001
60.695000
60.872000
60.664000
61.054000
60.850000
60.856001
60.841000
60.856000
60.663000
60.859000
60.858000
61.012000
60.837001
65.905000
60.839000
59.869001
60.997000
60.861000
60.994000
60.863000
60.859000
61.017000
60.825000
60.854000
60.688999
60.677000
61.007000
60.853000
60.861000
60.847000
60.818000
60.857000
60.861999
60.866000
59.864000
59.882000
59.847000
59.850001
59.878999
59.867000
59.881000
59.878999
59.879000
59.879000
59.878999
59.866000
59.863000
59.879000
59.880001
59.863000
59.875000
59.878999
59.880000
59.860000
59.869000
60.782000
60.705000
60.041000
59.863999
59.857000
59.863999
59.877000
59.851000
59.853001
59.871000
60.032000
59.883000
60.012001
59.849000
59.880001
60.004001
59.876000
60.822000
60.897000
60.818000
60.004000
60.022000
60.869001
60.896000
60.893999
60.865000
60.872001
60.865999
60.861000
60.854999
60.834000
60.842000
60.697000
60.855000
60.702000
60.983000
60.850000
60.839000
61.012999
60.845000
60.829001
131.081000
61.049000
60.888000
60.837001
60.696000
60.701000
59.891000
59.881000
60.512001
60.871000
60.892999
60.862999
60.867000
60.827999
60.850000
60.715000
60.896000
60.858000
60.818000
60.893000
60.819999
60.856001
60.859000
60.850000
60.854000
60.207000
60.912000
60.838001
60.056000
61.111000
60.853000
59.915000
59.855000
61.039001
60.014999
59.882000
60.838999
60.896000
59.854000
60.856001
60.866000
65.256000
60.828000
61.031000
60.889000
60.867000
60.692000
60.948000
60.685000
60.852000
60.864000
60.680000
60.855000
60.854000
60.693000
60.897000
60.815000
60.696000
60.875000
60.818000
60.694000
61.017999
60.695000
60.693000
60.820000
60.699000
60.814000
60.845001
60.697000
60.857000
60.814000
60.858000
60.858000
60.854000
60.693000
60.854000
60.849000
59.933000
59.917000
60.699999
60.696000
60.866000
60.853000
60.934000
60.024001
59.963000
60.843999
61.017000
60.992001
61.026000
60.995000
60.861000
60.864000
61.017000
60.852000
61.008000
61.026000
61.015000
61.020000
60.992001
61.020000
61.016001
61.009000
60.858999
61.009000
61.017000
61.021999
61.004001
61.013000
60.064000
60.072999
61.008000
61.024000
60.855000
61.027000
61.004999
61.016000
61.007000
61.016000
60.858999
60.867000
60.849000
61.023000
61.015000
60.092000
60.704000
60.875000
60.835999
60.860000
60.852000
60.988000
60.854000
60.898000
60.993000
61.059000
60.896000
60.699000
60.674000
60.697000
60.848000
60.855000
60.679000
61.019000
60.835000
60.817000
60.858000
60.823999
60.693000
61.026000
60.679000
60.713000
60.846000
60.827000
60.902000
60.852000
60.698001
60.824000
60.861000
60.529000
60.858000
60.702001
60.857000
61.019000
59.877000
59.844000
112.795000
60.900000
60.701000
61.060000
60.827000
60.853000
60.700000
60.868000
60.699000
60.858000
60.864001
60.838001
61.019001
60.846000
60.517000
60.852000
60.818000
60.865000
60.665000
60.850000
61.001000
60.696000
60.861000
60.858000
60.844000
60.694000
60.696000
60.883000
60.841000
60.837000
60.866999
60.868000
60.992001
60.837001
60.864000
60.700000
60.843000
60.112000
60.644001
60.664000
60.862000
60.856001
61.087999
60.867000
60.844000
60.837000
60.698000
60.859000
60.712000
60.667000
60.868000
60.897000
60.899000
60.027000
60.857000
60.896000
61.017999
60.854000
60.847000
60.874000
60.856001
61.019000
60.861000
61.021000
60.857001
60.988001
60.848000
60.693000
60.845001
60.848000
61.016000
60.849000
61.043000
60.893000
60.845000
59.855999
60.667000
61.066001
61.013999
61.013999
60.841001
60.865001
60.838000
60.757000
60.841000
60.672999
61.008001
60.894000
60.862000
60.697000
60.850000
60.693000
59.847000
60.000000
60.851000
60.868000
60.698001
60.815999
60.695000
60.876000
60.835999
60.837001
60.839000
60.054000
60.842000
61.026000
60.828000
60.851000
60.694001
60.863000
60.868001
60.894000
60.838999
60.854000
60.900000
60.833001
60.695000
60.896000
60.854000
60.670000
60.856000
60.848000
60.839000
60.864001
60.854000
60.106000
60.698000
60.830000
60.698000
60.865999
60.692000
60.839999
60.860000
60.693000
60.830001
60.840000
60.698000
60.693000
60.828000
60.846000
60.693000
60.864000
60.843000
60.701001
60.838000
60.854000
60.857999
60.814000
60.698000
60.855000
60.852000
60.697000
60.700000
60.699000
60.699000
60.703000
60.868000
60.698000
60.664000
60.856001
60.697000
60.856000
60.835999
60.697000
60.857000
61.058001
60.264001
59.878000
60.705000
60.865000
60.683000
60.854000
60.698000
61.015001
60.854000
60.819000
61.028999
60.869000
60.855000
60.844000
60.867000
60.850000
61.004001
60.854000
60.874000
60.846999
59.878999
59.855000
60.037000
59.860000
59.879000
59.876000
59.880000
60.866000
59.839000
60.854000
60.698000
60.698001
60.985000
60.854000
60.853000
61.059000
60.861999
60.895001
60.683000
60.846000
60.845001
60.292000
60.172000
60.128001
61.001000
60.887001
60.853000
60.842000
60.705000
60.864000
59.874000
60.699000
60.993000
59.861000
59.884000
59.851999
60.667000
59.847999
60.498000
59.854000
60.143000
59.825000
59.969001
60.701001
60.856000
60.862000
60.848000
60.851000
60.848000
60.836000
60.854000
60.818000
60.866000
60.842000
60.846000
61.019000
60.864000
60.869000
60.888000
60.679000
60.856000
60.854000
60.859000
60.940000
60.823000
60.675999
60.855000
61.328000
60.668999
60.699000
60.869000
60.858000
60.847000
60.858000
60.697000
60.865000
60.903001
60.896000
60.845001
60.682001
60.697000
60.858000
60.839999
60.679000
60.853000
60.698000
60.862000
60.715000
60.695000
60.841000
60.848000
60.869000
60.854000
59.973000
60.846000
61.050000
60.858000
60.838000
60.846000
60.881000
60.852000
60.694000
60.861000
60.854000
60.101001
59.970000
61.008000
60.835000
60.834999
59.997000
60.850000
59.994000
59.995000
60.983000
59.969000
59.818001
59.969001
60.138999
59.998000
60.673000
61.028000
60.877000
60.850000
60.835999
60.661000
61.005000
60.817000
60.848000
61.054000
60.854999
61.200000
59.959999
60.621000
60.854000
60.872000
60.848000
60.848000
60.865000
60.701000
60.816000
60.842000
60.852000
59.806000
60.713000
61.009000
111.126000
60.885999
61.019000
60.845000
60.854000
60.844000
60.866000
60.854000
60.989001
61.056999
60.847000
59.866999
59.834001
59.856000
59.873000
59.874000
59.878999
60.850999
60.854999
60.866999
60.898000
60.533999
60.697000
60.854000
60.823000
60.897000
60.893999
60.833000
60.855000
60.867000
60.699000
60.855000
60.856001
59.879000
60.898000
60.858000
60.837000
60.869000
60.676000
60.867000
60.853001
60.700000
60.459000
60.852000
61.026000
60.699000
61.001000
60.839000
59.952000
60.868000
60.999000
61.007001
60.189000
60.897999
61.017000
61.018000
60.856000
60.857000
61.023000
60.838000
60.698000
60.866999
61.013000
60.854000
60.818000
60.839000
60.697000
60.010000
59.879000
60.983000
60.873000
60.870000
60.839000
60.845000
60.825000
60.665000
60.864000
60.718000
60.540000
60.855000
60.851000
60.695000
60.849000
60.107000
60.851000
60.842000
60.713001
61.019001
60.853000
61.022000
61.010000
61.029000
61.058000
61.021999
61.019000
61.031001
61.016999
61.036000
60.703000
60.856001
61.028000
61.000001
