2.379999
1.839999
1.820002
1.839999
1.800001
1.820002
1.819998
1.820002
1.840003
1.800001
1.840003
1.820002
1.800001
1.800001
1.819998
1.820002
1.800001
1.820002
1.820002
1.820002
1.819998
1.799997
1.820002
1.839999
1.800001
1.819998
1.800001
1.940001
1.799997
1.820002
1.780000
1.800001
1.800001
1.819998
1.800001
1.819998
1.799997
1.800001
2.280001
1.819998
1.800001
1.820002
1.799997
1.800001
1.820002
1.819998
1.820002
1.800001
1.819998
1.800001
1.800001
1.819998
1.800001
1.819998
1.800001
1.799997
1.820002
1.820002
1.780000
1.820002
1.819998
1.820002
1.819998
1.800001
1.800001
1.800001
1.800001
1.800001
1.920000
1.959998
1.800001
1.820002
1.800001
1.800001
1.800001
1.800001
2.779998
1.940001
1.800001
1.800001
1.800001
1.799997
1.800001
1.820002
1.800001
1.800001
1.800001
1.820002
1.800001
1.819998
1.800001
1.800001
1.820002
1.959998
1.780000
1.819998
1.800001
1.900002
1.800001
1.819998
1.820002
1.820002
1.819998
1.800001
1.780000
1.940001
1.800001
1.800001
1.800001
1.839999
1.800001
1.839999
1.780000
1.820002
1.800001
1.820002
1.800001
1.820002
1.819998
1.820002
1.820002
1.819998
1.800001
1.800001
1.800001
1.800001
1.800001
1.820002
1.820002
1.800001
1.819998
1.800001
1.800001
1.800001
1.800001
1.820002
1.799997
1.800001
1.820002
1.800001
1.940001
1.840003
1.800001
1.819998
1.820002
1.799997
1.820002
1.819998
1.819998
1.819998
1.800001
1.820002
1.800001
1.820002
1.799997
1.819998
1.820002
1.820002
1.800001
2.080001
1.800001
1.819998
1.780000
1.920000
1.799997
1.799997
1.819998
1.800001
1.800001
1.820002
1.960002
1.820002
1.800001
1.820002
1.800001
1.819998
1.800001
1.800001
1.780003
1.819998
1.800001
1.819998
1.800001
1.819998
1.800001
1.819998
1.819998
1.819998
1.800001
1.940001
1.819998
1.819998
1.820002
1.819998
1.800001
1.820002
1.800001
1.839999
1.819998
1.820002
1.799997
1.820002
1.800001
1.820002
1.820002
1.839999
1.820002
1.820002
1.820002
1.819998
1.800001
1.819998
1.819998
1.820002
1.799997
1.819998
1.780000
1.820002
1.800001
1.800001
1.940001
1.819998
1.800001
1.820002
1.800001
1.820002
1.800001
1.800001
1.800001
1.839999
1.800001
1.819998
1.800001
1.819998
1.800001
1.820002
1.780000
1.820002
1.800001
1.799997
1.799997
1.820002
1.800001
1.799997
1.800001
1.820002
1.800001
1.820002
1.800001
1.799997
1.800001
1.780000
1.799997
1.819998
1.780003
1.800001
1.780000
1.819998
1.800001
1.840003
1.800001
1.800001
1.800001
1.819998
1.800001
1.800001
1.800001
1.819998
2.799999
1.800001
1.800001
1.819998
1.800001
1.819998
1.800001
1.819998
1.780000
1.799997
1.800001
1.839999
1.800001
1.820002
1.820002
1.799997
1.819998
1.819998
1.819998
1.800001
1.799997
1.800001
1.799997
1.800001
1.800001
1.819998
1.800001
1.819998
1.819998
1.800001
1.800001
1.839999
1.820002
1.800001
1.799997
1.799997
1.800001
1.819998
1.800001
1.939997
1.799997
1.800001
1.800001
1.800001
1.920000
1.820002
1.799997
1.800001
1.780000
1.820002
1.800001
1.800001
1.800001
1.820002
1.799997
1.820002
1.800001
1.820002
1.819998
1.819998
1.800001
1.820002
1.819998
1.820002
1.820002
1.819998
1.960002
1.839999
1.800001
1.800001
1.820002
1.799997
1.799997
1.820002
1.900002
1.979999
1.819998
1.820002
1.960002
1.819998
1.800001
1.819998
1.839999
1.839999
1.800001
1.820002
1.800001
1.840003
1.800001
1.820002
1.820002
1.820002
1.819998
1.819998
1.780000
1.820002
1.820002
1.819998
1.800001
1.840003
1.819998
1.780000
1.820002
1.940001
1.800001
1.800001
1.800001
1.819998
1.800001
1.819998
1.800001
1.800001
1.800001
1.799997
1.780000
1.820002
1.799997
1.800001
1.800001
1.800001
1.820002
1.839999
1.800001
1.819998
1.820002
1.820002
1.819998
1.819998
1.820002
1.839999
1.800001
1.819998
1.800001
1.839999
1.819998
1.820002
1.940001
1.800001
1.820002
1.799997
1.800001
1.800001
1.819998
1.819998
1.819998
1.820002
1.800001
1.800001
1.819998
1.800001
1.799997
1.820002
1.820002
1.820002
1.940001
1.819998
1.780003
1.800001
1.820002
1.820002
1.780000
1.840003
1.800001
1.820002
1.800001
1.820002
1.800001
1.800001
1.940001
1.819998
1.800001
1.800001
1.800001
1.819998
1.800001
1.940001
1.800001
1.819998
1.800001
1.820002
1.800001
1.799997
1.820002
1.800001
1.800001
1.819998
1.819998
1.819998
1.820002
1.940001
1.819998
1.799997
1.920003
2.400000
1.780000
1.820002
1.800001
1.799997
1.800001
1.940001
1.800001
1.780000
1.800001
1.800001
1.819998
1.920000
1.780000
1.799997
1.800001
1.820002
1.819998
1.800001
1.800001
1.839999
1.799997
1.800001
1.780000
1.800001
1.780000
1.799997
1.800001
1.819998
1.780000
1.820002
1.800001
1.940001
1.800001
1.800001
1.800001
1.800001
1.800001
1.820002
1.800001
1.819998
1.800001
1.800001
1.799997
1.820002
1.800001
1.820002
1.820002
1.800001
1.820002
1.820002
1.800001
1.839999
1.800001
1.780000
1.800001
1.800001
1.819998
1.820002
1.800001
1.800001
1.800001
1.840003
1.800001
1.840003
1.780000
1.800001
1.800001
1.800001
1.800001
1.800001
1.820002
1.800001
1.800001
1.799997
1.800001
1.820002
1.800001
1.820002
1.800001
1.800001
1.780000
1.800001
1.800001
1.820002
1.820002
1.819998
1.799997
1.820002
1.799997
1.820002
1.800001
1.819998
1.820002
1.840003
1.820002
1.880001
1.800001
1.820002
1.780000
1.820002
1.800001
1.800001
1.800001
1.820002
1.800001
1.820002
1.819998
1.820002
1.800001
1.800001
1.820002
1.839999
1.780000
1.819998
1.799997
1.800001
1.820002
1.820002
1.800001
1.820002
1.800001
1.820002
1.800001
1.800001
1.800001
1.899999
1.820002
1.819998
1.800001
1.820002
1.780000
1.800001
1.800001
1.800001
1.800001
1.819998
1.800001
1.820002
1.800001
1.800001
1.800001
1.820002
1.800001
1.820002
1.780000
1.800001
1.800001
1.820002
1.799997
1.820002
1.800001
1.800001
1.800001
1.819998
1.799997
1.799997
1.799997
1.800001
1.800001
1.819998
1.800001
1.820002
1.800001
1.799997
1.780003
1.800001
1.780000
1.800001
1.800001
1.800001
1.819998
1.800001
1.780000
1.800001
1.780000
1.819998
1.800001
1.800001
1.780000
1.800001
1.799997
1.819998
1.820002
1.819998
1.800001
1.800001
1.800001
1.819998
1.800001
1.800001
1.780000
1.820002
1.800001
2.100002
1.799997
1.800001
1.800001
1.800001
1.799997
1.820002
1.800001
1.940001
1.800001
1.819998
1.800001
1.800001
1.800001
1.799997
1.800001
1.820002
1.800001
1.820002
1.799997
1.820002
1.820002
1.820002
1.800001
1.799997
1.800001
1.819998
1.799997
1.820002
1.800001
1.819998
1.819998
1.800001
1.800001
1.800001
1.800001
1.800001
1.800001
1.820002
1.780000
1.820002
1.800001
1.820002
1.780000
1.780000
1.800001
1.800001
1.819998
1.819998
1.800001
1.800001
1.800001
1.780000
1.780003
1.980003
1.800001
1.819998
1.800001
1.819998
1.780000
1.819998
1.819998
1.820002
1.819998
1.820002
1.799997
1.819998
1.799997
1.820002
1.800001
1.800001
1.820002
1.800001
1.820002
1.800001
1.819998
1.820002
1.820002
1.820002
1.800001
1.820002
1.800001
1.800001
1.800001
1.820002
1.800001
1.800001
1.800001
1.800001
1.800001
1.820002
1.820002
1.820002
1.800001
1.819998
1.800001
1.820002
1.800001
1.839999
1.800001
1.819998
1.799997
1.820002
1.799997
1.820002
1.800001
1.820002
1.819998
1.819998
1.800001
1.840003
1.800001
1.800001
1.800001
1.800001
1.820002
1.839999
1.800001
1.820002
1.819998
1.800001
1.820002
1.819998
1.800001
1.820002
1.819998
1.820002
1.800001
1.819998
1.820002
1.819998
1.819998
1.819998
1.800001
1.820002
1.800001
1.840003
1.819998
1.819998
1.800001
1.820002
1.820002
1.839999
1.819998
1.819998
1.820002
1.800001
1.799997
1.800001
1.780000
1.800001
1.839999
1.820002
1.839999
1.819998
1.819998
1.819998
1.819998
1.819998
1.820002
1.839999
1.819998
1.819998
1.819998
1.820002
1.820002
1.799997
1.799997
1.820002
1.800001
1.820002
1.820002
1.820002
1.820002
1.839999
1.780000
1.819998
1.939997
1.820002
1.819998
1.839999
1.800001
1.839999
1.780000
1.819998
1.799997
1.819998
1.800001
1.820002
1.800001
1.819998
1.800001
1.819998
52.700002
1.820002
1.800001
1.800001
1.799997
1.819998
1.800001
1.800001
1.780000
1.819998
1.820002
1.800001
1.800001
2.080001
1.819998
1.800001
1.820002
1.800001
1.800001
1.819998
1.800001
1.800001
1.780000
1.820002
1.800001
1.780000
1.800001
1.799997
1.780000
1.800001
1.800001
1.820002
1.799997
1.819998
1.800001
1.800001
1.800001
1.819998
1.820002
1.820002
1.800001
1.820002
1.799997
1.800001
1.800001
1.900002
1.920000
1.819998
1.780003
1.800001
1.780000
1.800001
1.780000
1.799997
1.800001
1.800001
1.780000
1.799997
1.800001
1.819998
1.799997
1.819998
1.800001
1.800001
1.800001
1.819998
1.800001
1.800001
1.800001
1.780000
1.780000
1.820002
1.819998
1.820002
1.820002
1.839999
1.820002
1.839999
1.820002
1.820002
1.820002
1.800001
1.819998
1.819998
1.820002
1.820002
1.819998
1.820002
1.800001
1.819998
1.819998
1.799997
1.800001
1.800001
1.820002
1.840003
1.799997
1.860000
1.780000
1.820002
1.820002
1.799997
1.800001
1.819998
1.800001
1.820002
1.800001
1.940001
1.800001
1.819998
1.799997
1.800001
1.800001
1.800001
1.799997
1.819998
1.819998
1.820002
1.800001
1.820002
1.940001
1.820002
1.820002
1.799997
1.820002
1.820002
1.800001
1.819998
1.799997
1.819998
1.800001
1.819998
1.819998
1.819998
1.820002
1.819998
1.820002
1.819998
1.820002
1.820002
1.800001
1.800001
1.800001
1.819998
1.819998
1.820002
1.800001
1.820002
1.780003
1.800001
1.800001
1.960002
