477.866000
477.643000
477.544999
477.519000
477.713000
478.471002
478.017000
478.274001
477.604000
478.432000
477.521000
477.410000
477.520000
477.457000
477.600001
478.002001
477.685001
477.952000
487.054002
477.443000
477.263998
477.750000
478.046998
477.825001
477.760000
478.123000
477.516001
477.295000
477.453999
477.320999
477.841999
477.730000
478.142001
477.375001
477.335000
477.594001
478.405001
478.521001
478.265001
478.366001
478.295000
478.210000
477.990001
478.618000
477.634000
478.657000
477.756001
477.456000
478.170000
477.669999
477.410000
477.466000
477.632999
477.293000
477.414001
477.594001
477.484001
477.810999
478.011999
477.960000
477.863001
477.942999
478.435000
477.933999
477.993000
477.819001
478.178000
478.735000
477.824999
477.840999
489.141000
478.180001
477.510000
477.746001
477.697000
477.993000
478.027999
477.746999
477.650000
477.804000
477.357998
477.649000
477.729000
485.891001
477.836000
477.912001
477.748001
478.334000
477.560999
478.243001
477.779999
477.947000
478.204999
477.835000
477.890000
477.660000
489.252001
477.984000
477.412999
477.446999
478.340998
478.645001
478.282001
477.704000
477.729000
477.632999
477.544000
477.498999
477.497000
478.935000
478.110000
478.372000
478.011001
477.945000
477.743000
477.365000
477.549002
478.092000
477.612000
478.168001
478.454001
477.860000
478.509000
477.420000
478.111001
477.930000
477.541000
478.309000
477.558000
477.559999
478.396000
478.828000
477.964001
477.662999
487.238999
478.355000
477.995001
478.040999
477.573000
477.798000
478.480000
477.737000
477.779001
478.055000
477.691000
477.870001
477.508999
489.674000
477.982001
477.472000
477.521000
477.887999
477.584999
477.832001
477.879999
478.004999
478.202999
477.814000
478.071000
477.969998
490.100000
478.894999
477.774000
478.016000
477.747001
478.075000
477.651000
477.694999
478.162000
477.869999
478.023998
478.340000
478.086000
478.447000
477.516001
477.595001
478.374001
477.934001
477.482000
477.663999
477.688000
477.582000
477.705000
477.736000
477.460999
477.864001
478.377001
477.477001
477.854000
477.411000
477.769000
477.964001
477.636000
477.826001
477.458000
478.643000
477.549000
477.957001
477.721000
489.965999
477.835000
477.662999
478.026001
477.733999
477.681000
477.581000
477.715001
478.158001
477.294000
477.543000
477.819001
477.414999
488.001000
477.882000
478.902001
478.262000
478.032999
477.707000
477.756999
477.784000
477.572002
477.267001
478.075000
477.852000
477.545999
490.658000
477.844000
477.863001
478.011001
478.049999
477.394000
478.009000
477.994999
477.356000
477.442000
477.368999
477.371002
477.373000
488.180000
477.645000
477.413999
477.378000
477.512000
477.374999
477.653001
477.322001
477.460001
477.577999
477.573998
477.453999
477.472000
477.576001
486.567000
478.057999
477.660000
477.837000
477.343999
477.484999
477.835000
477.962000
477.751000
477.332000
477.434000
477.327000
477.557000
477.438999
486.527000
477.920001
477.319000
477.596000
477.296000
477.882000
477.286000
477.770999
477.149000
477.484001
477.231001
477.644000
477.214001
477.461001
477.903999
477.431001
477.321001
478.004001
477.279000
477.244001
477.196999
477.445999
477.421001
477.624999
478.425000
477.595000
477.578001
477.219999
478.287999
477.130001
477.791000
477.313001
477.541000
477.686001
478.164000
477.898000
477.507999
477.172999
477.500001
477.664001
478.181001
486.840999
477.681000
477.297999
477.492999
477.822000
477.459000
477.360001
477.113999
477.260999
477.505999
477.441000
477.583999
477.764999
477.291001
488.204001
477.999000
477.499001
477.333000
477.412000
477.595000
477.278000
477.324000
477.631001
477.382999
477.358999
477.760000
477.371000
477.316000
477.752000
477.704000
477.428000
477.903001
477.281000
477.490000
477.505000
478.104999
477.685999
477.781000
477.304000
478.602000
477.539999
477.627000
478.448000
477.632999
477.602001
477.324000
477.406001
477.242000
477.382999
477.656001
477.595001
477.445001
477.312000
477.518000
477.505000
485.949000
477.675999
477.197999
477.327000
477.604000
477.947000
477.282001
477.447001
477.965001
477.781000
477.454001
477.580000
477.324000
477.870001
486.439001
477.397000
477.486001
477.770001
477.299001
477.415999
477.448000
477.281000
477.434000
477.583000
477.301002
477.724999
477.345999
477.720000
485.270001
477.469999
478.006000
478.023000
477.314001
477.347000
477.948999
477.709999
477.525000
477.371000
477.525000
477.643000
477.530001
477.681998
488.192001
477.590000
477.281999
477.525000
477.162000
477.316000
477.746999
477.684001
477.716999
477.485999
477.322001
477.605000
477.415999
477.360001
477.902001
477.545999
477.242000
477.630999
477.516001
477.508999
477.288000
477.368001
477.782002
477.344999
477.516001
477.676000
477.690000
477.519000
478.256000
477.691999
477.524001
477.235001
477.149000
477.437001
477.378000
477.564000
477.818001
477.146000
477.426000
478.068000
477.311999
486.543000
478.087999
477.350000
478.064001
477.598999
477.696000
477.675000
477.329999
477.283999
477.197999
477.438999
477.120999
477.334999
477.396000
486.145999
477.494000
477.538001
477.427000
477.508001
477.737000
477.307001
477.350000
477.742000
477.446999
477.387000
477.593999
477.150001
477.563001
486.172000
477.476999
477.586001
477.762999
477.216000
477.418000
477.282001
477.389999
477.244999
477.373000
477.688001
477.646999
477.813000
477.410000
487.502001
477.849001
477.564000
477.202000
477.225000
477.550000
477.306999
477.567000
477.761000
477.521999
477.398001
477.417000
477.813000
477.136999
482.513001
477.417000
477.861999
477.722000
477.398999
477.382999
477.580000
477.442000
477.527998
477.178000
477.323001
477.578999
477.294000
477.505000
478.022000
477.810001
477.245001
477.514001
477.302000
477.398999
477.296000
477.471001
477.862999
477.245001
477.855999
477.452001
477.503002
477.570001
477.855001
477.664001
477.400001
477.388000
477.243999
477.240000
477.540001
477.475999
477.249999
477.351001
477.492999
477.345999
477.187999
485.630000
477.419000
477.272000
477.421999
477.435999
477.335000
477.411000
477.307001
477.210000
477.150001
477.333000
477.295000
477.638999
477.677001
485.338001
477.286000
477.254000
477.227999
477.328001
477.361999
477.393001
477.245001
477.386000
477.328001
477.342999
477.756999
477.653001
477.715999
485.631000
477.290999
477.383999
477.181999
478.267999
477.227001
477.819001
477.139000
477.336001
477.119001
477.392999
477.743000
477.612000
477.492001
485.491000
477.451999
477.591999
477.179000
477.156000
477.212999
477.202000
477.736000
477.491001
477.247000
477.425000
477.334000
477.293001
477.281000
485.571999
477.764001
477.342000
477.607999
477.457000
477.380000
477.392999
477.371000
477.364000
477.465000
477.421001
478.083000
477.334000
477.433000
478.017000
477.276001
477.255000
477.458000
477.390999
477.437001
477.365999
477.221001
477.709999
477.200000
477.449000
477.178000
477.358000
477.627000
477.849999
477.643000
477.343000
477.735000
477.329999
477.783000
477.528000
477.809001
477.278000
477.450000
477.229999
477.569999
477.617001
486.013999
477.640999
477.257000
477.494000
477.576001
477.423999
477.401000
477.312000
477.403000
477.188000
477.465998
477.452001
477.436999
477.426000
485.128000
477.542000
477.201000
477.381999
477.840001
477.624999
477.327000
477.611000
477.442998
477.262000
477.428999
477.522999
477.294000
477.527000
485.597000
477.316000
477.232000
477.220999
477.484999
477.235999
477.268001
477.260999
477.489999
477.396000
477.434000
477.589000
477.598000
477.446999
485.817000
477.568999
477.728000
477.395000
477.705000
477.747999
477.419000
477.358000
477.321999
477.291999
477.709999
477.609999
477.417002
477.306999
485.432999
477.481999
477.662001
477.096999
477.170000
477.475999
477.564001
477.246000
477.400001
477.214999
477.257999
477.250000
477.793001
477.253001
477.942999
477.358000
477.384999
477.299999
478.185000
477.215001
477.419000
477.242000
477.514999
477.545999
477.295000
477.348000
477.669001
477.297999
477.685001
477.884000
477.411000
477.583000
477.627998
477.467000
477.231001
477.340000
477.306001
477.312000
477.204999
477.383001
477.503998
477.372000
477.660000
477.180000
477.286000
477.418000
477.427000
477.321999
477.697000
477.807000
477.390001
477.545999
477.521000
477.340000
477.177002
486.093000
477.503000
478.026999
477.756001
477.636000
477.851000
477.519002
477.477999
477.485999
477.626001
477.547999
477.570001
477.283999
477.652999
486.717001
477.644000
477.545999
477.537999
477.675000
477.248000
477.611000
477.310000
477.783000
477.591000
477.434000
477.423001
477.240000
477.549000
484.474000
477.276001
477.422001
477.563001
477.421001
477.311000
477.254000
477.550000
477.316000
477.683999
477.169000
477.851000
477.378000
477.506999
485.680999
477.569001
477.694999
477.294000
477.365000
477.396999
477.412000
477.468001
477.316001
477.743000
477.376999
477.748999
477.227001
477.713000
485.632000
477.481000
477.404999
477.457000
477.854999
477.908000
477.533001
477.456002
477.623001
478.304999
477.777999
477.488000
477.434000
477.353001
478.112999
477.566998
478.034999
477.831000
477.759000
477.423001
477.352999
477.427000
477.856999
477.361999
477.802999
478.077000
477.732999
477.612000
477.897000
477.705000
477.478001
477.338001
477.647001
477.649000
477.500001
477.282001
477.775998
477.375001
477.883000
477.270000
477.449000
486.920999
477.622001
477.771999
477.539001
477.280000
477.565000
478.132000
477.481000
477.483001
477.312999
477.552000
477.479000
477.342000
477.144001
485.847000
477.895001
477.173001
477.272000
477.185002
477.295000
478.070000
477.461001
477.655001
477.182999
477.564000
477.406001
477.312000
477.144001
485.629002
477.806000
477.386001
477.182001
477.221001
477.873001
477.821000
477.524001
477.348000
477.523001
477.384999
477.128999
477.782000
477.279000
485.390998
478.082001
477.630999
477.872999
477.822999
477.774000
477.487000
477.968000
477.373000
478.432002
477.351001
477.340002
477.236001
477.305999
477.972001
477.544999
477.189999
477.307001
477.567000
477.503000
477.495002
477.609001
477.185000
477.309000
477.119999
477.202998
477.762001
477.311999
477.812000
477.427999
477.518000
477.458000
477.507001
477.141000
477.491001
477.189999
477.395000
477.410002
477.255000
477.605000
477.459000
485.776000
477.397000
477.271000
477.374000
477.746999
477.441000
477.241000
477.228999
477.194998
477.720000
477.271000
477.496000
477.343000
477.330001
484.950000
477.506001
477.604000
477.545999
477.535000
477.348000
477.205001
477.722000
477.782002
477.870999
477.245001
477.469999
477.188000
477.521000
486.557001
477.883000
477.347000
477.661999
477.389000
477.542000
477.261001
477.543000
477.299001
477.489999
477.530001
477.278000
477.297001
477.438001
486.306001
478.696000
477.716001
477.751000
477.752000
477.658000
477.675000
477.333998
477.259999
477.660000
478.081999
477.863999
477.415001
477.440000
484.883001
477.410000
477.592001
477.518000
477.396000
477.530001
477.357000
477.301000
477.333000
477.420999
477.141000
477.282001
477.285000
477.387000
