267.336000
268.742000
267.581000
268.100000
266.654000
261.473000
266.394000
266.736000
244.630000
265.866000
253.776000
266.362000
265.389000
266.521000
267.043000
267.542000
267.605000
265.799000
269.650000
266.186000
265.577000
267.475000
265.048000
264.473000
265.936000
267.341000
237.991000
266.112000
267.257000
268.125000
265.479000
268.143000
266.988000
267.907000
268.331000
266.553000
266.405000
262.772000
267.109000
264.290000
267.541000
265.303000
267.825000
267.076000
267.484000
265.177000
266.130000
240.842000
266.262000
266.167000
267.210000
267.363000
266.462000
267.523000
267.600000
268.194000
268.651000
255.532000
267.660000
267.050000
266.770000
266.867000
270.716000
266.584000
267.719000
267.076000
239.185000
267.592000
252.420000
264.415000
263.305000
265.451000
245.217000
266.464000
266.238000
258.433000
244.405000
256.023000
266.904000
266.910000
266.396000
267.382000
266.355000
237.848000
265.043000
238.071000
265.970000
266.266000
267.421000
267.774000
267.743000
265.469000
267.291000
248.042000
250.326000
266.910000
267.210000
267.800000
237.327000
264.932000
266.531000
268.606000
245.970000
253.322000
265.154000
267.804000
267.849000
265.901000
265.557000
265.377000
274.938000
267.089000
247.786000
266.787000
264.628000
266.421000
267.245000
260.144000
267.620000
258.842000
265.655000
269.861000
263.714000
265.328000
266.886000
266.120000
265.633000
265.318000
267.149000
265.891000
266.824000
264.734000
266.121000
264.425000
265.539000
265.259000
265.057000
267.526000
242.728000
246.551000
263.777000
266.834000
268.233000
269.807000
266.504000
265.767000
267.069000
258.302000
264.726000
266.781000
265.200000
265.577000
265.902000
267.010000
266.003000
264.147000
266.636000
266.571000
271.313000
266.492000
265.197000
265.895000
270.878000
266.293000
264.916000
253.035000
267.172000
266.212000
267.237000
265.269000
267.105000
265.105000
266.392000
267.597000
266.561000
249.150000
265.727000
269.462000
266.603000
267.032000
266.060000
242.281000
266.407000
274.310000
264.381000
252.543000
265.633000
265.146000
266.409000
251.440000
246.238000
265.533000
265.999000
266.333000
265.761000
246.719000
267.240000
247.701000
267.090000
265.883000
258.622000
265.009000
265.301000
265.009000
241.348000
265.559000
265.764000
265.295000
238.038000
265.537000
265.522000
267.270000
266.580000
266.468000
264.196000
244.899000
265.865000
264.891000
265.434000
263.467000
266.622000
266.368000
266.031000
264.735000
265.996000
265.688000
267.937000
267.038000
264.966000
267.271000
267.223000
265.829000
266.805000
245.743000
265.722000
263.528000
266.753000
271.666000
267.584000
256.904000
264.421000
267.366000
267.433000
242.031000
270.875000
266.635000
266.481000
267.927000
268.159000
265.676000
266.559000
265.848000
265.885000
249.591000
265.053000
264.110000
266.964000
265.717000
265.393000
269.053000
234.432000
265.396000
268.147000
272.296000
264.661000
265.332000
265.021000
255.007000
266.710000
265.755000
261.394000
256.413000
247.802000
264.410000
265.488000
267.851000
266.600000
265.763000
268.166000
265.842000
265.016000
267.017000
267.778000
250.978000
264.179000
266.142000
266.798000
266.464000
266.650000
265.694000
265.117000
267.128000
266.064000
265.118000
266.684000
265.587000
266.312000
267.828000
264.357000
264.888000
265.908000
253.413000
265.074000
265.658000
246.470000
269.728000
248.541000
265.421000
265.733000
255.744000
266.057000
265.740000
245.083000
267.190000
264.566000
264.268000
268.888000
266.543000
265.835000
265.498000
267.685000
267.083000
264.965000
265.342000
264.701000
266.700000
264.931000
267.067000
266.773000
265.915000
260.849000
269.115000
260.930000
243.609000
265.853000
270.317000
261.276000
265.274000
264.682000
251.874000
250.498000
265.480000
266.078000
240.109000
265.921000
266.277000
268.265000
242.892000
265.995000
265.583000
265.927000
264.635000
260.362000
265.579000
266.701000
266.098000
267.162000
271.484000
266.226000
265.800000
265.544000
266.533000
266.062000
267.094000
266.828000
266.401000
265.650000
266.754000
265.143000
264.691000
266.364000
266.832000
266.397000
267.239000
240.290000
268.300000
264.727000
266.778000
266.236000
268.583000
266.782000
244.167000
265.724000
266.884000
267.306000
266.495000
264.596000
265.974000
240.898000
265.538000
265.273000
266.571000
266.002000
265.894000
271.690000
257.360000
264.977000
266.584000
264.697000
266.162000
265.598000
265.086000
266.189000
265.009000
245.598000
260.623000
247.791000
238.680000
251.658000
265.945000
265.825000
266.272000
240.142000
264.986000
248.708000
265.063000
270.636000
267.593000
266.407000
250.857000
271.356000
267.385000
266.473000
264.127000
248.996000
265.353000
266.832000
257.910000
265.968000
265.054000
267.866000
272.001000
265.735000
265.227000
267.278000
266.367000
265.535000
265.650000
265.902000
265.900000
265.631000
264.706000
267.737000
265.738000
248.892000
236.674000
265.136000
264.947000
267.730000
266.502000
263.879000
256.924000
265.982000
266.993000
255.680000
264.998000
244.524000
266.241000
269.038000
259.785000
267.495000
265.861000
270.037000
266.678000
268.522000
259.280000
266.662000
266.036000
265.121000
266.920000
267.938000
265.540000
265.656000
269.953000
266.919000
266.139000
266.544000
266.241000
265.802000
265.366000
266.722000
244.967000
249.203000
266.964000
240.526000
267.490000
265.992000
264.365000
266.468000
267.342000
264.672000
265.881000
267.474000
266.554000
264.907000
270.808000
266.408000
264.954000
245.514000
265.135000
245.492000
265.916000
270.605000
254.787000
265.854000
264.783000
266.702000
266.702000
241.276000
266.482000
266.238000
266.064000
265.819000
268.977000
260.899000
265.684000
266.001000
267.600000
264.917000
237.196000
266.041000
265.798000
265.051000
266.230000
239.921000
266.041000
266.656000
266.109000
264.798000
259.041000
244.313000
267.119000
265.316000
248.112000
266.391000
269.141000
266.052000
265.096000
266.385000
245.939000
265.474000
266.714000
266.913000
265.452000
264.792000
259.658000
271.015000
265.258000
266.461000
266.422000
266.630000
265.033000
266.438000
243.738000
266.987000
266.410000
266.806000
265.946000
254.476000
265.532000
265.199000
234.212000
267.160000
266.089000
249.297000
266.104000
265.636000
265.033000
268.938000
266.224000
264.204000
272.081000
267.532000
246.848000
266.010000
268.215000
266.493000
266.700000
251.591000
269.105000
265.375000
244.722000
265.580000
266.687000
264.312000
253.252000
263.891000
265.470000
264.885000
246.134000
264.916000
264.773000
249.016000
271.361000
265.957000
264.366000
265.739000
267.381000
266.989000
242.129000
264.788000
241.513000
268.019000
264.909000
267.517000
266.496000
265.679000
265.831000
267.582000
266.020000
266.157000
265.724000
264.669000
245.054000
266.660000
254.626000
268.187000
266.249000
265.308000
245.928000
264.310000
266.279000
265.223000
266.439000
259.771000
246.114000
237.034000
265.055000
259.589000
265.174000
268.015000
265.621000
266.541000
267.893000
270.993000
264.752000
264.809000
268.155000
266.820000
266.822000
265.565000
264.545000
266.442000
265.657000
264.454000
269.509000
266.024000
266.584000
266.054000
268.149000
264.300000
266.110000
265.649000
265.885000
264.742000
266.673000
265.966000
265.459000
266.279000
244.905000
259.648000
241.405000
267.120000
237.151000
271.718000
266.425000
258.821000
266.002000
264.403000
266.287000
265.025000
236.538000
267.831000
264.609000
265.012000
270.343000
266.878000
266.644000
264.536000
269.887000
267.431000
266.493000
266.313000
265.874000
267.358000
261.920000
269.389000
265.918000
266.577000
265.298000
251.315000
255.774000
261.141000
266.332000
265.231000
265.610000
263.833000
265.515000
263.788000
265.864000
267.027000
253.536000
265.330000
266.784000
238.610000
265.537000
265.880000
241.986000
264.522000
265.878000
241.047000
265.870000
270.156000
248.430000
266.758000
264.049000
266.459000
246.817000
264.735000
265.423000
265.629000
267.472000
265.843000
268.579000
270.267000
263.904000
265.810000
268.596000
266.040000
265.583000
261.510000
266.017000
265.060000
265.020000
265.141000
265.787000
266.843000
266.291000
269.054000
265.391000
265.774000
266.175000
269.931000
265.178000
265.080000
267.802000
270.009000
266.745000
268.550000
252.287000
265.596000
265.061000
267.127000
268.710000
249.395000
265.054000
265.878000
268.596000
266.334000
265.665000
266.142000
265.692000
263.621000
253.880000
263.178000
266.452000
265.582000
266.796000
267.059000
266.017000
267.283000
265.044000
265.596000
266.649000
264.875000
267.288000
245.066000
264.407000
265.558000
269.686000
266.191000
267.675000
267.034000
268.987000
248.473000
264.191000
265.336000
265.024000
265.787000
266.600000
258.759000
265.343000
266.842000
265.263000
257.388000
264.330000
266.247000
266.356000
263.908000
267.624000
265.290000
266.101000
266.248000
267.995000
266.436000
249.449000
258.915000
242.875000
267.040000
269.561000
265.643000
241.287000
265.277000
265.353000
265.902000
266.460000
267.221000
266.097000
266.894000
266.087000
262.475000
239.710000
266.802000
264.375000
268.073000
264.581000
267.617000
267.153000
265.828000
265.494000
238.503000
266.115000
265.640000
235.691000
265.304000
255.865000
267.604000
266.981000
267.083000
248.427000
245.148000
254.017000
266.357000
267.709000
266.863000
265.598000
265.539000
267.729000
264.972000
263.142000
268.377000
267.846000
266.138000
266.624000
267.641000
266.165000
241.838000
265.607000
265.293000
265.991000
265.720000
270.477000
266.666000
253.193000
265.114000
250.239000
266.335000
265.916000
266.991000
269.140000
256.005000
264.522000
267.379000
265.729000
266.085000
265.479000
255.703000
267.210000
265.292000
268.209000
265.660000
248.720000
264.536000
269.202000
266.453000
264.181000
266.025000
265.127000
266.412000
265.359000
269.728000
264.336000
264.855000
265.619000
246.125000
266.337000
236.499000
265.465000
265.551000
277.155000
254.886000
265.759000
266.725000
252.298000
265.107000
266.598000
266.416000
265.793000
264.704000
266.364000
264.406000
265.802000
265.306000
273.459000
236.034000
266.734000
247.335000
266.133000
266.188000
264.275000
265.484000
266.573000
268.136000
266.753000
279.225000
261.007000
267.052000
258.286000
266.240000
264.622000
266.452000
264.647000
265.427000
266.881000
268.138000
278.974000
265.183000
265.391000
265.892000
242.514000
266.812000
266.881000
266.122000
266.018000
265.063000
256.962000
260.400000
264.725000
256.472000
266.259000
266.196000
266.338000
265.936000
266.187000
265.375000
266.285000
265.533000
276.892000
260.790000
248.003000
266.795000
256.387000
265.363000
265.094000
264.183000
255.062000
264.974000
267.047000
272.276000
266.178000
265.115000
265.306000
264.978000
266.574000
264.755000
265.881000
266.693000
267.812000
265.439000
265.073000
244.173000
264.792000
272.213000
241.561000
265.438000
265.612000
265.241000
264.007000
258.669000
267.506000
266.596000
264.716000
266.285000
264.397000
263.936000
267.884000
244.927000
263.472000
265.267000
262.710000
