0.331000
0.324000
0.324000
0.327000
0.325000
0.325000
0.323000
0.326000
0.325000
0.374001
0.326000
0.324000
0.325999
0.325000
0.326000
0.324001
0.326000
0.328001
0.326000
0.326000
0.325001
0.325000
0.326000
0.325000
0.326000
0.324000
0.326000
0.326000
0.326000
0.324001
0.325000
0.325000
0.325000
0.326000
0.326000
0.324000
0.327000
0.325999
0.328000
0.325999
0.322999
0.327000
0.325000
0.325000
0.322999
0.323000
0.326000
0.327000
0.322999
0.322000
0.323000
0.323000
0.326000
0.321000
0.325999
0.325000
0.326000
0.324001
0.326000
0.324000
0.325999
0.322000
0.326000
0.322999
0.324000
0.326000
0.325999
0.323000
0.326000
0.328000
0.325000
0.325000
0.326000
0.321000
0.326000
0.329000
0.325000
0.325000
0.325000
0.325000
0.325999
0.324000
0.325999
0.325999
0.328000
0.322999
0.328000
0.325000
0.328001
0.325000
0.328000
0.326000
0.325001
0.328000
0.324000
0.322999
0.326000
0.326000
0.325999
0.325000
0.326000
0.324000
0.325999
0.326000
0.326000
0.325001
0.326000
0.324000
0.326000
0.325000
0.328000
0.324000
0.324000
0.324000
0.325000
0.324001
0.328000
0.322000
0.325999
0.325000
0.325999
0.326000
0.326000
0.325000
0.326000
0.322000
0.325999
0.322000
0.328001
0.326000
0.326000
0.326000
0.325999
0.325001
0.326000
0.328001
0.328000
0.324000
0.325999
0.324000
0.325000
0.323000
0.326000
0.325000
0.328000
0.326000
0.326000
0.322999
0.328001
0.324000
0.325000
0.326000
0.326000
0.326000
0.325999
0.325000
0.325000
0.325000
0.326000
0.325000
0.325999
0.326999
0.326000
0.324001
0.328000
0.322999
0.328000
0.324001
0.326000
0.323000
0.326000
0.323000
0.325000
0.326000
0.326000
0.323000
0.326000
0.328001
0.326000
0.325999
0.325000
0.325000
0.325000
0.325999
0.328000
0.325000
0.325001
0.328000
0.325000
0.324001
0.326000
0.326999
0.322999
0.436001
0.325000
0.325000
0.326000
0.321000
0.326000
0.324001
0.326000
0.326999
0.326000
0.321000
0.325001
0.324001
0.325999
0.326000
0.326000
0.329000
0.323000
0.324000
0.326000
0.324000
0.325999
0.324000
0.326999
0.325000
0.326000
0.326000
0.324000
0.321000
0.326000
0.326000
0.326000
0.326000
0.325001
0.325000
0.326000
0.325999
0.325000
0.325000
0.325000
0.326000
0.325999
0.326000
0.327000
0.324001
0.327000
0.327000
0.328000
0.325000
0.326000
0.326000
0.325000
0.322999
0.325999
0.326000
0.326000
0.325000
0.326000
0.327000
0.326000
0.322999
0.324000
0.326000
0.325000
0.326000
0.326000
0.324000
0.325999
0.325000
0.326000
0.325000
0.326000
0.323000
0.326000
0.325001
0.326000
0.325000
0.328000
0.326000
0.326000
0.323000
0.326000
0.329999
0.323000
0.326000
0.328000
0.329000
0.323000
0.324001
0.324001
0.325000
0.324000
0.329000
0.326000
0.323000
0.326000
0.321000
0.326000
0.325000
0.325999
0.325999
0.326000
0.328000
0.326000
0.325000
0.326000
0.326000
0.325000
0.326000
0.325000
0.322000
0.325000
0.324001
0.328000
0.325000
0.328000
0.326000
0.323000
0.324000
0.328001
0.325000
0.325999
0.326000
0.326000
0.324001
0.326000
0.324001
0.323000
0.325001
0.326000
0.323000
0.325000
0.324000
0.325000
0.328000
0.326000
0.325000
0.326000
0.323000
0.326000
0.325000
0.328001
0.329000
0.328000
0.321000
0.328000
0.323000
0.325000
0.325000
0.328001
0.321000
0.326000
0.323000
0.326000
0.325000
0.325000
0.326000
0.325000
0.326000
0.324000
0.325000
0.325999
0.326000
0.326000
0.326000
0.322999
0.325000
0.322999
0.323000
0.326000
0.326000
0.328001
0.324000
0.324001
0.324000
0.325999
0.325000
0.328000
0.326000
0.321000
0.329000
0.321000
0.322999
0.326000
0.324000
0.325000
0.328000
0.325999
0.325000
0.325000
0.325999
0.322999
0.326000
0.325000
0.329000
0.325000
0.321000
0.326000
0.325001
0.326000
0.324001
0.326000
0.325000
0.322000
0.326000
0.326000
0.326000
0.325000
0.324001
0.324001
0.327000
0.326000
0.325000
0.325000
0.325000
0.326000
0.326000
0.326000
0.325000
0.325000
0.321000
0.326000
0.324000
0.325000
0.324001
0.326000
0.325000
0.325001
0.325000
0.326000
0.326000
0.326000
0.323000
0.325000
0.325999
0.325999
0.327000
0.326000
0.326000
0.325999
0.325000
0.326000
0.324001
0.328000
0.325000
0.326000
0.325000
0.325000
0.326000
0.325999
0.325000
0.326000
0.322000
0.324000
0.325000
0.325000
0.324000
0.328001
0.323000
0.325000
0.325000
0.326000
0.324001
0.325999
0.327000
0.325999
0.328001
0.326000
0.324001
0.326000
0.321000
0.326000
0.328001
0.323000
0.322999
0.325000
0.326000
0.326000
0.325000
0.326000
0.324001
0.325000
0.326000
0.326999
0.325000
0.326000
0.325000
0.326000
0.325000
0.328000
0.325000
0.326000
0.321000
0.327000
0.323000
0.328000
0.326000
0.326000
0.324001
0.325000
0.325001
0.326000
0.325000
0.325000
0.324001
0.322000
0.327000
0.326000
0.322000
0.326000
0.326000
0.326000
0.326000
0.326000
0.326000
0.325000
0.327000
0.326000
0.324001
0.326000
0.324000
0.325000
0.322999
0.325000
0.322000
0.322999
0.325000
0.326000
0.326000
0.326000
0.323000
0.321000
0.326000
0.325999
0.321000
0.325999
0.322999
0.326000
0.322999
0.326000
0.325000
0.325999
0.325000
0.326000
0.324001
0.325999
0.322000
0.323000
0.326000
0.326000
0.325001
0.325000
0.326000
0.325000
0.326000
0.326000
0.325000
0.325000
0.324000
0.327000
0.325000
0.326000
0.324000
0.326000
0.326000
0.328000
0.324001
0.326000
0.326000
0.326000
0.324001
0.323000
0.326999
0.326000
0.322000
0.326000
0.323000
0.326000
0.323000
0.328001
0.328000
0.325000
0.322999
0.322000
0.325000
0.328000
0.325000
0.326000
0.323000
0.323000
0.326000
0.326000
0.324001
0.328000
0.323000
0.325000
0.321000
0.326000
0.325001
0.328000
0.326999
0.326000
0.324001
0.326000
0.327000
0.324000
0.325000
0.326000
0.321000
0.326000
0.323000
0.325999
0.324001
0.326000
0.321000
0.325999
0.321000
0.326000
0.325000
0.326000
0.325000
0.326000
0.325999
0.326000
0.325000
0.328001
0.325000
0.328000
0.324000
0.326000
0.325000
0.326000
0.326000
0.326000
0.323000
0.325001
0.325000
0.326000
0.323000
0.326000
0.325000
0.326000
0.324000
0.326000
0.325000
0.326000
0.325001
0.325999
0.323000
0.325000
0.325000
0.326000
0.322000
0.326000
0.323000
0.325000
0.321001
0.325000
0.328000
0.324001
0.321000
0.322999
0.327000
0.324001
0.324000
0.326000
0.321000
0.328000
0.325000
0.325000
0.328000
0.326000
0.326000
0.325999
0.327000
0.326000
0.323000
0.326000
0.325000
0.326000
0.324000
0.325000
0.326000
0.326000
0.322999
0.325000
0.323000
0.326000
0.325000
0.324000
0.326000
0.326000
0.325000
0.325001
0.325001
0.324000
0.325001
0.328001
0.325000
0.328000
0.325000
0.328001
0.324000
0.324000
0.325001
0.326000
0.323000
0.325999
0.321000
0.326000
0.327000
0.325000
0.328000
0.326000
0.327000
0.324000
0.325000
0.326000
0.324000
0.324001
0.325000
0.328000
0.326999
0.325000
0.326000
0.326000
0.324000
0.328001
0.324001
0.326000
0.325000
0.324000
0.324000
0.326000
0.325001
0.326000
0.324001
0.326000
0.324001
0.326000
0.325000
0.326000
0.325000
0.326000
0.324000
0.326000
0.326000
0.326000
0.326000
4.767000
0.322000
0.325001
0.321001
0.325000
0.328000
0.324000
0.323000
0.324001
0.327000
0.324001
0.325000
0.324000
0.322999
0.324000
0.326000
0.324000
0.325999
0.328001
0.322000
0.324000
0.326000
0.324000
0.325000
0.324000
0.322000
0.325000
0.325000
0.324001
0.324000
0.324001
0.325000
0.324000
0.322000
0.323000
0.326000
0.324000
0.322000
0.325000
0.322999
0.324001
0.325000
0.324000
0.323000
0.324000
0.324000
0.324001
0.325000
0.324000
0.324000
0.324000
0.325001
0.328000
0.325000
0.328000
0.325000
0.324000
0.325000
0.324001
0.326000
0.324001
0.323000
0.324001
0.322000
0.324000
0.325000
0.324000
0.327000
0.324000
0.323000
0.324000
0.325000
0.324000
0.325000
0.324000
0.323000
0.326000
0.322000
0.324001
0.325000
0.324000
0.323000
0.324000
0.326000
0.328000
0.325000
0.324000
0.325999
0.324000
0.325001
0.323000
0.325999
0.324001
0.325000
0.324000
0.325000
0.324000
0.323000
0.324000
0.322000
0.324001
0.323000
0.326999
0.321000
0.324000
0.325000
0.324000
0.321000
0.322999
0.326000
0.324000
0.324000
0.324000
0.322000
0.324000
0.323000
0.325000
0.323000
0.326000
0.324000
0.324000
0.325000
0.328001
0.324000
0.328000
0.324001
0.328000
0.322000
0.324001
0.321000
0.324000
0.326999
0.324000
0.323000
0.324001
0.321001
0.324001
0.325000
0.324001
0.323000
0.324000
0.322000
0.324001
0.322000
0.325000
0.322999
0.324001
0.325000
0.324001
0.323000
0.326000
0.323000
0.324001
0.325999
0.326000
0.326000
0.324001
0.326999
0.324000
0.328001
0.326000
0.327000
0.324001
0.322999
0.322999
0.328000
0.324000
0.325999
0.325000
0.324000
0.324000
0.325000
0.324000
0.326000
0.324000
0.326000
0.326999
0.326000
0.324000
0.326000
0.324000
0.324001
0.328000
0.324000
0.325000
0.326000
0.324000
0.322000
0.328000
0.322999
0.324000
0.325000
0.325000
0.326000
0.324000
0.324000
0.324000
0.326000
0.324000
0.323000
0.324001
0.325000
0.325000
0.326000
0.324000
0.324001
0.324000
0.323000
0.324001
0.324000
0.324000
0.324000
0.322000
0.323000
0.328000
0.323000
0.326000
0.325000
0.327000
0.326000
0.322000
0.329000
0.324000
0.324000
0.325000
0.326000
0.324000
0.324000
0.324000
0.326000
0.324000
0.326000
0.324000
0.325000
0.328000
0.323000
0.324000
0.325000
0.328000
0.324001
0.325000
0.321999
0.324001
0.322000
0.324001
0.324001
0.324000
0.324001
0.324000
0.325000
0.324000
0.325000
0.324000
0.324000
0.324001
0.323000
0.324000
0.324001
