516.960001
517.940001
518.999999
522.480000
515.900000
523.159999
518.300001
515.900000
520.480000
522.260000
520.099999
520.000000
523.300000
519.220000
537.900000
540.320000
520.560000
523.480000
517.639999
520.120000
520.740001
515.920000
516.899999
514.280000
517.960000
517.200000
520.120000
520.440000
522.620001
520.360000
520.240000
539.640000
537.560000
539.799999
516.780000
517.100000
518.820000
522.920000
514.980000
524.160000
523.480000
523.360000
517.760000
517.320000
521.400000
521.140000
520.339999
518.360000
518.040000
532.960000
533.380000
520.940000
520.160000
517.140000
519.180000
516.980000
516.440000
518.340000
518.600000
518.500000
517.180000
523.600001
518.380000
518.220000
520.479999
515.920000
524.839999
537.280000
539.140000
521.640000
514.420000
519.500000
517.920000
520.680000
519.880000
517.000000
518.420001
519.780000
520.740000
520.640001
522.300000
519.960000
519.120000
522.680000
533.740000
541.580000
521.880000
522.600001
515.180000
519.719999
522.620000
515.800000
515.180000
516.960001
524.420001
518.420001
515.880000
524.740000
525.280001
519.300001
519.600000
523.620000
539.480000
545.620000
519.680000
521.260000
520.300000
515.480000
516.660000
516.780000
518.540000
519.580000
519.180000
520.959999
522.140000
518.080001
517.040000
523.360000
519.880000
532.800000
541.700001
518.840000
523.060000
515.240000
520.400000
522.400000
521.860001
516.520000
516.180000
521.760000
516.200000
519.979999
516.680000
520.980000
518.880000
518.000000
540.899999
533.160000
543.120001
519.080000
521.439999
517.220001
520.340000
520.160000
521.600000
519.780000
518.460000
518.019999
520.400000
522.340000
521.220000
520.560000
520.640001
515.440000
533.360000
539.100000
522.200000
521.819999
523.159999
517.880000
521.240000
519.320000
519.780000
520.040000
519.320000
519.820000
517.980000
519.080000
517.659999
520.360000
519.680000
554.260000
538.840001
540.380000
521.180000
519.620000
519.040001
518.700000
520.520000
515.120000
520.780000
515.740000
520.640000
520.000000
517.300000
517.580001
518.360000
519.160000
524.200000
534.200000
543.180000
517.759999
517.460000
519.900000
518.880000
515.540000
521.800000
522.640000
517.300000
519.760001
521.300000
518.139999
520.240000
519.100000
523.840000
522.520000
541.920000
535.060001
540.280000
519.300000
518.720000
519.520000
520.140000
521.180000
519.800000
522.900000
518.920000
522.940001
518.420000
520.900000
516.880000
515.100000
518.520000
520.380000
538.740001
541.119999
520.800000
520.900000
519.739999
519.260000
521.240000
520.280000
520.260000
521.920000
520.500001
517.379999
519.780000
522.560000
519.060001
521.600001
519.499999
534.100000
541.540001
517.880000
521.699999
519.000000
516.200000
518.260000
516.360000
515.980000
520.880000
521.300000
520.959999
515.980001
523.039999
518.180000
518.800000
518.440000
521.200000
535.660001
541.220000
524.120000
525.940000
523.020000
519.000000
518.160000
516.020000
513.180000
520.340000
518.320001
518.000000
520.420000
518.399999
520.360000
517.260000
521.860000
532.740000
540.840000
535.180000
520.700000
521.600000
517.340000
521.600000
522.600000
519.280000
517.259999
522.840001
518.520000
519.420001
520.660001
523.440000
517.520000
521.600001
520.060000
535.500000
539.740000
521.060000
521.319999
517.540000
516.180000
520.300000
518.200000
518.460000
520.880000
522.500000
521.260001
518.340000
520.240000
523.780000
523.960001
523.920000
536.259999
538.260000
521.480000
521.160000
519.660000
517.000000
521.380000
523.920001
515.600000
522.059999
519.940000
517.520000
521.980000
521.880000
518.259999
523.659999
514.420000
520.200000
544.160000
543.580000
522.940001
522.900000
518.540000
520.959999
517.600000
520.480000
516.840000
519.380000
520.400000
524.420000
522.980000
529.100000
524.280000
528.560000
539.960000
551.780000
542.979999
521.920000
522.580000
522.640000
521.260001
520.400001
523.500000
538.040000
526.460000
542.280001
525.640000
530.100000
521.120001
523.600000
528.840001
540.840000
537.760000
556.560000
529.860000
534.920000
536.140000
526.180000
524.879999
524.940000
537.500000
530.619999
535.839999
528.160000
523.900000
519.099999
520.820000
518.760000
541.460000
545.340000
522.860000
522.220001
522.980000
517.020000
519.180001
521.300000
520.500001
517.280000
517.340000
517.260000
522.100000
521.500000
518.000000
519.359999
518.340000
543.700000
540.140000
544.380000
521.840000
523.380000
520.000000
523.980000
516.700000
518.519999
517.220000
522.880000
518.340000
515.960000
517.580000
518.840000
517.600001
518.000000
516.220001
537.720000
540.880000
517.140000
519.140000
517.680000
516.980000
521.400000
520.020000
524.100000
518.100000
520.660000
520.300000
520.860001
521.540000
519.380000
522.200000
517.760000
545.380000
537.380001
515.380000
517.140000
523.820001
519.320000
521.199999
515.380001
522.920000
517.040000
517.760000
521.200000
516.340001
521.060000
519.040000
521.560000
520.839999
544.220001
537.359999
546.980000
519.739999
519.020000
520.040001
521.820000
520.720000
514.880000
516.500000
516.840001
522.840000
520.180000
518.780001
520.220000
523.980000
521.480001
522.160000
535.420001
541.120000
521.380000
521.780000
522.160000
518.000000
519.060000
520.100000
516.620000
515.120001
517.620000
518.519999
521.100000
522.000000
525.040000
521.100000
520.640001
538.820000
544.460000
523.140000
523.120000
518.200000
519.219999
517.740000
521.360000
519.960000
517.299999
515.439999
521.440000
516.680000
519.599999
521.800000
518.580000
520.960000
536.740000
547.220000
521.440000
517.620000
519.720000
521.920000
518.460000
521.980000
520.980000
519.860000
523.220000
519.340000
519.120000
520.140000
517.420000
520.500001
519.880000
544.140000
540.440000
546.519999
519.960000
516.780000
511.760000
520.599999
521.800000
517.840000
517.720000
519.499999
520.500000
518.280000
520.839999
520.020000
517.260000
520.100000
518.320000
535.200000
545.220000
519.740000
517.920000
519.400000
523.580000
520.940000
519.520000
518.560000
521.660000
521.439999
519.080000
517.760000
516.919999
520.320000
515.880000
519.320000
537.840000
544.580000
523.180000
521.699999
520.760000
519.720000
520.820000
516.760000
518.460000
518.480000
518.000000
521.540000
515.680000
522.580001
516.960000
516.200000
519.780000
544.079999
533.720000
543.640000
519.880001
521.140000
515.660000
521.380001
519.340000
521.560000
519.780001
519.220000
522.620000
518.360000
524.060000
517.140000
517.120000
521.080000
519.099999
540.300000
543.480000
517.640000
520.200000
520.020000
517.100001
517.000000
519.320000
518.940000
519.140000
521.780000
519.440000
526.700000
520.579999
520.540000
518.620000
522.600000
543.339999
536.140000
521.700000
524.979999
519.680000
524.640000
522.520000
515.680000
525.560000
536.180000
532.960000
522.520000
524.580000
535.460000
538.400000
527.260000
521.120000
557.580000
545.000000
520.780000
519.839999
521.160000
520.880001
516.360000
523.040000
519.780000
518.960000
518.600000
520.240000
522.780000
520.000000
517.860000
518.240000
519.540000
544.760000
535.400000
522.400000
518.260000
517.780000
519.140000
522.279999
519.200000
521.300000
519.840000
517.760000
519.959999
520.599999
516.860000
520.220000
519.580000
522.980000
543.980000
539.439999
536.680000
522.860000
520.560000
520.560000
522.180000
520.500001
520.660000
516.260000
521.820000
519.700000
519.800000
519.480000
519.760001
516.640000
517.779999
522.020000
539.600001
544.199999
521.640001
521.579999
522.480000
520.120000
516.540000
517.660000
518.780001
519.100000
515.880000
517.100000
514.940000
519.140000
522.639999
521.800000
521.320000
538.240000
544.020000
518.400000
522.960000
523.760000
517.899999
519.740000
517.920000
522.840000
521.280000
519.940000
518.379999
521.240000
519.600000
519.600000
523.880000
528.140000
541.360000
531.280001
548.099999
516.480000
519.040001
523.340000
516.720000
517.740000
522.320000
518.840000
522.240001
521.040000
519.420000
521.140000
523.000000
520.540001
519.340000
543.020000
537.740000
544.040000
519.800000
520.400001
518.440000
518.000000
520.700000
521.840000
520.479999
520.980000
523.980000
520.580000
519.280000
517.580000
519.060000
524.280000
522.180000
538.660000
542.500000
521.340000
522.820001
515.780000
517.120000
521.200000
520.380000
523.840000
520.160000
524.980000
517.340000
522.200000
515.200000
518.440000
524.440000
520.960000
538.060000
545.340000
517.180000
519.700000
526.220000
518.519999
523.940001
523.200000
516.500000
525.239999
520.960000
522.140000
522.659999
513.820000
520.240000
519.959999
522.160000
541.000000
542.180000
522.660000
519.379999
520.980000
520.340000
519.040000
514.359999
522.200000
518.940000
521.720000
523.240000
516.120000
521.520000
521.200000
516.040000
521.840001
539.360001
536.280001
539.360001
517.440001
519.200000
518.200000
515.860001
519.060000
522.320000
519.740000
521.280000
520.099999
520.980000
519.540001
517.419999
518.100000
524.980000
522.660000
540.480000
541.480000
521.600001
515.219999
517.880000
514.860000
519.220000
518.920001
524.520000
521.160000
516.960001
517.620000
519.880000
520.040000
522.300000
519.320000
522.480000
539.440000
546.120000
521.540000
519.100000
523.280000
520.660000
517.520000
517.140000
519.060001
517.240000
522.480000
519.660000
520.300000
518.640000
522.540000
514.800000
520.040000
545.880000
541.400000
518.220000
522.060000
519.119999
520.780000
518.840000
519.220000
519.340000
520.980000
523.660000
523.020000
519.820000
522.100000
517.740000
520.360000
518.660000
518.780000
535.580000
547.019999
520.160001
515.900000
516.600001
518.980000
517.759999
522.600001
519.880001
516.020000
515.600000
521.060000
518.820000
516.620000
518.340000
515.120000
519.800000
545.180000
543.860000
521.600001
518.380000
515.180000
523.560000
523.700000
518.900000
519.040000
521.640000
517.460000
518.800000
519.280000
520.820000
518.620000
523.780000
519.200000
516.080000
539.520000
544.160000
518.680000
521.500001
520.300000
518.940000
522.280000
528.620000
519.680000
523.400000
522.180000
520.460000
519.360000
517.780000
519.780000
519.640001
543.520000
543.740000
540.480000
523.380000
517.080000
518.960000
519.739999
520.820000
517.080000
520.959999
519.640000
518.360000
520.780000
519.900000
522.559999
517.400000
518.879999
518.420000
542.120000
545.820000
523.960000
520.220000
517.299999
518.920000
516.860000
521.880000
518.160000
518.360000
519.700000
519.520001
520.260001
521.420000
522.220000
520.200000
518.620000
541.660000
536.739999
540.240000
516.320000
520.060000
518.780001
520.980000
516.620000
525.460000
523.780000
521.840001
517.600000
522.540000
522.600001
517.700000
516.600001
523.000000
537.860001
545.520000
536.080000
521.760000
521.980000
520.260001
518.759999
519.320000
520.660000
521.740000
519.800000
515.020000
524.200000
515.340000
521.760000
522.299999
521.720000
521.340000
540.180000
546.540000
520.640000
519.960000
519.359999
519.320000
518.860000
517.780000
515.060000
519.400000
608.100000
521.699999
519.020000
517.340000
517.340000
516.460000
