12932.399999
12916.780000
12917.260000
12932.940001
12941.760000
12919.640000
12916.080001
12921.640000
12918.400000
12927.120000
12941.420000
12928.100000
12936.720001
12923.620000
12921.940000
12941.520000
12949.440000
12987.520000
12972.680000
12938.220000
12939.380000
12919.860000
12935.040000
12921.580000
12944.580000
12919.900000
12932.820000
12907.180000
12913.320000
12931.880000
12922.740000
12912.260000
12949.560000
13113.779999
12938.680000
12906.540001
12928.980000
12926.360000
12935.719999
12938.180000
12915.820000
12925.360000
12926.580000
12935.060000
12931.200000
12911.800001
12919.220001
12908.539999
12926.320000
12949.580000
12938.160000
12950.940000
12913.180000
12925.079999
12922.139999
12921.700000
12940.719999
12932.080000
12925.160000
12959.180000
12942.520000
12931.380000
12927.360000
12931.960000
12919.000000
12956.000000
12928.580000
12951.780000
12927.300000
12942.720000
12928.900000
12926.560000
12941.260000
12925.620000
12928.620000
12936.659999
12931.580000
12939.660001
12923.760000
12976.360000
12934.260000
12937.059999
12926.080001
12936.679999
12938.380000
12952.340000
12934.420000
12914.960000
12913.320000
12936.559999
12963.740000
12932.779999
12906.760000
12931.140000
12918.500000
12917.900000
12967.680000
12927.560000
12928.700000
12930.280000
12953.179999
12908.820000
12937.780000
12955.780000
12936.740000
12919.900000
12918.540000
12913.540000
12923.060000
12937.860000
12932.260000
12914.620000
12914.060000
12934.460000
12929.220000
12934.640000
12902.960000
12926.660000
12929.700000
12926.340000
12931.300000
12935.460000
12917.000000
12923.180000
12925.300000
12932.780000
12955.500000
12935.600000
12922.220000
12912.280001
12917.880001
12926.360000
12929.820000
12918.760000
12926.960001
12919.860000
12902.460000
12921.519999
12922.720000
12916.820000
12934.760000
12950.720000
13099.720000
13000.940001
12940.380001
12927.020000
12940.680000
12935.160001
12936.700000
12937.680000
12931.700001
12936.140000
12959.160000
12933.480000
12924.660000
12925.919999
12913.160000
12921.019999
13095.439999
12915.680000
12925.560000
12929.780000
12937.380000
12909.580000
12925.580001
12904.780000
12911.060000
12960.380000
12925.520000
12918.320000
12928.259999
12903.020000
12933.960000
12940.640000
12930.460000
12920.020000
12937.840000
12949.480000
12952.280000
12942.220000
12919.799999
12928.840000
12915.300000
12906.820000
12953.160000
12927.000000
12931.600001
12918.020000
12940.320000
12921.440000
12929.040000
12929.020000
12923.260000
12930.780000
12924.740001
12921.720000
12935.160000
12925.040000
12909.080000
12930.419999
12948.559999
12919.960000
12929.400000
12952.740000
12971.600000
12962.700000
12924.060000
12920.320000
12930.820000
12911.640001
12944.920000
12923.860000
12939.080000
12930.960000
12933.080000
12928.080000
12934.280000
12922.000000
12908.560000
12927.040000
12949.440000
12961.600000
12925.720000
12930.280000
12939.280001
12935.600000
12947.180000
12919.220001
12910.020000
12934.700000
12932.360000
12946.120000
12933.560000
12937.160000
12924.540000
12931.500000
12931.460001
12943.760000
12930.380000
12931.540000
12930.920000
12945.360000
12929.220000
12923.220000
12938.600000
12945.620000
12947.760000
12941.020000
12917.900001
12916.520000
12932.860000
12924.820000
12937.520000
12920.700000
12948.020000
12924.320000
12945.320000
12933.700000
12935.400000
12908.600000
12918.340000
12931.680000
12930.900000
12922.180000
12933.620000
12925.160000
12938.840000
13000.500000
12980.900000
12934.580000
12920.960000
12933.700000
12904.120000
12933.960000
12927.980000
12930.920000
12958.540000
12917.560000
12917.220000
12924.880000
12913.600001
12931.260000
12936.240000
13099.660000
12935.520000
12920.460000
12916.300000
12927.660000
12918.860001
12926.280000
12934.540001
12938.639999
12917.260000
12919.500001
12911.600000
12931.040000
12946.040000
12941.260001
12911.420000
12930.120000
12933.800001
12927.479999
12925.040000
12925.780000
12933.639999
12919.679999
12912.540000
12932.240000
12918.780000
12926.680000
12925.100000
12927.320000
12939.640000
12918.820000
12911.320000
12928.840000
12923.900001
12915.940000
12919.960000
12945.359999
12928.960000
12934.100000
12912.800000
12927.540001
12931.460000
12928.220000
12938.120000
12948.500000
12905.340000
12935.460000
12958.180000
12928.580000
12941.560000
12926.560000
12930.580000
12943.480000
12923.420000
12941.740000
12919.800000
12928.160000
12920.299999
12898.220001
12919.480001
12935.280000
12943.780000
12932.080001
12925.420000
12911.040001
12899.060001
12926.980000
12947.920000
12922.240000
12923.940000
12935.760000
12926.299999
12935.540000
12937.720000
12947.360000
12940.540001
12908.600001
12929.220000
12911.739999
12945.280000
12940.760000
12919.640000
12938.820001
12923.360000
12945.680000
12937.460000
12938.960000
12927.279999
12931.460001
12927.600000
12930.819999
12941.120001
12936.640000
12930.819999
12931.640000
12915.720000
12925.560000
12933.639999
12941.600000
12934.060000
12915.100000
12912.500001
12924.180000
12922.220000
12931.679999
12901.540000
12929.660001
12937.360000
12915.000000
13036.540000
12981.919999
12905.800000
12937.160000
12910.440000
12947.360000
12943.140000
12943.480000
12947.080000
12937.320000
12926.500000
12928.120000
12934.560000
12925.160000
12927.960000
12920.500000
12977.039999
12939.180001
12921.039999
12942.240000
12916.520000
12915.720000
12940.380000
12947.459999
12918.140000
12923.579999
12935.560000
12929.839999
12936.320000
12927.780000
12929.820000
12932.100000
12919.000000
12915.620000
12939.660000
12937.120001
12910.220000
12925.640000
12913.280000
12909.039999
12927.460000
12916.820000
12935.880000
12914.080000
12947.620000
12935.920000
12932.000000
12912.920000
12931.480000
12926.900000
12951.420000
12930.500000
12918.000000
12920.399999
12912.220000
12929.300000
12934.760000
12950.840000
12911.940000
12949.820001
12907.820000
12912.440000
12960.500000
12939.999999
12914.820000
12941.860000
12920.460000
12918.180000
12913.760000
12924.280000
12916.880000
12928.820000
12931.020000
12923.700000
12914.120001
12916.540000
12940.500000
12907.780000
12918.160001
12930.880000
12925.820000
12933.480000
12938.720000
12924.060000
12935.400000
12916.680000
12912.700000
12930.300000
12918.320000
12940.760000
12905.700000
12927.520000
12930.380000
12943.360000
12927.360000
12903.680000
12940.720000
12912.520000
12939.780000
12910.380000
12926.680000
12928.420000
12958.180000
12915.500000
12940.940000
12932.000000
12926.100000
12922.180000
12914.060000
12928.060000
12925.820000
12935.080000
12920.280000
12912.700000
12917.920000
12938.060000
12930.260000
12928.520001
12930.840001
12939.180001
12930.980001
12937.180000
12936.060000
12924.100000
12934.719999
13003.200000
13104.740000
12923.080000
12937.840000
12939.719999
12914.200000
12926.940000
12921.220000
12927.660000
12943.020000
12930.860000
12919.240000
12917.900000
12917.820000
12930.960000
12938.580000
12959.960000
12934.720000
12941.280000
12933.700000
12937.220000
12922.680000
12917.760001
12917.700000
12951.140000
12934.300000
12932.800000
12908.580000
12930.060000
12953.220000
12922.760000
12936.880000
12919.540000
12932.440000
12936.900000
12921.860000
12950.019999
12924.280000
12941.160000
12920.060000
12939.200000
12952.860000
12944.800001
12926.340000
12931.380000
12927.120000
12943.039999
12934.340000
12915.620000
12911.000000
12929.440000
12914.380000
12929.959999
12938.780000
12942.920000
12927.740000
12928.060000
12939.820000
12915.980000
12931.580000
12916.120000
12921.780000
12973.840000
12945.060000
12925.160000
12931.260000
12931.900000
12934.840000
12926.640000
12934.300000
12927.740000
12924.940000
12930.700000
12922.040000
12938.100001
12935.220000
12916.640000
12919.320000
12932.700000
12914.340001
12919.280000
12927.979999
12931.940001
12937.700001
12920.820000
12919.680000
12943.680000
12920.960001
12952.060000
12928.379999
12944.560001
12923.780000
12917.620000
12948.600000
12937.480000
12928.000000
12917.920000
12921.480000
12936.220000
12935.880000
12928.120000
12928.780000
12931.860000
12933.200000
12944.620000
12923.840000
12907.420000
12928.800000
12907.600000
12938.500000
12940.840000
12936.079999
12943.740000
12943.500000
12929.060000
12947.280000
12919.819999
12928.500000
12932.820001
12922.380000
12938.640000
12939.640000
12924.420000
12905.379999
12947.360001
13127.600000
12978.440000
12931.600000
12920.340001
12924.220000
12941.760000
12923.239999
12928.420000
12938.900000
12930.060000
12942.920000
12921.920000
12926.900000
12916.960000
12919.060000
12937.620000
12999.140000
12923.640000
12913.640000
12938.519999
12927.660001
12923.020001
12919.700000
12917.600000
12936.939999
12937.400000
12921.880000
12920.419999
12911.359999
12923.800000
12927.520000
12901.339999
12934.500000
12924.420000
12955.260000
12936.860000
12922.139999
12928.620000
12906.220000
12933.440000
12944.800000
12947.800000
12919.900000
12928.060000
12931.200000
12935.040000
12929.380000
12919.460000
12924.020000
12936.280000
12924.020000
12935.000000
12940.140000
12938.560000
12906.740000
12949.639999
12935.600000
12946.120000
12949.240000
12936.720000
12929.660000
12933.480000
12960.380000
12952.580000
12921.700000
12938.540000
12925.340000
12937.799999
12926.880000
12916.980000
12931.340001
12911.060000
12909.360000
12920.220000
12916.020000
12941.340000
12929.900000
12923.620000
12911.860000
12942.280000
12929.300000
12916.619999
12930.680000
12937.300000
12922.980000
12940.540000
12913.320000
12921.240000
12936.080000
12920.160000
12926.780000
12928.940000
12925.780000
12915.720001
12935.440000
12927.160000
12929.220000
12938.380000
12931.320000
12924.580000
12927.840000
12912.580000
12936.240000
12928.540000
12921.380000
12930.680000
12923.260000
12933.900000
12924.460000
12942.340000
12928.600000
12921.380000
12945.839999
12939.920000
12943.000000
12908.460001
12927.300000
12940.340000
12927.080000
12939.540000
12937.340001
12940.020000
12926.060000
12914.360000
12951.760000
13010.020000
12981.280000
12927.300000
12916.680000
12947.880000
12907.720000
12925.100000
12938.940000
12928.740000
12946.839999
12931.480001
12932.360000
12911.119999
12921.920000
12940.940000
12913.040000
13071.800000
12925.360000
12978.040000
12923.720000
12910.360000
12913.560000
12919.440000
12940.520000
12936.699999
12924.520000
12933.180000
12937.320000
12925.100000
12959.560000
12918.260000
12940.839999
12944.260000
12933.420000
12943.360000
12904.340000
12944.740000
12942.120001
12930.960000
12944.780000
12934.960000
12931.440000
12916.340000
12937.620000
12935.440000
12929.099999
12920.780000
12926.800000
12890.140000
12918.080000
12925.899999
12953.200000
12927.840000
12941.260000
12929.140000
12933.500000
12937.120000
12939.720000
12923.940000
12912.560000
12919.660000
12928.979999
12965.120000
12958.400000
12924.180000
12926.039999
12943.980000
12906.800000
12939.300001
12918.160000
12927.879999
12929.900001
12933.060000
12927.720000
12919.580000
12925.380000
12937.780000
12912.959999
12905.860000
12950.380000
12924.260000
12941.200000
12950.019999
12938.880000
12931.679999
12905.760000
12891.480000
12933.139999
12913.199999
12944.560000
12901.680000
12913.340000
12953.560000
12948.799999
12924.980000
12933.920000
12931.700000
12921.440000
12929.740000
12936.080000
12941.660000
12939.960000
12941.740000
12933.960000
12945.540000
12928.260000
12911.080000
12917.239999
12932.980000
12919.880000
12937.440000
12933.120000
12930.500000
12958.360000
12928.300000
12930.020000
12929.760000
12922.500000
12938.380000
12916.060000
12928.820000
12930.380000
12927.639999
12941.040000
12974.180000
13141.460001
12994.460001
12935.520000
12935.020001
12919.500000
12942.240000
12930.780000
12921.360000
12927.379999
12925.140000
12928.820000
12933.240000
12921.380000
12931.080000
12900.520001
12947.260000
13093.060000
12912.180000
12927.379999
12923.100000
12920.120000
12921.700001
12921.500000
12914.700001
12927.320000
12948.780000
12929.120000
12933.580000
12950.200000
12925.840001
12953.200000
12926.400000
12918.520001
12928.700000
12930.220000
12947.700000
12935.180000
12915.980000
12919.220001
12918.680000
12920.200001
12937.620000
12933.600000
12935.720000
12927.060000
12931.420000
12944.979999
12919.760000
12929.240000
12921.060000
12935.340000
12943.999999
12946.439999
12936.360001
12939.139999
12915.680000
12932.040000
12917.620000
12927.100000
12948.460000
12930.500000
12906.600000
12954.399999
13068.159999
12926.400000
12936.640001
12911.280000
12908.299999
12921.040000
12924.099999
12896.260000
12937.660000
12929.640000
12942.439999
12932.480000
12933.240000
12917.740000
12925.120000
12943.380000
12951.600000
12960.040000
12946.440000
12922.240000
12946.920000
12943.600000
12917.960000
12941.580000
12920.519999
12947.699999
12930.900000
12912.960000
12931.439999
12942.420000
12945.040000
12950.040000
12921.340000
12936.700000
12930.880000
12922.080000
12932.420000
12930.320000
12922.120000
12920.280000
12940.080000
12923.540000
12936.180000
12927.000000
12916.700000
