2.360000
3.260000
3.400000
3.420000
3.420000
3.420000
2.360000
2.700000
2.360000
3.339999
3.340000
2.359999
2.360000
2.380000
3.320000
3.000000
2.479999
2.359999
2.360000
2.359999
2.460000
2.379999
2.520000
2.380000
2.980000
2.400001
2.360000
2.360000
2.380000
2.360000
2.520000
2.680000
2.360000
3.340000
2.420000
2.359999
2.360000
2.520000
2.479999
2.380000
3.000000
2.360000
2.379999
2.979999
3.340000
2.360000
2.360000
2.360000
2.380000
3.340000
3.339999
2.359999
2.359999
2.380000
2.359999
2.360000
2.379999
2.379999
2.360000
2.359999
2.979999
2.360000
3.339999
2.560000
2.980000
2.360000
2.380000
2.960000
2.400000
2.440000
2.320000
2.359999
2.360000
2.360000
2.380000
2.360000
3.000000
2.360000
2.980000
3.020000
2.560000
2.379999
2.560001
2.380000
2.339999
2.340000
2.360000
2.340000
2.340000
2.379999
3.020000
2.400000
3.320000
2.460000
3.340000
2.360000
2.339999
2.360000
2.379999
2.360000
2.379999
2.359999
2.540001
2.360000
2.359999
2.400000
2.560000
2.340000
2.359999
2.360000
2.340000
2.479999
2.360000
2.360000
2.360000
2.360000
2.380000
2.360000
2.360000
2.560000
2.380000
2.400000
2.359999
2.400001
3.340000
3.319999
2.379999
3.300000
2.340000
2.379999
2.360000
2.300000
2.360000
2.360000
3.319999
2.379999
2.360000
2.379999
2.360000
2.580000
2.359999
2.379999
2.980000
2.360000
2.480000
2.560000
3.000000
2.380000
2.339999
2.979999
2.359999
2.340000
2.320000
2.360000
2.379999
2.359999
2.340000
2.380000
3.000000
3.020000
2.980000
3.020000
2.579999
2.359999
2.540001
2.360000
2.520000
2.359999
3.320000
3.320000
3.340000
3.320000
2.980000
3.280000
2.340000
2.360000
2.560000
2.380000
2.680000
3.420000
2.340000
2.560000
2.380000
2.360000
2.360000
2.979999
2.460000
2.360000
3.020000
2.380000
2.360000
2.640001
2.360000
2.360000
2.720000
2.360000
3.340000
3.320000
3.000000
2.380000
2.980000
2.979999
2.360000
2.400000
2.360000
2.359999
2.360000
3.339999
2.720000
2.360000
3.339999
3.320000
2.980000
2.900001
2.460000
2.379999
2.360000
2.359999
2.380000
2.360000
2.360000
2.380000
2.360000
2.360000
3.320000
3.340000
3.340000
3.260001
2.499999
2.360000
3.340000
2.720000
2.360000
2.339999
2.380000
2.380000
2.340000
2.360000
2.359999
2.360000
3.280000
2.360000
2.360000
2.360000
2.980000
2.979999
2.360000
2.460000
2.560000
2.980000
2.359999
2.940000
2.380000
2.479999
2.340000
2.540000
2.739999
2.360000
2.360000
2.359999
2.980000
2.980000
2.380000
2.979999
2.560000
2.580000
2.560000
2.360000
2.360000
2.440000
3.000000
2.979999
3.420000
3.420000
2.380000
2.380000
2.340000
2.359999
3.340000
3.340000
2.360000
3.320000
3.320000
3.340000
3.340000
2.360000
2.360000
2.980000
2.380000
2.540001
2.980000
2.580000
3.360000
2.320000
2.340000
3.260000
2.360000
2.540001
2.360000
2.340000
2.560000
2.979999
3.420000
3.420000
2.379999
2.380000
2.980000
2.379999
2.520000
2.359999
2.480000
2.360000
3.340000
3.340000
2.480000
3.000000
3.340000
2.380000
2.359999
2.360000
2.640000
2.340000
2.359999
2.379999
2.360000
2.340000
2.540001
2.360000
2.380000
3.340000
2.979999
2.980000
3.320000
2.340000
2.360000
2.359999
2.360000
2.359999
2.379999
2.360000
2.580000
2.360000
2.360000
3.340000
3.340000
2.340000
2.379999
2.360000
2.980000
2.360000
2.340000
2.360000
2.980000
2.480000
3.000000
3.420000
2.359999
2.359999
2.560000
2.360000
2.380000
3.339999
3.340000
2.360000
2.360000
2.340000
2.359999
2.360000
2.380000
2.360000
2.360000
2.340000
2.380000
3.000000
3.000000
2.360000
2.540000
2.360000
2.379999
3.000000
3.000000
3.000000
3.340000
2.360000
3.340000
2.680000
3.420000
2.380000
2.379999
2.340000
3.320000
3.340000
3.319999
3.339999
2.359999
2.480000
2.360000
2.360000
2.560000
2.360000
2.380000
3.339999
3.340000
2.560000
2.360000
2.379999
2.379999
2.940000
2.360000
2.340000
3.320000
2.359999
2.359999
2.339999
3.340000
2.340000
2.360000
2.360000
2.359999
2.360000
2.360000
2.360000
2.360000
2.380000
2.359999
2.360000
2.980000
2.360000
2.480000
2.540000
2.980000
3.340000
2.360000
2.980000
2.380000
3.319999
3.340000
2.360000
2.360000
2.360000
2.379999
2.359999
3.000000
2.380000
2.980000
3.020001
2.720000
2.360000
2.360000
2.640001
2.379999
2.460000
3.020000
2.359999
2.360000
2.540001
2.380000
3.340000
2.360000
2.680000
2.540000
3.320000
2.380000
2.320000
3.339999
3.000000
2.379999
2.339999
2.359999
2.340000
3.340000
2.339999
3.340000
3.340000
3.320000
2.560000
2.979999
2.379999
3.000000
2.979999
2.340000
2.360000
2.359999
2.360000
2.340000
2.360000
2.480000
2.380000
3.340000
3.340000
3.340000
3.380001
2.560000
2.460000
2.979999
2.979999
2.360000
2.360000
2.360000
2.360000
2.340000
2.360000
2.360000
2.380000
2.379999
2.360000
2.340000
3.340000
2.360000
2.360000
2.360000
2.340000
2.340000
2.359999
2.860000
2.580000
2.360000
2.359999
2.560000
2.360000
2.360000
2.400000
2.359999
2.360000
2.360000
2.460000
3.340000
3.000000
2.360000
2.379999
3.340000
3.340000
2.380000
2.980000
2.480000
2.380000
2.360000
2.380000
2.480000
2.359999
2.660000
2.980000
3.000000
3.420000
2.360000
2.360000
2.380000
3.340000
2.979999
2.359999
2.360000
2.560001
2.360000
2.560000
2.339999
2.500000
3.420000
2.380000
3.339999
3.339999
2.360000
2.979999
2.340000
2.560000
2.380000
2.360000
3.000000
2.980000
2.359999
2.979999
3.340000
2.340000
2.359999
2.540000
2.380000
2.520000
2.340000
3.340000
2.780001
2.340000
2.380000
2.980000
2.540001
2.480000
2.359999
3.000000
2.360000
2.360000
2.380000
2.360000
2.359999
2.340000
2.359999
2.359999
3.340000
2.360000
2.360000
2.340000
2.360000
2.360000
2.360000
2.359999
2.320000
2.540000
2.380000
3.339999
2.360000
2.359999
2.340000
3.340000
2.359999
2.380000
2.360000
2.360000
2.359999
2.359999
2.440001
2.920001
2.379999
3.000000
3.340000
2.340000
2.360000
2.320000
2.359999
2.340000
2.359999
2.379999
3.340000
2.980000
2.980000
3.340000
3.320000
2.360000
2.359999
2.339999
2.379999
2.360000
3.000000
3.000000
2.360000
2.340000
2.360000
2.660000
2.359999
2.359999
2.360000
2.360000
2.360000
3.340000
2.340000
2.340000
2.560000
2.360000
2.360000
2.979999
2.360000
2.480000
3.340000
3.340000
2.360000
3.340000
2.400001
2.359999
2.540000
2.359999
2.360000
2.359999
3.339999
2.360000
2.360000
2.359999
3.340000
2.560000
2.980000
2.980000
2.980000
2.360000
3.260000
3.339999
3.340000
3.339999
2.340000
2.340000
3.339999
3.340000
2.580000
3.000000
3.340000
3.000000
3.339999
3.339999
2.380000
2.360000
2.360000
2.340000
2.339999
2.460000
2.400000
3.000000
2.359999
2.980000
2.540001
2.360000
2.980000
2.400001
2.360000
2.360000
2.859999
2.320000
2.380000
3.000000
3.000000
2.400001
2.340000
2.379999
3.000000
2.920001
3.320000
3.340000
3.340000
3.340000
3.000000
2.540000
3.339999
3.339999
2.340000
3.360000
2.340000
2.440000
3.340000
2.680000
2.360000
2.340000
2.339999
2.340000
2.499999
2.580000
2.379999
2.360000
2.460000
3.319999
2.380000
2.560000
2.340000
2.360000
2.360000
2.400001
3.320000
2.359999
2.340000
3.340000
2.359999
2.359999
2.339999
2.979999
2.360000
2.499999
2.400001
2.380000
2.980000
2.380000
2.360000
2.359999
2.340000
3.340000
2.340000
3.319999
3.020000
3.000000
2.379999
2.980000
2.640001
2.560000
2.380000
3.320000
3.340000
3.000000
2.560000
2.360000
2.920000
2.360000
3.340000
3.340000
2.560000
2.460000
3.340000
3.340000
3.339999
2.380000
2.560000
2.360000
2.359999
2.360000
2.359999
2.360000
3.340000
2.360000
2.360000
2.339999
2.540000
2.540000
2.359999
2.360000
2.359999
2.360000
2.379999
2.360000
2.360000
2.360000
2.340000
2.359999
2.380000
2.400000
2.360000
2.360000
2.359999
2.339999
2.360000
2.920000
2.379999
2.980000
3.000000
2.340000
2.360000
2.340000
2.360000
2.360000
2.320000
2.680000
2.359999
3.280000
2.360000
2.540000
2.560000
3.000000
2.660000
2.620000
2.380000
2.540001
2.540000
2.360000
3.000000
2.980000
2.359999
2.360000
2.379999
2.360000
2.540000
2.379999
2.360000
2.320000
2.359999
2.359999
2.380000
2.540001
2.360000
2.380000
2.360000
2.560000
2.359999
2.379999
3.000000
2.479999
3.000000
2.359999
2.340000
2.360000
2.980000
2.380000
2.360000
2.320000
2.379999
2.460000
3.420000
3.420000
2.460000
2.479999
2.500000
2.480000
2.480000
3.339999
2.359999
2.359999
2.340000
3.000000
2.360000
2.360000
2.379999
2.359999
2.359999
2.340000
2.379999
2.379999
2.379999
2.340000
2.379999
2.340000
2.360000
2.379999
2.460000
2.360000
3.200000
2.580000
2.379999
2.560000
2.360000
3.000000
2.359999
2.459999
2.379999
2.979999
2.580000
2.540001
2.360000
2.360000
2.980000
2.379999
2.360000
2.380000
2.340000
2.560000
2.980000
2.360000
2.360000
2.339999
2.340000
2.979999
2.360000
2.979999
2.360000
2.979999
3.339999
3.000000
2.979999
2.359999
2.360000
2.560000
2.360000
2.359999
2.360000
2.359999
2.560000
2.359999
2.340000
2.340000
2.360000
2.359999
2.359999
2.479999
2.340000
2.380000
2.380000
3.339999
2.360000
2.360000
2.359999
2.340000
2.540000
2.359999
2.359999
3.280001
2.379999
2.360000
2.380000
3.339999
2.380000
3.280000
2.380000
2.600000
2.360000
2.400000
2.360000
2.379999
2.360000
2.360000
2.360000
3.320000
3.420000
2.360000
3.000000
2.359999
2.480000
2.560000
3.340000
2.360000
3.340000
3.440000
3.340000
2.440000
2.520000
3.339999
3.340000
3.339999
3.340000
2.359999
2.980000
2.379999
2.980000
3.020000
