31.040000
30.965000
30.928000
31.072000
30.830000
30.887000
30.513000
30.755999
30.940000
30.821000
30.835000
30.811001
30.715000
31.118000
30.984000
30.952000
30.716000
30.945000
30.901000
31.139000
30.909000
31.168000
30.752000
30.985001
30.700000
30.356999
30.733000
30.709000
30.955000
30.717000
30.952000
30.863000
30.959000
31.079001
30.770000
30.483000
30.668001
30.855999
30.521001
30.875999
31.198000
30.925000
30.771000
31.124000
30.680000
30.598000
30.789000
30.783000
30.642999
30.970001
30.844999
30.890000
30.407000
31.105001
30.706001
30.806000
30.642999
30.378001
30.762000
30.720000
30.516000
30.693000
30.586000
30.701000
30.435000
30.622000
30.885000
31.059000
30.751999
30.938000
30.799001
30.818000
30.798000
30.374000
30.995000
30.757000
30.936000
30.734999
30.522999
30.948999
30.590000
30.952999
30.957000
30.712999
30.947000
31.221000
30.978000
30.842000
30.700000
30.684000
30.661001
30.817000
30.971000
30.416000
30.892000
30.794000
30.452000
30.473000
30.824000
30.532000
30.874999
30.821000
30.606000
30.656001
30.830000
30.623000
30.685000
30.719000
30.650999
30.789000
30.707000
30.692999
30.975000
30.713000
30.691000
30.691000
30.826000
30.649000
30.648001
31.338000
30.475000
30.877001
30.683000
30.743000
31.024000
31.013001
30.912000
30.666000
30.959000
31.007000
30.436001
30.504000
30.684999
30.778999
30.999000
31.004000
30.913000
30.999999
31.256000
30.728000
31.057000
30.829000
31.093000
30.840000
30.875999
30.808000
30.960999
31.087000
30.731000
30.882000
30.918000
30.670000
30.897000
30.751000
30.742000
30.703000
30.728000
30.786000
31.331000
30.661001
31.121001
30.741000
30.862000
31.053999
30.969000
31.051000
30.875000
30.735000
30.825000
30.805999
30.926000
31.081000
30.662999
30.889000
30.727000
30.940001
30.620000
30.623999
30.597000
30.690000
30.892001
30.828000
30.440999
30.937999
30.639000
30.859000
30.894000
30.871999
30.859000
30.772000
30.770000
30.663000
30.855000
30.712999
30.788000
30.621001
30.636000
30.892000
31.304000
30.913000
30.706001
30.921000
30.799001
30.699000
30.707000
30.716999
30.568000
31.018000
30.852000
30.703001
30.977000
30.781000
30.687000
31.109001
30.889001
30.750000
30.661000
30.700000
30.701000
30.887000
30.626000
30.517000
30.443001
30.603999
30.410000
30.719000
30.651000
30.588000
30.654000
30.696000
31.099000
30.440000
30.747000
30.641000
30.839000
30.655000
30.685000
31.155000
30.980000
31.025000
30.847999
30.733000
30.652000
30.600000
30.676999
30.971000
30.821000
30.839000
31.095999
30.800000
30.909999
30.878000
30.768001
30.919000
30.841000
30.818000
30.879000
30.847000
30.846000
31.035000
30.837000
30.975999
30.874000
30.714000
31.169999
30.880000
30.820000
30.927001
30.944000
30.751999
30.967000
30.722001
30.448000
30.467000
30.588000
30.428000
30.591000
31.484000
30.621000
30.918000
30.867000
30.664001
30.659000
30.720000
30.657000
30.653000
31.207000
30.702000
30.917999
30.746000
30.682000
30.927000
30.620000
30.881000
30.629000
30.698000
30.805000
30.889000
31.082001
30.906000
30.947000
30.858000
31.018000
30.878000
30.759000
30.776001
30.960000
30.776000
30.680000
30.642000
30.307001
30.791000
30.800000
30.648000
30.762000
30.707001
30.719000
30.741001
30.380000
30.476000
30.532001
31.330000
30.364000
30.563000
30.601000
30.638999
30.635000
30.700999
30.652000
30.623000
30.687000
30.634000
30.379999
30.608000
30.858999
30.588000
30.723000
30.577000
30.839000
30.561999
30.842001
31.161000
30.963000
31.096000
30.841000
30.831000
30.586000
30.866000
30.878000
30.847000
30.571000
30.733000
30.820000
30.858000
31.167001
31.002000
31.452000
30.754999
30.660001
30.909001
30.624000
30.892000
30.445000
30.396000
30.655000
30.657000
30.746000
30.596000
30.652001
30.598000
30.710001
30.636000
30.673000
30.617001
30.801000
30.594000
30.788001
30.627000
30.408000
30.862000
30.350001
30.542000
30.584000
30.789000
30.840000
30.924001
30.670000
30.723000
30.757001
30.915000
30.511000
30.603000
30.620000
30.432000
30.335001
30.595000
31.099999
30.622000
30.788001
30.871000
30.970000
30.943000
30.855000
31.026999
30.838000
31.235000
30.836000
30.956000
30.976000
30.841000
31.084000
31.199000
31.026000
31.038000
31.104000
30.975000
30.941000
30.996000
30.906000
30.853000
30.913000
30.881000
30.884000
30.931000
30.847000
30.874000
30.719000
30.871000
30.853000
31.118000
30.855999
31.014000
30.559000
31.195000
30.876000
36.383000
31.127000
31.117000
30.989000
31.100000
30.991000
30.968999
31.252000
30.954001
30.936000
30.996000
31.015000
31.127000
30.696000
30.750000
31.034000
31.157000
31.036000
31.190000
30.775000
31.614000
31.059000
30.865000
30.891000
31.099000
30.516000
30.624000
30.830000
30.396000
30.434000
30.434000
30.625000
30.435000
30.729000
31.001001
31.029000
30.536000
31.020000
30.903000
31.108000
30.890000
30.707000
30.902000
30.913000
30.893000
31.260001
30.705000
30.567000
30.701000
30.845000
30.745000
30.735999
30.851000
30.596000
30.702000
30.713000
30.663000
30.619000
30.552000
30.641000
30.668000
30.303000
30.525000
30.525000
30.301999
30.464000
30.491000
30.357000
30.636000
30.645000
30.429999
31.008000
30.887000
30.952000
30.873001
30.935001
30.921000
30.688000
30.565000
30.580999
31.323001
30.428000
30.677999
30.562000
30.888000
30.882000
30.666000
30.552999
30.922000
30.906999
30.775000
30.942000
31.084999
30.664000
30.800000
30.740000
30.646000
30.441000
31.172000
30.655000
30.573000
30.778000
30.652000
30.826000
30.698000
30.745000
30.956000
30.779000
30.944999
30.728000
30.809999
30.448000
30.684000
30.660001
30.955000
30.895000
30.794000
30.777000
30.969000
30.704000
31.355000
31.434000
31.250000
30.667000
30.875999
30.809000
31.161000
31.161000
30.834000
31.098999
30.952000
31.179000
30.862000
31.023000
31.133001
30.710000
30.854000
30.722001
30.689000
31.055001
30.756000
30.618000
30.626999
30.839000
31.011000
31.006000
30.594000
30.825000
30.644000
30.770000
30.841000
30.609000
30.644001
30.660000
30.790000
30.654000
30.613001
30.655000
30.449999
30.422000
31.384000
30.979000
31.122000
30.818000
30.874000
30.650000
30.715000
30.606000
30.872000
31.063000
30.669000
30.936000
30.896000
30.824000
30.909000
30.923001
31.022000
30.919001
30.584000
30.711000
30.900000
30.661000
30.586001
30.672000
30.711000
30.620000
30.710000
30.704000
30.614000
30.799001
30.797000
30.693000
30.910000
30.575000
30.862999
30.879000
30.840000
30.703001
30.728000
32.110999
30.719000
30.870001
30.766000
30.626999
30.758000
30.865000
30.776001
30.753000
31.055000
30.689000
30.375999
30.692999
30.435001
30.646000
30.600000
30.619000
30.575001
30.704999
30.397000
30.421999
30.666000
30.417000
30.356000
30.869001
30.680000
30.438000
31.046000
30.501000
30.430000
30.390000
31.026000
30.868000
30.722001
30.827000
30.921000
30.947000
30.948000
30.618000
30.831000
31.656000
31.070000
31.126000
30.587001
30.975000
30.835000
30.997001
30.390000
30.832999
30.770000
30.645000
30.710000
30.720999
30.607000
30.817000
30.629000
30.487000
30.714000
30.655000
30.368000
30.808000
30.559001
30.354000
30.860000
30.443000
30.659000
30.370000
30.520000
30.926000
30.571000
30.576000
30.355000
30.529999
30.678000
30.575001
30.445000
30.436999
30.656000
30.441000
30.751999
30.874000
30.521000
30.447001
30.492000
30.454000
30.773000
30.747000
30.827001
31.366001
31.129000
30.855000
31.099000
30.991999
30.847000
30.899000
30.715999
30.875000
30.917999
30.899000
30.716000
30.665000
30.677999
30.801000
30.729000
31.316999
30.855000
31.067000
30.943000
31.063001
30.905000
31.153999
30.896001
30.997000
30.948000
31.018000
31.015000
31.274000
31.145000
30.923001
30.932001
31.322000
30.950000
30.760000
30.961000
31.076000
30.674000
30.874000
30.689000
30.913999
30.722001
30.773000
30.991000
30.901000
30.914000
31.065000
31.035000
30.727999
31.001000
31.151000
30.855000
30.959999
31.073000
31.080999
31.133001
31.142000
31.132000
31.044000
31.214001
31.230000
30.973000
31.363999
31.165000
31.063000
30.646000
30.888001
31.226000
31.076000
31.088999
30.959999
31.103000
31.339000
30.870999
31.149999
30.637000
30.720000
30.827000
30.445999
30.949000
31.595999
30.994000
31.075000
31.160000
30.871999
31.210000
30.958001
31.011000
30.886000
30.923000
30.968000
31.168000
30.765000
31.171000
30.702000
30.935000
30.789000
30.648000
30.680000
30.976000
30.883000
30.907000
31.067000
31.047000
30.886000
31.316000
30.870000
30.869001
30.812999
30.883000
30.924001
30.936000
31.148000
30.729000
30.713000
31.035000
30.937000
30.757000
30.957000
31.144001
30.901000
30.888000
30.788000
30.681999
30.804000
30.836000
30.731999
30.897000
31.007000
30.952000
30.686000
31.140001
30.840999
30.943000
31.226000
30.917000
30.878000
30.744000
30.870000
30.821000
30.951001
30.640000
30.863999
31.008000
30.816000
30.662000
30.847000
30.990999
30.752000
30.751999
30.715000
37.878999
31.033000
31.024000
30.871000
30.707001
30.964999
31.552000
30.735999
30.892000
30.890999
31.283000
30.870000
30.911000
30.846000
30.954001
30.720000
31.062000
30.850000
30.899000
30.928000
30.731000
30.708000
30.890000
30.925000
30.582001
30.769000
30.738000
30.858000
30.825000
30.673000
30.826000
30.587000
30.682000
30.659000
30.882999
30.677000
30.788001
30.638999
30.592999
30.735000
31.099999
30.849000
31.196000
30.831000
31.299000
30.914000
31.164000
31.072999
30.519000
30.878000
30.359000
30.964000
30.893001
31.047000
30.850000
30.639000
30.979999
30.977000
30.849000
30.753000
30.795000
31.027000
30.922000
30.786000
31.015000
30.950000
30.774000
30.983999
30.823000
30.830000
30.803001
30.838001
31.001001
30.767000
30.764000
30.637001
30.585000
30.535000
30.437000
30.757000
31.360000
31.155000
31.021000
30.563000
30.759000
30.734000
30.839000
30.537000
30.488000
30.858001
30.933000
30.764000
30.735999
30.855000
30.909000
31.068000
30.870000
30.714000
30.758000
30.774000
30.900001
30.518999
30.677000
30.673000
30.725000
30.737000
30.576999
30.716999
31.170000
30.718000
30.983999
30.991000
30.726000
30.754000
30.790000
30.975999
30.754000
30.908000
30.513000
30.815000
30.751000
30.912000
31.169999
31.099000
30.423000
30.836999
30.807001
