326.738000
329.657000
325.339999
335.476998
328.224000
325.648997
323.836997
326.018002
325.656999
327.957001
334.810000
489.016000
339.440003
327.738002
323.696002
327.895999
325.114999
328.028001
323.766001
324.160002
326.324999
325.940002
323.701002
325.601000
326.136999
323.285002
334.540002
324.671999
326.605000
325.553000
324.558999
325.411003
321.568001
324.626002
326.274998
329.581998
328.167003
325.963002
320.176002
324.684002
331.480000
326.612998
324.874002
325.699002
324.464001
326.525997
323.482998
328.038000
325.139999
326.814000
322.714001
325.530000
323.743001
324.552000
325.966999
326.339997
323.574997
326.091997
323.773000
324.370001
323.973998
325.383000
326.983001
329.655997
326.191999
336.346000
323.810000
327.654999
325.332999
336.453002
323.387999
328.488000
322.964001
324.940000
327.470999
326.869998
325.913001
323.344998
325.250000
323.743999
326.988999
325.162001
324.891999
325.279001
325.259998
326.283000
326.734003
326.932002
325.371001
324.072000
328.370001
324.546002
324.228998
325.012002
326.733999
325.753000
324.641999
327.500001
326.450001
327.330001
323.922999
323.909000
323.845003
327.204999
326.688003
326.758999
326.289002
326.563999
335.382998
326.412000
327.018000
323.948000
331.882998
322.464000
325.411003
324.653000
324.411001
323.831998
328.500003
326.566000
326.690998
324.712999
325.044002
324.752998
326.371003
323.238999
324.252002
328.824997
327.189002
324.934002
325.112998
326.205000
323.929999
328.733001
324.013002
323.633000
325.382002
325.227000
323.892999
326.477002
323.786002
324.758001
326.681003
324.122000
323.954999
326.545000
326.287001
326.490998
323.686000
326.214001
322.726000
334.279001
329.838999
326.270003
326.768000
330.830000
325.436000
326.786000
325.831000
325.458001
326.577999
324.217003
325.431000
324.207999
325.273000
324.538998
326.021999
323.899999
327.865001
325.892001
325.030003
329.179000
325.027000
323.781002
324.510999
326.380000
328.193001
324.352000
326.198999
325.361002
324.735001
326.791000
326.561000
327.477999
327.576000
326.194998
327.148002
326.522999
327.178001
325.358000
326.458998
328.378998
324.157000
327.003997
335.039999
326.724000
326.522000
324.127998
324.132003
325.362999
327.288002
327.206001
322.518002
325.467002
323.905002
324.459001
327.550001
323.782001
327.130001
324.930001
327.155001
325.464997
323.627003
324.317001
327.359002
325.910002
324.418001
327.268999
326.492000
325.075001
325.280003
327.760998
321.653001
324.960999
321.937002
325.842999
324.724000
333.445001
323.601998
325.567000
328.278001
326.639999
324.557003
327.529002
326.749001
323.976003
326.721001
335.044999
327.356998
325.622000
325.922001
325.809997
325.826000
326.644998
327.617001
327.121001
324.914999
326.479997
323.440000
326.735001
326.037001
324.816998
327.500001
324.948002
324.276000
325.181998
327.210002
328.056000
322.358999
325.929999
326.200001
327.654999
325.010002
324.398000
322.454002
323.837001
326.522999
326.422997
325.004999
326.733999
326.371998
326.699998
322.809000
323.318999
325.351000
324.370999
328.737002
325.201001
326.399002
323.630001
332.954001
323.778998
325.443000
324.103002
325.406000
322.395999
326.779999
325.777002
323.518999
325.353000
324.082002
322.716001
326.090999
325.174000
326.721001
327.671997
321.107000
327.856001
326.198000
327.658001
323.866002
322.877001
324.966002
323.310003
324.967999
324.823000
329.680003
326.862004
325.363003
325.927000
326.667000
326.776002
324.452002
325.097002
324.469000
324.338000
325.814001
322.717000
325.870998
323.886000
326.849002
325.918999
328.078002
330.804002
325.220000
324.682001
325.433001
328.620002
326.997001
325.782999
323.447999
325.290002
325.442001
326.482002
327.804998
324.657999
325.280000
323.458001
326.619998
325.121000
325.917996
325.273998
326.405000
325.675998
326.060001
327.043001
325.417001
326.972000
324.525997
325.618003
326.014999
322.881002
325.978000
325.080004
324.715000
325.671997
324.264001
327.016000
322.078001
326.694001
324.782003
322.342999
327.829000
324.202999
326.071002
324.959002
332.375001
323.798001
323.918000
326.527003
325.557999
326.925002
327.149000
325.269997
326.295000
325.837001
323.215000
324.749999
323.743001
327.404998
324.401997
324.123997
323.897999
327.345002
325.533003
321.254998
326.522000
327.569000
325.675000
326.326001
326.375000
322.830003
323.824000
324.710999
325.546999
325.399999
323.926002
325.612001
326.209001
325.652000
323.435001
326.946001
326.175001
324.882999
328.522999
324.965000
325.670000
325.618003
325.044997
332.838997
326.725002
324.494001
326.430000
324.065998
324.088000
327.711999
326.366004
324.393999
324.607000
324.090000
325.849000
324.949998
327.211000
325.665001
325.672999
325.050998
327.611998
326.887000
325.134002
327.157997
324.320000
334.110003
329.937998
327.395003
327.395000
325.854000
326.370999
323.770002
326.366000
325.215001
328.532998
325.751998
323.503003
327.352002
325.332999
326.291002
327.458002
324.877001
332.895000
327.761002
324.751001
328.454003
335.558001
326.727998
323.301002
323.739000
326.772999
324.731998
328.887001
324.321002
323.631000
325.653002
326.187000
326.967001
324.212000
325.491000
327.135000
325.716998
326.896999
325.523000
326.426003
325.404998
324.355997
326.882001
321.666002
325.945001
328.111000
325.085003
327.104002
324.839000
324.989002
329.916000
325.308003
325.830001
327.096000
324.978001
323.357001
324.413002
324.346002
329.452999
322.439000
336.431000
326.099001
323.952999
326.753002
330.152001
323.027998
324.434001
325.314000
327.788997
325.743999
323.934000
322.662998
323.982000
326.290000
323.649000
322.958000
324.177999
328.703001
325.980999
328.290001
323.236998
326.122001
324.988000
324.691001
325.050000
326.817997
325.789999
325.249001
326.298002
325.826999
323.499002
323.716000
324.465998
324.584000
325.447001
328.787003
326.485001
326.400001
322.591003
322.955001
327.079002
327.642001
322.473001
332.560003
327.978000
326.552000
325.201001
334.720999
323.539998
325.314999
326.350000
326.899998
326.588999
328.250997
325.796999
325.521000
324.323002
325.146999
324.338000
325.035002
321.348999
323.142003
325.713001
323.256001
326.067001
321.562000
322.273001
327.224001
327.723999
321.913000
323.605001
325.624999
325.043000
325.858999
322.607998
323.722001
326.277997
325.355999
325.721003
324.873000
325.110000
324.827000
324.009001
323.169999
326.300003
325.642001
326.398998
327.832997
324.115001
322.249997
332.253002
323.809002
325.330999
324.969001
322.320003
328.384001
325.440001
324.530002
325.694002
326.529000
324.427001
323.112000
323.192999
327.652998
325.316999
327.698000
323.550001
326.639999
328.461003
324.487001
327.475000
325.572003
326.402999
323.828001
325.970002
328.862999
325.077999
324.554000
325.261999
323.918000
328.513000
325.900000
325.056002
324.843999
322.891001
328.924000
325.531002
324.889999
324.659999
327.978000
323.625002
326.134000
326.685999
333.702002
323.998999
327.395000
326.805998
326.453000
321.637999
324.545000
328.845002
327.789001
323.991001
325.799000
322.760999
325.102001
324.242000
326.786000
325.711001
328.017000
325.962998
325.014997
324.142002
326.363001
324.122000
323.936999
327.091001
324.326999
322.543003
324.992001
327.273000
326.744001
327.875998
324.866999
321.906999
327.388000
322.547000
324.601002
323.764000
325.935997
328.294002
325.529002
331.886999
323.651999
325.686000
324.928001
339.831002
326.526001
323.589999
325.802997
327.898003
324.115001
324.167002
324.751001
327.514000
322.313000
327.183999
327.362999
323.571000
327.691998
323.670998
326.380998
324.370001
328.075003
324.696999
325.459998
325.257000
324.963003
326.313000
323.812000
326.857001
325.484000
322.039001
326.154999
322.753999
326.601997
326.030001
326.816998
325.753000
328.509998
325.073000
322.505999
326.836001
325.694002
325.869001
333.707001
330.130998
329.374000
324.839003
333.484001
327.459000
323.529001
324.841000
326.234002
325.397998
326.494999
325.387999
325.110003
324.554998
322.062999
321.631998
322.315000
321.730003
328.164000
326.483000
325.185999
325.240999
324.191999
325.894997
327.756003
323.371001
327.777002
325.584002
325.247999
328.150999
328.176003
325.548999
327.052001
324.301001
322.636999
325.080000
323.924001
325.845998
326.703999
326.615997
326.400999
327.328000
325.587999
333.113998
324.357998
324.726999
325.120002
332.214002
326.745000
327.197999
328.043997
326.820001
324.478000
326.435000
324.309997
326.552000
327.807002
326.620001
326.063000
325.408000
323.828001
327.364001
320.668001
324.321002
324.157000
324.910004
324.946001
325.629000
323.144000
326.673999
324.852001
321.302999
326.309998
326.174002
327.142000
325.946998
327.195000
326.770000
325.408000
326.637000
325.498000
328.310002
326.520000
325.819999
326.193001
328.113001
330.784999
327.820003
325.391002
327.647001
327.505998
323.102999
326.944001
326.400999
328.293998
326.345000
325.700000
327.686999
324.669998
327.746000
325.392999
328.743000
325.243000
323.973998
325.929001
325.113002
323.592998
326.325998
326.758999
326.212998
324.601002
327.978000
327.851001
326.299999
324.272998
324.614998
325.075001
325.732999
326.829001
326.924000
324.163001
324.600000
322.085999
325.330000
325.576000
324.767999
326.354999
326.340001
326.817002
338.031001
323.350001
324.700002
326.200999
325.282998
325.586002
323.778998
326.361999
326.412000
328.631002
326.393999
325.818997
323.785000
325.351000
323.689997
325.358003
327.447001
324.703999
324.545000
325.942002
330.292001
326.416001
325.624000
325.725999
326.558001
323.314998
325.936999
325.985000
325.740002
327.807002
326.061998
324.716002
320.513003
323.945999
327.397000
323.105000
323.168997
328.050002
325.712997
327.032998
325.932000
323.933002
326.809999
334.659997
324.552003
323.902000
325.298000
326.042000
323.720001
325.817000
325.199001
328.917000
321.865000
326.464001
326.043997
326.889001
323.330998
327.414997
325.663999
322.978999
329.211999
323.743001
326.180000
326.093998
323.179003
326.318000
324.597001
323.426001
324.847002
325.592000
327.174999
324.944999
324.439000
325.183999
323.406998
321.234003
327.629000
327.459000
325.661000
323.119000
325.492002
324.104000
325.883001
324.764002
325.619001
324.019998
331.457000
325.691998
325.458001
326.336998
326.961000
326.329000
325.780001
326.191001
326.721001
327.979002
326.166999
324.798997
326.719999
327.290997
326.191001
323.276002
324.866001
324.515000
325.328000
327.198002
325.884003
325.183000
324.006002
325.883999
325.515002
326.356001
326.028999
328.405000
325.816996
327.921003
325.831000
327.773999
326.196000
325.511001
324.480001
325.392999
323.050000
326.031998
323.992997
325.259998
325.505003
322.125997
325.454999
333.577000
324.764002
322.902001
327.224001
325.842999
323.238999
323.507998
325.472001
325.955998
326.095000
325.394999
324.696001
325.286999
321.300000
323.720999
324.221998
324.363999
325.362001
326.843001
325.087998
326.915000
324.535001
325.902000
327.103999
327.195998
323.169999
326.313000
326.080002
326.830998
320.776001
323.608000
326.786999
326.141000
327.309001
323.481999
326.986998
