2.837999
2.780000
2.830999
2.766000
2.956999
2.768001
3.133001
2.767000
2.966002
2.766000
2.946001
2.765000
2.829000
2.766000
2.987999
2.767000
2.965000
2.765002
2.965001
2.789000
2.967000
2.767000
2.777001
2.821999
2.830999
2.765000
2.962001
2.767000
2.964001
2.766000
2.962001
2.766000
2.962001
2.767000
2.970001
2.765000
2.944998
2.768001
2.946001
2.767000
2.966000
2.767999
2.949001
2.765000
2.997000
2.765998
2.999000
2.765002
2.968000
2.766000
2.960999
2.766000
2.795000
2.766000
2.831001
2.767000
2.795000
2.767000
3.002001
2.767000
2.794001
2.767000
2.795000
2.766000
2.795000
2.766000
2.922000
2.765002
3.219001
2.767000
2.999000
2.765000
2.775999
2.768001
3.089001
2.789000
2.972001
2.765002
2.777999
2.766000
2.775999
2.784001
2.939001
2.765000
2.793999
2.767000
2.815001
2.785001
2.776999
2.766000
3.036000
2.783000
2.979001
2.765000
2.815001
2.767000
2.945999
2.766000
3.136000
2.765000
2.945000
2.766000
2.985001
2.766000
2.965000
2.767000
2.951000
2.765000
2.947001
2.785001
3.117001
2.765000
2.962999
2.765000
2.948001
2.766000
2.963999
2.766998
3.120001
2.767000
2.962001
2.765000
2.944000
2.767000
2.947001
2.765000
2.947999
2.766000
2.795001
2.767000
2.777999
2.766000
2.793999
2.766000
2.977001
2.765000
2.776001
2.767000
3.116999
2.765000
2.950000
2.766000
3.118001
2.790000
2.962999
2.766998
2.968000
2.764000
2.946001
2.766000
2.948999
2.764000
2.795001
2.766000
2.969000
2.764000
2.998000
2.766000
2.965000
2.764000
2.795000
2.766998
2.966000
2.789000
2.797998
2.765998
2.946001
2.764000
2.828000
2.766000
2.775999
2.764001
2.951000
2.766000
2.830999
2.765000
2.945999
2.767999
2.794001
2.784999
2.794001
2.766000
2.795000
2.765000
2.966000
2.782999
2.976999
2.764000
2.775999
2.767999
3.140001
2.765000
3.135001
2.766000
2.794001
2.766000
2.830999
2.766000
2.796000
2.766000
2.797000
2.766000
2.795000
2.765000
3.006000
2.808999
2.804000
2.777001
3.005000
2.784999
2.793999
2.766000
2.946001
2.765998
2.776001
2.764000
2.796000
2.765000
2.930000
2.765002
2.948999
2.768999
2.830999
2.764001
2.779000
2.766000
2.960000
2.767000
2.967000
2.767000
2.961999
2.765000
2.965001
2.766000
2.944000
2.765000
2.966000
2.767000
2.795001
2.766000
2.999999
2.766998
2.799001
2.764000
2.965001
2.767000
2.921000
2.805000
3.001999
2.765000
2.965000
2.766000
2.964001
2.766000
3.002001
2.766000
2.797000
2.765000
2.776999
2.766000
2.778001
2.766000
2.790000
2.765000
3.152000
2.766000
3.001999
2.765000
2.970001
2.767000
3.116000
2.764000
2.986001
2.766000
3.133001
2.765000
3.131999
2.765000
2.962999
2.765000
3.001001
2.767000
3.131000
2.766000
3.117001
2.766998
3.136000
2.765000
3.172001
2.765000
3.133999
2.765000
2.999999
2.767000
3.116000
2.765000
2.968000
2.766000
3.133999
2.765000
2.963999
2.765000
2.966000
2.764000
2.963001
2.766000
2.965000
2.765000
3.173999
2.787001
3.138000
2.822001
2.968000
2.766000
3.111999
2.765000
2.963999
2.765000
3.115000
2.765000
3.133001
2.766000
3.118001
2.783999
3.134001
2.765000
3.240999
2.766000
2.776999
2.767000
3.004000
2.765000
2.777999
2.767000
2.796000
2.766000
2.976000
2.767999
2.799999
2.764000
2.966000
2.767000
2.978999
2.766000
2.831999
2.766000
2.968000
2.765000
3.105000
2.766000
2.777999
2.765000
2.777001
2.766000
3.139000
2.766000
2.963001
2.765000
2.797998
2.764000
2.949001
2.765000
2.945000
2.764000
2.968000
2.785999
2.968999
2.765000
2.949001
2.783000
2.796000
2.766000
2.948001
2.766000
3.005000
2.765000
2.963999
2.765998
2.968000
2.765000
2.945000
2.788000
2.967000
2.765000
2.960000
2.765998
2.966000
2.766000
3.031000
2.804000
2.813000
2.767000
2.775999
2.765000
2.793999
2.766998
3.133999
2.767000
2.830999
2.764001
2.992000
2.766000
2.997000
2.767000
2.831999
2.767000
2.831001
2.766000
2.967000
2.767000
2.963001
2.767000
2.962999
2.785001
2.795001
2.765000
2.793999
2.766000
2.979999
2.772000
2.964001
2.766000
2.776001
2.764000
2.779000
2.765000
2.944998
2.769001
2.962999
2.767000
2.795001
2.765000
2.815999
2.785001
2.795000
2.767000
2.795000
2.766000
2.965000
2.764000
2.776001
2.766000
2.950000
2.767000
2.968000
2.766000
2.794001
2.765000
2.775999
2.788000
2.967000
2.766998
2.988001
2.765000
3.125999
2.764000
2.967000
2.766000
2.963999
2.766000
2.966000
2.766000
2.966002
2.765000
2.962999
2.766000
2.946001
2.766000
2.947001
2.766998
3.132001
2.765000
2.998000
2.765000
2.952000
2.767000
3.131000
2.766000
3.138000
2.765002
2.962999
2.785001
3.134999
2.765000
3.115000
2.767000
3.116000
2.766000
3.131999
2.766000
3.141001
2.784001
3.133999
2.765002
3.137000
2.766000
3.117001
2.765998
3.147000
2.766000
3.115000
2.766000
3.003001
2.766000
2.961000
2.767000
3.137000
2.767000
2.967000
2.768001
3.119001
2.766000
2.963999
2.767000
2.966000
2.766998
3.001001
2.766998
3.175000
2.765000
2.966000
2.765000
3.136000
2.764000
3.005000
2.766000
3.137998
2.764001
2.947999
2.768999
3.170999
2.765000
3.171001
2.767000
3.165999
2.764000
3.155001
2.766000
3.001001
2.766000
3.131000
2.785999
2.966000
2.782999
2.950000
2.766000
3.132001
2.765000
3.138000
2.766998
2.949001
2.765000
2.948001
2.766998
3.168000
2.766000
2.950000
2.766000
2.945000
2.766000
2.829000
2.766000
2.967000
2.765000
3.170000
2.788000
3.167002
2.766000
2.983000
2.766000
2.962999
2.766000
2.795001
2.767000
3.170000
2.765000
2.961999
2.766000
3.002001
2.765000
3.170999
2.789000
3.208000
2.789000
2.796000
2.766000
2.967000
2.765000
2.950000
2.766000
3.139999
2.766000
2.965000
2.767000
2.776001
2.767000
2.950000
2.820000
3.134999
2.765998
2.834000
2.766000
3.270000
2.766000
2.979999
2.788000
3.012000
2.765000
3.152000
2.766000
2.992999
2.766000
3.080999
2.790000
2.776999
2.789000
2.815001
2.766000
3.103999
2.764000
2.814000
2.767999
2.812998
2.765000
2.815001
2.766000
3.108000
2.789000
2.779000
2.765998
2.795000
2.766000
3.002999
2.767000
2.796002
2.765000
2.968000
2.767000
2.966000
2.788998
2.797000
2.785001
2.795000
2.765000
2.818000
2.770001
2.815999
2.764000
2.923001
2.767000
3.121000
2.767000
2.967000
2.766000
2.796000
2.764000
2.948001
2.766000
2.795001
2.764000
2.966000
2.785999
2.948999
2.765000
2.795000
2.766000
2.830001
2.787000
2.814000
2.767000
2.969000
2.764000
2.965000
2.766000
2.963999
2.766000
2.778001
2.766998
2.796000
2.764000
2.947999
2.766000
3.001001
2.765000
2.934000
2.765998
2.795001
2.764000
2.778001
2.767000
2.779000
2.765000
2.777999
2.766000
2.777999
2.764001
2.795000
2.765000
2.795000
2.764000
2.965000
2.767000
2.796000
2.764000
2.816001
2.789000
2.811000
2.767000
2.946001
2.765000
2.957001
2.766000
2.776001
2.766000
2.945000
2.765000
2.795000
2.766000
2.951998
2.766000
2.986999
2.766000
2.948999
2.822001
2.945999
2.766000
2.963001
2.766000
2.832999
2.767000
2.982000
2.767000
2.964001
2.765000
2.778001
2.788000
2.942000
2.767000
2.963999
2.767999
2.831001
2.766000
3.001999
2.790000
2.796000
2.766000
2.964001
2.766000
2.813000
2.766000
2.968000
2.766000
2.984000
2.766000
2.796000
2.789000
2.944000
2.765998
2.779000
2.766000
2.963001
2.766000
2.952000
2.789000
2.969000
2.785001
2.976000
2.767000
2.984000
2.785999
2.797000
2.773000
2.999000
2.766000
2.820000
2.765998
2.970001
2.767999
2.795000
2.765000
2.963999
2.767000
2.812000
2.765000
2.830001
2.766000
2.776999
2.765000
2.797000
2.766000
2.965000
2.765000
3.010999
2.767000
2.832001
2.766000
2.967000
2.767000
3.120001
2.766000
2.795000
2.766000
2.948999
2.765000
2.948999
2.767000
3.001001
2.765000
2.795000
2.766000
3.148999
2.765000
2.965000
2.785001
2.793999
2.765000
2.953999
2.767000
2.971001
2.765000
3.092000
2.767999
2.776999
2.765000
2.796000
2.766998
2.795001
2.766000
2.796000
2.766998
2.832001
2.765000
2.977001
2.766000
2.940999
2.767000
2.948001
2.766000
2.955001
2.766998
2.939999
2.767000
2.965000
2.766000
3.137000
2.766000
3.133999
2.799001
2.947001
2.766000
3.134001
2.766000
3.140001
2.766000
3.137000
2.785999
3.170000
2.766000
3.149001
2.767000
3.136000
2.766000
2.986001
2.767000
3.001999
2.766000
2.965001
2.766000
2.946999
2.766000
3.002001
2.766000
3.117999
2.767000
3.134001
2.766000
3.137000
2.766000
2.963001
2.766000
3.136000
2.766000
3.154999
2.766000
3.002999
2.766000
2.962001
2.767000
3.121000
2.767000
2.968000
2.767000
2.970999
2.766000
2.966002
2.765000
2.948999
2.765000
2.969999
2.766000
2.965000
2.766000
2.986999
2.765000
2.965000
2.766000
2.999000
2.767000
2.831001
2.767000
3.000999
2.764000
2.999999
2.766998
2.795000
2.784999
3.002001
2.822999
2.834000
2.764000
2.796000
2.767000
2.833001
2.766000
2.796000
2.767000
2.796000
2.764000
2.946001
2.783999
2.779000
2.766000
2.946001
2.765000
3.133999
2.765000
3.176000
2.766000
2.963001
2.766000
3.002001
2.766000
3.003001
2.764000
2.951000
2.766000
3.164999
2.766000
2.922000
2.784001
3.000000
2.765002
2.964001
2.766000
2.796000
2.766000
2.778001
2.766000
2.795000
2.765000
2.777999
2.766000
2.944000
2.767000
2.975000
2.766998
3.237000
2.766000
2.794001
2.767000
3.116000
2.822001
3.117001
2.767000
2.797000
2.787000
2.846999
2.766000
2.968000
2.786001
2.795000
2.766000
2.797000
2.765000
2.829000
2.766000
2.797000
2.764000
2.796000
2.765998
2.830001
2.766000
2.831001
2.765000
2.832999
2.764000
2.830999
2.767000
2.832999
2.765000
