506.340001
507.020000
525.940001
505.619999
508.579999
508.260000
507.560000
506.740000
523.380000
506.680001
507.500000
506.039999
504.880000
505.300000
522.859998
502.780002
505.279999
500.980001
504.440002
503.540002
552.060001
505.980000
530.299999
507.819999
506.779999
506.839998
534.320001
513.880000
510.500003
508.139998
505.440000
505.579997
511.519998
506.980002
505.059998
504.360002
503.339998
505.980000
507.860001
506.299999
511.859998
506.079998
506.099999
508.980002
501.720000
504.779998
505.739998
508.439999
506.239999
502.540000
518.080000
500.960000
502.680000
510.439999
506.280001
503.780000
520.280000
506.839998
504.300002
504.960001
503.139999
504.360002
518.780001
507.680003
505.560003
520.760000
512.660000
507.539999
519.759998
504.479997
504.460000
504.979998
504.999999
507.640000
517.839998
506.579999
507.619999
504.640002
509.760000
507.999998
521.180000
505.980000
510.079999
504.099999
507.080000
507.159997
519.780003
502.860002
504.400000
506.999999
509.760000
509.500001
523.380000
505.380001
507.640000
505.380001
508.320000
503.940001
517.379999
504.940003
505.620003
501.780000
501.139998
517.320000
508.380000
511.840001
505.520001
511.300001
510.779999
508.639999
509.660002
502.360001
505.459998
505.899999
505.460002
506.540000
504.519999
500.980001
508.380000
502.500001
509.840000
502.040002
506.540000
507.080000
507.059999
503.980000
506.579999
506.499998
502.620000
501.560003
535.220001
521.680001
506.340001
521.819998
540.180001
507.900000
506.140001
518.540002
504.920002
508.440003
501.619998
506.160002
503.659997
519.139998
506.400000
502.460003
513.840001
508.239999
507.700000
521.600001
503.720000
506.919999
501.860000
502.999999
503.960002
503.820002
506.519999
505.200002
525.780000
522.940002
510.299999
531.220000
522.480000
529.460002
516.519997
516.880002
512.800001
530.139998
506.499998
507.020000
504.559997
509.539999
513.900001
523.079999
508.579999
509.179998
509.140000
512.120001
505.239997
522.560000
506.000001
507.080000
504.860003
505.759999
515.039999
523.460001
507.520001
506.600000
506.659999
508.200001
504.060000
522.499997
505.900003
505.840000
507.460002
504.280001
507.840000
525.500000
505.520001
505.719997
504.440002
505.020000
510.400001
524.439998
505.220000
505.860001
504.860003
508.600000
507.260002
523.219999
513.480000
503.160000
508.400001
506.000001
504.759997
524.220001
507.900003
507.220000
505.700000
506.280001
506.859999
518.739998
511.060003
509.539999
505.660001
507.560000
504.820000
525.040001
506.079998
505.180001
505.340002
508.040000
543.019999
521.540001
506.800000
510.759998
507.119998
504.200000
542.879999
528.200001
501.780000
504.340000
543.020003
509.080000
506.519999
524.379998
504.980002
504.800003
508.399997
512.580000
507.059999
520.260002
507.119998
507.099997
506.719999
508.399997
507.740002
518.959999
505.100001
502.340000
507.700000
509.199999
508.620001
517.680001
505.319998
507.759999
505.339999
508.919999
505.600002
520.920001
505.100001
500.580002
505.539998
503.720000
512.940001
523.779999
507.020000
504.700001
504.919998
507.339999
504.499998
519.680001
505.119998
508.260000
504.040003
507.520001
511.340000
526.060000
507.420000
505.660001
506.620001
506.680001
507.100001
522.679999
504.799999
506.180000
504.999999
507.259998
506.880000
522.860002
504.400000
507.119998
507.180002
508.120000
508.439999
525.380000
505.939998
508.840002
508.200001
507.319998
503.240000
525.860000
512.699999
510.439999
504.980002
506.740000
507.580001
528.060000
505.980000
507.420000
506.120000
502.560001
504.280001
519.140001
511.999998
509.360000
506.659999
507.619999
505.040001
515.600000
505.419999
505.780000
501.800001
504.319999
510.900002
520.560000
505.239997
510.660000
509.140000
506.499998
505.680002
523.060001
507.459998
504.379999
506.700002
506.760001
505.300000
563.260000
503.480002
504.600000
549.439996
508.660000
506.780002
522.059999
506.820001
502.900001
505.220000
503.300000
509.080000
516.120002
507.500000
507.900000
513.239998
509.339999
506.419998
522.300001
508.060001
504.200000
504.480001
505.440000
505.080000
521.339998
506.100003
506.000001
504.740000
508.940000
506.980002
522.960000
508.979999
505.160000
503.700003
507.399999
506.880000
523.219999
506.120000
505.180001
506.260000
503.720000
511.700001
519.880001
508.239999
507.119998
502.980001
506.560002
504.560001
521.440003
502.820000
509.880003
507.819999
508.600000
511.280000
525.100000
505.720001
522.599999
505.240001
508.380000
507.139999
521.320000
503.960002
507.160001
505.739998
505.620003
500.080001
527.959999
506.519999
508.400001
504.480001
507.599998
505.520001
522.259999
503.780000
504.759997
504.820000
506.180000
508.680001
520.140000
511.659998
506.379999
506.540000
504.120000
508.159999
520.020001
502.060000
503.759999
506.699998
503.280003
506.880000
505.680002
510.860004
506.699998
506.239999
501.520000
505.520001
502.400000
505.800001
508.499999
506.520003
501.619998
505.360000
504.219998
502.900001
511.099998
509.140000
504.200000
505.139999
505.479999
533.719998
508.860003
544.860002
507.420000
508.000001
504.839998
511.680000
507.260002
509.760000
507.080000
506.480001
508.400001
503.059998
506.120000
504.820000
505.780000
502.280001
523.960002
506.299999
504.700001
510.540001
510.720000
506.359998
518.100001
503.679998
505.160000
504.200000
508.120000
505.739998
522.300001
505.039997
507.660002
503.120001
504.859999
509.500001
518.879998
506.860003
505.520001
508.060001
510.179996
505.180001
520.160001
502.239998
502.660003
503.720000
506.519999
508.719999
527.059998
502.800003
507.560000
507.680003
506.240003
506.940000
523.740001
504.400000
507.180002
504.799999
506.039999
508.760002
525.020000
504.299998
506.100003
503.340002
507.220000
505.840000
518.440001
507.220000
505.260002
507.539999
504.000001
507.460002
525.680002
514.300000
509.039998
506.439999
506.360002
504.519999
520.060003
507.420000
506.500002
502.659999
502.640001
505.340002
508.280002
508.219998
504.280001
502.020001
504.759997
508.099999
506.499998
506.180000
503.920000
505.680002
506.299999
503.000002
506.299999
508.660000
513.060000
504.379999
505.360000
504.420001
504.480001
503.720000
501.460001
504.480001
507.860001
504.400000
504.999999
525.219999
523.659997
542.519998
504.479997
505.199999
514.060002
505.840000
503.500000
505.780000
505.260002
505.260002
521.979999
505.980000
507.059999
518.819999
507.580001
504.460000
521.199998
507.019997
503.180001
505.020000
506.359998
503.940001
503.980000
505.899999
502.000000
499.660000
511.539999
505.800001
504.680000
510.000002
508.019999
507.560000
501.619998
504.960001
508.820001
501.740001
503.040001
506.320000
512.219999
509.560000
504.779998
509.760000
508.200001
504.460000
507.599998
506.120000
506.200001
507.679999
506.700002
502.700001
507.160001
514.160000
508.019999
509.000003
503.839999
507.840000
507.239997
506.059997
509.499997
519.640002
503.940001
504.519999
504.000001
508.539997
513.680000
528.400000
508.560002
504.619997
505.660001
507.060003
508.959997
521.260001
505.180001
504.919998
504.200000
502.080001
508.500002
530.800000
509.819999
507.160001
505.759999
508.480001
507.139999
520.380002
509.840000
502.099998
502.620000
502.760001
505.120002
526.760001
506.439999
505.560003
507.860001
506.700002
504.339997
520.020001
505.220000
504.480001
505.999997
503.320001
507.240001
521.320000
510.660000
503.740001
540.860001
506.499998
505.479999
524.599999
508.579999
509.240001
507.380001
508.380000
504.559997
519.239999
514.240000
510.819998
507.220000
507.020000
507.139999
518.600002
508.000001
504.999999
504.960001
503.960002
506.439999
517.379999
507.300001
509.560000
508.380000
506.839998
507.300001
516.700003
504.420001
504.340000
507.739998
502.460003
505.040001
523.820002
503.599998
503.339998
510.299999
506.480001
505.180001
518.320002
503.700003
505.560003
505.260002
501.959998
508.280002
515.860002
508.820001
507.100001
515.179999
510.339998
508.520000
519.740000
504.659999
504.180003
509.979997
507.400002
507.500000
521.419998
504.019998
509.160001
504.340000
509.859998
508.620001
515.960000
509.739999
504.299998
505.980000
505.580001
502.460003
520.900000
507.060003
501.699999
506.639998
511.459999
506.180000
522.940002
505.419999
503.100000
506.959997
506.439999
507.620003
520.800002
509.639997
504.999999
507.040001
505.400002
506.099999
518.059999
505.059998
504.479997
502.740003
506.580003
507.720001
504.040003
504.580002
503.699999
503.459997
505.360000
507.819999
513.639998
508.680001
507.399999
505.700000
503.419999
509.059999
504.020002
505.040001
505.119998
506.460000
502.500001
507.300001
522.620000
511.920001
513.459999
505.220000
507.039998
504.540000
503.279999
506.180000
505.039997
508.260000
499.959998
503.040001
507.240001
512.780000
507.059999
506.639998
505.780000
504.659999
505.580001
508.340001
502.820000
507.520001
506.640002
501.780003
504.600000
507.640000
511.419997
506.980002
505.279999
506.379999
503.340002
508.100003
504.540000
506.260000
502.960000
505.859997
503.240000
504.999999
510.820001
504.480001
506.340001
504.400000
505.179998
507.980000
505.740002
507.539999
506.080002
505.600002
507.480003
506.859999
507.080000
511.900000
507.399999
530.080002
510.919999
523.960002
546.220001
514.800001
522.299998
506.839998
523.600001
502.680000
504.319999
506.239999
531.660002
512.219999
549.800001
510.860000
511.200000
503.899999
505.959999
509.519998
521.900002
506.840002
527.700000
530.379999
536.479998
534.419999
525.300000
517.000001
524.380002
539.219998
551.320001
538.860001
523.219999
506.279998
507.420000
504.620001
505.059998
509.959999
524.659999
515.280001
506.120000
521.680001
509.879999
511.120003
504.719999
505.399998
505.600002
522.840001
506.940000
507.280000
504.319999
507.679999
507.500000
518.479999
504.819997
512.600001
548.820000
511.800002
549.759999
524.299998
505.299997
507.920001
505.759999
507.739998
505.259998
523.460001
507.059999
507.500000
505.720001
510.100000
506.760001
523.000002
504.960001
507.040001
505.920000
502.620000
503.839999
522.599999
509.199999
504.579999
502.559997
510.299999
509.819999
520.299997
508.120000
506.659999
506.060001
508.719999
503.700003
519.840002
506.400000
504.699998
505.899999
509.039998
506.820001
523.460001
505.620003
507.020000
506.439999
503.020000
511.480000
523.079999
503.480002
508.279998
505.619999
509.240001
504.019998
525.780000
508.900002
507.440001
507.439997
503.440000
504.319999
523.939997
507.199999
507.339999
501.819998
506.120000
506.540000
517.760001
515.019998
508.120000
504.680000
509.339999
506.440002
520.440001
506.800000
503.800001
504.179999
504.439998
504.260000
519.019999
507.940002
508.859999
505.559999
506.500002
509.160001
519.080002
506.120000
510.839999
504.460000
508.539997
509.080000
524.760000
506.980002
511.180002
503.580000
506.340001
504.139997
523.520000
506.640002
508.199997
503.100000
510.500003
505.920000
520.280000
506.600000
511.640001
515.820000
502.299998
507.179998
519.619998
505.139999
507.640000
505.700000
536.479998
544.939999
522.060003
