30.247999
30.548000
30.292001
30.272000
30.321999
30.312000
30.269001
30.298000
30.246000
30.161000
30.147000
30.182000
30.123000
30.094000
30.107000
30.143000
30.100999
30.111000
30.076000
30.149001
30.146000
30.146000
30.177000
30.150000
30.123000
30.129001
30.129000
30.143999
30.310000
30.383000
30.356000
30.152000
30.166999
30.373001
30.360000
30.400001
30.667000
30.723000
30.698000
30.498000
30.707000
30.526000
30.365000
30.198000
30.290000
30.334000
30.340000
30.569000
30.460999
30.503000
30.344000
30.278000
30.662000
30.454000
30.816000
30.673000
30.634999
30.689000
30.671000
30.677999
30.588999
31.079000
30.596000
30.587001
30.602001
30.173000
30.320000
30.675001
30.356000
30.470001
30.651000
30.623000
30.604000
30.696000
30.467000
30.419000
30.431000
30.444999
30.584000
30.269001
30.332999
31.009001
30.540000
30.627000
30.610000
30.816000
30.871000
30.767000
30.500000
30.958001
30.829000
30.704999
30.540000
30.712000
30.724000
30.766000
30.755000
30.368000
30.790000
30.692000
30.640000
30.619999
30.919001
30.618000
30.954001
37.074001
30.162000
30.190000
30.312000
30.160000
30.425000
30.576999
30.446000
30.474001
30.572000
30.622999
30.138000
30.128000
30.344999
30.343000
30.373001
30.365000
30.260000
30.246000
30.286000
30.583000
30.602000
30.480000
30.499000
30.199000
30.284000
30.127000
30.572000
30.303000
30.463000
30.193000
30.311001
30.389001
30.512000
30.642000
30.104000
30.379999
30.555000
30.626999
30.565000
30.599000
30.583999
30.489000
30.155000
30.616000
30.641000
30.739000
30.656000
30.696000
30.886000
30.833000
30.887000
30.704000
30.600000
30.199001
30.473000
30.605000
30.580000
30.766000
30.690000
30.728000
30.516000
30.898000
30.757001
30.392000
30.355000
30.550000
30.748000
30.734000
30.729000
30.728000
30.606000
30.652001
30.846001
30.824000
30.292001
30.687001
30.902999
30.718000
30.747000
30.745000
30.703001
30.705000
30.230000
30.547000
30.189000
30.510000
30.783000
30.410000
30.377001
30.164000
30.361000
30.189000
30.131999
30.173999
30.151000
30.193000
30.153001
30.137000
30.288001
30.243999
30.222000
30.204000
30.221000
30.247000
30.243000
30.242999
30.247999
30.370000
30.460000
30.243000
30.297000
30.269001
30.480999
30.326000
30.213000
30.154999
30.237000
30.162000
30.166000
30.150000
30.216000
30.155000
30.142000
30.449999
30.165000
30.162999
30.252000
30.157999
30.165000
30.170000
30.188000
30.150000
30.244000
30.330000
30.144000
30.170999
30.215000
30.081000
30.162000
30.090000
30.080000
30.114001
30.100000
30.350001
30.235000
30.168000
30.164001
30.189000
30.195000
30.520000
30.201999
30.466000
30.174000
30.301000
30.174000
30.174000
30.204000
30.154999
30.208000
30.250000
30.195000
30.188000
30.200000
30.199001
30.184000
30.177000
30.191001
30.154000
30.385000
30.216999
30.183000
30.203001
30.169000
30.165999
30.173000
30.184001
30.173000
30.193000
30.206000
30.214000
30.190000
30.196000
30.205000
30.206000
30.385000
30.228000
30.219001
30.503999
30.573000
30.396000
30.288000
30.470000
30.218000
30.186000
30.165999
30.170999
30.143999
30.116000
30.169000
30.165000
30.136000
30.175000
30.238000
30.142000
30.265000
30.190000
30.125000
30.194000
30.196000
30.165999
30.173000
30.188000
30.169000
30.186000
30.190000
30.179000
30.292001
30.492000
30.575000
30.198000
30.288000
30.538000
30.712000
37.760000
30.504000
30.142000
30.354000
30.187000
30.334000
30.119000
30.317000
30.120000
30.122999
30.305000
30.133000
30.330000
30.094000
30.320999
30.117000
30.158000
30.113000
30.098001
30.097000
30.107000
30.153000
30.270999
30.114000
30.319001
30.099001
30.704000
30.125001
30.143999
30.358000
30.518000
30.359000
30.416001
30.125000
30.368000
30.458000
30.430000
30.312000
30.339000
30.307000
30.442000
30.372000
30.302000
30.286000
30.517000
30.359000
30.325999
30.350001
30.131000
30.360000
30.412001
30.470001
30.351999
30.408001
30.375000
30.353000
30.187001
30.247000
30.310000
30.431000
30.495000
30.352999
30.193000
30.276000
30.542000
30.431001
30.608000
30.421000
30.301000
30.613000
30.451001
30.439000
30.241000
30.319000
30.225000
35.605000
30.330000
30.218001
30.173999
30.162000
30.142000
30.144000
30.299000
30.186000
30.141000
30.421000
30.176001
30.434000
30.328999
30.420000
30.448000
30.381001
30.139000
30.219000
30.153000
30.170000
30.172000
30.152000
30.323001
30.165000
30.117000
30.165000
30.153000
30.100000
30.162000
30.138000
30.147000
30.464999
30.163000
30.118000
30.179000
30.180000
30.161000
30.176000
30.251000
30.437000
30.263999
30.247000
30.288000
30.528001
30.607000
30.250000
30.425000
30.247000
30.217000
30.183000
30.251999
30.299000
30.157000
30.590000
30.342000
30.370000
30.428000
30.431000
30.461000
30.391000
30.368000
30.243000
30.201000
30.161000
30.361000
30.470000
30.409000
30.527000
30.330000
30.307000
36.037000
30.790000
30.424000
30.328000
30.277000
30.541000
30.471000
30.307000
30.594001
30.828000
30.801000
30.801999
30.858001
30.742001
30.838000
30.497000
30.821000
30.711999
30.488000
30.659000
30.498000
30.609000
30.592000
30.429999
30.134999
30.582001
30.634001
30.501001
30.575001
30.491999
30.638000
30.611000
30.113000
30.378000
30.493000
30.479000
30.900000
30.569999
30.149001
30.131999
30.112999
30.377001
30.656000
30.214000
30.451000
30.369001
30.432000
30.321999
30.408001
30.584000
30.461000
30.464000
30.338000
30.436000
30.429000
30.328000
30.443000
30.280000
30.726000
30.356000
30.441000
30.572000
30.468000
30.420001
30.677000
30.394999
30.459000
30.590000
30.624000
30.792000
30.603000
30.604000
30.565000
30.410999
30.441000
35.172000
30.716000
30.432001
30.425000
30.238000
30.257000
30.301000
30.253001
30.286000
30.253000
30.249000
30.231000
30.446000
30.235000
30.351000
30.204000
30.200000
30.220000
30.362000
30.205000
30.160000
30.200000
30.582001
30.123000
30.536000
30.566000
30.164000
30.244000
30.325000
30.642999
30.185000
30.186000
30.328000
30.348000
30.263000
30.137000
30.276000
30.273000
30.224999
30.232000
30.231000
30.224000
30.260000
30.228999
30.130999
30.137000
30.267000
30.250001
30.147000
30.134999
30.111000
30.134000
30.149000
30.252000
30.186000
30.180000
30.112000
30.173000
30.140000
30.100000
30.168000
30.280001
30.109000
30.134000
30.131000
30.253001
30.148000
30.141000
30.099000
30.142000
30.143000
30.199001
30.140000
30.121000
30.115000
30.476000
30.210000
30.096000
30.166999
30.264000
30.237000
30.143999
30.122001
30.149000
30.122000
30.192000
30.168000
30.617000
30.613000
30.673000
30.533000
30.391000
30.242000
30.123000
30.133000
30.324000
30.495000
30.494000
30.328000
30.328000
30.142999
30.296001
30.252000
30.268000
30.335001
30.347001
30.355000
30.323001
30.376000
30.374000
30.201000
30.204000
30.125001
30.104000
30.358000
30.346000
30.320001
30.352000
30.350001
30.117000
30.178000
30.143000
30.281000
30.142000
30.423000
30.338000
30.381001
30.431000
30.394000
30.809000
30.739000
30.471000
30.703000
30.692000
30.813000
30.867000
30.376000
30.359000
30.168000
30.396000
30.524001
30.599000
30.506000
30.679001
30.779000
30.899000
30.684000
30.383000
30.489000
30.390000
30.562000
30.227000
30.120000
30.714001
30.400000
30.165000
30.315000
30.336000
30.379000
30.149000
30.155000
30.315001
30.401000
30.352000
30.568001
30.316000
30.594000
30.486000
30.467000
30.444000
30.381000
30.449000
30.311000
30.299000
30.485000
30.321000
30.299000
30.313000
30.315001
30.379000
30.495000
30.157001
30.449000
30.330000
30.331000
30.568999
30.500000
30.485000
30.343000
30.157000
30.140000
30.111999
30.150000
30.133000
30.096000
30.146000
30.126000
30.127999
30.179000
30.150000
30.127999
30.153000
30.148000
30.122000
30.142000
30.221000
30.099000
30.149000
30.139000
30.115000
30.128000
30.126000
30.104000
30.135000
30.120000
30.129000
30.298000
30.127000
30.110001
30.149000
30.333000
30.123000
30.160001
30.129000
30.101000
30.158999
30.203000
30.141001
30.108000
30.099000
30.096000
30.131000
30.106000
30.096999
30.366000
30.100000
30.167000
30.158000
30.102000
30.119000
30.144000
30.142000
30.126000
30.183000
30.179000
30.115999
30.145000
30.162000
30.129000
30.149001
30.127000
30.125000
30.153001
30.143000
30.129001
30.119999
30.155000
30.187000
30.118000
30.211001
30.113000
30.142999
30.134000
30.099000
30.127999
30.123999
30.223000
30.115000
30.326000
30.118000
30.129001
30.146000
30.297000
30.152000
30.170999
30.121000
30.121000
30.142000
30.195000
30.177000
30.242000
30.124000
30.416001
30.160000
30.125000
30.149000
30.142000
30.121000
30.149000
30.167000
30.139999
30.470000
30.215000
30.195001
30.206000
30.215000
30.173000
30.157000
30.461000
30.496000
30.308000
30.510000
30.308000
30.364000
30.507999
30.309000
30.309999
30.338000
30.371000
30.396000
30.174000
30.169000
30.532001
30.501000
30.587001
30.734000
30.723000
30.474000
30.700000
30.350000
30.669000
30.724999
30.351000
30.326000
30.607000
30.416000
30.148000
30.403000
30.844000
30.581000
30.410000
30.507000
30.314000
30.614000
30.685000
30.389001
30.692000
30.544001
30.564000
30.708000
30.428000
30.329000
30.568001
30.656000
30.605000
30.567001
30.534999
31.088999
30.788000
30.533000
30.180000
30.602001
30.665999
30.914000
30.673000
30.405000
30.459000
30.481000
30.475000
30.537000
30.537999
30.324000
30.760000
30.549000
30.489000
30.480000
30.507000
30.339000
30.375000
30.378000
30.165000
30.247000
30.197999
30.172000
30.150000
30.227000
30.174999
30.127000
30.180001
30.237000
30.166000
30.166000
30.217000
30.149000
30.356999
30.608000
30.325999
30.316000
30.312000
30.292000
30.336000
30.302000
30.462000
30.425000
30.338001
30.298000
30.334000
30.320001
30.532000
30.178000
30.169000
30.289000
30.456000
30.405000
30.736000
30.338001
30.322000
30.510999
30.274000
30.392000
30.568000
30.991000
30.413000
30.406000
30.277001
30.325000
30.331001
30.172000
30.364000
30.321000
30.512000
30.508000
30.320000
30.413000
30.361000
30.320000
30.339000
30.334000
30.324000
30.239000
30.361000
30.452000
30.343001
30.704000
30.174999
30.355000
30.464000
30.361000
30.366001
30.364000
30.466000
30.434000
30.936000
30.439000
30.368000
30.493000
30.475999
30.517000
30.372000
30.347000
