70.300000
52.519999
45.200000
41.999999
41.579999
40.600000
40.500000
40.420000
45.560000
40.340001
39.379999
39.960001
38.620001
39.280001
38.040001
38.419999
37.540000
38.360000
37.519999
45.800000
38.020000
38.280001
37.060000
38.160000
37.740000
38.240001
37.839999
37.480000
37.980000
37.800001
37.660001
39.240001
40.399998
41.139999
38.540000
38.319999
44.779999
41.080000
39.559999
39.140001
38.459999
39.400000
38.060000
39.799999
38.380001
38.720001
38.520001
38.160000
37.980000
37.699999
38.000001
38.020000
38.060000
37.920000
37.900001
39.600000
37.780000
37.980001
37.780002
38.120000
38.060000
38.000001
38.039999
37.799999
36.840001
37.219999
37.699999
37.519999
37.440000
38.340000
37.859999
38.600000
37.800001
39.719999
38.559999
37.820000
38.179999
38.339999
39.360000
37.920000
37.519999
37.799999
38.100000
37.580000
38.500000
37.700001
37.659999
37.440000
37.840001
37.939999
38.980000
37.940001
37.100000
38.440000
37.980001
37.680000
38.260002
37.699999
37.840001
38.000001
37.540000
37.880000
37.219999
38.619999
36.979999
37.280001
36.939999
39.099999
38.560001
42.180000
39.799999
38.700001
39.240001
39.500000
38.620001
38.160000
38.600001
39.679999
39.860001
38.840000
38.080001
38.280001
37.640000
38.480001
37.220001
37.459999
37.860001
38.260000
38.260000
37.260000
38.260000
37.640000
38.080001
37.740000
37.800001
37.960000
38.619999
39.299998
38.640000
37.980000
37.660001
37.720000
38.200000
37.980000
37.339998
37.040001
40.039999
38.660001
45.320000
39.240001
37.380001
36.860000
37.140001
37.720000
37.420001
37.120001
36.780000
37.020002
36.800001
37.559999
38.080001
37.260000
38.780000
38.160000
37.920000
38.040001
37.660001
37.759999
37.900001
36.659999
37.020000
36.920000
38.000001
36.920000
37.340000
36.800001
36.440000
36.739999
36.599999
37.700001
37.220001
37.200000
40.020000
39.659999
39.440000
39.179999
38.420001
39.060000
39.080001
38.040001
38.860001
39.360000
38.520001
38.600000
38.240001
46.800001
38.920000
38.540000
38.360000
38.600000
37.520001
38.419999
38.820000
38.020000
38.160000
37.579998
38.260000
37.480000
38.880000
37.760001
37.640000
37.960000
37.999999
38.419999
37.820000
37.040001
37.780002
37.560001
36.920002
40.260000
38.479999
38.139999
37.860001
37.940001
37.519999
37.440000
37.500000
37.459999
37.680000
37.459999
37.599999
38.699999
37.540000
37.180001
38.260002
38.360000
38.220000
38.060000
38.799999
38.079999
37.300000
38.039999
37.859999
37.939999
37.780000
36.960000
36.880000
37.320001
37.300000
36.979999
36.640000
38.260000
37.699999
38.160000
38.020000
38.060000
41.900000
38.840000
38.079999
37.220001
37.340000
38.100000
37.680000
37.959998
38.120000
37.880000
38.519999
37.400000
37.540000
37.820000
36.920000
37.419999
38.060000
38.140001
37.400002
37.880002
37.560001
37.540000
37.660001
38.439998
37.920000
37.780000
37.080001
37.960000
37.900001
37.700001
37.579998
37.599999
37.540000
38.660001
38.600001
38.160000
39.620001
38.740000
38.459999
37.359999
37.200000
37.860001
37.320001
38.040001
37.559999
44.899998
38.000001
37.799999
36.800001
36.860000
38.420001
37.999999
37.179999
36.839999
38.400000
36.960000
38.240001
37.380001
38.039999
37.500000
37.039999
38.000001
36.900001
36.859998
37.120001
37.540000
38.120000
37.120000
37.260000
37.359999
36.880001
37.079999
38.039999
41.579999
39.100001
38.920000
39.400000
38.900001
38.200000
38.939999
38.380001
39.099999
38.280001
39.059998
38.360000
39.480001
39.559999
38.140001
38.840000
37.519999
38.240001
38.200000
45.219999
38.920000
38.780000
38.459999
37.920000
38.060000
38.160000
37.120001
37.999999
37.200000
37.640000
37.060000
37.640002
37.740000
37.820000
38.220001
37.220001
40.059999
39.000001
38.319999
38.379999
38.240001
38.519999
36.939999
37.300000
37.640000
37.880000
37.659999
37.280001
37.880000
38.719999
38.100000
37.559999
37.760001
37.160000
36.920000
36.860000
36.799999
36.820000
37.420001
37.700001
37.620001
37.079999
37.160000
37.440000
37.920000
37.460001
38.459999
37.699999
37.580000
38.400000
37.280001
36.979999
38.360000
42.200001
39.200000
38.139999
38.600000
37.760001
39.620001
37.920000
37.920000
37.899999
38.340000
39.619999
40.140001
50.500000
53.200001
62.579999
50.380001
47.840001
49.379999
43.480000
41.540001
41.020000
40.420000
40.379999
38.659999
39.360000
38.799999
44.420000
41.059999
41.540001
41.980000
39.680000
38.780000
39.980000
39.620001
41.640000
39.700000
40.380001
42.160001
35.179999
32.699998
33.820000
35.000000
35.960000
36.079999
35.980001
36.020000
34.580000
34.399999
34.500001
34.760000
33.900000
34.259999
36.459999
33.140000
35.560001
32.580001
32.480000
32.779999
32.520000
32.460000
33.159999
32.480000
33.580000
33.380000
33.460001
32.460000
33.320000
31.820001
31.640001
31.880001
31.839998
31.900000
31.900000
32.080000
31.960001
32.019999
32.360001
32.159999
32.140000
31.860000
32.000002
31.780001
32.280000
31.760000
32.080000
31.779999
31.540001
31.860000
32.180000
32.580001
31.840000
31.740000
31.900000
31.860000
32.080000
32.660000
33.140000
31.760002
32.340001
31.740000
32.460000
32.299999
31.660000
31.600000
31.860001
32.320000
32.120001
31.960001
31.719999
31.500001
36.160000
33.980001
32.980001
33.919999
33.180000
32.679999
32.380000
33.119999
33.480000
32.660000
32.520000
32.620002
32.380000
33.120001
32.800000
32.819999
33.100000
32.020001
32.680001
32.660000
32.300001
32.040000
32.099999
32.939998
32.560000
32.220000
32.220000
33.000000
32.280002
32.019999
32.800000
32.240000
32.200001
32.260001
32.040000
32.140000
33.399999
32.699998
32.099999
32.080000
35.200000
32.940000
31.940000
31.780001
31.860000
31.860000
31.760000
32.099999
32.000000
31.580001
31.760000
31.740000
32.159999
31.800000
31.860000
31.740000
31.700000
32.040000
31.800000
31.980000
31.700000
31.700000
31.960001
31.820001
32.360001
31.839998
32.000000
31.900000
31.560000
32.040000
31.719999
31.900000
31.699998
36.540000
35.040000
33.380000
33.580000
32.779999
32.620002
32.259999
32.540001
32.739999
32.560000
32.339999
32.199999
31.819999
32.420000
32.280000
40.200001
33.520000
32.380000
31.900000
32.639999
31.959999
32.040000
32.819999
31.880001
32.320000
32.180000
31.980000
32.079998
32.420000
31.959999
32.299999
32.220000
32.400001
32.439999
31.680001
31.980000
33.020001
32.420000
32.240000
32.199999
32.340001
32.080000
32.520000
31.660000
31.660002
31.660000
31.779999
31.939998
31.620000
32.040000
31.760000
31.880001
31.900000
31.940000
32.240000
31.819999
31.900000
31.740000
31.820001
31.560000
31.959999
31.700000
31.639999
31.760002
39.840002
31.980000
31.840000
31.760000
31.800000
31.760000
31.660002
31.800000
32.059999
33.040000
31.740000
32.020001
31.800000
32.140000
32.080000
31.940000
32.000000
32.080000
31.679999
31.579999
31.620000
31.800000
32.020001
32.100001
31.719999
32.219999
31.860001
32.040000
31.800000
32.260001
31.880001
31.919999
31.679999
32.060001
31.800000
31.880001
32.019999
32.760000
32.459999
32.160001
31.780001
32.099999
31.639999
31.660000
31.700000
32.640001
32.280000
32.120001
31.860000
40.640000
32.159999
32.160001
32.120001
32.140000
32.199999
31.660000
31.959999
31.760000
31.919999
31.740000
31.819999
31.960001
31.980000
31.640001
32.060001
32.000002
31.719999
31.960001
31.820001
31.760000
31.680001
32.059999
31.940000
31.960001
32.560000
31.719999
31.780001
32.000000
31.820001
31.740000
31.860000
31.880001
36.259999
33.340001
34.499999
32.760000
33.180000
32.499999
32.639999
32.640001
32.160001
32.280002
32.420000
32.380000
32.259999
31.879999
32.480000
32.159999
32.520000
32.860002
32.059999
32.420000
32.480000
32.120001
32.779999
31.900000
32.120001
32.059999
32.160001
32.179998
31.840000
32.560000
32.140000
32.199999
31.959999
32.080000
31.840000
31.919999
31.740000
33.720000
32.060001
31.880001
32.480000
33.059999
32.180000
32.080000
31.780001
32.000000
32.060001
31.679999
31.900000
31.940000
32.140000
31.800000
31.879999
32.339999
32.160001
31.900000
31.700000
31.599998
31.840000
31.760000
31.719999
32.099999
31.900000
31.840000
31.979999
32.140000
31.819999
31.980000
31.660000
31.760000
32.080000
31.819999
31.819999
37.340000
33.880001
33.360001
33.320000
40.620001
32.620000
33.140000
32.420000
32.440001
33.199999
32.720000
32.380000
31.980000
32.159999
32.119999
32.220000
31.740000
33.400001
32.560000
31.979999
32.059999
32.140000
32.359999
31.760000
32.440001
31.660000
32.000002
31.880001
32.200001
32.160001
31.919999
33.100000
32.539999
32.240000
32.360001
32.099999
32.240000
33.380000
32.260001
31.760000
32.580001
32.119999
31.800000
32.180000
31.819999
31.660000
31.780001
31.880001
31.800000
31.879999
32.020001
31.879999
31.700000
31.839998
32.199999
31.900000
31.940000
31.679999
31.740000
31.880001
31.720001
31.620000
31.620001
31.860000
31.860000
31.800000
31.919999
31.840000
31.959999
31.920001
32.060001
32.040000
31.700000
37.200000
34.639999
33.040000
33.320000
33.240000
33.120001
32.660000
32.080000
32.339999
31.800000
32.200001
33.160001
32.359999
32.280000
32.260001
32.679999
34.060000
32.200001
31.880001
32.360001
32.320000
32.120001
32.040000
31.779999
32.340001
31.719999
32.140000
31.900000
39.260000
32.440001
32.120001
32.740001
32.219999
32.280000
32.400001
32.339999
31.700000
37.060000
34.079999
33.860000
33.460001
34.060000
33.280000
32.620000
32.520000
32.620000
32.159999
32.460000
32.660000
32.160001
32.220000
32.339999
32.640001
32.840000
32.639999
32.400001
32.240000
32.320000
31.900000
31.820001
32.320000
32.059999
31.840000
32.320000
32.120001
32.480000
31.840000
32.119999
32.260001
31.940000
31.760000
32.280000
32.240001
33.639999
32.320000
32.240000
31.919999
32.220000
31.680001
31.880001
32.000000
31.780001
31.560000
32.339999
31.800000
31.760000
31.840000
31.700000
31.940000
39.799999
31.940000
31.900000
31.980000
31.979999
32.020001
31.740000
31.660000
31.719999
31.780001
31.920001
31.580001
31.900000
31.660002
31.839998
31.680001
32.160001
31.980000
32.020001
31.860000
31.839998
33.580000
32.199999
31.959999
32.220000
31.979999
31.939998
31.819999
32.540001
32.100001
32.120001
31.840000
31.840000
32.299999
