23.569000
23.191000
23.866001
23.271000
23.941000
23.778000
23.810000
23.386000
23.724000
23.414000
23.417000
23.415999
23.409000
24.192000
23.339001
23.391000
22.932000
24.462000
23.735000
23.606000
24.127000
23.377000
24.172001
23.739000
23.716000
24.326000
23.915000
23.688000
24.241000
23.931000
23.260999
23.773000
23.837000
23.697000
23.615000
24.067000
23.473999
23.688000
23.581000
23.271000
22.941000
23.697000
23.368000
23.738001
23.924000
23.146000
23.724000
23.868999
23.744999
24.114000
24.056000
23.213999
23.705999
23.797000
23.976000
23.684000
23.452001
24.489000
23.872000
23.990000
24.038000
23.964000
23.591001
23.805000
23.873000
23.949000
23.884000
23.187000
22.955000
23.581000
23.672000
23.454000
23.798000
23.208000
23.778999
23.322000
24.205999
23.090000
23.886000
23.918000
23.389000
23.660000
23.901000
23.608000
22.638000
23.924000
23.881000
23.523000
23.425000
23.586000
24.142000
23.076000
24.032000
23.779999
24.166000
23.410000
23.465999
23.956000
23.717999
23.623000
23.872999
24.005000
23.086000
23.077000
23.806999
23.096000
23.652000
23.615000
23.170000
23.122001
24.027999
24.057000
23.103001
23.875000
23.885000
23.411000
23.515000
23.996000
23.208000
23.657000
23.799000
23.605000
23.642001
23.322999
23.884000
23.468000
23.159000
22.699000
23.510001
22.934000
23.526999
22.760999
23.204000
22.922000
22.720000
22.727000
23.155999
23.104000
22.510000
22.747000
23.774000
22.782000
23.138000
23.105000
23.417000
22.782001
23.704000
23.688000
23.118000
23.295000
23.629000
23.290000
23.424000
23.784000
22.698000
23.215000
23.093000
22.850000
23.601000
22.914000
23.806999
23.267999
23.507999
23.109999
23.662000
23.104000
22.889000
23.221999
23.851000
22.976000
23.415000
23.418000
23.527000
23.211000
29.705000
23.897001
23.579000
23.238000
23.147999
23.277001
23.303000
24.116000
24.650000
23.428001
23.104999
23.159000
24.243000
23.823000
23.876000
24.251000
24.055000
23.397000
23.770000
23.585000
23.745000
23.809999
23.695000
22.841999
23.826000
23.182999
24.063000
22.992000
22.703000
23.339000
23.602000
23.071000
23.346000
23.040000
22.802000
23.244000
23.576001
23.023000
23.642000
23.424000
23.360000
23.512000
23.039000
24.023999
23.481000
23.264000
23.699000
23.935000
23.557000
23.937000
23.694000
23.859000
23.339000
23.820000
23.748000
23.032000
24.063000
23.401000
23.429000
23.458000
24.006000
23.143000
23.411000
24.088000
23.157000
23.664000
24.031000
23.786000
23.841999
22.960000
22.965000
23.789000
23.893000
23.235000
23.114000
22.898001
23.677000
22.953999
24.130000
23.125000
23.108000
23.244000
23.309000
22.991000
23.835000
23.174000
23.889001
23.186000
23.691000
22.798001
23.349000
23.358000
23.650000
22.396000
23.380999
22.602000
22.665001
22.505000
22.390000
22.468000
22.545000
22.560000
22.598000
23.305001
23.558000
22.542001
22.509000
23.016000
23.117000
22.587000
22.559000
22.473999
22.638000
22.751000
22.977000
22.861000
22.654000
22.629000
23.674000
22.598000
22.774000
22.846000
22.922000
22.562000
22.852000
22.641000
22.801000
22.754000
23.508999
22.693000
22.919000
22.799000
22.965000
22.552000
23.292000
22.620000
23.153001
22.818999
23.746000
23.052000
23.305000
23.540000
22.879001
23.886001
23.655000
23.545000
23.577000
22.840001
23.001000
23.345999
22.580001
23.422000
22.770000
22.964000
22.920000
23.175000
22.753000
23.035999
23.248000
23.477000
23.176000
23.657000
23.554000
23.398000
23.197000
23.002000
22.457000
23.474000
23.382000
22.635000
22.593000
23.077999
22.672000
23.368999
22.738000
23.063000
22.457000
23.506000
23.231000
23.149000
22.888999
22.505000
22.536000
22.914000
23.855000
23.488000
23.292000
22.531000
23.400000
23.382001
23.665000
22.973000
23.343000
22.830999
22.950000
23.045000
23.047000
23.475001
22.720001
23.294000
22.775000
23.463001
23.040000
23.201000
23.189999
23.608999
23.293000
22.392000
23.185000
22.657000
22.756000
23.263000
23.621000
23.070000
22.737000
23.254001
22.658000
22.802000
23.250000
23.418000
23.457000
23.221000
23.031000
22.832000
22.581000
23.136000
22.760999
22.829000
27.574999
23.680000
24.030000
23.309999
23.020000
22.979000
22.809001
22.806000
22.953000
23.202000
23.260999
22.953000
23.170000
22.762000
23.069000
23.269000
22.724001
23.624000
22.844001
22.927999
23.143000
22.737000
23.012000
23.017000
22.448000
22.814000
22.880999
22.869000
23.382000
22.614000
22.522000
23.352000
22.939000
22.702999
23.248000
22.617000
22.562000
22.794000
22.693000
22.901000
22.475000
22.621000
22.817000
23.604000
23.015999
22.873000
149.933000
23.364000
23.134001
24.293000
23.040000
24.391000
24.051000
24.003000
23.737000
23.894000
23.916000
23.571000
23.570000
23.279999
23.717999
23.964001
23.225999
23.456000
24.019999
23.627000
23.715001
23.700000
23.866000
23.355000
23.395000
23.513000
24.090000
23.776000
24.346000
23.132999
23.310000
23.363000
23.573000
23.205000
23.883999
23.302999
23.235000
23.385000
23.159999
23.590000
23.466000
22.987001
23.449000
23.178000
23.229999
23.624000
23.047000
23.309000
23.181000
23.593000
24.366000
24.064001
24.729000
23.613000
24.108999
24.062000
24.455000
24.319001
23.866001
24.158000
24.250000
24.169000
23.707000
23.518000
24.482001
24.047000
24.253000
24.116000
24.035000
24.116000
24.543000
23.790999
23.318000
24.594001
24.126000
23.506000
24.384000
23.672000
23.709000
23.917000
23.794000
24.047000
23.919000
23.988000
23.640000
23.760000
24.019000
24.337000
23.984000
23.676000
23.428001
23.157001
23.729000
23.237000
24.185999
23.118000
24.348999
22.852000
24.524000
23.509000
23.759000
23.664000
23.146000
23.430999
23.473000
24.040000
23.036000
23.196000
23.816000
23.858000
23.081000
23.847000
23.803000
23.564000
23.144000
23.653001
23.239001
23.948000
23.077000
23.193000
23.418000
23.935000
22.735000
23.526000
23.873000
23.633000
22.881000
23.595000
23.544000
22.541001
24.158000
23.492000
23.617000
23.782000
23.417001
23.282000
23.893001
23.250000
23.617000
23.756000
23.185001
22.791000
23.708000
23.211000
23.426000
22.967000
23.092001
23.238000
23.500000
23.562000
23.183000
23.170000
23.286000
23.263000
23.365000
23.492000
23.623999
23.652000
22.970000
23.048000
23.143000
22.938000
22.839000
22.910000
22.737000
23.070000
22.779000
22.658000
22.562000
23.347000
22.836000
23.169000
22.614000
23.194999
22.863001
22.662001
22.747000
22.996000
23.751999
23.568001
22.845000
23.030000
23.484999
22.632999
23.430000
23.146000
22.990000
23.347000
23.466000
23.033001
23.204001
23.071000
23.320001
22.777000
22.914000
23.699000
23.240999
23.361000
23.555000
23.667000
23.517000
23.099000
23.603000
23.473999
22.923999
22.908000
22.741000
23.886001
23.093000
22.846000
22.741999
22.981000
22.881000
23.149000
23.264000
23.113000
22.991000
22.732000
22.762000
22.621000
23.351000
23.007000
23.616000
23.080000
23.810000
23.216001
23.548000
23.686000
23.773001
23.831000
22.879000
22.525000
22.829999
22.998000
23.702000
23.695000
23.298000
22.434000
22.992000
22.592000
22.549001
22.660000
22.817000
22.886001
23.325999
22.856000
22.640000
23.574000
23.572001
23.330000
23.186000
23.589000
22.764999
22.880000
23.876000
23.539000
23.717000
22.809000
23.228000
22.927000
23.207000
22.934000
23.376000
22.811000
23.177000
23.953000
23.024000
23.649001
23.895000
23.206000
24.161000
23.045000
22.745000
23.291999
23.040000
23.002001
22.477999
22.911000
23.540000
23.072000
22.737000
23.618000
23.408000
23.318999
23.204000
23.654999
22.544000
22.961000
22.764999
23.201000
23.144000
22.917001
22.487001
23.313999
22.543000
23.012000
23.016999
23.497000
22.461000
22.736000
23.149000
22.434000
23.088001
23.058000
22.943000
23.551000
22.688000
23.163000
23.336999
23.325000
22.485000
22.950999
22.540000
23.265000
22.865000
23.073001
23.304000
22.738000
22.601000
22.961000
22.689001
23.318000
22.794000
23.375999
23.371000
23.109000
23.181001
23.449000
23.018000
22.856999
22.747000
23.544000
23.098000
23.293001
23.236000
23.396000
22.932000
23.275999
23.023000
22.787000
22.638000
23.055000
22.991000
23.014000
22.795000
22.824000
22.548000
23.118000
23.650999
23.182999
23.074000
22.726000
23.271000
22.605000
22.819000
22.848000
22.868000
22.636000
23.370000
22.961000
23.073000
22.905000
22.859000
22.680000
23.290000
22.649000
22.729000
23.051000
22.749000
23.255000
22.757000
22.271999
22.881000
22.874000
22.909000
22.816001
22.395000
22.728000
22.637000
23.453000
22.442999
23.088000
22.308000
23.271000
22.951000
22.993000
22.737999
23.401000
22.813000
23.369000
22.631000
22.501000
22.189000
23.124000
22.793001
22.672000
22.967000
23.260999
23.787000
23.365000
23.162000
23.205000
23.287000
23.253000
22.895000
23.436000
22.550000
23.595000
22.531000
23.467000
23.296000
23.034999
22.572000
22.400000
23.290000
22.966000
22.617000
23.176000
22.420000
23.572000
23.159999
23.217000
22.346000
22.686000
22.411999
23.127000
22.418000
23.112000
23.082000
23.268000
23.686000
23.529000
23.508000
22.867001
22.778000
22.207000
22.501000
23.284000
23.384999
23.130000
22.718000
22.588000
22.492000
23.074999
22.472000
22.466000
23.232000
22.501000
22.564000
23.396000
22.924000
22.978000
22.528000
22.968001
23.526000
23.180000
22.627001
23.055000
22.456001
22.392000
22.863000
23.483000
22.941999
22.931000
23.272000
23.123000
22.668000
22.502000
22.633000
22.737000
22.305000
22.480001
23.337000
23.135001
23.352001
22.690000
22.550000
22.778000
22.554000
22.865000
23.468000
23.253000
22.277000
23.089999
22.694000
22.621000
23.383000
22.874000
22.762000
23.465000
23.614000
23.639000
22.746000
22.907000
22.754000
22.920000
22.694000
22.754000
23.100001
22.880000
23.083000
22.914999
22.838000
23.106000
23.790000
22.497999
22.880000
23.598000
22.666001
23.362000
23.188001
23.595000
22.891000
22.845000
22.569000
22.895000
22.461000
22.737999
23.414000
23.405001
22.658001
23.476000
23.125000
22.601000
23.343001
22.824001
23.184000
22.690000
22.616000
22.748000
22.398000
22.441001
23.056000
22.665001
23.216000
23.484000
22.793001
23.035999
22.551000
23.540000
22.646000
22.593000
22.686000
22.674000
22.824000
22.561001
23.058000
22.784000
23.454000
22.512000
22.086999
22.098000
