60.800001
58.769997
61.204001
59.267003
60.010999
60.433000
58.910999
60.334999
59.670001
58.784999
59.940003
58.910999
60.318001
70.906997
62.729999
61.274000
60.272999
59.820998
62.514000
60.562000
59.326001
60.858000
60.156997
59.877999
58.657002
60.947999
59.356000
60.295001
60.194001
59.597999
59.712000
59.932001
60.066998
61.317001
60.372002
59.204999
59.204001
58.775999
60.563996
60.521003
59.910003
58.681000
61.354000
60.947001
59.958998
60.444999
59.287000
61.995000
59.276000
60.058001
60.980000
60.086001
58.442000
59.230000
59.537001
58.523998
60.061000
59.786998
59.688997
59.719000
59.861001
60.070001
59.491999
60.633998
59.012998
59.485003
60.619000
58.320001
59.917998
59.071999
58.160998
59.342999
60.740001
59.347000
59.307002
61.317001
58.764998
59.625998
58.642000
59.411000
57.409998
63.251000
63.306000
59.891000
60.596000
59.818000
59.806000
59.864998
59.501998
58.600999
60.287997
60.484000
59.812002
60.017999
59.221998
61.173998
57.944998
58.873001
59.553999
59.510000
59.231002
58.208000
59.712999
59.097998
58.823001
59.260000
59.861001
59.135001
59.622001
60.218003
60.222000
58.313001
59.462000
59.882000
60.261000
62.114999
61.067000
60.754001
59.171002
60.442999
61.430000
58.800999
59.413001
58.826998
59.779000
59.652999
60.275000
60.211003
60.224999
60.814001
61.053000
59.441000
59.588999
59.154999
57.822000
59.287999
58.885001
59.246998
59.310000
57.877000
60.268000
59.266999
60.025997
61.407000
58.736000
61.174002
63.207000
59.225000
58.580000
61.563000
60.729999
59.953000
60.150001
60.027000
58.650002
58.490999
60.711000
58.959000
60.045000
58.734000
59.794001
59.572998
59.390999
58.656000
59.808999
60.259998
58.842000
58.550000
59.948999
59.124999
59.012000
58.832999
58.841001
58.814000
59.773002
59.873000
59.600998
58.831003
58.494002
59.012000
60.520001
61.062999
58.429003
70.276003
59.640002
59.975997
62.268000
59.023000
59.857000
60.066000
61.062001
59.804998
59.850998
60.947001
60.959000
58.070999
59.443999
60.467001
59.538003
60.043000
59.983000
59.028000
59.154000
59.064999
59.830002
58.518000
59.833001
59.480000
60.534999
59.849001
62.571999
60.619999
60.820997
60.587000
59.348002
59.287000
58.710001
67.201998
61.799999
62.520001
61.554998
59.657998
60.146000
59.087999
59.739999
58.720000
59.626002
60.225002
59.964001
58.576997
60.178999
59.922002
58.676001
60.624998
60.249001
59.223000
59.067000
59.424002
61.228000
60.828000
60.436998
60.328998
58.557000
59.015002
59.389997
60.095001
59.131000
58.555000
60.708001
58.594000
59.440002
61.981998
60.615998
59.648000
60.545001
60.058001
59.549000
59.190001
57.640001
60.529999
59.478000
61.808001
60.125999
58.625001
57.997003
58.899000
59.672002
60.199998
59.835002
59.666999
58.311000
58.639999
58.367003
60.175002
61.714999
60.454000
59.091002
60.397003
59.377998
59.131000
58.603998
61.469998
61.721999
58.460999
59.781000
69.458000
61.177000
62.158000
61.288998
60.511999
60.079001
61.147999
61.202999
59.676997
59.493002
60.155999
58.991998
59.559997
59.967000
60.309000
59.376001
59.716001
61.100002
60.130000
59.390001
58.952000
60.404997
60.079001
58.754999
58.561999
59.863001
59.899997
60.509000
59.161000
59.560999
59.690002
59.875000
58.908999
60.614999
62.805001
61.890997
61.549000
60.343999
61.838001
59.305001
59.389003
58.263998
61.448000
59.609000
60.379002
59.161000
59.443001
60.325000
59.510000
59.604000
60.288001
57.696998
58.989000
61.179999
61.404001
59.980001
60.017999
59.310000
61.105002
59.090000
60.025997
59.285000
59.416998
59.342001
59.613001
59.645001
59.429999
59.687000
63.779999
59.250999
61.085999
59.057001
60.398001
59.418000
60.798001
59.582002
59.622001
58.092996
58.501001
58.824997
59.634998
57.764001
58.069002
59.474997
59.855003
59.034001
59.569001
58.973998
60.138002
59.857000
59.496000
59.181001
58.289003
59.278999
59.000000
59.049003
59.565999
58.587000
60.043000
61.262999
60.081001
58.208000
60.219999
60.982000
60.513999
60.709000
57.810999
59.769001
60.203999
59.465002
60.442001
60.937002
60.316999
60.053002
61.153002
59.914999
59.076000
62.872000
60.107999
60.908999
59.682000
58.488000
60.053002
60.201000
60.174000
58.454998
59.541002
60.242999
59.386998
58.662001
58.927998
60.192000
59.602000
59.396002
58.295000
60.757998
66.952001
60.219001
61.629999
61.969001
59.372999
60.467999
59.330001
60.074002
59.446000
59.538003
58.694001
59.863001
59.575003
57.589002
61.804000
60.329001
59.762999
60.826000
59.260000
60.269002
59.397001
59.937999
60.362000
59.634998
59.699003
59.424002
59.835002
60.010999
61.012998
61.305001
59.120003
60.702000
60.101997
58.770999
68.090998
62.472001
61.583001
62.176000
61.873000
60.579002
60.304001
59.051998
58.038000
60.277998
58.936000
61.973002
59.375003
60.238998
59.955999
60.564000
59.195999
58.427002
57.633001
59.366997
60.542997
60.589001
58.531001
60.380999
59.939001
60.497001
57.921998
59.152000
57.797998
58.893997
59.542999
60.389999
60.376998
59.664998
60.686998
61.464000
61.246999
60.617000
60.670000
60.318001
60.961999
60.845003
60.575001
59.644002
58.314998
59.126999
59.847999
60.342997
59.570000
58.737002
60.488001
60.134999
59.519999
59.211001
60.893998
61.663002
61.493002
59.933998
59.801001
58.285002
60.090002
60.952999
58.977000
59.913002
59.454001
61.850000
59.363998
59.809003
61.907001
61.345000
59.509002
60.243998
61.642002
60.761999
60.598001
61.511997
60.579002
58.719002
59.815001
59.107002
60.090002
59.570000
58.656000
59.020001
61.195001
59.455998
60.501996
59.119999
59.636001
58.826998
59.181999
59.714999
58.928002
58.193002
57.518002
60.828999
59.135001
58.731999
59.994999
60.481001
60.035001
60.171001
64.390000
59.609998
60.446002
60.432002
59.912998
61.147999
59.508000
59.955001
58.976002
59.772000
60.140997
58.850002
60.110003
60.029998
59.005000
59.861999
59.717000
60.176998
59.882000
59.967000
60.301997
59.625000
59.611000
61.106998
58.940001
59.116002
60.833000
60.198002
59.984002
60.199000
62.244002
59.566002
58.894999
58.745001
68.847999
60.065001
60.389999
62.146999
60.750000
60.105000
59.038002
60.010999
59.519000
60.229998
61.117999
59.234001
58.730002
58.667999
59.838001
59.131000
60.908999
59.969001
59.198000
60.897999
58.812000
57.905000
59.079003
60.109999
60.931999
60.848001
59.173997
59.322998
60.125001
59.347000
59.322998
58.906000
59.806999
59.488997
65.566998
62.127002
61.457001
60.388003
60.120001
58.818001
60.281999
59.930999
59.595000
59.868999
59.593003
58.821000
58.816001
57.847999
61.019998
61.202999
59.744000
61.580002
58.906000
61.887998
60.608000
58.653001
61.260000
59.808001
59.606999
59.884999
59.976000
59.617002
59.370000
60.029000
58.355000
59.913002
59.590001
61.872002
67.743000
60.111001
61.944999
59.408002
59.321001
60.348000
59.419997
59.300002
59.237000
58.967002
58.346998
60.291998
60.550001
58.387000
61.035000
60.497999
58.828000
59.153002
58.979999
58.375001
59.413001
60.560998
59.158001
60.155001
59.968002
60.072001
58.623999
59.543997
59.278999
61.062001
58.778998
60.702000
58.628000
58.799002
59.900001
60.562000
60.420003
61.813999
59.073001
61.083000
59.412997
60.373001
59.074000
58.736999
61.070003
60.710002
60.626000
59.312999
58.633000
59.960000
60.477000
58.095999
59.393000
60.476001
60.028002
61.360002
58.929998
59.397001
60.578998
58.646999
59.434999
59.699003
58.539998
60.677003
60.311999
59.124999
58.774002
59.776001
58.812000
61.462998
62.051002
61.500002
58.881998
58.935001
59.359998
59.947003
61.425000
59.876997
60.004003
58.539003
60.229998
60.525000
60.189001
60.318001
58.727998
60.236000
58.867000
58.761001
59.780002
59.115000
61.944000
58.761001
59.691999
59.974000
58.256000
59.201997
59.625000
59.883002
60.102999
58.429997
57.990000
60.459003
60.017001
63.740000
60.107000
60.624000
61.751999
60.036000
59.432000
60.306001
59.494000
59.890002
59.116002
58.879998
61.094001
58.352999
60.343001
60.720000
59.574999
59.785001
58.917001
58.862999
59.763998
58.201998
58.784999
60.331002
57.719998
62.575001
60.725998
60.185000
59.560999
59.861001
61.550997
60.970001
61.382998
58.915000
59.460003
61.554000
61.673999
60.213000
59.121002
57.507001
59.533998
59.784003
59.685998
60.869001
60.139000
58.897998
60.590997
58.783002
60.691003
59.168000
59.394002
58.916997
57.606999
60.162000
59.032999
59.319999
58.534000
60.320999
59.940003
60.334001
59.046000
60.210999
60.616001
59.194002
61.002001
59.647001
59.634998
59.216999
60.730997
62.535997
59.675001
59.811000
60.438000
62.333997
59.836999
58.984000
60.056999
60.643997
60.502000
59.709001
60.399998
61.134998
60.123999
60.332999
59.798002
59.738003
58.840003
59.891000
60.353000
60.345002
61.860003
59.811000
59.912000
59.576999
60.892999
59.034999
59.013002
59.772000
60.508002
60.123000
60.240999
59.937999
60.472000
62.899999
62.721003
60.320999
60.320001
59.884001
59.115000
58.970999
59.047002
60.148001
59.202000
59.232999
60.614001
59.928998
58.835000
60.827002
58.838002
59.406999
58.248002
59.576001
59.825998
60.248002
60.825001
58.514997
58.892000
60.162000
60.495999
59.217002
59.001002
60.148001
59.346002
60.206998
58.333002
58.945000
59.083000
62.640999
60.380001
61.456002
59.005998
60.229998
57.599999
59.979003
58.800001
59.106998
58.072001
60.573000
58.692999
59.862003
59.767999
59.657000
60.113002
61.977003
61.377998
61.952002
58.970999
60.389999
60.567003
60.966000
60.660999
61.428998
59.065998
60.390998
61.338000
58.708999
59.747003
58.676999
60.367003
59.978001
68.295002
61.780002
62.001999
61.979000
59.528999
60.955998
59.969999
60.711000
59.722997
58.710001
60.257003
58.474999
57.937000
58.656000
59.230000
58.676999
58.223002
57.080001
58.072001
59.218001
59.967000
59.976000
59.371002
60.513001
58.440000
59.921999
57.606000
58.559000
59.986003
58.653999
60.325999
59.635002
59.725001
59.998002
58.762997
61.409000
61.735999
60.386002
61.000001
59.400000
59.857998
58.120001
61.128002
61.018001
60.924999
58.226001
59.106000
61.289001
59.997998
59.573997
60.961001
60.892001
59.128001
59.561003
60.816001
61.254002
60.095999
60.454000
59.373997
58.711000
61.198998
59.923999
58.171999
59.211001
58.886003
59.203003
58.378000
61.620999
62.265001
