3.196999
3.202000
3.190000
3.188000
3.243000
3.192000
3.222001
3.212000
3.194001
3.195999
3.189000
3.204000
3.203000
3.204000
3.193000
3.200999
3.195000
3.201000
3.188000
3.222999
3.190000
3.197000
3.193000
3.210001
3.200000
3.230001
3.239000
3.195001
3.199000
3.200999
3.200999
3.219000
3.202000
3.196999
3.193000
3.221000
3.201000
3.224000
3.202000
3.191999
3.193000
3.200999
3.195000
3.206000
3.195000
3.221001
3.195000
3.204999
3.208000
3.196999
3.195000
3.195000
3.203999
3.202001
3.204999
3.194001
3.505999
3.191001
3.203000
3.205000
3.193000
3.194000
3.195999
3.204999
3.194000
3.224000
3.193000
3.202000
3.202001
3.198000
3.195000
3.202000
3.189000
3.205000
3.195000
3.206000
3.193000
3.200999
3.194001
3.202000
3.195000
3.212000
3.201000
3.217000
3.194000
3.194000
3.191000
3.199999
3.221000
3.204000
3.235000
3.218001
3.194001
3.224000
3.184999
3.224000
3.195000
3.203000
3.199999
3.208000
3.191000
3.199000
3.213000
3.219000
3.199000
3.202000
3.195000
3.194000
3.192999
3.210001
3.204000
3.216000
3.195999
3.194000
3.204000
3.192000
3.202001
3.219000
3.198000
3.195000
3.203000
3.218000
3.198000
3.223000
3.189000
3.202000
3.217000
3.224000
3.188999
3.205000
3.194000
3.208000
3.201000
3.224000
3.203000
3.191000
3.207000
3.199000
3.197000
3.196000
3.195000
3.223000
3.195000
3.199000
3.204000
3.227000
3.194000
3.224000
3.204000
3.210000
3.194001
3.223000
3.200000
3.193000
3.204000
3.192000
3.192999
3.192999
3.192999
3.194000
3.206000
3.200999
3.193000
3.194000
3.203000
3.196000
3.198000
3.191001
3.194001
3.223000
3.196999
3.194001
3.201000
3.193000
3.195000
3.223999
3.203000
3.194000
3.203000
3.200000
3.196000
3.201000
3.202000
3.198000
3.198000
3.202001
3.190001
3.198000
3.200999
3.213000
3.201000
3.220000
3.195000
3.204000
3.205000
3.207000
3.201000
3.223000
3.194000
3.215000
3.189000
3.194001
3.189000
3.194001
3.201000
3.224000
3.199999
3.224000
3.205000
3.194001
3.202000
3.194001
3.203000
3.194000
3.211000
3.214000
3.203000
3.196000
3.196000
3.194000
3.194000
3.192000
3.194001
3.200000
3.198000
3.196999
3.233000
3.223000
3.200000
3.220000
3.200000
3.203000
3.194001
3.198000
3.194000
3.223999
3.198000
3.200000
3.197000
3.196000
3.192999
3.198000
3.194000
3.201000
3.196000
3.228000
3.192999
3.200999
3.192999
3.200999
3.194000
3.218000
3.212000
3.202000
3.204000
3.202001
3.203000
3.199000
3.200000
3.221001
3.187001
3.200999
3.197000
3.223000
3.195001
3.200999
3.205000
3.224000
3.204000
3.190001
3.206000
3.201000
3.192000
3.191999
3.221000
3.223000
3.189000
3.216000
3.195000
3.204000
3.203000
3.216000
3.193000
3.194000
3.203000
3.194000
3.194000
3.194001
3.191000
3.219000
3.204999
3.209000
3.201000
3.214000
3.204000
3.201000
3.202000
3.202001
3.190000
3.201000
3.206000
3.195000
3.204000
3.198000
3.195000
3.211999
3.202000
3.197000
3.205000
3.224000
3.199000
3.223999
3.202000
3.199000
3.200000
3.198001
3.195000
3.194000
3.198001
3.223000
3.198001
3.211999
3.194000
3.223999
3.193000
3.199000
3.196000
3.221001
3.193000
3.221001
3.203000
3.223000
3.199000
3.223999
3.221000
3.202000
3.202000
3.224000
3.196000
3.195000
3.193000
3.207000
3.203999
3.197000
3.184999
3.223000
3.193000
3.224000
3.200000
3.195999
3.221000
3.227999
3.207000
3.209000
3.194000
3.200000
3.191000
3.200999
3.196000
3.193000
3.196000
3.200000
3.194000
3.223000
3.205000
3.188000
3.204999
3.197000
3.205000
9.827000
3.185000
3.219999
3.197000
3.199000
3.195000
3.197000
3.210000
3.224000
3.204000
3.224000
3.195999
3.208000
3.195000
3.224000
3.198000
3.223000
3.195000
3.224000
3.195001
3.191001
3.199000
3.194000
3.197000
3.210000
3.204000
3.194001
3.208000
3.190000
3.196000
3.190000
3.206000
3.221000
3.205000
3.224000
3.195000
3.224000
3.195001
3.202000
3.195000
3.223999
3.203000
3.202001
3.201000
3.200999
3.195000
3.201000
3.194001
3.194000
3.193000
3.198000
3.194000
3.194000
3.196000
3.190000
3.194001
3.199000
3.193000
3.214000
3.188000
3.215999
3.200000
3.193000
3.187001
3.189000
3.186001
3.203000
3.203000
3.214000
3.201000
3.196999
3.202000
3.194001
3.203999
3.201000
3.189000
3.187999
3.193000
3.188000
3.190001
3.194000
3.190001
3.194000
3.203999
3.194000
3.198001
3.218000
3.190000
3.201000
3.201000
3.201000
3.194000
3.194000
3.195999
3.223000
3.195000
3.194001
3.192999
3.203000
3.194001
3.194001
3.192000
3.202000
3.194001
3.199000
3.188999
3.219000
3.195000
3.204999
3.194000
3.219000
3.202000
3.224000
3.201000
3.205000
3.221001
3.195999
3.196000
3.193000
3.203999
3.194000
3.203000
3.204999
3.192999
3.194000
3.188999
3.203000
3.200000
3.222000
3.194000
3.194001
3.203999
3.196000
3.197000
3.200999
3.196999
3.223000
3.188000
3.221000
3.191000
3.223999
3.221000
3.205000
3.195000
3.224000
3.204999
3.223000
3.206000
3.194000
3.183000
3.194000
3.193000
3.224000
3.231999
3.200000
3.192999
3.208000
3.203000
3.207999
3.205000
3.224000
3.195000
3.223000
3.194000
3.223999
3.207000
3.227999
3.218999
3.188000
3.192000
3.202000
3.196000
3.223000
3.213000
3.200999
3.202000
3.202001
3.201000
3.205000
3.202001
3.223000
3.238000
3.218000
3.196000
3.223000
3.203000
3.196999
3.198000
3.202000
3.203000
3.223999
3.202000
3.223999
3.204999
3.222999
3.195000
3.202001
3.199000
3.208000
3.195000
3.201000
3.195000
3.223000
3.195001
3.196000
3.200999
3.198000
3.195000
3.223999
3.193000
3.219000
3.194000
3.209000
3.192999
3.223000
3.195000
3.200000
3.200000
3.192000
3.193000
3.203000
3.192999
3.202000
3.211000
3.199999
3.195000
3.224000
3.201000
3.198001
3.194000
3.226000
3.195000
3.199000
3.195000
3.199000
3.206000
3.223000
3.221001
3.223999
3.200999
3.197000
3.203000
3.206000
3.203000
3.223999
3.195000
3.196000
3.194001
3.199000
3.200000
3.204000
3.201000
3.224000
3.193000
3.221001
3.221000
3.200000
3.202001
3.223000
3.193000
3.224000
3.189000
3.189000
3.203000
3.202000
3.188999
3.223999
3.221000
3.199000
3.210000
3.194000
3.199999
3.219000
3.193000
3.202000
3.192999
3.223999
3.195000
3.196999
3.204999
3.205000
3.204000
3.200999
3.204999
3.224000
3.200000
3.197000
3.195000
3.196999
3.204999
3.223000
3.195000
3.223000
3.195000
3.200000
3.195000
3.194000
3.206001
3.199000
3.202001
3.201000
3.189000
3.202001
3.552999
3.206001
3.193000
3.216000
3.197000
3.203000
3.200000
3.192000
3.203000
3.194000
3.204000
3.203000
3.221000
3.198000
3.197000
3.194001
3.192999
3.194001
3.204000
3.199000
3.190000
3.218000
3.197000
3.191000
3.203000
3.214000
3.195000
3.200000
3.203000
3.201000
3.204999
3.240000
3.204000
3.223999
3.204999
3.224000
3.205000
3.195000
3.203000
3.196000
3.199999
3.199000
3.206000
3.202001
3.207999
3.201000
3.221001
3.248000
3.193000
3.213000
3.203000
3.223999
3.193000
3.213000
3.194000
3.200000
3.190000
3.224000
3.203999
3.200000
3.200999
3.223000
3.192999
3.194001
3.199000
3.224000
3.202000
3.219000
3.193000
3.200999
3.210000
3.195000
3.203999
3.199999
3.202001
3.223000
3.193000
3.223000
3.192999
3.224000
3.198001
3.188000
3.191000
3.195000
3.197000
3.196000
3.193000
3.194000
3.195000
3.223999
3.200999
3.223999
3.192999
3.195000
3.199000
3.207000
3.192999
3.205000
3.203999
3.224000
3.196999
3.201000
3.221000
3.208000
3.200999
3.199999
3.192000
3.223999
3.193000
3.199000
3.197000
3.204000
3.195000
3.205000
3.204999
3.190000
3.193000
3.197000
3.194000
3.223999
3.193000
3.224000
3.223000
3.198001
3.197000
3.209000
3.221001
3.200000
3.195000
3.224000
3.206000
3.222000
3.195000
3.202001
3.202000
3.200000
3.188999
3.199000
3.206000
3.197000
3.195000
3.202000
3.189000
3.194001
3.195001
3.194001
3.198000
3.215000
3.203000
3.199000
3.188999
3.194000
3.192000
3.222000
3.204000
3.223000
3.203000
3.200999
3.193000
3.223000
3.222000
3.222000
3.202000
3.224000
3.200999
3.223000
3.198000
3.223000
3.192999
3.228000
3.195000
3.197000
3.202000
3.224000
3.195000
3.201000
3.203000
3.193000
3.198001
3.194000
3.198000
3.194000
3.197000
3.200000
3.192000
3.224000
3.194001
3.219000
3.244000
3.224000
3.194000
3.224000
3.200999
3.198000
3.194000
3.224000
3.193000
3.218000
3.204999
3.198000
3.207000
3.224000
3.202001
3.196000
3.198000
3.203000
3.196000
3.221000
3.196000
3.197000
3.202000
3.194000
3.201000
3.224000
3.200000
3.223000
3.200999
3.208000
3.202000
3.202000
3.193000
3.201000
3.194000
3.206000
3.198001
3.194001
3.204000
3.223999
3.236000
3.223999
3.188999
3.224000
3.189000
3.223999
3.202000
3.216000
3.203001
3.420000
3.190000
3.195000
3.203000
3.196999
3.199000
3.211999
3.197000
3.196000
3.188999
3.194001
3.204000
3.194001
3.203000
3.216000
3.200000
3.194001
3.203000
3.194000
3.203999
3.194000
3.203000
3.218000
3.203000
3.194001
3.195001
3.219000
3.195000
3.213000
3.203000
3.193000
3.214000
3.198000
3.186001
3.194000
3.194000
3.190001
3.196000
3.194000
3.194001
3.195000
3.196000
3.203000
3.193000
3.223000
3.202000
3.195000
3.203000
3.200999
3.192999
3.196000
3.195000
3.194001
3.203000
3.195000
3.204000
3.207000
3.192000
3.186000
3.204000
3.200999
3.195000
3.199000
3.190001
3.194000
3.198001
3.218000
3.204000
3.196000
3.203000
3.193000
3.196999
3.188000
3.197000
3.207000
3.199000
3.194000
3.187999
3.204000
3.204000
3.194001
3.192000
3.196000
3.199000
3.201000
3.192000
3.194000
3.198000
3.194000
3.196999
3.194001
