0.737000
0.735000
0.708000
0.678000
0.707000
0.733000
0.727000
0.700000
0.701000
0.708000
0.702000
0.718000
0.735000
0.706000
0.695000
0.688000
0.727000
0.695000
0.724000
0.691000
0.690000
0.698000
0.699000
0.720000
0.717000
0.701000
0.692000
0.733000
0.693000
0.693000
0.701000
0.718000
0.709000
0.704000
0.690000
0.711000
0.703000
0.724000
0.748000
0.692000
0.724000
0.712000
0.707000
0.704000
0.721000
0.698000
0.702000
0.704000
0.701000
0.695000
0.710000
0.702000
0.709000
0.719000
0.714000
0.710000
0.701000
0.745000
0.722000
0.724000
0.706000
0.689000
0.706000
0.693000
0.691000
0.689000
0.723000
0.746000
0.745000
0.707000
0.690000
0.710000
0.710000
0.707000
0.720000
0.710000
0.721000
0.722000
0.707000
0.716000
0.713000
0.721000
0.712000
0.704000
0.695000
0.708000
0.706000
0.734000
0.708000
0.705000
0.722000
0.714000
0.705000
0.736000
0.697000
0.716000
0.701000
0.778000
0.754000
0.709000
0.696000
0.711000
0.703000
0.732000
0.710000
0.700000
0.698000
0.719000
0.735000
0.730000
0.704000
0.696000
0.706000
0.720000
0.712000
0.711000
0.734000
0.703000
0.689000
0.694000
0.710000
0.707000
0.702000
0.726000
0.697000
0.724000
0.716000
0.712000
0.716000
0.702000
0.698000
0.716000
0.689000
0.709000
0.695000
0.711000
0.717000
0.719000
0.699000
0.710000
0.744000
0.714000
0.709000
0.723000
0.686000
0.723000
0.711000
0.709000
0.707000
0.702000
0.691000
0.721000
0.700000
0.690000
0.707000
0.721000
0.714000
0.715000
0.727000
0.731000
0.723000
0.714000
0.705000
0.694000
0.699000
0.698000
0.694000
0.719000
0.727000
0.699000
0.702000
0.683000
0.715000
0.710000
0.681000
0.704000
0.714000
0.729000
0.718000
0.706000
0.718000
0.703000
0.711000
0.714000
0.705000
0.724000
0.715000
0.716000
0.712000
0.698000
0.710000
0.727000
0.696000
0.733000
0.723000
0.715000
0.715000
0.708000
0.703000
0.696000
0.735000
0.713000
0.720000
0.694000
0.700000
0.716000
0.715000
0.707000
0.708000
0.710000
0.714000
0.736000
0.699000
0.711000
0.715000
0.714000
0.722000
0.715000
0.693000
0.708000
0.752000
0.693000
0.722000
0.726000
0.706000
0.711000
0.706000
0.717000
0.702000
0.723000
0.706000
0.708000
0.706000
0.719000
0.708000
0.705000
0.704000
0.686000
0.717000
0.700000
0.699000
0.693000
0.699000
0.723000
0.737000
0.714000
0.729000
0.718000
0.703000
0.705000
0.707000
0.699000
0.712000
0.697000
0.704000
0.699000
0.708000
0.717000
0.739000
0.715000
0.701000
0.696000
0.706000
0.719000
0.704000
0.694000
0.719000
0.694000
0.695000
0.717000
0.702000
0.705000
0.733000
0.716000
0.712000
0.723000
0.716000
0.715000
0.694000
0.697000
0.724000
0.729000
0.719000
0.699000
0.692000
0.703000
0.705000
0.707000
0.718000
0.711000
0.706000
0.731000
0.696000
0.718000
0.689000
0.730000
0.719000
0.698000
0.697000
0.713000
0.698000
0.732000
0.702000
0.722000
0.699000
0.699000
0.706000
0.702000
0.709000
0.723000
0.698000
0.705000
0.729000
0.714000
0.690000
0.713000
0.704000
0.716000
0.701000
0.708000
0.716000
0.705000
0.704000
0.706000
0.706000
0.703000
0.698000
0.696000
0.712000
0.721000
0.710000
0.704000
0.700000
0.689000
0.706000
0.705000
0.703000
0.724000
0.706000
0.691000
0.731000
0.703000
0.838000
0.713000
0.700000
0.716000
0.726000
0.711000
0.694000
0.740000
0.702000
0.699000
0.711000
0.712000
0.715000
0.706000
0.703000
0.718000
0.722000
0.711000
0.710000
0.704000
0.719000
0.715000
0.703000
0.718000
0.700000
0.740000
0.713000
0.732000
0.713000
0.710000
0.716000
0.702000
0.700000
0.703000
0.725000
0.719000
0.713000
0.704000
0.691000
0.709000
0.707000
0.712000
0.712000
0.712000
0.723000
0.730000
0.710000
0.711000
0.714000
0.718000
0.724000
0.711000
0.720000
0.715000
0.705000
0.716000
0.700000
0.730000
0.705000
0.723000
0.717000
0.715000
0.709000
0.716000
0.711000
0.713000
0.701000
0.702000
0.729000
0.710000
0.709000
0.713000
0.705000
0.739000
0.742000
0.745000
0.706000
0.704000
0.700000
0.722000
0.711000
0.717000
0.691000
0.725000
0.728000
0.709000
0.709000
0.706000
0.705000
0.714000
0.700000
0.722000
0.699000
0.729000
0.712000
0.732000
0.722000
0.724000
0.715000
0.729000
0.701000
0.738000
0.714000
0.707000
0.726000
0.709000
0.718000
0.731000
0.701000
0.736000
0.709000
0.726000
0.708000
0.716000
0.715000
0.706000
0.715000
0.708000
0.712000
0.712000
0.750000
0.707000
0.723000
0.717000
0.719000
0.743000
0.725000
0.695000
0.719000
0.712000
0.708000
0.701000
0.731000
0.710000
0.732000
0.708000
0.704000
0.739000
0.716000
0.739000
0.722000
0.715000
0.709000
0.700000
0.718000
0.737000
0.709000
0.714000
0.709000
0.718000
0.712000
0.723000
0.714000
0.704000
0.730000
0.720000
0.729000
0.708000
0.716000
0.717000
0.708000
0.708000
0.705000
0.728000
0.727000
0.705000
0.709000
0.731000
0.714000
0.712000
0.694000
0.714000
0.734000
0.742000
0.711000
0.740000
0.735000
0.738000
0.723000
0.712000
0.716000
0.740000
0.758000
0.719000
0.705000
0.734000
0.708000
0.736000
0.701000
0.729000
0.698000
0.720000
0.726000
0.714000
0.736000
0.706000
0.714000
0.709000
0.725000
0.733000
0.700000
0.700000
0.730000
0.731000
0.735000
0.740000
0.693000
0.715000
0.734000
0.728000
0.708000
0.710000
0.723000
0.735000
0.712000
0.709000
0.719000
0.731000
0.701000
0.720000
0.716000
0.726000
0.707000
0.722000
0.716000
0.717000
0.733000
0.717000
0.718000
0.717000
0.688000
0.711000
0.715000
0.700000
0.702000
0.711000
0.719000
0.721000
0.722000
0.720000
0.713000
0.728000
0.757000
0.718000
0.735000
0.709000
0.709000
0.713000
0.699000
0.705000
0.724000
0.722000
0.720000
0.745000
0.723000
0.709000
0.694000
0.702000
0.688000
0.730000
0.699000
0.715000
0.706000
0.703000
0.703000
0.724000
0.703000
0.741000
0.716000
0.710000
0.703000
0.701000
0.698000
0.707000
0.762000
0.730000
0.737000
0.724000
0.725000
0.703000
0.714000
0.716000
0.705000
0.725000
0.717000
0.727000
0.697000
0.712000
0.724000
0.703000
0.734000
0.744000
0.695000
0.705000
0.716000
0.716000
0.707000
0.712000
0.698000
0.703000
0.708000
0.698000
0.700000
0.729000
0.714000
0.720000
0.693000
0.719000
0.729000
0.716000
0.744000
0.733000
0.716000
0.714000
0.712000
0.711000
0.696000
0.721000
0.711000
0.717000
0.714000
0.740000
0.737000
0.711000
0.705000
0.709000
0.685000
0.710000
0.713000
0.718000
0.706000
0.722000
0.733000
0.695000
0.688000
0.715000
0.696000
0.723000
0.713000
0.722000
0.731000
0.713000
0.707000
0.709000
0.700000
0.722000
0.703000
0.710000
0.702000
0.712000
0.700000
0.724000
0.704000
0.718000
0.730000
0.739000
0.731000
0.705000
0.704000
0.704000
0.731000
0.702000
0.728000
0.726000
0.734000
0.728000
0.702000
0.701000
0.732000
0.703000
0.700000
0.718000
0.708000
0.711000
0.706000
0.704000
0.708000
0.701000
0.716000
0.697000
0.700000
0.704000
0.707000
0.707000
0.718000
0.719000
0.727000
0.721000
0.712000
0.702000
0.707000
0.706000
0.699000
0.729000
0.719000
0.717000
0.708000
0.721000
0.726000
0.715000
0.736000
0.705000
0.710000
0.712000
0.723000
0.710000
0.740000
0.718000
0.730000
0.731000
0.712000
0.725000
0.725000
0.719000
0.704000
0.706000
0.701000
0.696000
0.715000
0.703000
0.704000
0.732000
0.717000
0.704000
0.711000
0.726000
0.705000
0.717000
0.708000
0.713000
0.714000
0.717000
0.724000
0.750000
0.708000
0.693000
0.704000
0.712000
0.700000
0.723000
0.733000
0.710000
0.732000
0.726000
0.739000
0.730000
0.714000
0.702000
0.740000
0.703000
0.738000
0.712000
0.703000
0.710000
0.707000
0.706000
0.725000
0.719000
0.739000
0.704000
0.722000
0.702000
0.708000
0.704000
0.707000
0.706000
0.731000
0.737000
0.715000
0.715000
0.740000
0.713000
0.744000
0.710000
0.703000
0.722000
0.699000
0.715000
0.714000
0.720000
0.690000
0.719000
0.738000
0.704000
0.715000
0.769000
0.753000
0.681000
0.718000
0.729000
0.715000
0.718000
0.704000
0.689000
0.729000
0.739000
0.723000
0.718000
0.716000
0.724000
0.710000
0.709000
0.723000
0.732000
0.712000
0.709000
0.702000
0.709000
0.721000
0.721000
0.719000
0.706000
0.720000
0.722000
0.724000
0.712000
0.725000
0.688000
0.712000
0.691000
0.714000
0.692000
0.731000
0.677000
0.727000
0.700000
0.718000
0.706000
0.709000
0.719000
0.723000
0.710000
0.728000
0.717000
0.711000
0.701000
0.693000
0.696000
0.719000
0.732000
0.718000
0.718000
0.716000
0.690000
0.737000
0.683000
0.711000
0.695000
0.707000
0.707000
0.710000
0.715000
0.703000
0.706000
0.706000
0.697000
0.745000
0.701000
0.743000
0.694000
0.696000
0.723000
0.707000
0.724000
0.701000
0.695000
0.711000
0.708000
0.706000
0.709000
0.702000
0.708000
0.755000
0.692000
0.725000
0.706000
0.739000
0.726000
0.735000
0.722000
0.727000
0.721000
0.691000
0.718000
0.706000
0.731000
0.713000
0.733000
0.700000
0.704000
0.736000
0.706000
0.707000
0.718000
0.709000
0.720000
0.709000
0.687000
0.720000
0.709000
0.706000
0.719000
0.717000
0.736000
0.733000
0.719000
0.712000
0.717000
0.736000
0.702000
0.688000
0.694000
0.695000
0.706000
0.738000
0.701000
0.719000
0.716000
0.701000
0.718000
0.712000
0.717000
0.709000
0.715000
0.713000
0.705000
0.713000
0.701000
0.715000
0.702000
0.722000
0.706000
0.720000
0.740000
0.732000
0.708000
0.700000
0.714000
0.707000
0.713000
0.723000
0.709000
0.709000
0.704000
0.717000
0.700000
0.705000
0.703000
0.715000
0.725000
0.701000
0.696000
0.705000
0.720000
0.751000
0.745000
0.720000
0.714000
