1.021000
1.014000
1.010000
1.022999
1.009000
1.013000
0.998000
1.010000
0.994000
1.015000
0.997000
1.008000
1.015000
1.036000
1.018999
1.050999
0.996000
1.030000
0.999000
1.023999
1.008000
1.010000
1.007000
1.006001
1.034999
1.034000
1.007000
0.994000
1.006000
1.013000
0.996999
1.005000
0.999000
1.003000
0.990001
0.990001
1.012000
1.005000
1.015000
1.004000
1.025000
1.031000
1.030000
1.018000
1.000999
1.010001
1.019000
1.032000
1.003999
1.021000
1.006000
1.002001
1.012000
1.004000
1.030000
1.005000
1.028000
1.007000
0.993000
1.018001
1.034000
1.029000
1.012000
0.994001
1.004000
1.014000
1.026001
1.029000
1.001000
1.007000
1.012000
1.004000
1.006000
1.029000
1.016000
1.015999
1.007000
1.019999
1.023000
1.054000
0.983000
1.003000
1.019000
0.985000
1.025000
1.004000
1.005000
1.011000
0.998001
1.000000
1.000000
0.999000
1.009000
1.001000
1.000000
1.013000
1.026000
1.019000
1.033000
1.003000
1.017000
0.988000
1.018000
0.998001
0.996999
1.007000
1.017000
0.996000
0.992000
1.033000
1.013000
1.022000
1.022000
1.018000
1.004000
1.013000
0.995999
1.007000
1.023999
0.999000
1.012000
1.012000
1.000000
1.015999
1.009000
1.016000
1.020000
1.028000
0.982000
1.006000
1.027000
0.992000
1.009000
1.004000
1.035000
1.014999
1.006001
1.006000
1.006001
1.019999
1.003000
1.026999
1.008000
1.044000
1.017001
1.008000
0.992000
1.004000
1.009000
1.005000
1.014000
1.006001
1.023999
1.019000
1.016000
1.004000
1.019000
0.999000
1.007999
1.017000
1.003000
0.987000
1.006001
0.997000
1.017000
1.040000
1.030000
1.000999
1.008000
1.017001
1.015999
0.990000
1.018000
1.010001
1.009000
1.001000
1.003000
1.025000
1.031999
1.004000
1.017001
1.013000
1.005000
0.998001
1.019000
0.998000
1.009000
1.007000
1.031000
1.014000
1.009000
1.037000
0.998001
1.040000
1.005000
1.019000
1.023999
1.009000
1.019000
1.019999
0.999999
1.000000
1.029000
1.007000
1.031000
1.027000
0.994001
1.038000
1.019000
1.002000
1.026000
1.023000
1.036000
1.026000
1.036000
1.016000
1.003000
1.008000
1.022001
1.010000
1.014000
1.018000
1.024000
1.020000
1.020000
1.033000
1.006001
1.014000
1.000999
1.027000
1.015000
1.003000
0.988000
1.007000
1.018001
1.001000
1.030000
1.026000
1.017001
1.015000
1.020000
1.013000
1.014000
1.037000
1.025000
1.003000
0.998000
1.031999
1.005000
1.016000
1.027000
1.012000
1.021000
1.003000
0.996000
1.035000
1.014001
1.044000
1.014000
1.027000
0.983000
1.004000
0.992000
0.999000
0.984000
1.048000
1.002001
1.004000
1.026000
1.019000
1.011000
1.131000
0.995000
1.016000
1.000999
1.005000
1.007000
1.013000
1.009000
0.992000
0.994001
1.006001
1.011000
0.992999
1.013000
1.007000
1.013000
1.020000
1.021000
1.004000
1.010001
1.013000
1.010001
0.998000
1.032000
1.024000
0.987000
0.992000
1.006001
1.036000
0.995000
1.000000
0.994001
1.030000
1.001000
1.006001
0.993000
1.013000
0.996000
1.000000
0.995000
1.011999
1.007999
1.009000
1.019000
1.008000
0.994000
1.006000
1.001000
1.022000
0.992999
1.003000
0.994000
1.017000
1.007000
1.026001
0.999000
1.004000
1.000999
1.023999
1.018000
1.001000
1.024000
1.002000
1.006000
1.048000
1.036000
1.018000
1.029000
1.059000
0.999000
1.011000
1.005000
1.007000
0.995000
1.087000
0.999000
1.042000
0.995000
1.010000
1.015000
1.018000
0.992999
1.055000
1.016000
1.066000
1.021000
1.072000
1.002001
1.008000
0.994000
1.085999
0.989000
0.998000
1.005000
0.983000
0.993000
1.023000
1.020000
1.069000
1.014999
1.027000
0.992000
1.018000
1.014000
1.008000
1.013000
1.056000
0.995001
1.009000
1.015999
1.056000
0.996000
0.998000
1.013000
0.996000
1.020000
1.020000
1.010000
1.012000
0.991000
1.016000
1.005000
1.070000
1.017001
1.023000
1.014000
1.082000
1.002000
1.050000
1.003999
1.005000
0.988000
1.005000
0.992999
1.006001
1.017000
1.015999
1.018000
0.993000
1.007000
1.013000
1.009000
1.020000
1.005000
0.992000
0.995000
1.019000
1.046000
0.998001
1.015000
0.998001
1.056000
1.005000
1.000000
0.999000
1.015999
1.039000
0.987000
1.015000
1.009000
1.023000
1.007000
1.020000
1.036000
1.007000
1.007000
1.012000
0.996999
1.005000
1.075000
1.011000
1.055000
1.017000
1.034000
1.010000
1.060000
1.015999
1.023000
1.015000
1.022000
1.009000
0.991999
0.997000
1.029001
1.034000
1.033000
1.027000
0.983000
1.022000
0.992000
0.985000
1.065000
1.034000
1.017000
0.994000
0.995000
1.005000
1.007000
1.030000
1.011999
1.020000
1.006001
1.001000
1.002001
1.012000
1.010000
1.023000
1.003001
1.018000
0.998000
1.004000
1.000000
1.007999
1.006000
1.023000
1.016000
1.019999
1.014999
0.999000
1.006000
1.001000
1.000999
1.011000
1.023000
1.001000
1.027000
1.007000
1.014000
1.029001
1.017000
1.007000
1.017000
1.018000
1.019000
1.007000
1.013000
1.004000
1.012000
1.012000
0.984999
1.003000
1.008000
1.004000
0.999000
1.003000
1.029000
0.997000
0.998000
1.028000
1.023000
1.001000
1.011000
1.024000
1.002000
1.014000
1.003000
1.010000
1.031000
1.017001
0.999000
1.005000
1.004000
1.009000
0.997000
1.022000
1.002000
1.007000
1.017000
1.005000
1.034000
1.019000
0.996000
0.995000
1.023000
1.043000
0.990000
1.034000
1.001000
1.011000
1.016000
1.021000
1.014000
1.007000
1.005000
1.021000
0.988999
1.018000
1.054999
0.995000
1.012000
1.022000
1.018000
1.000999
1.019999
0.994000
1.024000
0.997000
1.013000
0.987000
1.021001
1.015000
1.014000
1.011000
0.986000
0.998001
1.019999
1.035000
1.006000
1.015000
1.030999
1.018000
1.019000
0.996000
1.014001
1.020000
1.015000
1.011000
1.013000
0.995000
1.031000
1.055000
1.008000
1.013000
1.002000
1.013000
0.999000
1.030999
1.010001
1.021000
0.995000
1.037000
1.014000
1.021000
1.005000
1.036000
1.002000
1.017000
1.006000
0.999000
1.012000
1.045999
1.016000
1.009000
0.992000
1.002000
1.027999
1.000999
1.009000
1.010000
1.048000
1.015000
1.019000
1.036000
1.001000
1.015000
1.033000
1.010001
1.001000
1.030000
1.024000
1.001000
1.006000
1.029000
1.010000
1.014000
0.995000
1.023999
0.995000
1.012000
0.995000
1.011000
1.011000
1.029000
1.016000
1.009000
1.007999
1.005000
1.001000
1.020000
1.006001
1.019000
1.002000
1.013000
1.006000
1.057000
1.025001
1.008000
1.017000
0.999000
1.005000
0.998000
1.016000
1.017000
1.019000
1.023999
0.983000
1.010000
1.005000
1.015000
1.014000
1.013000
1.009000
1.007000
1.010001
0.990001
1.002001
1.023000
1.005000
1.006000
1.027000
1.009000
1.014000
1.007000
1.014000
1.000000
1.005000
1.018000
1.008000
1.000000
1.025001
1.021000
0.986001
1.017000
1.015000
1.013000
0.996999
1.003001
1.014000
1.010000
1.022000
0.980000
0.992999
1.007000
1.022001
1.001000
1.017001
1.024000
0.984999
1.003000
1.017000
0.992000
0.998000
1.006000
1.000999
1.021000
1.011000
1.015000
0.994001
1.016000
1.021001
1.034000
1.005000
1.000999
1.005000
1.000000
1.018000
0.994001
1.022001
1.000999
1.019999
1.006000
1.018000
1.022000
1.021000
1.006000
1.021001
1.009000
1.011000
0.996000
1.013000
1.001000
1.008000
1.005000
1.012000
1.000000
1.003000
1.014001
0.999001
1.017000
0.994000
1.017001
0.998000
1.003001
1.037000
0.996999
1.010001
1.011000
1.023999
0.995000
1.007000
0.999000
0.994001
0.983000
1.015000
1.003999
1.000999
1.000999
1.023999
1.000000
1.036000
0.994000
1.003000
1.013000
1.011999
1.001000
0.988999
1.001000
1.006001
1.018001
0.994001
1.004000
1.034000
1.058000
1.011000
1.015000
1.025000
1.004000
1.022001
1.019000
1.003000
1.026000
1.007000
1.018000
1.013000
1.008000
1.033000
1.019000
1.006000
1.011000
1.018999
1.018000
1.024000
1.006000
1.006000
1.010001
1.000000
1.015000
1.013000
1.017000
1.013000
1.017000
1.035000
1.012000
1.010001
1.002000
1.005000
1.015000
1.009000
1.008000
1.010000
1.023999
1.017001
1.000999
1.006000
0.987000
0.990001
1.014000
1.000000
0.996999
1.027999
1.007000
1.026000
1.021001
1.000000
1.007000
1.026000
0.998000
1.007000
1.002000
0.999000
1.011000
1.002000
1.019000
1.007000
0.992999
0.999000
1.036000
0.996000
1.014000
1.021001
1.018000
0.996999
0.992000
1.010000
0.996000
1.015999
1.002001
1.005000
1.011000
1.002001
1.001000
1.002000
1.012000
0.986001
1.009000
1.014001
0.994000
1.012000
1.001000
1.004000
1.018001
1.020000
1.015000
1.011000
1.006001
1.009000
1.020000
1.008000
1.004000
1.007000
1.007000
1.011999
1.025000
1.014001
1.026000
1.013000
1.015999
1.002000
1.019000
1.023000
1.008000
1.000999
1.020000
1.034000
1.019000
1.064000
1.031999
1.007000
1.022000
1.017000
1.022000
1.013000
1.022000
1.004000
1.014000
1.014001
1.008000
1.013000
1.021001
1.023000
1.062999
1.014999
1.033001
1.006000
0.999000
1.029001
1.019000
1.012000
1.003999
1.019000
0.992999
1.017000
1.013000
1.035000
1.023000
1.005000
1.005000
1.007000
0.998000
0.996000
1.003999
1.003000
0.994000
0.984000
1.007000
1.015000
1.009000
1.015000
1.008000
0.997000
1.008000
1.014000
1.021000
1.027000
0.988000
0.996999
0.996999
1.000000
1.021001
1.006001
1.000000
1.014000
1.001000
1.017000
1.011000
1.011000
0.998001
0.994000
1.007000
1.011000
1.023000
1.009000
0.990001
1.009000
1.014000
0.991000
1.004000
0.996000
0.989000
1.009000
1.004000
0.994001
1.006001
1.004000
1.025000
1.023999
1.016000
1.023999
1.002000
0.995000
1.003999
1.005000
1.024000
0.998000
1.021000
0.991000
1.016000
0.992999
0.996000
0.995000
1.002000
1.014000
1.003000
1.027999
1.002000
0.999000
1.019000
1.007000
1.012000
