9.916000
9.026000
9.093001
8.709000
9.056000
9.081000
8.869000
8.983000
9.147000
9.047000
8.478000
9.807000
9.147000
9.071000
9.158000
8.796001
9.997000
10.110000
9.233000
8.967000
9.579000
9.440000
8.912000
8.901999
8.580000
8.960000
8.581000
8.779000
8.842000
9.712000
9.218999
8.559000
8.733000
8.454001
8.858001
8.407000
8.982999
8.549000
9.080000
8.766000
8.811000
8.772000
9.238000
9.066001
9.037999
9.032000
9.270000
8.370001
9.269999
9.091000
9.086001
9.300999
8.423000
8.882999
8.459000
8.711000
8.710000
8.682000
9.253000
8.986000
8.660000
9.144000
9.319000
8.854000
8.877999
9.012000
8.668999
8.915001
8.767000
9.079000
9.037000
8.787000
8.764001
9.111000
8.814000
9.052000
9.222000
8.815000
9.148000
8.503000
9.822000
8.996000
9.251000
9.350000
9.235000
8.659001
8.812000
8.730001
9.272999
8.489000
8.241001
9.045999
8.636000
8.983000
8.737000
8.614000
8.721000
9.304000
9.186000
9.242000
8.992000
9.314000
9.067999
8.883000
9.149000
8.616000
9.171000
8.254999
9.067000
8.784000
8.725000
8.666000
8.498000
8.721000
8.596000
8.914000
8.955000
9.126000
9.608000
8.676000
8.591000
9.295001
8.833000
8.993000
8.272001
8.368000
9.062001
9.005000
8.701000
8.845000
8.346000
8.386000
9.211999
8.915000
8.909999
8.669999
8.907001
9.085000
9.335000
9.069000
8.983000
8.454000
8.917999
8.606000
10.026000
8.784001
9.357001
8.855000
8.764000
8.825000
9.117000
9.044000
8.974999
8.593000
9.125999
8.941000
8.606999
9.050000
8.775000
8.871000
8.756001
8.930000
8.811000
8.889000
8.444999
9.157000
9.141000
9.093001
9.259000
9.039000
9.040000
8.645000
8.884000
8.758999
9.177000
8.676999
9.156000
8.671000
8.855999
8.809000
8.764001
9.292000
9.252000
9.172999
8.525000
9.033000
9.771001
9.359000
8.882000
8.839000
9.137000
9.190000
9.171000
9.050000
8.699000
8.805000
9.164000
9.142000
8.852000
8.760001
9.416000
8.976000
9.165000
8.861001
9.051001
9.234999
8.742999
9.216000
9.399000
8.900000
9.673000
9.293000
8.973000
8.807000
8.718000
8.660000
9.211999
9.130000
8.719999
9.189000
9.357000
8.730000
8.880000
8.834000
8.932000
8.755000
9.594000
8.916000
9.471999
8.607999
9.010000
8.923000
9.059000
9.086000
9.002000
9.085000
8.698000
9.200000
8.688000
8.941000
8.880000
8.565000
9.099999
8.735000
9.033000
8.713000
8.843000
9.358000
8.640000
8.779000
8.721001
8.826000
8.789000
8.494000
8.611999
9.001000
9.086000
8.540000
9.099999
8.322001
9.076000
9.026000
8.855000
8.717000
8.695001
9.451000
8.647000
8.828999
8.999000
9.560999
9.194001
9.018000
9.664000
10.037000
8.950000
9.357000
8.959000
8.669000
8.482000
9.114000
8.580000
9.263000
8.757000
8.800000
8.615000
9.002000
8.987000
8.935000
8.566000
9.430000
8.960000
9.098000
9.114000
9.298000
8.830000
8.708999
8.846000
9.088000
8.920000
9.322001
9.136000
8.993000
8.960000
9.227000
8.832000
8.794000
9.345001
8.947000
8.715000
8.582000
9.121000
8.547001
9.308000
8.600000
9.013000
8.220000
8.630000
9.492000
8.704000
9.618999
8.702001
8.730000
8.748000
9.244000
8.739000
9.016000
8.327000
8.436000
8.161000
8.586000
8.996000
8.455000
8.994000
8.481001
8.819000
8.787001
9.418000
9.036999
8.618000
8.919001
8.456999
8.768000
8.702000
8.862000
8.527000
8.600000
8.703000
8.803000
8.982000
8.613001
8.414000
9.100000
8.990000
8.704000
8.514000
9.473000
8.660000
8.659000
9.067001
8.750999
9.330000
8.830001
8.795000
8.746000
9.323000
9.052000
8.919001
9.304000
8.840000
8.743000
8.733000
8.849000
8.957000
8.861000
8.758000
9.289999
8.850000
9.151001
9.211000
8.373000
8.708000
8.844000
8.908000
8.911000
8.849000
9.199000
8.784000
8.584000
8.578000
8.698000
8.949000
9.156000
8.713000
9.408999
8.816000
8.765000
9.067000
9.169000
9.087999
9.136000
9.753000
9.357001
9.165000
9.153000
8.970000
8.812000
8.861000
8.682000
8.776001
8.759000
8.634999
8.635000
8.658000
9.091000
8.882000
8.944000
8.781000
8.794000
8.630000
9.474000
9.160001
9.809000
8.715000
8.313000
8.698000
9.323000
8.772000
9.051000
8.719000
9.260000
8.411000
8.688000
8.608000
8.873000
9.011000
9.010000
9.067000
9.351000
8.696000
8.590001
8.985001
8.781000
8.495000
8.765001
9.424000
8.721000
8.597001
9.598000
8.517000
8.925000
8.386000
9.121000
9.072000
8.774000
9.134000
8.564999
8.790000
8.960000
8.564000
9.163001
8.684000
8.665000
8.157000
8.993000
9.788999
9.615000
8.703000
8.792000
8.826000
8.707999
9.192000
8.835000
8.730000
8.809000
8.866000
8.934000
8.568000
8.851999
8.765000
8.923000
8.905000
8.869001
8.799000
8.755000
8.924999
8.386000
8.699000
9.214000
9.124001
8.559000
8.380000
8.458001
8.877000
8.325000
9.113000
8.696000
9.027000
8.448000
8.858000
8.815000
8.834000
8.766000
8.708000
8.959000
8.994999
8.628000
8.918000
8.672001
8.676000
8.859999
8.665000
9.413000
8.436000
8.710000
8.829000
8.880000
9.440000
8.790000
8.612000
9.198001
8.746000
8.621000
8.832000
8.851000
8.626000
9.058000
8.568999
8.489000
9.751000
9.035001
9.561000
9.320000
9.089000
8.561000
8.459000
9.531001
9.497999
8.615000
9.070000
9.066001
8.980000
8.630000
8.873000
9.284000
8.500000
8.949000
8.808000
9.152001
9.202001
8.938001
8.835999
9.000000
8.698000
8.358000
8.601000
8.425000
9.137000
8.236000
8.956000
8.756000
8.756000
8.803000
8.916000
9.303000
8.262000
8.444999
8.852000
8.681000
9.082001
8.821000
8.895000
8.716000
8.690001
8.606000
8.998000
9.155000
8.885001
8.624000
9.239000
8.660001
8.848000
8.461000
9.014999
8.856000
8.406000
8.579000
8.969000
8.846000
9.051001
8.958001
8.955000
9.399001
9.852000
8.672000
9.128001
8.717000
8.855999
9.010999
8.432000
9.135000
9.082001
8.872000
8.741000
8.613000
8.566000
9.456000
9.075000
8.902000
8.666000
8.456999
8.755000
8.951000
8.649000
8.438000
8.919001
8.633000
8.948000
8.597000
9.344000
8.950000
8.959999
8.843000
8.991000
10.026000
9.860000
9.227000
9.311001
9.068999
9.213000
9.860000
9.608000
8.830001
9.073000
8.991000
8.584999
8.884000
8.740000
8.444000
8.787000
8.615999
9.075000
8.940000
8.917000
8.572999
8.528001
9.139000
8.814001
8.343000
8.590000
8.603000
8.928000
8.993000
8.576999
8.751000
8.859000
9.122999
10.258000
9.005000
9.282000
8.931001
9.438000
8.864000
8.671000
8.640000
8.304000
8.731000
9.281000
9.188999
8.388001
8.983000
9.044000
8.575999
8.611999
8.350000
8.869000
8.491000
8.983999
9.187000
8.808000
8.636000
9.381000
9.025999
8.506000
8.902000
9.653999
8.609000
8.768000
9.288999
9.046000
9.136001
9.143000
9.053000
8.872001
8.834001
8.742999
9.062000
8.966001
8.823000
8.972000
9.350000
8.762000
8.780000
9.037999
8.982999
8.702000
8.871000
8.769000
9.246000
8.761001
13.583000
8.049999
9.819000
9.084000
8.677000
9.005000
9.143000
9.310000
9.687999
9.123000
9.192000
9.703999
9.138000
8.908000
8.799001
9.040000
9.089001
8.745001
8.568000
8.790000
8.880000
8.912001
8.894000
9.385000
8.821000
9.030000
9.339000
8.643000
9.071000
8.595000
8.785000
8.811000
8.603000
8.841000
8.588000
8.838000
8.490000
8.522999
8.389000
8.756001
8.569000
8.817000
8.822000
9.317000
8.630000
8.797999
8.560000
8.831000
8.344000
8.699000
8.385000
8.729001
8.772000
9.244001
8.663001
8.855000
8.625001
8.385000
8.790000
8.731000
9.362000
8.699000
8.340999
8.810000
8.500000
8.938000
9.015000
9.098000
8.482000
8.908000
9.383000
9.357000
9.349000
8.636000
9.135000
10.193000
9.104000
9.094999
8.730000
8.952999
9.549000
9.413000
8.875000
9.385000
8.421000
8.898000
8.900000
9.963000
9.372001
8.722000
8.966000
9.115000
8.549999
8.762999
8.952000
8.908000
8.719000
8.275000
8.683001
8.721000
9.281000
8.795000
8.683000
9.064000
8.970000
9.122000
9.391000
8.645000
8.473000
9.114999
8.790000
8.757000
8.840000
9.166000
8.670000
8.762000
8.624000
8.775000
8.815000
9.186000
9.080000
8.527000
8.675000
9.292000
8.687000
8.952000
8.440000
9.080000
9.001000
8.301000
8.580000
9.072000
9.063000
9.101000
8.951000
9.139000
8.514000
8.767000
8.945000
9.663000
9.431000
9.162000
8.966000
8.787000
8.722000
8.818001
8.575000
8.382000
8.823000
8.909000
8.478000
8.830000
8.935000
9.060000
8.924000
8.691000
9.052000
9.055000
9.256000
8.835000
8.781000
9.144000
9.150000
8.454000
9.135000
8.579001
8.516000
8.712000
8.789000
9.115000
8.439001
9.050000
8.853001
8.649000
9.393000
9.064999
9.012000
8.907001
8.737000
8.886000
8.913999
8.594000
8.879000
8.819000
8.571001
8.756000
8.615000
8.738999
8.758000
8.636000
8.468000
9.097000
8.539001
8.411000
8.729000
9.045000
8.451001
8.816000
8.526000
8.667001
8.571000
8.761000
8.484000
9.795000
8.740000
9.223999
8.703001
9.083000
9.060000
9.162000
9.042000
9.006000
8.410000
8.639000
8.971999
9.129999
8.726001
9.334000
8.974001
8.608000
8.725001
8.958000
9.149000
8.903000
8.862999
9.285000
8.723000
8.587999
8.562000
8.937000
9.012001
8.384001
8.900001
8.990999
8.654000
9.335000
8.958000
9.005000
9.503000
8.928000
8.889999
8.859999
9.039000
8.757000
8.704999
8.367999
8.606000
8.961000
8.912000
8.994999
9.107000
8.549000
9.055000
8.969001
8.622000
8.679000
8.748000
8.975000
8.584000
8.617000
8.459999
8.955000
9.318000
8.854000
8.649000
9.009000
9.157000
9.672000
9.620000
8.970000
8.950001
8.981001
8.870000
8.563000
9.187000
8.992000
8.846000
8.869001
9.398000
9.040000
8.837000
8.505000
9.099000
9.031000
9.194000
9.427000
8.742000
8.999000
9.052000
8.964000
9.122000
