239.100000
230.006000
222.402000
215.825000
213.947000
204.298000
203.854000
201.597000
198.317000
198.220000
202.250000
202.153000
199.814000
203.904000
201.291000
201.352000
202.148000
202.796000
200.192000
201.393000
202.511000
201.305000
199.324000
204.609000
200.669000
200.651000
203.643000
202.316000
198.589000
197.112000
198.449000
201.078000
197.574000
199.977000
198.279000
201.086000
196.278000
200.932000
199.682000
202.656000
204.621000
518.117000
200.579000
197.930000
202.517000
198.664000
196.788000
199.087000
199.055000
200.850000
197.872000
203.483000
197.080000
199.566000
201.431000
199.589000
201.145000
200.600000
198.382000
199.330000
196.424000
198.579000
215.654000
198.829000
199.818000
200.268000
196.463000
201.681000
200.374000
200.227000
199.895000
197.372000
200.052000
197.588000
197.648000
200.423000
197.825000
198.806000
197.186000
196.440000
198.526000
196.970000
196.008000
197.760000
201.675000
203.952000
196.703000
199.049000
202.474000
199.744000
200.886000
197.865000
197.768000
200.833000
199.682000
197.489000
200.293000
197.434000
196.672000
197.146000
200.777000
204.982000
200.198000
198.896000
198.374000
205.507000
200.799000
198.485000
197.295000
195.676000
198.076000
198.515000
198.177000
201.188000
198.463000
199.681000
199.470000
197.966000
206.637000
214.750000
211.894000
207.713000
206.240000
208.325000
202.075000
201.276000
208.738000
203.201000
202.996000
203.759000
207.178000
201.303000
200.479000
200.838000
201.460000
197.340000
200.370000
198.913000
201.911000
197.259000
195.891000
196.312000
197.561000
197.613000
197.834000
200.670000
204.044000
198.808000
201.089000
199.631000
197.449000
203.150000
200.264000
198.821000
196.386000
199.538000
202.938000
200.059000
199.898000
198.252000
197.927000
197.489000
196.614000
198.877000
196.613000
200.409000
201.810000
200.688000
199.065000
287.190000
201.797000
202.316000
199.241000
200.924000
198.234000
202.467000
198.002000
198.997000
196.193000
197.982000
200.700000
199.165000
196.630000
199.555000
196.860000
197.805000
199.133000
198.954000
199.406000
197.762000
198.684000
200.920000
197.829000
197.098000
197.016000
200.572000
197.526000
201.065000
197.002000
198.047000
198.696000
200.819000
197.976000
199.697000
196.165000
199.704000
197.772000
194.841000
197.249000
197.984000
198.158000
198.524000
198.589000
197.712000
195.408000
197.583000
197.913000
197.190000
197.659000
197.314000
200.990000
196.740000
198.277000
198.613000
196.134000
198.566000
202.147000
200.487000
197.692000
198.500000
197.854000
196.750000
201.192000
195.144000
216.497000
200.452000
199.347000
200.195000
198.296000
200.398000
201.968000
196.150000
199.321000
205.519000
198.486000
198.484000
197.818000
198.069000
202.218000
199.687000
197.750000
198.276000
196.892000
197.127000
199.895000
198.167000
197.203000
199.103000
197.675000
197.060000
198.704000
201.183000
198.107000
197.983000
199.065000
198.153000
196.089000
200.681000
196.805000
196.483000
199.418000
199.452000
199.300000
197.230000
198.143000
198.654000
200.732000
197.977000
198.119000
195.138000
201.189000
197.839000
197.388000
198.505000
200.936000
198.549000
200.718000
195.792000
196.783000
196.634000
196.329000
196.769000
196.786000
198.064000
200.025000
198.333000
201.296000
200.199000
196.341000
208.132000
197.380000
199.198000
202.182000
198.411000
197.813000
197.597000
197.098000
196.556000
199.685000
196.699000
201.302000
197.816000
197.334000
197.435000
197.657000
197.023000
196.392000
200.797000
196.693000
197.247000
198.267000
204.981000
200.924000
196.620000
197.298000
196.383000
202.095000
197.653000
198.709000
197.294000
198.226000
196.563000
195.924000
197.480000
200.183000
199.780000
199.556000
196.372000
200.589000
197.795000
199.963000
199.391000
197.032000
198.950000
199.468000
198.786000
200.223000
204.396000
199.227000
198.089000
199.157000
196.492000
204.732000
196.687000
200.715000
200.200000
196.315000
198.359000
198.395000
196.227000
196.790000
196.614000
198.342000
196.392000
195.154000
198.842000
197.012000
200.551000
194.887000
196.614000
198.877000
197.482000
199.379000
201.023000
198.581000
199.617000
198.348000
199.404000
195.770000
203.891000
199.187000
198.553000
197.681000
198.641000
197.449000
200.455000
205.110000
198.610000
197.375000
195.511000
196.045000
197.197000
201.326000
199.579000
198.773000
199.252000
197.531000
198.906000
199.860000
198.898000
202.880000
198.524000
197.333000
199.516000
197.292000
198.727000
196.582000
200.894000
208.209000
194.652000
198.025000
198.354000
196.815000
196.195000
196.609000
196.930000
197.965000
196.945000
198.489000
196.789000
196.332000
198.344000
195.888000
197.310000
197.640000
196.308000
197.779000
198.704000
196.727000
197.810000
204.006000
197.897000
199.350000
197.426000
198.561000
198.316000
199.443000
199.096000
197.975000
199.345000
200.120000
197.082000
197.716000
198.242000
197.317000
196.311000
197.900000
197.343000
198.173000
200.863000
198.499000
202.201000
195.358000
197.677000
198.562000
200.295000
200.497000
199.667000
198.033000
197.925000
196.135000
199.773000
196.521000
197.756000
195.544000
196.370000
196.683000
195.222000
196.026000
199.094000
196.310000
196.159000
195.172000
197.535000
198.767000
197.394000
200.127000
198.103000
200.464000
199.689000
201.214000
198.764000
198.322000
199.682000
199.471000
198.072000
200.275000
197.010000
200.629000
197.335000
201.410000
198.315000
197.801000
198.826000
199.383000
214.439000
199.470000
205.418000
197.854000
198.627000
197.639000
199.632000
197.925000
196.321000
198.661000
195.510000
199.082000
199.053000
197.848000
197.891000
199.540000
200.930000
198.921000
200.660000
200.393000
197.890000
198.069000
201.363000
197.100000
199.678000
199.420000
200.129000
200.861000
195.572000
198.220000
200.342000
196.811000
199.274000
198.397000
198.719000
201.859000
196.005000
201.722000
199.471000
197.429000
198.117000
199.912000
197.865000
199.358000
197.993000
198.940000
199.411000
201.715000
199.618000
198.866000
196.353000
197.374000
198.944000
200.488000
196.243000
197.661000
197.269000
195.747000
195.086000
196.537000
197.507000
199.613000
198.831000
196.500000
197.880000
198.824000
197.175000
197.037000
197.015000
197.922000
198.255000
200.280000
196.714000
199.066000
198.318000
195.774000
195.610000
196.653000
198.637000
200.539000
201.208000
199.669000
198.613000
196.995000
197.357000
200.041000
196.020000
213.846000
197.371000
198.937000
195.672000
196.530000
200.404000
199.482000
198.270000
196.224000
196.162000
198.520000
199.069000
198.234000
198.807000
197.130000
199.429000
196.465000
197.399000
199.404000
197.028000
196.078000
198.040000
285.824000
200.213000
197.374000
197.107000
198.933000
200.318000
199.402000
198.150000
202.496000
199.146000
198.446000
200.006000
195.172000
201.308000
197.075000
195.709000
196.022000
198.606000
196.155000
197.736000
201.950000
196.851000
200.100000
201.294000
197.970000
195.708000
201.375000
198.011000
197.474000
195.849000
200.937000
202.156000
200.656000
197.593000
200.324000
199.938000
194.803000
197.911000
200.470000
200.699000
197.526000
202.540000
197.414000
204.683000
195.959000
200.943000
195.903000
196.687000
199.902000
197.697000
194.420000
200.843000
200.810000
195.760000
198.109000
195.287000
198.032000
199.437000
197.327000
198.072000
198.039000
200.380000
197.600000
197.072000
199.190000
203.449000
198.307000
197.112000
197.522000
200.088000
198.579000
195.960000
199.148000
202.273000
197.579000
195.897000
199.385000
196.718000
196.277000
196.513000
197.945000
196.802000
199.865000
195.048000
199.767000
196.035000
197.335000
305.011000
199.152000
196.275000
199.844000
199.355000
197.847000
196.316000
198.752000
203.718000
198.454000
197.677000
196.641000
196.400000
198.240000
196.841000
198.204000
199.531000
200.143000
198.120000
197.172000
196.834000
198.721000
196.968000
201.079000
196.389000
200.967000
199.928000
197.133000
203.079000
199.820000
197.330000
199.348000
198.013000
196.827000
200.184000
199.732000
199.732000
198.422000
200.986000
198.991000
203.071000
198.541000
198.908000
200.936000
196.871000
198.635000
196.510000
196.999000
199.029000
196.928000
201.045000
198.263000
198.288000
198.521000
201.460000
199.384000
197.054000
197.150000
196.174000
198.261000
198.685000
201.396000
198.720000
198.018000
195.589000
213.437000
199.319000
195.555000
197.649000
197.965000
196.974000
200.691000
198.024000
197.359000
195.271000
198.341000
196.840000
199.510000
199.979000
199.186000
199.128000
197.362000
197.270000
197.653000
196.455000
196.371000
198.210000
264.777000
198.306000
199.436000
197.340000
196.638000
196.544000
202.240000
199.178000
202.510000
200.545000
196.529000
199.858000
200.313000
199.454000
198.386000
201.155000
199.274000
203.974000
199.900000
196.019000
200.288000
200.540000
195.982000
199.912000
199.965000
197.529000
196.502000
199.271000
200.201000
196.499000
199.697000
196.308000
197.125000
200.180000
199.148000
197.619000
197.296000
198.064000
200.818000
198.620000
195.056000
197.503000
200.887000
197.259000
199.090000
197.388000
201.706000
197.665000
198.286000
196.621000
199.586000
199.000000
199.510000
197.813000
198.574000
199.488000
195.795000
197.874000
198.930000
197.373000
197.339000
198.206000
197.793000
198.490000
198.317000
205.159000
199.661000
199.139000
197.886000
196.719000
198.630000
202.268000
199.570000
197.903000
197.976000
201.826000
197.828000
197.379000
196.219000
198.166000
196.450000
199.361000
197.254000
201.656000
199.045000
201.107000
201.163000
301.951000
198.044000
194.679000
198.702000
198.698000
196.177000
199.966000
197.095000
203.504000
198.214000
199.650000
195.821000
196.873000
198.811000
196.775000
198.183000
198.925000
196.283000
197.130000
196.483000
198.017000
200.834000
198.295000
198.940000
196.517000
198.226000
201.129000
198.323000
196.034000
196.288000
196.962000
199.114000
197.654000
198.311000
199.076000
200.673000
197.605000
198.351000
197.691000
198.164000
199.460000
196.273000
199.296000
197.794000
202.023000
198.665000
197.690000
196.396000
197.217000
196.512000
196.137000
196.418000
196.017000
196.993000
197.798000
198.492000
196.637000
195.524000
197.040000
195.109000
199.054000
196.785000
197.722000
195.911000
198.472000
217.730000
196.925000
198.513000
197.939000
197.104000
201.328000
196.570000
204.034000
201.611000
199.100000
197.168000
199.304000
194.990000
197.690000
197.652000
199.808000
196.084000
196.748000
200.623000
199.928000
197.386000
197.880000
275.927000
196.095000
199.617000
198.445000
197.484000
198.608000
197.377000
198.024000
198.162000
198.309000
198.162000
198.885000
196.983000
197.646000
198.419000
196.149000
199.699000
200.649000
199.759000
197.883000
197.961000
197.933000
202.498000
199.924000
195.914000
198.750000
198.757000
198.979000
198.853000
199.678000
196.727000
198.083000
199.369000
199.328000
198.598000
200.916000
197.543000
196.256000
197.115000
199.782000
201.601000
195.649000
198.373000
200.512000
195.946000
201.227000
199.840000
200.049000
