0.110000
0.104000
0.121000
0.104000
0.104000
0.101000
0.101000
0.101000
0.101000
0.102000
0.103000
0.088000
0.103000
0.102000
0.100000
0.102000
0.100000
0.103000
0.100000
0.100000
0.100000
0.102000
0.100000
0.102000
0.100000
0.101000
0.099000
0.102000
0.101000
0.102000
0.100000
0.100000
0.100000
0.102000
0.100000
0.099000
0.101000
0.101000
0.101000
0.102000
0.100000
0.102000
0.100000
0.102000
0.100000
0.102000
0.100000
0.100000
0.100000
0.101000
0.100000
0.099000
0.103000
0.102000
0.101000
0.102000
0.101000
0.101000
0.101000
0.099000
0.101000
0.101000
0.099000
0.102000
0.100000
0.102000
0.100000
0.102000
0.100000
0.101000
0.100000
0.102000
0.100000
0.102000
0.100000
0.099000
0.100000
0.102000
0.100000
0.100000
0.100000
0.102000
0.099000
0.100000
0.100000
0.102000
0.100000
0.100000
0.100000
0.101000
0.100000
0.102000
0.101000
0.101000
0.104000
0.102000
0.103000
0.102000
0.103000
0.102000
0.102000
0.101000
0.102000
0.100000
0.101000
0.102000
0.100000
0.102000
0.099000
0.102000
0.100000
0.102000
0.100000
0.104000
0.102000
0.104000
0.105000
0.105000
0.105000
0.103000
0.104000
0.104000
0.103000
0.103000
0.103000
0.105000
0.103000
0.104000
0.103000
0.105000
0.103000
0.105000
0.106000
0.105000
0.106000
0.104000
0.107000
0.105000
0.107000
0.105000
0.107000
0.105000
0.105000
0.104000
0.105000
0.105000
0.106000
0.105000
0.106000
0.105000
0.106000
0.105000
0.106000
0.105000
0.105000
0.104000
0.105000
0.105000
0.105000
0.104000
0.106000
0.105000
0.106000
0.105000
0.105000
0.105000
0.103000
0.103000
0.105000
0.105000
0.106000
0.103000
0.107000
0.105000
0.106000
0.103000
0.107000
0.105000
0.106000
0.103000
0.143000
0.104000
0.108000
0.106000
0.106000
0.105000
0.107000
0.105000
0.105000
0.105000
0.105000
0.105000
0.106000
0.104000
0.103000
0.104000
0.103000
0.104000
0.103000
0.104000
0.104000
0.105000
0.103000
0.104000
0.104000
0.104000
0.103000
0.103000
0.103000
0.105000
0.103000
0.103000
0.104000
0.105000
0.106000
0.104000
0.104000
0.107000
0.104000
0.104000
0.104000
0.104000
0.106000
0.105000
0.107000
0.106000
0.107000
0.105000
0.105000
0.105000
0.107000
0.103000
0.107000
0.104000
0.105000
0.103000
0.104000
0.105000
0.104000
0.105000
0.104000
0.105000
0.103000
0.105000
0.103000
0.104000
0.103000
0.105000
0.103000
0.105000
0.104000
0.104000
0.103000
0.105000
0.104000
0.105000
0.104000
0.105000
0.106000
0.105000
0.104000
0.105000
0.104000
0.104000
0.105000
0.104000
0.105000
0.105000
0.105000
0.103000
0.107000
0.104000
0.106000
0.103000
0.105000
0.105000
0.105000
0.103000
0.107000
0.104000
0.106000
0.105000
0.107000
0.104000
0.106000
0.104000
0.107000
0.103000
0.105000
0.104000
0.104000
0.104000
0.104000
0.104000
0.103000
0.104000
0.105000
0.103000
0.105000
0.104000
0.105000
0.105000
0.104000
0.105000
0.105000
0.105000
0.103000
0.103000
0.107000
0.104000
0.107000
0.104000
0.107000
0.105000
0.106000
0.105000
0.106000
0.104000
0.107000
0.104000
0.105000
0.105000
0.106000
0.105000
0.107000
0.104000
0.107000
0.105000
0.105000
0.105000
0.106000
0.105000
0.107000
0.105000
0.106000
0.105000
0.107000
0.104000
0.105000
0.105000
0.105000
0.104000
0.105000
0.105000
0.105000
0.104000
0.106000
0.104000
0.105000
0.105000
0.107000
0.104000
0.105000
0.104000
0.105000
0.104000
0.106000
0.105000
0.107000
0.104000
0.106000
0.105000
0.105000
0.105000
0.105000
0.104000
0.107000
0.105000
0.106000
0.104000
0.105000
0.104000
0.106000
0.103000
0.103000
0.104000
0.105000
0.103000
0.106000
0.111000
0.105000
0.105000
0.103000
0.104000
0.105000
0.105000
0.104000
0.105000
0.105000
0.104000
0.103000
0.104000
0.105000
0.141000
0.107000
0.105000
0.106000
0.104000
0.105000
0.104000
0.106000
0.105000
0.105000
0.105000
0.104000
0.103000
0.104000
0.104000
0.104000
0.105000
0.105000
0.104000
0.105000
0.105000
0.103000
0.104000
0.106000
0.104000
0.103000
0.104000
0.104000
0.105000
0.104000
0.103000
0.105000
0.104000
0.104000
0.105000
0.105000
0.104000
0.104000
0.105000
0.104000
0.105000
0.103000
0.105000
0.107000
0.104000
0.103000
0.105000
0.106000
0.104000
0.107000
0.104000
0.105000
0.103000
0.104000
0.104000
0.105000
0.105000
0.103000
0.105000
0.106000
0.103000
0.104000
0.103000
0.105000
0.105000
0.105000
0.105000
0.105000
0.105000
0.107000
0.104000
0.106000
0.105000
0.107000
0.104000
0.104000
0.103000
0.104000
0.104000
0.105000
0.105000
0.105000
0.105000
0.106000
0.105000
0.112000
0.104000
0.105000
0.105000
0.107000
0.108000
0.107000
0.105000
0.105000
0.104000
0.106000
0.104000
0.105000
0.104000
0.107000
0.104000
0.106000
0.105000
0.105000
0.103000
0.109000
0.105000
0.106000
0.105000
0.105000
0.103000
0.106000
0.104000
0.107000
0.105000
0.106000
0.104000
0.107000
0.105000
0.106000
0.104000
0.106000
0.103000
0.106000
0.105000
0.107000
0.104000
0.105000
0.106000
0.105000
0.103000
0.106000
0.104000
0.105000
0.103000
0.106000
0.103000
0.107000
0.103000
0.106000
0.103000
0.106000
0.106000
0.105000
0.104000
0.104000
0.104000
0.106000
0.104000
0.107000
0.103000
0.104000
0.103000
0.104000
0.105000
0.105000
0.105000
0.107000
0.104000
0.105000
0.105000
0.105000
0.104000
0.105000
0.105000
0.108000
0.105000
0.106000
0.103000
0.103000
0.104000
0.107000
0.104000
0.105000
0.104000
0.105000
0.105000
0.108000
0.104000
0.106000
0.104000
0.107000
0.104000
0.106000
0.103000
0.105000
0.104000
0.104000
0.104000
0.104000
0.104000
0.105000
0.104000
0.104000
0.104000
0.104000
0.104000
0.104000
0.104000
0.104000
0.104000
0.104000
0.105000
0.105000
0.104000
0.104000
0.104000
0.105000
0.104000
0.104000
0.104000
0.104000
0.104000
0.106000
0.105000
0.106000
0.105000
0.105000
0.104000
0.105000
0.104000
0.107000
0.103000
0.105000
0.104000
0.103000
0.105000
0.104000
0.104000
0.103000
0.105000
0.104000
0.105000
0.107000
0.105000
0.104000
0.104000
0.103000
0.103000
0.106000
0.104000
0.104000
0.105000
0.104000
0.105000
0.104000
0.106000
0.106000
0.104000
0.104000
0.105000
0.106000
0.104000
0.105000
0.105000
0.106000
0.144000
0.107000
0.105000
0.106000
0.105000
0.105000
0.105000
0.105000
0.104000
0.107000
0.105000
0.105000
0.104000
0.105000
0.105000
0.106000
0.104000
0.105000
0.104000
0.105000
0.104000
0.103000
0.105000
0.104000
0.105000
0.103000
0.103000
0.105000
0.104000
0.103000
0.104000
0.105000
0.105000
0.105000
0.106000
0.104000
0.103000
0.103000
0.104000
0.104000
0.104000
0.104000
0.103000
0.232000
0.107000
0.105000
0.105000
0.105000
0.106000
0.105000
0.104000
0.106000
0.103000
0.104000
0.104000
0.104000
0.105000
0.103000
0.104000
0.105000
0.103000
0.104000
0.103000
0.106000
0.103000
0.104000
0.105000
0.105000
0.106000
0.104000
0.104000
0.105000
0.105000
0.103000
0.104000
0.104000
0.105000
0.103000
0.104000
0.104000
0.105000
0.103000
0.103000
0.105000
0.104000
0.105000
0.105000
0.107000
0.106000
0.105000
0.105000
0.105000
0.194000
0.104000
0.105000
0.106000
0.103000
0.103000
0.105000
0.103000
0.104000
0.103000
0.105000
0.105000
0.103000
0.104000
0.104000
0.105000
0.103000
0.104000
0.104000
0.104000
0.103000
0.103000
0.106000
0.106000
0.105000
0.104000
0.104000
0.103000
0.105000
0.104000
0.106000
0.103000
0.103000
0.104000
0.105000
0.103000
0.105000
0.106000
0.105000
0.107000
0.105000
0.106000
0.106000
0.105000
0.104000
0.105000
0.104000
0.105000
0.106000
0.103000
0.105000
0.103000
0.105000
0.103000
0.105000
0.104000
0.104000
0.106000
0.105000
0.103000
0.105000
0.103000
0.106000
0.103000
0.105000
0.103000
0.104000
0.103000
0.104000
0.103000
0.105000
0.104000
0.104000
0.103000
0.106000
0.103000
0.103000
0.104000
0.105000
0.104000
0.106000
0.103000
0.105000
0.103000
0.104000
0.106000
0.105000
0.106000
0.104000
0.103000
0.105000
0.105000
0.104000
0.106000
0.107000
0.107000
0.105000
0.104000
0.105000
0.106000
0.104000
0.106000
0.104000
0.105000
0.103000
0.104000
0.104000
0.103000
0.104000
0.105000
0.104000
0.103000
0.104000
0.103000
0.104000
0.103000
0.103000
0.103000
0.105000
0.104000
0.103000
0.106000
0.105000
0.105000
0.103000
0.103000
0.104000
0.103000
0.105000
0.103000
0.106000
0.103000
0.103000
0.104000
0.105000
0.103000
0.103000
0.104000
0.105000
0.103000
0.104000
0.103000
0.105000
0.103000
0.103000
0.103000
0.104000
0.104000
0.105000
0.103000
0.106000
0.103000
0.105000
0.104000
0.105000
0.104000
0.104000
0.107000
0.104000
0.104000
0.104000
0.103000
0.105000
0.103000
0.104000
0.106000
0.106000
0.105000
0.103000
0.104000
0.105000
0.108000
0.104000
0.106000
0.105000
0.105000
0.105000
0.105000
0.104000
0.104000
0.104000
0.105000
0.104000
0.105000
0.104000
0.107000
0.105000
0.105000
0.104000
0.105000
0.104000
0.105000
0.104000
0.103000
0.106000
0.103000
0.105000
0.105000
0.106000
0.105000
0.106000
0.105000
0.105000
0.104000
0.103000
0.106000
0.106000
0.105000
0.105000
0.106000
0.105000
0.105000
0.104000
0.106000
0.105000
0.105000
0.106000
0.107000
0.106000
0.105000
0.105000
0.106000
0.105000
0.105000
0.104000
0.107000
0.105000
0.105000
0.104000
0.103000
0.106000
0.103000
0.104000
0.103000
0.104000
0.103000
0.105000
0.103000
0.104000
0.103000
0.104000
0.104000
0.104000
0.104000
0.105000
0.103000
0.106000
0.103000
0.105000
0.107000
0.106000
0.104000
0.104000
0.106000
0.105000
0.103000
0.105000
0.104000
0.107000
