9.460000
5.340001
4.740000
4.840000
6.420000
5.080000
4.760001
4.939999
4.719999
4.700001
4.799999
4.720001
4.699999
4.840000
4.800001
4.819999
4.780000
5.759999
4.819999
4.720001
4.920000
4.740000
4.860001
4.740000
4.860001
4.719999
4.720001
4.759999
4.700001
4.740000
4.820000
4.719999
4.699999
4.699999
4.680000
4.759999
4.699999
4.720001
4.780000
4.820000
4.699999
4.780000
4.720001
4.740000
5.040001
4.680000
4.799999
4.759999
4.720001
4.800001
4.719999
4.719999
4.740000
4.820000
4.699999
4.759999
4.740002
4.720001
4.719999
4.680000
4.720001
4.679998
4.699999
4.699999
4.680000
4.740000
4.720001
4.720001
4.700001
4.740000
4.699999
4.720001
4.700001
4.720001
4.720001
4.700001
4.680000
4.900001
4.699999
4.720001
4.699999
4.880000
4.679998
4.700001
4.720001
4.720001
4.719999
4.740000
4.699999
4.740000
4.699999
4.720001
4.719999
4.740000
4.719999
4.740000
4.719999
4.740000
4.720001
4.720001
4.740000
4.740000
4.740000
4.699999
4.699999
4.740000
4.840000
4.740002
4.680000
4.719999
4.719999
4.719999
4.740000
4.720001
4.699999
4.740000
4.700001
4.700001
4.719999
4.699999
4.699999
4.740000
4.699999
4.820000
4.720001
4.740000
4.699999
4.740000
4.740000
4.720001
4.860001
4.719999
4.720001
4.980000
4.699999
4.740000
4.819999
4.720001
4.699999
4.840000
4.800001
4.840000
4.720001
4.880000
4.960001
4.960001
4.700001
4.820000
4.720001
4.760001
5.179999
4.820000
4.800001
4.820000
4.740000
4.840001
4.719999
4.740002
4.800001
4.820000
4.699999
4.819999
4.699999
4.860001
4.920000
4.720001
4.700001
4.760001
4.920000
4.740000
4.719999
4.740000
4.680000
4.759999
4.819999
4.660001
4.699999
4.759999
4.700001
4.740000
4.699999
4.740000
4.740000
4.720001
4.840000
4.780000
4.680000
4.820000
4.740000
4.740000
4.799999
4.699999
4.720001
4.699999
4.699999
4.740002
4.700001
4.720001
4.740000
4.740000
4.680000
4.740000
4.719999
4.820000
4.740000
4.720001
4.780000
4.740000
4.719999
4.719999
4.720001
4.719999
4.680000
4.740000
4.720001
4.740000
4.699999
4.719999
4.700001
4.740000
4.699999
4.840000
5.039999
5.039999
5.140001
4.820000
4.840000
5.020000
4.980002
4.699999
5.199999
4.740000
4.699999
4.880000
4.820000
4.840000
4.799999
4.819999
8.300001
4.959999
4.899999
5.020000
5.040001
5.140001
5.000001
4.740000
4.840000
4.740002
4.699999
4.740000
4.799999
4.920000
4.720001
4.740000
4.819999
5.080001
4.860001
5.139999
4.699999
4.840000
4.720001
4.860001
4.719999
4.760001
4.720001
4.720001
4.880000
4.939999
5.140001
5.100001
4.980000
4.720001
4.699999
4.720001
4.799999
4.799999
4.960001
4.900001
4.880000
4.720001
4.719999
4.740000
4.800001
4.699999
4.899999
4.959999
4.860001
4.840000
4.799999
4.720001
4.680000
4.840000
4.780000
4.860001
4.719999
4.740000
4.720001
4.680000
4.699999
5.460000
4.880000
4.720001
4.720001
4.740000
4.700001
4.740002
4.720001
4.740002
4.899999
4.720001
4.699999
4.780000
4.700001
4.740000
4.720001
4.840000
4.719999
4.799999
4.699999
4.819999
5.039999
4.840000
4.720001
4.920000
4.780000
4.719999
4.699999
4.720001
4.799999
4.880000
4.700001
4.899999
4.740002
4.719999
4.699999
4.740000
4.720001
4.720001
4.959999
4.740000
4.720001
4.720001
4.720001
4.760001
4.859999
4.820000
4.900001
4.920000
4.680000
4.740000
4.720001
4.719999
4.699999
4.720001
4.820000
4.760001
4.720001
4.720001
4.720001
4.720001
4.720001
4.699999
5.700000
5.280001
4.860001
4.759999
4.699999
4.760001
4.699999
4.859999
4.740000
4.720001
4.720001
4.699999
4.719999
4.719999
4.699999
4.720001
4.719999
4.740000
4.699999
4.759999
4.700001
4.720001
4.699999
4.740000
4.719999
4.720001
4.719999
4.699999
4.720001
4.699999
4.720001
4.699999
4.699999
4.740000
4.699999
4.700001
4.699999
4.699999
4.700001
4.700001
4.740000
4.720001
4.699999
4.720001
4.680000
4.720001
4.720001
4.699999
4.680000
4.760001
4.700001
4.759999
4.720001
4.740000
4.700001
4.699999
4.719999
4.699999
4.720001
4.899999
4.820000
4.740000
4.720001
5.360000
4.720001
4.720001
4.699999
4.720001
4.720001
4.699999
4.700001
4.740000
4.719999
4.740000
4.699999
4.720001
4.699999
4.719999
4.899999
4.700001
4.740000
4.820000
4.720001
4.719999
4.680000
4.740000
4.740000
4.720001
4.700001
4.840000
4.720001
4.759999
4.760001
4.699999
7.840000
5.039999
4.860001
4.740000
4.719999
4.720001
4.700001
4.720001
4.680000
4.759999
4.720001
4.719999
4.740000
4.740000
4.740002
4.740000
4.720001
4.780000
4.720001
4.719999
4.720001
4.740000
4.799999
4.740000
4.819999
4.740000
4.720001
4.720001
4.700001
4.740000
4.980000
4.699999
4.720001
4.740000
4.719999
4.720001
4.720001
4.720001
4.720001
4.740000
4.700001
4.840000
4.680000
4.939999
4.799999
4.699999
4.699999
4.740000
4.740000
4.740000
4.720001
4.759999
4.820000
4.719999
4.699999
4.720001
4.700001
4.740000
4.720001
4.719999
4.699999
4.740000
4.720001
4.720001
4.699999
4.720001
4.680000
4.740000
4.820000
4.699999
4.700001
4.720001
4.719999
4.740000
4.720001
4.699999
4.719999
4.719999
4.699999
4.719999
4.840000
4.720001
4.720001
4.740000
4.680000
4.740002
4.680000
4.740000
4.719999
4.699999
4.740000
4.740000
4.720001
4.720001
4.920000
4.820000
4.699999
4.740000
4.719999
4.759999
4.740000
4.760001
4.840000
5.080000
4.699999
4.720001
4.720001
4.759999
4.699999
4.699999
4.820000
4.740000
4.799999
4.720001
4.720001
4.699999
4.680000
4.740000
4.720001
4.740000
4.800001
4.740000
4.720001
4.719999
4.720001
4.860001
4.700001
4.740000
4.720001
4.800001
4.720001
4.700001
4.719999
4.740002
4.780000
4.899999
4.699999
4.880000
4.719999
4.719999
4.699999
4.699999
4.720001
4.680000
4.699999
4.720001
4.699999
4.820000
4.699999
4.719999
4.700001
4.800001
4.800001
4.699999
4.720001
4.699999
4.700001
5.760001
4.920000
5.120000
4.820000
4.700001
4.699999
4.760001
4.720001
4.780000
4.840001
4.740000
4.680000
4.740000
4.720001
4.740000
4.740000
4.820000
4.819999
4.740000
4.699999
4.720001
4.720001
4.720001
4.699999
4.740000
4.960001
4.699999
4.719999
4.720001
4.719999
4.899999
4.700001
4.740002
4.679998
4.720001
4.720001
4.720001
4.699999
4.740000
4.740000
4.740000
4.700001
4.740000
4.680000
4.720001
4.680000
4.740000
4.680000
4.740000
4.740000
4.719999
4.720001
4.759999
4.720001
4.720001
4.699999
4.720001
4.699999
4.740000
4.699999
4.780000
4.719999
4.719999
4.820000
4.840001
4.720001
4.720001
4.720001
4.720001
4.719999
4.740002
4.699999
4.740000
4.700001
4.740000
4.719999
4.760001
4.740000
4.720001
4.780000
4.740000
4.699999
4.720001
4.699999
4.699999
4.680000
4.720001
4.700001
4.699999
4.740000
4.719999
4.759999
4.760001
4.680000
4.720001
4.720001
4.700001
4.700001
4.720001
4.699999
4.740000
4.719999
4.699999
4.680000
4.699999
4.840000
4.740000
4.780000
4.740000
4.720001
4.740000
4.720001
4.720001
4.720001
4.840000
4.720001
4.720001
4.819999
4.760001
4.760001
4.880000
4.719999
4.700001
4.699999
4.740000
4.820000
4.740000
4.700001
4.819999
4.699999
4.720001
4.740000
4.699999
4.740000
4.720001
4.720001
4.699999
4.820000
4.720001
4.699999
4.740000
4.740000
4.719999
4.720001
4.740000
4.880000
4.720001
4.780000
4.760001
4.700001
4.720001
4.680000
4.820000
4.720001
4.699999
4.720001
4.699999
5.099999
4.699999
4.720001
4.719999
4.699999
4.720001
4.719999
4.740002
4.740000
4.740000
4.680000
4.720001
4.680000
4.720001
4.700001
4.720001
4.740000
4.699999
4.740000
4.720001
4.699999
4.719999
4.699999
4.719999
4.699999
4.759999
4.679998
4.800001
4.700001
4.720001
4.700001
4.699999
4.680000
4.720001
4.699999
4.699999
4.700001
4.720001
4.699999
4.720001
4.860001
4.760001
4.799999
4.720001
4.699999
4.720001
4.699999
4.760001
4.720001
4.740000
4.720001
4.720001
4.799999
4.820000
4.880000
4.680000
4.719999
4.720001
4.700001
4.720001
4.659999
4.759999
4.999999
4.699999
4.840001
4.740002
4.699999
4.740000
4.719999
4.699999
4.720001
4.699999
4.720001
4.660001
4.720001
4.720001
4.699999
4.720001
4.719999
4.699999
4.720001
4.740000
4.680000
4.699999
4.700001
4.740000
4.699999
4.740002
4.720001
4.720001
4.699999
4.720001
4.699999
4.700001
4.719999
4.740000
4.720001
4.720001
4.699999
4.699999
4.680000
4.740002
4.699999
4.699999
4.680000
4.760001
4.799999
4.799999
4.719999
4.699999
4.720001
4.719999
4.720001
4.720001
4.720001
4.719999
4.699999
4.740000
4.699999
4.740000
4.719999
4.699999
4.720001
4.740000
4.699999
4.699999
4.720001
4.720001
4.720001
4.740000
4.679998
4.720001
4.699999
4.720001
4.720001
4.740000
4.720001
4.720001
4.699999
4.740002
4.679998
4.759999
4.720001
4.740000
4.699999
4.760001
4.740000
4.720001
4.699999
4.740000
4.720001
4.740000
4.740000
4.719999
4.700001
4.740002
4.680000
4.740000
4.699999
4.720001
4.720001
4.700001
4.720001
4.740000
4.660001
4.700001
4.740000
4.720001
4.699999
4.719999
4.699999
4.740000
4.720001
4.740002
4.699999
4.759999
4.699999
4.720001
4.699999
4.720001
4.720001
4.740000
4.699999
4.760001
4.740000
4.720001
4.720001
4.699999
5.059998
4.740000
4.680000
4.699999
4.720001
4.720001
4.720001
4.740000
4.700001
4.740000
4.699999
4.720001
4.699999
4.719999
4.720001
4.720001
4.720001
4.699999
4.719999
4.760001
4.699999
4.740000
4.699999
4.740002
4.680000
4.720001
4.720001
4.720001
4.720001
4.740000
4.719999
4.740000
4.699999
4.719999
4.720001
4.720001
4.740000
4.760001
4.699999
4.720001
4.720001
4.740000
