1122.479998
1124.339998
1124.820001
1139.540002
1125.140000
1143.359996
1125.799999
1144.460000
1126.480002
1142.680001
1125.480000
1139.699999
1121.819999
1126.720000
1124.620002
1125.219997
1124.960002
1125.380002
1123.660002
1124.180000
1143.279999
1127.140000
1151.020002
1124.680001
1144.100003
1127.439998
1142.719999
1125.040002
1124.759998
1126.720000
1125.939999
1125.620000
1123.780001
1128.020000
1128.440000
1143.039998
1124.759998
1136.140000
1125.720002
1150.479998
1126.860000
1142.820001
1127.020001
1143.879998
1125.620000
1125.080001
1124.620002
1123.439997
1125.480000
1127.820000
1122.919999
1124.259997
1139.680002
1125.080001
1142.620001
1124.860000
1146.440003
1126.000002
1139.800001
1124.079999
1139.320001
1123.879999
1123.380002
1124.820001
1123.500001
1124.860000
1125.640001
1128.479999
1128.740001
1141.700000
1124.839999
1145.980000
1124.180000
1141.660001
1125.480000
1141.559999
1126.320001
1140.040003
1127.640001
1122.760002
1123.579998
1126.560003
1127.200000
1123.919997
1123.760000
1124.619998
1141.039997
1125.480000
1143.080000
1124.359999
1148.680001
1122.000001
1143.840000
1123.779997
1123.339999
1122.340001
1127.400000
1126.979999
1123.519998
1126.240000
1124.879997
1124.100003
1125.620000
1143.660001
1122.780003
1141.420003
1125.459999
1145.699997
1125.760000
1136.620000
1126.960002
1125.840001
1123.400003
1121.959999
1122.619998
1123.739999
1126.339998
1124.159999
1138.880000
1125.440001
1144.559998
1123.560000
1138.960000
1126.940001
1143.339999
1128.139999
1140.439998
1124.699999
1123.560000
1128.500000
1123.900000
1126.220003
1124.240000
1124.699999
1122.300003
1142.299999
1125.719998
1142.680001
1122.120000
1138.659999
1124.819998
1140.940003
1125.459999
1144.219998
1125.520002
1126.359999
1127.640001
1127.799999
1125.779998
1124.220002
1124.359999
1123.119999
1140.540000
1123.500001
1138.280001
1124.580000
1140.559997
1125.599999
1144.619998
1123.920001
1141.080000
1125.080001
1124.860000
1126.580000
1127.799999
1125.020001
1125.259999
1124.100000
1125.640001
1142.560001
1125.519998
1143.020000
1123.819999
1139.960002
1123.860002
1145.400003
1124.839999
1144.640002
1126.139998
1124.880001
1136.539999
1122.780003
1125.960000
1123.720001
1125.780001
1123.940002
1141.840000
1124.800000
1142.719999
1125.900000
1146.240000
1124.480002
1144.219998
1126.079999
1124.180000
1125.740003
1127.080001
1126.400001
1124.660000
1125.399999
1124.679998
1140.920002
1126.500003
1139.260001
1126.359999
1141.100001
1126.739997
1143.759999
1127.760001
1141.619999
1123.719998
1125.500001
1125.939999
1123.300001
1127.020001
1123.120002
1124.539997
1124.880001
1143.360000
1123.539999
1143.960003
1123.859998
1144.660000
1124.740001
1144.560002
1125.360001
1138.020001
1125.420000
1125.500001
1124.480002
1126.179997
1125.979997
1126.680002
1123.539999
1123.380002
1139.540002
1124.660000
1145.260002
1126.260001
1142.340001
1123.539999
1142.680001
1124.240000
1124.580000
1127.060000
1122.359999
1125.380002
1125.779998
1126.219999
1126.059998
1142.279997
1124.219999
1141.580001
1123.879999
1139.240000
1125.740003
1141.559999
1126.180001
1143.180002
1124.979999
1127.760001
1125.760000
1125.240002
1126.000002
1122.919999
1123.280000
1125.119999
1142.160002
1124.820001
1141.399998
1124.839999
1144.340001
1124.559999
1140.620001
1123.259999
1143.119998
1125.000000
1124.820001
1125.179999
1123.739999
1126.040000
1125.459999
1127.039999
1125.300001
1142.760001
1123.720001
1143.840000
1123.939998
1143.100001
1126.379997
1138.119999
1126.240000
1142.780002
1124.860000
1124.799997
1124.180000
1125.519998
1125.980001
1126.020003
1126.240000
1124.120001
1143.900000
1126.340002
1138.639998
1123.840000
1143.680003
1124.860000
1138.739999
1125.000000
1143.479999
1125.319999
1124.760002
1126.400001
1125.480000
1124.520000
1124.040000
1124.680001
1125.539999
1141.160000
1132.300001
1141.959999
1124.919999
1142.260000
1125.580002
1140.779998
1126.260001
1126.300000
1125.319999
1123.399999
1125.480000
1124.059997
1131.379999
1125.219997
1125.599999
1124.660000
1141.379997
1125.299998
1144.040000
1127.119999
1144.200001
1124.400001
1143.780001
1123.980001
1128.360000
1129.039999
1124.660000
1127.039999
1124.540001
1122.579999
1124.060001
1142.999999
1123.560000
1139.539998
1125.580002
1143.159997
1126.100000
1140.900001
1123.160001
1141.940001
1123.240001
1127.100002
1126.839999
1126.219999
1124.019999
1123.920001
1128.199998
1124.500003
1141.800001
1125.840001
1141.180001
1125.600003
1139.980000
1124.159999
1145.340003
1124.359999
1143.579997
1127.699997
1125.300001
1126.300000
1124.940000
1125.700001
1125.060000
1124.420002
1126.520000
1145.520002
1125.799999
1140.499998
1127.300002
1142.819997
1123.319998
1144.660000
1126.139998
1143.859997
1125.820000
1126.280002
1128.940001
1125.700001
1123.399999
1127.639998
1124.679998
1125.680000
1140.560001
1126.120001
1142.919999
1123.620000
1141.220000
1127.039999
1143.360000
1123.720001
1122.220002
1124.520000
1123.560000
1126.620002
1123.580001
1127.060000
1124.140002
1142.520003
1123.799998
1144.439999
1124.760002
1146.100000
1124.620002
1142.300002
1123.500001
1140.020002
1122.280002
1133.199997
1125.900000
1126.820002
1122.579999
1124.959998
1126.479998
1127.300002
1144.060001
1123.059999
1140.400000
1163.340002
1155.000001
1123.799998
1153.420001
1167.220000
1141.220000
1126.819998
1130.280003
1130.539998
1124.520000
1127.000000
1124.299999
1141.899999
1124.400001
1139.679998
1123.100001
1138.439998
1125.099998
1141.180001
1122.919999
1125.019997
1128.800001
1129.179999
1125.459999
1126.100000
1128.619999
1149.559997
1143.020000
1126.259997
1147.300001
1125.519998
1140.919998
1126.899999
1143.660001
1127.420001
1125.680000
1127.999999
1124.120001
1124.840003
1124.180000
1125.900000
1126.880001
1143.060002
1176.740002
1156.160001
1127.080001
1147.779997
1127.239998
1186.499998
1140.079997
1128.360000
1125.480000
1125.240002
1192.240000
1143.860001
1146.559998
1128.380001
1147.000004
1126.139998
1142.660003
1128.600001
1143.080000
1124.100000
1140.700001
1124.860000
1126.060002
1124.040000
1126.899999
1126.360003
1121.940002
1124.620002
1126.300000
1146.899998
1125.200000
1140.839998
1125.159997
1143.240001
1123.920001
1143.420000
1125.160001
1126.019999
1123.599999
1127.939999
1125.460003
1124.879997
1123.580001
1120.439999
1143.259998
1125.159997
1140.279997
1123.599999
1141.780000
1125.539999
1143.840000
1126.479998
1142.680001
1126.120001
1123.280000
1125.039998
1124.040000
1126.900002
1121.819999
1126.060002
1126.060002
1142.859999
1123.720001
1147.600003
1124.900002
1141.200002
1122.599997
1142.940000
1123.420000
1144.000001
1121.780001
1124.940000
1122.060001
1125.939999
1125.739999
1125.220001
1123.519998
1136.859998
1142.219998
1124.439999
1144.279998
1123.160001
1144.680001
1126.360003
1138.620000
1126.339998
1143.080000
1127.580002
1123.000000
1125.780001
1125.980001
1126.240000
1124.220002
1126.580000
1124.439999
1145.000000
1126.260001
1144.700002
1123.540003
1140.999999
1123.999998
1147.340000
1127.060000
1133.639999
1126.600001
1124.100000
1124.879997
1124.159999
1127.780002
1127.079997
1143.860001
1122.860000
1143.440001
1124.840003
1144.579999
1128.500000
1152.180001
1124.260001
1139.440000
1126.680002
1126.819998
1125.080001
1123.539999
1125.800002
1124.819998
1128.380001
1124.839999
1142.279997
1125.000000
1144.180000
1125.200000
1144.000001
1125.820000
1143.980000
1124.219999
1143.100001
1125.580002
1124.079999
1124.619998
1123.320002
1126.119997
1125.240002
1124.699999
1124.860000
1143.339999
1124.620002
1143.380001
1124.260001
1141.199999
1124.820001
1143.760003
1127.459999
1140.859999
1124.679998
1124.959998
1124.640003
1126.180001
1126.580000
1123.659998
1124.580000
1126.620002
1142.940000
1126.520000
1140.420001
1124.840003
1142.480001
1124.920003
1140.959997
1125.319999
1130.700000
1124.819998
1126.780000
1124.260001
1124.800000
1124.860000
1125.780001
1143.720001
1125.239998
1145.500001
1125.340000
1153.359998
1125.379998
1139.440000
1121.539999
1141.539998
1126.780000
1130.679999
1124.380000
1122.580003
1124.580000
1123.720001
1124.100000
1126.419999
1144.620001
1124.460001
1144.899998
1125.739999
1141.759999
1125.960000
1140.280001
1125.000000
1142.800000
1125.240002
1125.360001
1123.840000
1124.400001
1125.200000
1124.760002
1124.580000
1123.459999
1143.980000
1126.320001
1141.580001
1126.839999
1150.920000
1125.680000
1143.100001
1138.299998
1124.720000
1123.799998
1127.499998
1123.939998
1124.400001
1124.499999
1122.580003
1126.000002
1123.100001
1140.419997
1126.240000
1141.340002
1128.219999
1143.459998
1125.239998
1141.440000
1126.140002
1124.499999
1125.159997
1124.900002
1127.580002
1124.879997
1127.500001
1125.960000
1143.660001
1125.680000
1142.880000
1125.260003
1143.220000
1124.520000
1143.860001
1127.260000
1144.000001
1126.940001
1128.800001
1126.940001
1123.739999
1123.579998
1124.100000
1126.639999
1124.419998
1144.679997
1124.740001
1137.639999
1125.379998
1144.359998
1124.240000
1139.400002
1138.700001
1141.800001
1125.259999
1123.879999
1125.999998
1124.580000
1124.300003
1124.979999
1121.160001
1124.980003
1139.500000
1122.860003
1143.920001
1125.280000
1141.100001
1125.160001
1142.700002
1126.860000
1140.280001
1126.319997
1125.519998
1125.999998
1124.779999
1126.040000
1124.960002
1124.860000
1126.079999
1142.800000
1124.779999
1143.220000
1125.519998
1143.260002
1124.600001
1138.659999
1124.979999
1125.200000
1125.480000
1125.879999
1124.839999
1125.700001
1125.780001
1123.760000
1144.040000
1124.899998
1142.600000
1125.699997
1140.900001
1124.960002
1144.359998
1124.240000
1139.120001
1123.720001
1125.439998
1126.019999
1124.760002
1126.120001
1123.540003
1127.960000
1124.040000
1134.840000
1124.359999
1140.939999
1124.320000
1141.199999
1124.279998
1140.740000
1127.559997
1139.740001
1125.459999
1126.180001
1124.380000
1128.100000
1123.520002
1128.800001
1126.359999
1123.319998
1141.600002
1127.260000
1139.800001
1124.920003
1142.340001
1124.899998
1142.139997
1122.960001
1141.360000
1127.599999
1125.800002
1126.139998
1124.159999
1126.040000
1126.580000
1125.879999
1124.279998
1139.920000
1126.560003
1135.940000
1126.680002
1140.200000
1124.800000
1143.700000
1126.120001
1126.619998
1124.960002
1123.480000
1126.680002
1125.340000
1124.180000
1124.699999
1144.020002
1125.879999
1139.840003
1125.380002
1148.680001
1123.819999
1140.500002
1125.820000
1141.160000
1125.000000
1125.159997
1128.440000
1122.660000
1125.300001
1123.620000
1125.999998
1125.739999
1143.339999
1125.179999
1140.640002
1124.000002
1142.360002
1125.060000
1140.280001
1123.319998
1144.439999
1124.839999
1124.619998
1124.639999
1126.820002
1126.279999
1125.460003
1124.840003
1123.480000
1143.599998
1122.940000
1149.100002
1124.299999
1141.660001
1127.039999
1140.780002
1126.000002
1135.400001
1125.140000
1123.840000
1123.540003
1122.579999
1125.100002
1123.099998
1126.499999
1125.140000
1143.900000
1123.700000
1141.759999
1125.719998
1149.060000
1126.139998
1143.340003
1126.340002
1144.200001
1125.859998
1125.920001
1126.479998
1123.799998
1124.120001
1125.460003
1124.560002
1125.680000
1138.440002
1125.780001
1149.820000
1124.019999
1139.660001
1126.100000
1142.880000
1126.839999
1125.000000
1125.579998
1125.799999
1124.620002
1125.799999
1123.100001
1123.259999
1141.559999
1124.619998
1142.340001
1125.379998
1143.759999
1127.720002
1141.999997
1123.300001
1140.279997
1124.299999
1124.880001
1125.280000
1125.900000
1124.800000
1126.879998
1123.400003
1124.640003
1142.280001
1126.000002
1143.200003
1125.440001
1141.259998
1123.400003
1143.660001
1124.820001
1138.680000
1123.500001
1126.880001
1124.600001
1123.939998
1127.620000
1124.000002
1125.240002
1125.179999
1141.459998
1129.380003
1142.999999
1127.760001
1139.699999
1127.859998
1142.180000
1125.900000
1129.240002
1126.359999
1126.220003
1127.819996
1161.180001
1132.480003
1129.219998
1146.200001
1125.820000
1140.219998
1124.159999
1140.500002
1125.100002
1139.440000
1124.320000
1123.540003
1123.300001
1124.380000
1124.120001
1123.700000
1124.640003
1126.480002
