0.107000
0.120000
0.120000
0.123000
0.112000
0.126000
0.122000
0.121000
0.120000
0.125000
0.120000
0.120000
0.149000
0.122000
0.121000
0.143000
0.120000
0.122000
0.125000
0.122000
0.120000
0.124000
0.120000
0.122000
0.122000
0.125000
0.125000
0.122000
0.168000
0.125000
0.146000
0.122000
0.120000
0.122000
0.120000
0.125000
0.123000
0.125000
0.121000
0.122000
0.120000
0.122000
0.121000
0.122000
0.120000
0.122000
0.120000
0.124000
0.122000
0.122000
0.120000
0.125000
0.120000
0.122000
0.123000
0.120000
0.120000
0.120000
0.124000
0.123000
0.121000
0.121000
0.122000
0.120000
0.120000
0.120000
0.122000
0.120000
0.120000
0.121000
0.124000
0.122000
0.121000
0.120000
0.120000
0.121000
0.120000
0.120000
0.120000
0.124000
0.120000
0.120000
0.121000
0.125000
0.121000
0.120000
0.121000
0.120000
0.120000
0.120000
0.120000
0.124000
0.120000
0.120000
0.120000
0.120000
0.123000
0.120000
0.120000
0.120000
0.120000
0.121000
0.120000
0.120000
0.120000
0.120000
0.120000
0.122000
0.120000
0.123000
0.120000
0.120000
0.120000
0.121000
0.121000
0.120000
0.120000
0.120000
0.120000
0.123000
0.120000
0.120000
0.120000
0.121000
0.122000
0.122000
0.120000
0.120000
0.120000
0.120000
0.120000
0.120000
0.120000
0.120000
0.120000
0.121000
0.120000
0.120000
0.120000
0.153000
0.120000
0.121000
0.120000
0.120000
0.121000
0.121000
0.120000
0.120000
0.125000
0.120000
0.120000
0.121000
0.120000
0.120000
0.120000
0.120000
0.120000
0.121000
0.120000
0.120000
0.120000
0.120000
0.120000
0.121000
0.120000
0.120000
0.120000
0.121000
0.120000
0.120000
0.120000
0.121000
0.120000
0.120000
0.120000
0.121000
0.120000
0.120000
0.124000
0.120000
0.124000
0.120000
0.125000
0.121000
0.122000
0.121000
0.122000
0.120000
0.122000
0.121000
0.127000
0.120000
0.122000
0.121000
0.122000
0.121000
0.122000
0.122000
0.122000
0.122000
0.123000
0.120000
0.122000
0.121000
0.122000
0.120000
0.122000
0.120000
0.122000
0.120000
0.122000
0.120000
0.124000
0.121000
0.122000
0.120000
0.122000
0.121000
0.122000
0.120000
0.122000
0.120000
0.123000
0.120000
0.125000
0.123000
0.122000
0.120000
0.122000
0.120000
0.122000
0.120000
0.122000
0.120000
0.122000
0.120000
0.122000
0.120000
0.122000
0.120000
0.122000
0.120000
0.122000
0.120000
0.122000
0.121000
0.122000
0.120000
0.124000
0.121000
0.122000
0.121000
0.122000
0.121000
0.122000
0.152000
0.122000
0.121000
0.122000
0.120000
0.123000
0.121000
0.122000
0.120000
0.125000
0.120000
0.122000
0.123000
0.122000
0.120000
0.123000
0.120000
0.122000
0.120000
0.122000
0.223000
0.122000
0.120000
0.122000
0.121000
0.122000
0.122000
0.122000
0.121000
0.122000
0.120000
0.123000
0.120000
0.122000
0.122000
0.123000
0.120000
0.122000
0.120000
0.122000
0.121000
0.122000
0.120000
0.122000
0.120000
0.122000
0.120000
0.122000
0.120000
0.122000
0.122000
0.214000
0.120000
0.122000
0.120000
0.123000
0.120000
0.120000
0.120000
0.122000
0.123000
0.120000
0.121000
0.120000
0.121000
0.120000
0.121000
0.120000
0.120000
0.120000
0.122000
0.120000
0.120000
0.120000
0.120000
0.120000
0.120000
0.120000
0.121000
0.120000
0.123000
0.120000
0.120000
0.122000
0.120000
0.120000
0.120000
0.122000
0.120000
0.121000
0.121000
0.120000
0.120000
0.120000
0.120000
0.120000
0.120000
0.123000
0.120000
0.120000
0.124000
0.121000
0.120000
0.120000
0.120000
0.121000
0.120000
0.120000
0.120000
0.120000
0.120000
0.120000
0.121000
0.120000
0.121000
0.121000
0.120000
0.120000
0.120000
0.120000
0.120000
0.120000
0.121000
0.120000
0.120000
0.122000
0.125000
0.123000
0.120000
0.120000
0.120000
0.120000
0.128000
0.129000
0.122000
0.120000
0.128000
0.120000
0.120000
0.120000
0.123000
0.128000
0.130000
0.120000
0.121000
0.121000
0.120000
0.120000
0.122000
0.120000
0.120000
0.120000
0.120000
0.121000
0.120000
0.122000
0.120000
0.120000
0.123000
0.121000
0.120000
0.123000
0.122000
0.121000
0.120000
0.120000
0.120000
0.121000
0.120000
0.120000
0.122000
0.120000
0.121000
0.120000
0.121000
0.120000
0.120000
0.121000
0.120000
0.120000
0.120000
0.120000
0.121000
0.124000
0.123000
0.122000
0.122000
0.122000
0.123000
0.265000
0.131000
0.125000
0.120000
0.131000
0.122000
0.123000
0.121000
0.121000
0.121000
0.121000
0.121000
0.121000
0.121000
0.121000
0.121000
0.122000
0.121000
0.121000
0.122000
0.121000
0.120000
0.123000
0.121000
0.121000
0.121000
0.121000
0.122000
0.121000
0.121000
0.121000
0.120000
0.120000
0.121000
0.121000
0.121000
0.125000
0.121000
0.121000
0.160000
0.121000
0.122000
0.122000
0.123000
0.122000
0.120000
0.121000
0.122000
0.121000
0.122000
0.122000
0.121000
0.121000
0.121000
0.121000
0.122000
0.121000
0.121000
0.121000
0.158000
0.121000
0.122000
0.121000
0.120000
0.122000
0.120000
0.121000
0.122000
0.121000
0.122000
0.121000
0.122000
0.122000
0.121000
0.121000
0.121000
0.120000
0.121000
0.121000
0.125000
0.121000
0.120000
0.121000
0.121000
0.121000
0.121000
0.121000
0.122000
0.122000
0.121000
0.121000
0.121000
0.121000
0.121000
0.121000
0.122000
0.160000
0.121000
0.121000
0.121000
0.121000
0.123000
0.122000
0.123000
0.122000
0.122000
0.121000
0.121000
0.121000
0.124000
0.120000
0.121000
0.121000
0.121000
0.121000
0.121000
0.121000
0.121000
0.121000
0.124000
0.125000
0.121000
0.124000
0.121000
0.123000
0.121000
0.122000
0.121000
0.122000
0.124000
0.122000
0.121000
0.122000
0.120000
0.122000
0.121000
0.122000
0.121000
0.123000
0.121000
0.123000
0.124000
0.124000
0.122000
0.122000
0.121000
0.122000
0.122000
0.123000
0.120000
0.122000
0.124000
0.122000
0.121000
0.122000
0.121000
0.122000
0.124000
0.123000
0.121000
0.123000
0.122000
0.123000
0.121000
0.124000
0.123000
0.122000
0.123000
0.123000
0.121000
0.122000
0.121000
0.122000
0.122000
0.122000
0.122000
0.123000
0.122000
0.123000
0.123000
0.122000
0.121000
0.122000
0.121000
0.122000
0.120000
0.122000
0.121000
0.124000
0.123000
0.122000
0.122000
0.122000
0.121000
0.122000
0.122000
0.123000
0.121000
0.124000
0.121000
0.122000
0.121000
0.123000
0.121000
0.122000
0.124000
0.122000
0.123000
0.122000
0.122000
0.122000
0.121000
0.122000
0.121000
0.122000
0.121000
0.122000
0.123000
0.122000
0.121000
0.122000
0.123000
0.122000
0.121000
0.123000
0.121000
0.122000
0.123000
0.124000
0.123000
0.123000
0.121000
0.122000
0.123000
0.123000
0.122000
0.122000
0.121000
0.122000
0.122000
0.122000
0.122000
0.122000
0.124000
0.123000
0.121000
0.122000
0.122000
0.122000
0.123000
0.125000
0.121000
0.121000
0.121000
0.121000
0.121000
0.121000
0.120000
0.121000
0.123000
0.124000
0.120000
0.122000
0.120000
0.121000
0.121000
0.121000
0.121000
0.121000
0.121000
0.124000
0.121000
0.120000
0.121000
0.120000
0.121000
0.121000
0.124000
0.121000
0.121000
0.122000
0.122000
0.121000
0.121000
0.120000
0.121000
0.121000
0.122000
0.121000
0.121000
0.121000
0.121000
0.126000
0.121000
0.121000
0.121000
0.121000
0.121000
0.121000
0.121000
0.121000
0.121000
0.122000
0.121000
0.121000
0.121000
0.123000
0.121000
0.121000
0.125000
0.124000
0.122000
0.121000
0.121000
0.121000
0.121000
0.121000
0.121000
0.121000
0.121000
0.121000
0.123000
0.121000
0.121000
0.122000
0.121000
0.123000
0.121000
0.121000
0.121000
0.121000
0.122000
0.120000
0.121000
0.121000
0.124000
0.121000
0.122000
0.121000
0.121000
0.120000
0.120000
0.121000
0.121000
0.121000
0.123000
0.121000
0.121000
0.122000
0.121000
0.121000
0.122000
0.121000
0.121000
0.121000
0.121000
0.121000
0.121000
0.121000
0.120000
0.120000
0.121000
0.121000
0.121000
0.121000
0.120000
0.122000
0.121000
0.121000
0.121000
0.121000
0.121000
0.121000
0.122000
0.121000
0.121000
0.121000
0.121000
0.123000
0.122000
0.123000
0.123000
0.123000
0.122000
0.121000
0.122000
0.121000
0.122000
0.122000
0.122000
0.121000
0.123000
0.123000
0.122000
0.121000
0.122000
0.123000
0.122000
0.121000
0.123000
0.121000
0.122000
0.121000
0.122000
0.121000
0.122000
0.123000
0.123000
0.121000
0.122000
0.121000
0.123000
0.121000
0.160000
0.121000
0.123000
0.123000
0.122000
0.121000
0.124000
0.123000
0.124000
0.121000
0.124000
0.123000
0.122000
0.123000
0.123000
0.122000
0.122000
0.121000
0.123000
0.121000
0.122000
0.379000
0.122000
0.120000
0.123000
0.121000
0.122000
0.121000
0.123000
0.121000
0.122000
0.121000
0.122000
0.120000
0.123000
0.121000
0.122000
0.121000
0.123000
0.121000
0.123000
0.121000
0.123000
0.121000
0.124000
0.121000
0.123000
0.120000
0.123000
0.121000
0.126000
0.121000
0.122000
0.121000
0.122000
0.120000
0.124000
0.121000
0.122000
0.133000
0.122000
0.120000
0.122000
0.121000
0.123000
0.121000
0.123000
0.121000
0.123000
0.121000
0.124000
0.121000
0.124000
0.121000
0.122000
0.121000
0.123000
0.120000
0.126000
0.121000
0.122000
0.121000
0.133000
0.121000
0.123000
0.121000
0.122000
0.121000
0.123000
0.121000
0.123000
0.121000
0.123000
0.121000
0.122000
0.121000
0.122000
0.121000
0.123000
0.121000
0.122000
0.123000
0.122000
0.124000
0.124000
0.121000
0.122000
0.121000
0.124000
0.121000
0.122000
0.121000
0.122000
0.121000
0.123000
0.121000
0.122000
0.121000
0.123000
0.125000
0.123000
0.121000
0.122000
0.121000
0.124000
0.121000
0.123000
0.125000
0.122000
0.121000
0.123000
0.121000
0.122000
0.121000
0.122000
0.121000
0.122000
0.120000
0.122000
0.120000
0.123000
0.121000
0.122000
