2.040000
2.040000
2.040000
2.260000
2.100000
1.660000
1.680000
1.660000
1.660000
1.660000
1.660000
1.660000
1.660000
1.660000
1.680000
1.680000
1.680000
1.660000
1.680000
4.500000
1.680000
1.660000
1.680000
1.660000
1.660000
1.660000
1.660000
1.660000
1.660000
1.660000
1.660000
1.660000
1.660000
1.660000
1.660000
1.660000
1.660000
1.660000
1.660000
1.660000
1.680000
1.660000
1.660000
1.660000
1.660000
1.660000
1.660000
1.660000
1.660000
1.660000
1.660000
1.680000
1.660000
1.660000
4.240000
1.680000
1.660000
1.660000
1.660000
1.660000
1.660000
1.660000
1.660000
1.660000
1.660000
1.660000
1.680000
1.660000
1.660000
1.660000
1.660000
1.660000
1.660000
1.660000
1.660000
1.660000
1.660000
1.660000
1.660000
1.660000
1.660000
1.660000
1.660000
1.660000
1.660000
1.680000
1.660000
1.660000
1.660000
3.980000
1.660000
1.660000
1.660000
1.660000
1.660000
1.660000
1.660000
1.660000
1.660000
1.680000
1.680000
1.660000
1.660000
1.660000
1.660000
1.660000
1.680000
1.660000
1.660000
1.660000
1.660000
1.660000
1.660000
1.660000
1.660000
1.660000
1.660000
1.660000
1.660000
1.660000
1.660000
1.660000
1.660000
1.660000
1.660000
1.660000
1.660000
1.660000
1.660000
1.660000
1.660000
1.680000
1.660000
1.660000
1.660000
1.660000
1.660000
1.660000
1.660000
1.660000
1.660000
1.660000
1.680000
1.660000
1.660000
1.660000
1.660000
1.660000
1.660000
1.660000
1.660000
1.660000
1.660000
1.660000
1.660000
1.660000
1.660000
1.660000
4.140000
1.660000
1.660000
1.660000
1.680000
1.660000
1.660000
1.660000
1.660000
1.660000
1.660000
1.660000
1.660000
1.660000
1.660000
1.660000
1.660000
1.660000
1.660000
1.660000
1.660000
1.660000
1.680000
1.660000
1.660000
1.660000
1.660000
1.660000
1.660000
1.660000
1.660000
1.660000
1.660000
1.680000
1.660000
4.200000
1.660000
1.660000
1.660000
1.660000
1.660000
1.680000
1.660000
1.660000
1.660000
1.660000
1.660000
1.660000
1.660000
1.660000
1.660000
1.660000
1.680000
1.660000
1.660000
1.660000
1.660000
1.660000
1.660000
1.660000
1.660000
1.660000
1.660000
1.660000
1.660000
1.660000
1.660000
1.660000
1.660000
1.660000
4.300000
1.660000
1.660000
1.660000
1.660000
1.660000
1.660000
1.660000
1.660000
1.660000
1.680000
1.660000
1.660000
1.660000
1.660000
1.660000
1.660000
1.660000
1.660000
1.660000
1.660000
1.680000
1.660000
1.660000
1.660000
1.660000
1.660000
1.660000
1.660000
1.660000
1.660000
1.660000
1.680000
1.660000
1.660000
4.080000
1.660000
1.660000
1.660000
1.660000
1.660000
1.660000
1.660000
1.660000
1.680000
1.660000
1.660000
1.660000
1.660000
1.660000
1.660000
1.660000
1.660000
1.660000
1.660000
1.660000
1.660000
1.660000
1.660000
1.660000
1.660000
1.660000
1.680000
1.660000
1.660000
1.660000
1.680000
1.680000
1.660000
1.680000
4.000000
1.660000
1.700000
1.660000
1.660000
1.660000
1.660000
1.660000
1.660000
1.660000
1.660000
1.660000
1.660000
1.660000
1.660000
1.660000
1.660000
1.680000
1.660000
1.660000
1.660000
1.660000
1.660000
1.660000
1.660000
1.660000
1.660000
1.660000
1.680000
1.660000
1.660000
1.660000
1.660000
1.660000
1.660000
1.660000
1.660000
1.660000
1.660000
4.160000
1.660000
1.660000
1.660000
1.660000
1.660000
1.660000
1.660000
1.660000
1.660000
1.680000
1.660000
1.660000
1.660000
1.660000
1.660000
1.660000
1.660000
1.660000
1.660000
1.660000
1.660000
1.660000
1.660000
1.660000
1.660000
1.660000
1.660000
1.680000
1.660000
1.660000
1.660000
1.680000
1.660000
1.660000
4.140000
1.660000
1.660000
1.660000
1.660000
1.660000
1.660000
1.660000
1.660000
1.680000
1.660000
1.660000
1.660000
1.660000
1.660000
1.660000
1.660000
1.660000
1.660000
1.660000
1.680000
1.660000
1.660000
1.660000
1.660000
1.660000
1.660000
1.660000
1.660000
1.660000
1.660000
1.660000
1.660000
1.660000
1.660000
4.180000
1.660000
1.660000
1.660000
1.660000
1.680000
1.660000
1.660000
1.660000
1.660000
1.660000
1.660000
1.660000
1.660000
1.660000
1.660000
1.680000
1.660000
1.660000
1.660000
1.660000
1.660000
1.660000
1.660000
1.660000
1.660000
1.660000
1.660000
1.660000
1.660000
1.660000
1.660000
1.660000
1.660000
1.680000
4.100000
1.660000
1.660000
1.660000
1.660000
1.680000
1.660000
1.660000
1.660000
1.660000
1.660000
1.660000
1.660000
1.660000
1.660000
1.660000
1.680000
1.660000
1.660000
1.660000
1.660000
1.660000
1.660000
1.660000
1.660000
1.660000
1.660000
1.680000
1.660000
1.660000
1.660000
1.660000
1.660000
1.660000
1.660000
4.080000
1.680000
1.660000
1.660000
1.660000
1.660000
1.660000
1.660000
1.660000
1.660000
1.660000
1.660000
1.680000
1.660000
1.660000
1.660000
1.660000
1.660000
1.660000
1.660000
1.660000
1.660000
1.660000
1.680000
1.660000
1.660000
1.660000
1.660000
1.660000
1.660000
1.660000
1.660000
1.660000
1.660000
1.660000
4.280000
1.660000
1.660000
1.660000
1.660000
1.660000
1.660000
1.660000
1.660000
1.680000
1.660000
1.660000
1.660000
1.660000
1.660000
1.660000
1.660000
1.660000
1.660000
1.660000
1.680000
1.660000
1.660000
1.660000
1.660000
1.660000
1.660000
1.660000
1.660000
1.660000
1.660000
1.680000
1.660000
1.660000
1.660000
4.000000
1.660000
1.660000
1.660000
1.660000
1.660000
1.660000
1.660000
1.660000
1.680000
1.660000
1.660000
1.660000
1.660000
1.660000
1.660000
1.660000
1.660000
1.660000
1.660000
1.660000
1.660000
1.660000
1.660000
1.660000
1.660000
1.660000
1.680000
1.660000
1.660000
1.660000
1.660000
1.660000
1.660000
1.660000
4.040000
1.660000
1.660000
1.660000
1.660000
1.680000
1.660000
1.660000
1.660000
1.660000
1.660000
1.660000
1.660000
1.660000
1.660000
1.660000
1.680000
1.660000
1.660000
1.660000
1.660000
1.660000
1.660000
1.660000
1.660000
1.660000
1.660000
1.660000
1.660000
1.660000
1.660000
1.660000
1.660000
1.660000
1.680000
3.920000
1.660000
1.660000
1.660000
1.660000
1.660000
1.660000
1.660000
1.660000
1.680000
1.660000
1.660000
1.660000
1.660000
1.660000
1.660000
1.660000
1.660000
1.660000
1.660000
1.660000
1.660000
1.660000
1.660000
1.660000
1.660000
1.660000
1.680000
1.660000
1.660000
1.660000
1.660000
1.660000
1.660000
1.660000
3.960000
1.660000
1.660000
1.660000
1.660000
1.680000
1.660000
1.660000
1.660000
1.660000
1.660000
1.660000
1.660000
1.660000
1.660000
1.660000
1.680000
1.660000
1.660000
1.660000
1.660000
1.660000
1.660000
1.660000
1.660000
1.660000
1.660000
1.680000
1.660000
1.660000
1.660000
1.660000
1.660000
1.660000
1.660000
3.920000
1.660000
1.660000
1.680000
1.660000
1.660000
1.660000
1.660000
1.660000
1.660000
1.660000
1.660000
1.660000
1.660000
1.660000
1.660000
1.660000
1.660000
1.660000
1.660000
1.660000
1.680000
1.660000
1.660000
1.660000
1.660000
1.660000
1.660000
1.660000
1.660000
1.660000
1.660000
1.680000
1.660000
1.660000
3.920000
1.660000
1.660000
1.660000
1.660000
1.660000
1.660000
1.680000
1.660000
1.660000
1.660000
1.660000
1.660000
1.660000
1.660000
1.660000
1.660000
1.660000
1.660000
1.660000
1.660000
1.660000
1.660000
1.660000
1.660000
1.680000
1.660000
1.660000
1.660000
1.660000
1.660000
1.660000
1.660000
1.660000
1.660000
3.980000
1.680000
1.660000
1.660000
1.660000
1.660000
1.660000
1.660000
1.660000
1.660000
1.660000
1.660000
1.660000
1.660000
1.660000
1.660000
1.660000
1.660000
1.660000
1.680000
1.660000
1.660000
1.660000
1.660000
1.660000
1.660000
1.660000
1.660000
1.660000
1.660000
1.680000
1.660000
1.660000
1.660000
1.660000
3.940000
1.660000
1.660000
1.660000
1.660000
1.660000
1.660000
1.660000
1.660000
1.660000
1.680000
1.660000
1.660000
1.660000
1.660000
1.660000
1.660000
1.660000
1.660000
1.660000
1.660000
1.660000
1.660000
1.660000
1.660000
1.660000
1.660000
1.660000
1.660000
1.680000
1.660000
1.660000
1.660000
1.660000
1.660000
3.940000
1.660000
1.680000
1.660000
1.660000
1.660000
1.660000
1.660000
1.660000
1.660000
1.660000
1.660000
1.660000
1.680000
1.660000
1.660000
1.660000
1.660000
1.660000
1.660000
1.660000
1.660000
1.660000
1.660000
1.660000
1.660000
1.660000
1.660000
1.660000
1.660000
1.660000
1.680000
1.660000
1.660000
1.660000
3.940000
1.660000
1.660000
1.660000
1.660000
1.660000
1.660000
1.660000
1.660000
1.660000
1.680000
1.660000
1.660000
1.660000
1.660000
1.660000
1.660000
1.660000
1.660000
1.660000
1.660000
1.680000
1.660000
1.660000
1.660000
1.660000
1.660000
1.660000
1.660000
1.660000
1.660000
1.660000
1.660000
1.660000
1.660000
3.740000
1.660000
1.660000
1.660000
1.660000
1.660000
1.680000
1.660000
1.660000
1.660000
1.660000
1.660000
1.660000
1.660000
1.660000
1.660000
1.660000
1.660000
1.660000
1.660000
1.660000
1.660000
1.660000
1.660000
1.680000
1.660000
1.660000
1.660000
1.660000
1.660000
1.660000
1.660000
1.660000
1.660000
1.660000
1.680000
1.660000
1.660000
1.660000
1.660000
1.660000
1.660000
1.660000
1.660000
1.660000
1.660000
1.680000
1.660000
1.660000
1.660000
1.660000
1.660000
1.660000
1.660000
1.660000
1.660000
1.660000
1.660000
1.660000
1.660000
1.660000
1.660000
1.660000
1.660000
1.680000
1.660000
1.660000
1.660000
1.660000
1.660000
1.660000
1.660000
1.660000
1.660000
1.660000
1.680000
1.660000
1.660000
1.660000
1.660000
1.660000
1.660000
1.660000
1.660000
1.660000
1.660000
1.680000
1.660000
1.660000
1.660000
1.660000
1.660000
1.660000
1.660000
1.660000
1.660000
1.660000
1.660000
1.660000
1.660000
1.660000
1.660000
1.660000
