0.497000
0.501001
0.484999
0.471000
0.484001
0.484001
0.506001
0.485001
0.502000
0.490000
0.491999
0.492999
0.483001
0.471000
0.496998
0.477999
0.496000
0.491001
0.488000
0.520000
0.504000
0.479000
0.501001
0.503000
0.488000
0.471000
0.498001
0.495000
0.484999
0.505000
0.490000
0.481000
0.495000
0.500999
0.496000
0.494000
0.483001
0.487000
0.495000
0.500001
0.490000
0.480000
0.487000
0.490000
0.476999
0.499001
0.488000
0.512000
0.514001
0.492001
0.499999
0.482999
0.502000
0.492999
0.500999
0.492001
0.503000
0.463000
0.483999
0.472000
0.500999
0.499999
0.490000
0.492001
0.487000
0.483999
0.498999
0.506999
0.514999
0.471001
0.489000
0.494000
0.498001
0.493001
0.471000
0.492999
0.487000
0.479000
0.499001
0.507999
0.482000
0.465000
0.500999
0.494001
0.494001
0.493001
0.488000
0.494000
0.488000
0.471000
0.488000
0.477001
0.491999
0.503000
0.477999
0.503000
0.509001
0.471000
0.499001
0.501001
0.508999
0.503000
0.477001
0.503000
0.497000
0.495000
0.505000
0.497000
0.482999
0.493001
0.479000
0.482000
0.479000
0.484001
0.486000
0.499999
0.484999
0.498001
0.493001
0.479000
0.498001
0.503000
0.484001
0.500999
0.495000
0.491001
0.502000
0.499001
0.496000
0.500001
0.499001
0.468001
0.492001
0.487002
0.477001
0.480000
0.494000
0.494000
0.461999
0.486000
0.488000
0.472002
0.484001
0.503000
0.469001
0.471000
0.500999
0.507999
0.499999
0.496000
0.473000
0.494000
0.480998
0.489000
0.499001
0.484999
0.487000
0.502000
0.476999
0.486000
0.507999
0.483999
0.500001
0.486000
0.494000
0.502000
0.517001
0.494000
0.489000
0.483001
0.490000
0.497000
0.499999
0.488000
0.480000
0.481000
0.506001
0.480000
0.480000
0.483001
0.499999
0.481999
0.477999
0.476999
0.492999
0.502001
0.495000
0.513999
0.481000
0.506001
0.496000
0.497999
0.502000
0.514999
0.501001
0.500001
0.487002
0.469999
0.492001
0.486000
0.502000
0.500999
0.477999
0.489999
0.478001
0.482999
0.492001
0.488000
0.488000
0.469001
0.511000
0.489000
0.739999
0.465000
0.499001
0.467001
0.492001
0.486001
0.491001
0.480000
0.499999
0.494000
0.489000
0.474999
0.483001
0.490000
0.480000
0.487000
0.499999
0.480000
0.483001
0.502001
0.497000
0.483001
0.484999
0.475001
0.497000
0.497000
0.484001
0.476999
0.506999
0.496000
0.486000
0.505000
0.492001
0.497000
0.492999
0.499001
0.495000
0.482000
0.497000
0.472000
0.486000
0.490000
0.506001
0.487000
0.483999
0.502001
0.469999
0.500001
0.503002
0.513000
0.507001
0.493001
0.483001
0.480000
0.486001
0.520999
0.481000
0.496000
0.480000
0.507001
0.496000
0.496000
0.497999
0.510002
0.478001
0.504000
0.495002
0.498001
0.473000
0.499999
0.471000
0.474000
0.505000
0.488000
0.486001
0.484999
0.491999
0.498999
0.487000
0.481000
0.502000
0.494000
0.481000
0.484999
0.469999
0.474000
0.497999
0.496000
0.487000
0.473998
0.499001
0.474999
0.490000
0.478001
0.489999
0.480000
0.480002
0.481000
0.480000
0.475999
0.490000
0.499001
0.488000
0.490000
0.492999
0.490999
0.498001
0.489000
0.474999
0.476999
0.502000
0.484999
0.507999
0.481000
0.500999
0.489999
0.495000
0.483001
0.471000
0.481000
0.472000
0.487000
0.494000
0.488998
0.477001
0.490999
0.494000
0.482000
0.489999
0.499999
0.490000
0.486001
0.492001
0.499001
0.505000
0.486000
0.473998
0.489000
0.494000
0.503000
0.473000
0.488000
0.490999
0.471000
0.495000
0.491001
0.510000
0.483999
0.486000
0.486001
0.494001
0.476999
0.487000
0.484001
0.479002
0.502000
0.486000
0.489000
0.491999
0.482999
0.489999
0.494001
0.502001
0.492999
0.475001
0.496998
0.504000
0.498001
0.494000
0.492999
0.522999
0.488000
0.490000
0.496000
0.483999
0.492999
0.483001
0.482000
0.503000
0.486001
0.480000
0.485001
0.489000
0.490000
0.481999
0.498001
0.505999
0.482000
0.488000
0.492999
0.487002
0.489000
0.481000
0.500001
0.472000
0.491999
0.491001
0.494000
0.497000
0.488998
0.469999
0.486000
0.482000
0.487000
0.495000
0.500999
0.488000
0.500001
0.498001
0.481000
0.486000
0.499999
0.484001
0.492999
0.472998
0.498999
0.492999
0.474000
0.481000
0.476001
0.489000
0.484001
0.491001
0.483999
0.496000
0.481999
0.481000
0.498001
0.483001
0.469001
0.497000
0.498001
0.501001
0.499001
0.481000
0.482000
0.497000
0.481000
0.502000
0.496000
0.494001
0.498001
0.486000
0.488000
0.487000
0.484999
0.512000
0.483001
0.483999
0.497000
0.483999
0.476999
0.487002
0.495002
0.488002
0.483001
0.495000
0.479000
0.505000
0.483999
0.492001
0.488998
0.487000
0.482000
0.498001
0.498001
0.488000
0.488998
0.481999
0.486000
0.494000
0.488000
0.484001
0.487002
0.511000
0.483001
0.497000
0.492001
0.478001
0.499999
0.482000
0.493001
0.504998
0.489000
0.488000
0.516001
0.508999
0.488000
0.494000
0.488000
0.487000
0.488000
0.496998
0.489000
0.483999
0.476999
0.492001
0.498001
0.481000
0.514001
0.489000
0.498001
0.494000
0.490000
0.490999
0.498001
0.474999
0.493001
0.469999
0.495000
0.519000
0.485001
0.500001
0.486000
0.476999
0.484001
0.487000
0.492999
0.497000
0.494000
0.499001
0.483001
0.472000
0.503000
0.495000
0.508999
0.480000
0.472000
0.468001
0.496000
0.480998
0.491999
0.488998
0.483001
0.491001
0.492001
0.486000
0.494000
0.497000
0.509001
0.497000
0.491001
0.477999
0.469999
0.476999
0.488000
0.488000
0.480000
0.492999
0.475999
0.486000
0.499999
0.490000
0.499001
0.479000
0.495000
0.484001
0.497000
0.500001
0.489000
0.481000
0.498001
0.492999
0.480000
0.498999
0.465998
0.497000
0.485001
0.486000
0.488000
0.504000
0.512000
0.487000
0.489000
0.502000
0.510000
0.472000
0.481000
0.486001
0.503000
0.496000
0.499001
0.475999
0.498001
0.466000
0.477001
0.507999
0.518000
0.486000
0.474000
0.489000
0.486000
0.490000
0.498999
0.489000
0.489000
0.481999
0.472000
0.474000
0.487000
0.486000
0.511000
0.473000
0.476999
0.496000
0.483999
0.503000
0.499001
0.481999
0.490999
0.493001
0.476001
0.494000
0.488000
0.491001
0.486000
0.504000
0.482999
0.499001
0.485001
0.498001
0.496000
0.502000
0.497999
0.476001
0.490000
0.487000
0.486000
0.488000
0.489999
0.516001
0.494000
0.487002
0.500001
0.476001
0.498001
0.482000
0.497000
0.494000
0.491999
0.473998
0.458000
0.479002
0.475999
0.489999
0.495000
0.490000
0.498001
0.491001
0.488998
0.483999
0.495000
0.490000
0.499001
0.488000
0.488000
0.521000
0.500001
0.510000
0.490000
0.492001
0.508001
0.500001
0.484999
0.487002
0.482000
0.488000
0.480000
0.482000
0.484999
0.487000
0.488000
0.484999
0.482000
0.489000
0.492001
0.492001
0.494000
0.484999
0.484999
0.488998
0.499001
0.511000
0.490000
0.482000
0.494000
0.488000
0.483999
0.494000
0.501001
0.491001
0.491999
0.487000
0.499001
0.489000
0.480000
0.489999
0.486000
0.506001
0.502000
0.494000
0.471000
0.489000
0.484999
0.510000
0.489999
0.488000
0.506999
0.490000
0.495002
0.494000
0.475999
0.506001
0.487000
0.484001
0.492999
0.496000
0.476001
0.484999
0.489999
0.489000
0.508001
0.489000
0.490000
0.487000
0.486001
0.477999
0.488000
0.505999
0.468999
0.522001
0.483999
0.496000
0.484999
0.489000
0.496000
0.485001
0.480000
0.490000
0.484999
0.495000
0.479000
0.511000
0.475001
0.480998
0.501001
0.488000
0.500999
0.498001
0.490000
0.487000
0.469999
0.465000
0.492999
0.474000
0.481000
0.506001
0.484001
0.487000
0.504000
0.492001
0.468001
0.495000
0.495000
0.474000
0.471000
0.489000
0.502001
0.500001
0.497000
0.477999
0.500999
0.494000
0.496000
0.472000
0.496000
0.498001
0.477001
0.468999
0.480000
0.495000
0.498001
0.480000
0.492999
0.505999
0.489000
0.499001
0.482999
0.500999
0.498001
0.487002
0.494000
0.488000
0.497000
0.490000
0.498999
0.502000
0.483001
0.491999
0.473000
0.482999
0.481000
0.499001
0.490999
0.483001
0.495998
0.502000
0.495000
0.482000
0.496000
0.486000
0.491999
0.483001
0.484999
0.492001
0.497999
0.504000
0.481000
0.499999
0.511000
0.483001
0.492001
0.488000
0.490000
0.490000
0.489000
0.483001
0.483001
0.502000
0.480998
0.476001
0.514999
0.489000
0.476999
0.491001
0.500001
0.487002
0.483001
0.483999
0.480000
0.491001
0.480998
0.503002
0.494000
0.507001
0.485001
0.484001
0.475001
0.499999
0.480998
0.497000
0.491001
0.506001
0.494000
0.506001
0.511000
0.489000
0.483001
0.507999
0.491001
0.511000
0.501001
0.483999
0.498999
0.484999
0.498001
0.475999
0.484999
0.496000
0.497000
0.481000
0.488000
0.487000
0.483999
0.487002
0.492001
0.477999
0.489000
0.510002
0.482000
0.489999
0.502000
0.480998
0.491001
0.488000
0.490999
0.471000
0.480000
0.475999
0.494000
0.474999
0.464000
0.502001
0.484001
0.490000
0.488000
0.483001
0.497000
0.484999
0.473998
0.489999
0.492001
0.488000
0.474999
0.488998
0.485001
0.479000
0.479002
0.488998
0.489000
0.492999
0.483001
0.481000
0.473000
0.477999
0.477999
0.480000
0.497999
0.480000
0.490999
0.493001
0.475999
0.494000
0.487002
0.463000
0.488000
0.511000
0.518000
0.494000
0.483999
0.493001
0.488000
0.492001
0.506001
0.501001
0.514999
0.497000
0.476999
0.476999
0.491001
0.484001
0.491001
0.492001
0.477001
0.486001
0.503000
0.507999
0.480998
0.502000
0.494000
0.489000
0.480000
0.497000
0.491001
0.489999
0.486000
0.487000
0.473000
0.487000
0.496000
0.491001
0.481999
0.486001
0.499999
0.492001
0.508999
0.482999
0.481000
0.487000
0.491001
0.482000
0.481000
0.489000
0.537999
0.486000
0.479000
0.487000
0.504000
0.483001
0.476001
0.499999
0.488000
0.491999
0.484001
0.489999
0.490000
0.492001
0.482000
