1862.540000
1883.900000
1874.100000
1863.200000
1857.800000
1865.600000
1874.780000
1875.900000
1874.380000
1858.460000
1862.320000
1915.600000
1881.040000
1872.540000
1862.380000
1859.820000
1864.100000
1871.520000
1876.520000
1861.320000
1863.700000
1860.560000
1880.540000
1876.920000
1875.280000
1857.080000
1861.440000
1879.680000
1879.380000
1878.720000
1859.000000
1864.860000
1860.340000
1877.240000
1876.260000
1863.400000
1858.260000
1864.340000
1880.000000
1882.280000
1873.060000
1857.700000
1860.020000
1857.720000
1887.420000
1877.920000
1861.120000
1858.320000
1861.920000
1877.600000
1882.120000
1878.300000
1862.280000
1858.280000
1878.400000
1884.220000
1872.920000
1857.360000
1858.320000
1855.580000
1873.820000
1881.680000
1859.180000
1859.940000
1859.060000
1881.240000
1878.800000
1884.000000
1858.320000
1862.560000
1859.680000
1876.020000
1876.040000
1857.320000
1857.780000
1861.000000
1879.440000
1881.100000
1881.220000
1859.560000
1863.000000
1861.180000
1877.080000
1882.780000
1876.480000
1858.780000
1866.440000
1857.680000
1874.260000
1876.380000
1857.400000
1865.040000
1858.280000
2018.580000
1879.680000
1858.840000
1862.000000
1866.100000
1876.980000
1883.640000
1873.460000
1861.360000
1859.360000
1861.480000
1873.000000
1880.680000
1863.180000
1900.860000
1875.780000
1876.660000
1886.300000
1860.140000
1856.980000
1879.380000
1884.340000
1880.420000
1863.640000
1860.620000
1861.460000
1879.880000
1896.360000
1879.120000
1857.360000
1858.240000
2069.440000
1874.500000
1873.060000
1865.260000
1862.660000
1864.960000
1871.340000
1884.560000
1856.500000
1866.740000
1855.900000
1877.640000
1872.480000
1872.260000
1863.680000
1859.180000
1865.320000
1881.380000
1918.680000
1856.780000
1864.060000
1859.060000
1877.820000
1872.400000
1879.980000
1858.360000
1858.360000
1871.120000
1880.940000
1885.940000
1856.120000
1873.160000
1857.720000
1878.620000
1879.620000
1862.680000
1860.440000
1864.920000
1872.000000
1895.660000
1874.840000
1858.840000
1860.320000
1881.940000
1872.020000
1882.260000
1859.840000
1857.660000
1861.180000
1875.340000
1881.000000
1858.960000
1864.840000
1859.980000
1877.460000
1882.540000
1876.480000
1860.580000
1857.680000
1859.820000
1875.560000
1887.120000
1859.620000
1863.940000
1861.240000
1875.420000
1881.540000
1864.120000
1858.780000
1866.160000
1874.600000
1883.100000
1880.780000
1859.960000
1858.120000
1856.740000
1876.720000
1882.060000
1857.900000
1857.920000
1861.840000
1877.860000
1883.820000
1878.660000
1862.160000
1862.260000
1885.300000
1874.280000
1881.520000
1859.020000
1858.640000
1858.500000
1873.860000
1878.880000
1858.560000
1863.560000
1862.580000
1876.140000
1879.260000
1876.740000
1857.540000
1864.280000
1859.800000
1888.700000
1872.340000
1856.340000
1858.620000
1859.400000
1884.520000
1878.640000
1881.140000
1858.320000
1862.580000
1859.120000
1891.680000
1875.900000
1865.820000
1892.220000
1911.840000
1882.200000
1861.440000
1862.680000
1865.760000
1861.500000
1873.820000
1874.760000
1872.600000
1862.420000
1858.660000
1862.800000
1879.800000
1882.540000
1876.940000
1862.900000
1859.240000
1861.560000
1866.180000
1878.800000
1883.440000
1877.260000
1861.660000
1859.300000
1864.780000
1873.380000
1881.940000
1873.080000
1859.780000
1864.080000
1860.700000
1906.180000
1896.940000
1863.540000
1862.500000
1884.400000
1879.460000
1884.220000
1859.440000
1862.360000
1859.980000
1872.660000
1877.420000
1877.920000
1862.000000
1855.980000
1866.740000
1874.180000
1886.580000
1872.100000
1857.480000
1858.560000
1860.320000
1870.480000
1873.380000
1875.040000
1858.340000
1862.800000
1859.680000
1883.760000
1874.040000
1887.880000
1857.460000
1857.300000
1865.040000
1858.500000
1884.000000
1871.640000
1862.680000
1857.600000
1863.640000
1859.120000
1883.000000
1874.740000
1859.600000
1860.600000
1859.020000
1862.300000
1877.460000
1898.260000
1858.220000
1865.160000
1862.860000
1862.060000
1874.960000
1878.900000
1857.760000
1859.560000
1861.080000
1874.740000
1884.000000
1872.560000
1863.060000
1859.240000
1867.240000
1873.660000
1881.740000
1877.300000
1859.520000
1862.820000
1856.120000
1877.600000
1885.720000
1875.180000
1858.920000
1872.280000
1861.240000
1874.880000
1878.300000
1879.700000
1863.340000
1858.960000
1865.600000
1874.200000
1929.700000
1872.340000
1866.420000
1860.900000
1858.320000
1856.240000
1874.360000
1883.100000
1857.440000
1862.260000
1859.900000
1865.800000
1882.960000
1875.940000
1865.880000
1888.100000
1860.920000
1886.380000
1877.420000
1860.360000
1872.160000
1861.460000
1881.460000
1878.700000
1884.660000
1859.180000
1864.640000
1861.860000
1871.840000
1874.620000
1877.260000
2041.160000
1860.700000
1864.120000
1875.140000
1884.100000
1859.320000
1863.600000
1861.620000
1876.420000
1875.640000
1874.620000
1857.080000
1856.900000
1864.040000
1874.380000
1881.820000
1869.660000
1863.380000
1877.000000
1865.160000
1881.080000
1883.940000
1857.460000
1859.520000
1860.260000
1860.400000
1884.580000
1872.040000
1862.000000
1857.340000
1864.980000
2087.900000
1899.480000
1874.160000
1858.380000
1858.840000
1858.980000
1885.420000
1879.540000
1882.380000
1859.700000
1866.100000
1858.920000
1878.100000
1884.200000
1871.860000
1857.720000
1858.340000
1857.940000
1870.460000
1882.680000
1877.060000
1872.920000
1859.680000
1864.840000
1872.820000
1873.260000
1856.760000
1860.840000
1866.320000
1860.240000
1884.480000
2081.660000
1863.400000
1862.000000
1866.560000
1897.380000
1880.000000
1871.980000
1861.140000
1863.100000
1858.580000
1876.900000
1875.600000
1882.260000
1857.020000
1864.080000
1858.880000
1874.960000
1878.300000
1871.420000
1858.620000
1859.440000
1872.740000
1879.600000
1881.700000
1880.160000
1874.260000
1861.820000
1857.360000
1872.680000
1876.640000
1884.940000
2055.980000
1860.880000
1874.080000
1886.020000
1873.780000
1860.100000
1859.780000
1864.540000
1871.620000
1880.980000
1873.100000
1859.900000
1865.040000
1861.160000
1879.060000
1876.580000
1882.100000
1860.820000
1863.920000
1859.880000
1876.820000
1915.960000
1860.600000
1868.060000
1904.820000
1912.220000
1860.920000
1860.040000
1861.200000
1877.180000
1881.300000
1857.200000
1858.280000
1871.520000
1875.200000
1880.160000
1857.380000
1862.920000
1858.720000
1877.020000
1875.280000
1881.200000
1858.660000
1858.360000
1859.900000
1874.480000
1885.480000
1859.520000
1855.740000
1860.400000
1887.340000
1877.960000
1886.340000
1861.840000
1866.300000
1858.700000
1930.100000
1882.940000
1865.280000
1860.540000
1863.120000
1873.520000
1872.540000
1856.580000
1860.080000
1864.200000
1872.680000
1886.920000
1877.840000
1862.760000
1859.560000
1859.420000
1874.360000
1880.520000
1877.360000
1858.500000
1872.360000
1860.780000
1882.820000
1875.360000
1885.920000
1859.840000
1866.760000
1858.700000
1872.760000
1873.280000
1875.120000
1860.540000
1861.060000
1865.260000
1881.440000
1886.580000
1877.760000
1862.820000
1860.200000
1862.720000
1874.920000
1873.500000
1878.060000
1857.680000
1872.680000
1861.540000
1878.080000
1882.260000
1886.960000
1861.380000
1862.420000
1860.880000
1879.400000
1877.600000
1857.720000
1862.080000
1860.020000
1864.340000
1882.540000
1879.280000
1858.880000
1858.720000
1860.020000
1859.200000
1877.140000
1878.880000
1862.700000
1863.220000
1863.800000
1874.280000
1885.160000
1876.680000
1861.600000
1860.860000
1859.100000
1873.640000
1871.440000
1859.800000
1859.440000
1866.220000
1863.020000
1883.720000
1880.740000
1887.340000
1857.480000
1862.000000
1859.720000
1877.920000
1884.460000
1877.400000
1863.700000
1860.800000
1862.780000
1882.220000
1887.900000
1881.400000
1881.700000
1864.620000
1906.860000
1885.760000
1904.080000
1861.120000
1878.300000
1878.320000
1874.020000
1860.420000
1860.600000
1864.440000
1879.820000
1881.720000
1878.540000
1864.560000
1859.260000
1864.520000
1874.000000
1877.700000
1875.520000
1859.720000
1862.960000
1861.000000
1884.720000
1869.000000
1878.500000
1857.700000
1876.280000
1860.200000
1882.020000
1885.120000
1877.120000
1864.120000
1860.120000
1903.200000
1893.960000
1877.700000
1877.900000
1866.180000
1857.860000
1863.380000
1865.740000
1882.660000
1880.220000
1881.400000
1867.300000
1861.480000
1863.360000
1866.280000
1874.000000
1880.720000
1875.800000
1865.680000
1861.100000
1865.380000
1862.120000
1880.620000
1883.980000
1881.720000
1864.760000
1862.640000
1859.780000
1863.420000
1875.780000
1879.160000
1876.580000
1864.560000
1861.580000
1867.920000
1861.640000
1880.180000
1878.900000
1878.840000
1863.600000
1859.860000
1867.280000
1863.200000
1875.840000
1887.600000
1876.600000
1864.720000
1861.320000
1866.060000
1862.080000
1882.860000
1875.920000
1877.160000
1864.180000
1863.180000
1867.680000
1860.820000
1885.660000
1882.880000
1884.220000
1860.180000
1860.920000
1864.120000
1876.740000
1882.100000
1874.920000
1864.280000
1860.700000
1862.100000
1863.700000
1885.420000
1880.240000
1881.160000
1870.360000
1859.520000
1867.220000
1877.440000
1881.520000
1877.220000
1860.220000
1867.720000
1860.460000
1867.560000
1880.300000
1889.040000
1874.080000
1862.860000
1865.740000
1865.120000
1865.700000
1875.540000
1890.480000
1858.040000
1863.220000
1863.240000
1864.100000
1879.600000
1895.940000
1884.940000
1907.680000
1908.600000
1935.720000
1882.960000
1871.620000
1863.700000
1858.680000
1859.480000
1872.060000
1879.760000
1871.900000
1858.860000
1871.580000
1861.840000
1877.440000
1878.900000
1882.400000
1860.360000
1859.900000
1856.380000
1876.520000
1883.160000
1858.720000
1859.640000
1858.140000
1876.700000
1882.260000
1865.780000
1859.860000
1865.480000
1873.600000
1888.200000
1871.980000
1910.080000
1893.840000
1860.720000
1880.940000
1881.200000
1862.380000
1859.960000
1862.680000
1872.420000
1876.480000
1878.620000
1866.900000
1858.300000
1864.380000
1872.720000
1880.960000
1855.100000
1858.780000
1863.500000
1861.280000
1878.580000
1882.480000
1864.140000
1857.580000
1860.640000
1876.620000
1884.320000
1876.140000
1858.280000
1859.680000
1859.600000
1879.040000
1883.760000
1861.260000
1862.980000
1864.760000
1875.200000
1882.660000
1873.380000
1863.020000
1857.220000
1857.560000
1873.580000
1881.240000
1872.740000
1857.120000
1866.140000
1859.020000
1880.460000
1878.300000
1865.640000
1859.620000
1866.000000
1881.880000
1876.040000
1879.240000
1857.980000
1862.040000
1861.540000
1881.420000
1879.420000
1882.980000
1861.960000
1864.700000
1861.940000
1877.960000
1881.740000
1871.100000
1857.900000
1859.500000
1863.160000
1872.660000
1878.720000
1858.720000
1863.060000
1859.800000
1886.460000
1877.680000
1883.720000
1857.740000
1858.920000
1857.400000
1875.640000
1881.540000
1874.760000
1862.880000
1858.240000
1860.720000
1875.680000
1895.600000
1857.240000
1866.280000
1861.780000
1859.280000
1872.660000
1880.500000
1861.480000
1869.660000
1906.260000
1876.640000
1904.200000
1859.320000
1862.880000
1859.600000
1884.400000
1879.720000
1887.940000
1856.780000
1861.020000
1860.160000
1870.500000
1883.360000
1858.880000
1862.020000
1857.620000
1875.660000
1876.280000
1881.280000
1858.620000
1865.160000
1857.940000
1880.000000
1879.720000
1873.680000
1874.400000
1860.160000
1862.440000
1874.900000
1880.540000
1860.320000
1912.100000
1856.600000
1904.040000
1872.600000
1879.200000
1858.560000
1860.340000
1878.680000
1883.620000
1880.440000
1860.000000
1861.480000
1859.620000
1881.860000
1879.620000
1863.140000
1858.420000
1864.460000
1870.520000
1896.320000
1877.240000
1857.980000
1856.080000
1860.960000
1878.560000
1880.880000
1861.080000
1862.120000
1864.240000
1875.560000
1884.220000
2091.840000
1860.760000
1858.800000
1875.540000
1879.420000
1871.880000
1857.900000
1860.580000
1863.040000
1874.300000
1896.040000
1873.300000
1864.740000
1859.200000
1880.220000
1883.020000
1877.360000
1860.420000
1871.600000
1860.520000
1882.000000
1880.780000
1874.940000
1860.780000
1858.280000
1882.160000
1884.640000
1875.700000
1859.500000
1866.560000
1859.580000
2031.140000
1875.820000
1863.200000
1859.920000
1859.120000
1872.080000
1879.600000
1861.940000
1860.120000
