7.727000
7.441000
7.322000
7.128000
7.093000
6.902000
6.823000
6.709999
6.624000
6.623000
6.578000
6.542000
6.478000
6.526000
6.401000
6.462000
6.463001
6.303000
6.292000
6.411000
6.256000
6.331000
6.330000
6.270000
6.256000
6.284000
6.219000
6.272000
6.252000
6.178000
6.221000
6.183000
6.314000
6.180000
6.205000
6.194000
6.193999
6.188001
6.251000
6.208000
6.189000
6.201000
6.222000
6.163000
6.166000
6.206000
6.189000
6.218000
6.158000
6.160000
6.158001
6.213000
6.177000
6.233000
6.200000
6.255000
6.208000
6.155000
6.140999
6.295000
6.236000
6.287000
6.277000
6.189000
6.188000
6.165000
6.170000
6.219001
6.180000
6.242000
6.186999
6.159000
6.186999
6.223000
6.232000
6.201999
6.237000
6.248000
6.224999
6.290000
6.180000
6.176000
6.192000
6.175000
6.182000
6.138000
6.130000
6.244000
6.166000
6.138000
6.348000
6.306000
6.189000
6.205000
6.209000
6.135000
6.222000
6.184000
6.190000
6.161001
6.187000
6.252000
6.219000
6.265000
6.247001
6.259000
6.225000
6.279000
6.276000
6.304001
6.236999
6.186000
6.197000
6.355001
6.279000
6.306999
6.343001
6.235000
6.223000
6.193000
6.186999
6.260000
6.206000
6.302000
6.173000
6.267999
6.249000
6.275000
6.206000
6.260999
6.191000
6.229999
6.194999
6.194999
6.276000
6.193000
6.153001
6.205000
6.251999
6.235001
6.163000
6.236000
6.286999
6.229999
6.198000
6.275000
6.190000
6.298000
6.192001
6.178000
6.203000
6.232000
6.238000
6.169001
6.224001
6.207000
6.202000
6.205000
6.277000
6.269000
6.245000
6.205999
6.224999
6.247000
6.276000
6.299000
6.322000
6.251000
6.262001
6.259000
6.229000
6.280000
6.313999
6.347001
6.276000
6.226000
6.182000
6.151000
6.209000
6.167000
6.124999
6.168000
6.139000
6.213000
6.283000
6.158001
6.163000
6.196001
6.149000
6.134000
6.211000
6.208000
6.228000
6.228000
6.177001
6.185000
6.273001
6.267000
6.154000
6.211000
6.251000
6.196001
6.263000
6.177000
6.153000
6.182999
6.173000
6.158000
6.232000
6.191000
6.190000
6.257000
6.198999
6.210000
6.229999
6.200000
6.233000
6.193000
6.254000
6.237000
6.180000
6.198999
6.242000
6.170999
6.289001
6.216999
6.155000
6.205000
6.166999
6.217999
6.284000
6.278000
6.304001
6.157000
6.256000
6.256999
6.215000
7.050000
6.607000
6.488000
6.577999
6.449000
6.356000
6.321000
6.362000
6.303000
6.298000
6.291999
6.361000
6.227001
6.308000
6.242000
6.255000
6.317000
6.260000
6.240999
6.315000
6.249000
6.256999
6.316000
6.305000
6.196000
6.264000
6.219000
6.224000
6.225000
6.214000
6.294000
6.151000
6.209000
6.194999
6.270000
6.223001
6.201999
6.642000
6.384999
6.392000
6.359000
6.318000
6.284000
6.270000
6.223000
6.286000
6.299000
6.240000
6.293000
6.364000
6.347000
6.282000
6.233000
6.279999
6.271000
6.349000
6.259000
6.283999
6.274001
6.207000
6.262000
6.167999
6.192000
6.229999
6.302999
6.178000
6.228000
6.221999
6.216000
6.248999
6.247001
6.178999
6.189000
6.282000
6.234000
6.223001
6.259000
6.241000
6.301000
6.572000
6.397001
6.198000
6.154001
6.192000
6.126001
6.217000
6.178000
6.194999
6.223001
6.106000
6.134001
6.188000
6.142001
6.147000
6.090000
6.145000
6.209000
6.275000
6.135000
6.123000
6.184000
6.211000
6.087000
6.128999
6.236000
6.218000
6.169001
6.248000
6.150001
6.118000
6.175000
6.108000
6.178000
6.107001
6.209999
6.156000
6.114000
6.146000
6.114000
6.188000
6.144000
6.158999
6.459001
6.296000
6.433000
6.209000
6.223001
6.225999
6.203000
6.185999
6.291000
6.246001
6.213000
6.182999
6.208000
6.224000
6.203000
6.194000
6.190000
6.155000
6.332000
6.376000
6.236000
6.149000
6.199000
6.167999
6.104000
6.189000
6.248000
6.134001
6.141000
6.209000
6.219001
6.188000
6.248000
6.217000
6.119000
6.217000
6.148000
6.163999
6.193000
6.128999
6.178000
6.173000
6.221999
6.506000
6.331000
6.314999
6.253000
6.235001
6.297001
6.210000
6.191000
6.231000
6.250000
6.247999
6.340000
6.289001
6.313000
6.263000
6.208000
6.243000
6.161000
6.302000
6.195000
6.217999
6.285000
6.251000
6.198000
6.216000
6.161000
6.228000
6.170000
6.186000
6.190000
6.126001
6.162000
6.195000
6.302999
6.157001
6.232999
6.150000
6.280000
6.171000
6.159000
6.123000
6.318000
6.514001
6.346000
6.213000
6.267000
6.224000
6.204001
6.206000
6.185000
6.265000
6.182000
6.251000
6.157000
6.190000
6.173000
6.188000
6.194999
6.154000
6.137000
6.193000
6.208000
6.154001
6.155999
6.235000
6.210000
6.135000
6.198000
6.131999
6.236000
6.176000
6.244000
6.197000
6.172000
6.283999
6.209000
6.198000
6.243000
6.204001
6.238000
8.402000
7.956000
7.823000
7.663000
7.360999
7.180001
6.995999
6.736000
6.635000
6.570000
6.403000
6.389000
6.463000
6.359000
6.364000
6.305000
6.355000
6.329000
6.249000
6.277000
6.277001
6.292000
6.216000
6.205999
6.253000
6.190999
6.307000
6.248000
6.318000
6.289000
6.166000
6.219000
6.212000
6.256000
6.143000
6.215001
6.151999
6.165001
6.238000
6.203000
6.194000
6.230000
6.248000
6.266001
6.200001
6.143000
6.213000
6.196001
6.255000
6.128000
6.245000
6.153001
6.151999
6.171999
6.109999
6.033000
6.163000
6.078999
6.117000
6.197000
6.107000
6.036000
6.136999
6.096000
6.062999
6.196000
6.104000
6.095001
6.135000
6.193001
6.112000
6.125000
6.139999
6.149000
6.091001
6.166999
6.065000
6.104000
6.220000
6.213000
6.126000
6.123999
6.167000
6.167000
6.203000
6.201000
6.170000
6.154000
6.162000
6.107001
6.137000
6.143999
6.148000
6.194999
6.158999
6.126001
6.214000
6.186999
6.157000
6.170000
6.131000
6.123000
6.091000
6.242000
6.126000
6.156000
6.258000
6.114000
6.182000
6.180000
6.181000
6.173001
6.209000
6.160000
6.158001
6.179000
6.182999
6.119000
6.178000
6.191000
6.225999
6.062000
6.101000
6.199000
6.155999
6.135000
6.166999
6.159999
6.173000
6.192001
6.178000
6.133000
6.150000
6.189001
6.178999
6.097999
6.278000
6.100000
6.125000
6.211000
6.178999
6.167999
6.114000
6.184000
6.148000
6.197000
6.165000
6.150000
6.097999
6.198999
6.132000
6.127000
6.252000
6.194000
6.159999
6.118000
6.167000
6.160000
6.123001
6.229999
6.138000
6.189000
6.133000
6.134000
6.149000
6.137000
6.096000
6.191000
6.230000
6.098000
6.124000
6.111000
6.145000
6.083000
6.097000
6.097000
6.174000
6.154000
6.105000
6.163999
6.212000
6.097000
6.156000
6.208000
6.191000
6.105999
6.149000
6.224000
6.214000
6.130001
6.238000
6.155000
6.189000
6.267999
6.159000
6.201000
6.126000
6.186000
6.180000
6.154000
6.163000
6.222000
6.212000
6.230000
6.199000
6.168000
6.273001
6.200000
6.229000
6.157001
6.613000
6.440000
6.369000
6.299000
6.313000
6.321000
6.271999
6.321000
6.273001
6.244999
6.256000
6.312001
6.342000
6.251000
6.281000
6.289001
6.189001
6.309000
6.267000
6.258001
6.254000
6.254000
6.196001
6.283999
6.301001
6.187000
6.232000
6.255001
6.170000
6.264000
6.290000
6.304001
6.207000
6.230000
6.235000
6.313000
6.231000
6.218000
6.232000
6.196000
6.280000
6.183000
6.206000
6.207000
6.317000
6.306000
6.283000
6.244000
6.285000
6.233000
6.224000
6.213000
6.251000
6.174000
6.186000
6.182000
6.177000
6.162000
6.275000
6.233000
6.313000
6.248000
6.282000
6.159000
6.162000
6.203000
6.201000
6.185000
6.234000
6.151000
6.219001
6.177000
6.200000
6.238000
6.167000
6.185001
6.165001
6.216999
6.180000
6.178000
6.190000
6.286000
6.224000
6.215000
6.243001
6.220000
6.177000
6.165000
6.129000
6.221000
6.280000
6.209000
6.199000
6.209000
6.197000
6.132000
6.170000
6.184001
6.198000
6.173001
6.234000
6.265000
6.234000
6.223000
6.161000
6.271000
6.213000
6.145000
6.168000
6.166000
6.242000
6.175000
6.206000
6.273001
6.194999
6.238000
6.174000
6.173000
6.202000
6.217999
6.159000
6.093999
6.232001
6.207000
6.162000
6.178000
6.202000
6.181000
6.246000
6.216001
6.139000
6.251000
6.265000
6.190000
6.228000
6.225999
6.173000
6.221999
6.248000
6.213000
6.189000
6.222000
6.146001
6.280000
6.205000
6.200000
6.194999
6.206000
6.181000
6.183000
6.152000
6.234000
6.191000
6.290000
6.281000
6.144000
6.193000
6.158000
6.171000
6.171000
6.146001
6.235000
6.202000
6.170000
6.189001
6.195000
6.244000
6.169000
6.224000
6.206000
6.279999
6.203000
6.192001
6.226000
6.244000
6.215000
6.200001
6.217000
6.232000
6.201000
6.157001
6.243000
6.116000
6.144000
6.221000
6.166000
6.198999
6.180000
6.240000
6.170000
6.117000
6.080000
6.182999
6.201000
6.105000
6.158000
6.126000
6.170000
6.148000
6.231000
6.104000
6.186000
6.123000
6.138001
6.215001
6.207000
6.130000
6.208000
6.227001
6.157001
6.172000
6.140000
6.190000
6.224000
6.195000
6.159000
6.143000
6.162000
6.248999
6.181000
6.110000
6.157000
6.101000
6.144000
6.173000
6.125000
6.093000
6.136000
6.140000
6.164000
6.167000
6.107001
6.136000
6.172000
6.153001
6.072000
6.088000
6.143999
6.191000
6.187000
6.161000
6.104000
6.157000
6.098000
6.166000
6.562000
6.354000
6.177000
6.197000
6.149000
6.187000
6.169001
6.220000
6.154000
6.217000
6.153000
6.150001
6.201000
6.174999
6.218000
6.207000
6.180000
6.259000
6.166000
6.182000
6.214000
6.186000
6.185000
6.176000
6.178000
6.238000
6.357000
6.221000
6.317000
6.300000
6.138000
6.159000
6.264000
6.166000
6.139999
6.176000
6.159000
6.238000
6.206000
6.245000
6.276000
6.225000
6.167000
6.127001
6.225999
6.159999
6.153001
6.190000
6.240000
6.140000
6.134000
6.173000
6.198000
6.123001
6.167999
6.180000
6.229999
6.186000
6.162000
6.100000
6.189000
6.130000
6.266000
