721.580000
659.080000
613.020000
625.420000
587.720000
601.980000
539.960000
593.500000
542.760000
540.480000
594.980000
595.640000
538.580000
598.380000
593.320000
598.800000
536.720000
593.320000
610.280000
612.700000
546.780000
548.220000
545.920000
596.320000
602.820000
596.760000
597.480000
591.720000
594.900000
595.240000
591.680000
594.660000
589.060000
594.760000
591.720000
592.060000
594.440000
593.940000
592.900000
538.140000
596.280000
593.620000
597.740000
594.220000
542.800000
592.240000
592.740000
678.200000
557.380000
748.720000
681.420000
646.520000
612.960000
622.680000
597.720000
604.980000
601.600000
595.180000
598.860000
540.800000
595.340000
597.520000
518.320000
586.160000
590.920000
592.000000
592.660000
594.880000
592.300000
592.920000
542.380000
593.280000
569.540000
594.360000
592.260000
592.780000
594.780000
592.720000
542.100000
537.080000
537.420000
599.140000
591.940000
582.680000
594.440000
593.500000
594.280000
593.400000
592.560000
592.720000
538.660000
596.200000
602.920000
591.100000
596.000000
593.800000
594.040000
592.540000
593.760000
586.000000
538.280000
545.480000
592.120000
537.740000
588.740000
536.640000
590.880000
594.020000
591.900000
593.100000
594.300000
601.440000
581.540000
595.080000
596.280000
593.620000
533.820000
594.500000
593.360000
594.440000
537.860000
592.900000
588.380000
590.200000
592.480000
591.180000
592.860000
591.680000
592.320000
587.920000
588.260000
592.780000
591.840000
592.140000
586.200000
578.140000
592.000000
592.580000
588.940000
593.160000
541.460000
575.920000
592.260000
536.940000
589.000000
585.760000
590.720000
592.140000
591.780000
592.760000
586.680000
593.340000
590.780000
589.560000
596.080000
595.640000
591.600000
593.200000
539.840000
598.080000
593.840000
596.360000
592.200000
589.540000
592.260000
594.040000
594.920000
592.580000
592.940000
586.940000
595.760000
593.420000
592.800000
594.720000
537.480000
589.120000
594.840000
597.840000
591.320000
581.420000
595.500000
539.160000
588.920000
538.640000
594.900000
588.320000
537.520000
594.480000
575.100000
593.060000
592.860000
593.980000
593.000000
587.580000
588.280000
595.520000
586.040000
600.060000
538.980000
598.020000
593.980000
594.000000
593.340000
590.060000
593.140000
591.940000
595.840000
594.080000
583.360000
593.980000
592.660000
592.580000
593.960000
592.020000
593.980000
593.400000
594.280000
585.240000
595.500000
592.420000
593.000000
591.540000
592.680000
594.440000
588.900000
592.780000
600.080000
595.620000
523.100000
593.960000
538.100000
590.860000
538.620000
587.480000
593.900000
599.280000
594.140000
600.380000
586.540000
593.180000
593.840000
589.520000
594.180000
593.560000
598.840000
545.700000
597.620000
594.740000
592.000000
593.460000
594.820000
592.240000
592.640000
594.000000
591.180000
589.560000
589.480000
598.780000
593.800000
594.140000
593.120000
594.540000
594.020000
590.880000
597.160000
532.480000
590.420000
593.160000
536.880000
588.380000
521.240000
539.460000
590.560000
592.540000
537.180000
701.600000
607.220000
744.540000
673.900000
647.940000
568.260000
551.240000
605.340000
545.260000
544.740000
541.400000
602.400000
539.200000
589.520000
594.340000
589.080000
596.000000
595.400000
597.040000
582.760000
595.620000
599.220000
539.760000
517.800000
588.400000
539.800000
594.360000
543.320000
590.320000
593.940000
537.200000
592.840000
596.840000
541.140000
593.080000
593.060000
593.800000
591.780000
598.840000
544.240000
544.220000
548.860000
595.940000
578.720000
595.520000
592.540000
534.680000
591.820000
593.020000
594.040000
594.420000
593.500000
597.620000
595.240000
595.520000
595.360000
596.880000
594.640000
592.500000
592.480000
588.020000
598.940000
596.140000
590.980000
594.260000
594.400000
593.920000
591.920000
593.800000
594.000000
583.260000
594.820000
538.320000
537.080000
596.320000
606.860000
595.000000
540.940000
595.320000
598.900000
594.900000
590.840000
595.020000
592.580000
593.680000
541.920000
587.100000
593.800000
592.000000
594.280000
597.520000
595.900000
594.620000
538.940000
589.300000
593.460000
591.760000
599.160000
540.420000
594.960000
595.440000
593.720000
588.780000
593.640000
588.980000
595.180000
591.300000
596.500000
598.400000
594.240000
595.080000
587.900000
592.540000
591.080000
588.120000
593.600000
594.760000
599.200000
539.480000
594.340000
591.520000
595.120000
592.240000
591.780000
593.840000
599.040000
544.980000
592.920000
595.400000
593.200000
593.600000
594.840000
595.260000
591.320000
594.780000
598.520000
591.860000
579.680000
595.340000
594.520000
594.980000
591.440000
593.580000
593.360000
599.140000
592.920000
542.380000
588.880000
594.100000
586.760000
594.720000
590.240000
537.320000
589.660000
593.100000
605.160000
593.800000
595.480000
594.240000
592.960000
593.640000
591.600000
589.940000
589.880000
599.520000
537.880000
592.960000
589.520000
586.860000
593.300000
592.100000
594.280000
593.560000
594.120000
592.140000
580.240000
592.800000
589.180000
593.360000
593.440000
593.820000
537.140000
536.860000
589.360000
588.180000
593.260000
592.120000
593.900000
593.440000
592.280000
591.180000
593.640000
591.320000
597.780000
592.340000
593.620000
591.060000
590.800000
591.060000
515.380000
591.500000
595.380000
597.140000
593.900000
540.360000
521.640000
594.740000
533.940000
594.920000
538.320000
579.000000
592.540000
597.760000
599.140000
595.000000
593.320000
591.580000
593.320000
593.720000
590.120000
538.820000
592.860000
600.400000
594.960000
533.840000
593.840000
555.580000
601.540000
693.400000
554.900000
721.460000
633.100000
639.000000
622.940000
606.580000
605.260000
597.000000
583.340000
597.160000
543.020000
596.780000
595.760000
595.460000
600.160000
540.680000
580.780000
595.380000
594.440000
603.640000
601.340000
598.320000
597.240000
593.960000
596.120000
539.780000
594.420000
596.680000
596.500000
593.340000
586.460000
595.240000
590.880000
592.540000
579.080000
594.800000
539.080000
594.680000
595.600000
594.740000
591.660000
646.820000
610.680000
603.320000
600.920000
541.620000
596.040000
598.260000
595.420000
597.540000
600.820000
594.600000
594.540000
539.840000
595.260000
595.200000
593.400000
594.440000
605.280000
594.800000
596.040000
596.340000
588.420000
594.000000
594.700000
594.880000
594.360000
593.260000
592.940000
541.200000
587.040000
593.340000
585.660000
537.620000
587.020000
593.640000
592.940000
598.100000
590.520000
584.660000
587.880000
538.600000
582.080000
585.740000
593.640000
593.120000
537.540000
538.740000
598.140000
591.920000
591.580000
593.180000
593.260000
593.180000
590.700000
591.920000
536.560000
528.320000
589.480000
600.820000
593.740000
587.480000
594.720000
590.720000
592.260000
594.480000
594.920000
533.500000
549.620000
591.100000
595.380000
593.580000
590.940000
592.900000
590.980000
539.940000
595.640000
601.640000
594.460000
592.060000
592.200000
592.780000
536.940000
592.040000
594.120000
591.120000
600.380000
594.540000
600.760000
594.840000
592.240000
533.120000
593.080000
538.340000
538.220000
592.960000
591.380000
601.920000
594.760000
588.920000
591.860000
592.700000
587.520000
596.000000
593.500000
539.580000
600.060000
591.780000
594.540000
592.140000
594.800000
593.700000
595.500000
595.080000
595.620000
601.260000
589.720000
595.180000
542.060000
594.640000
593.800000
595.500000
594.660000
590.720000
590.060000
589.300000
592.440000
542.380000
592.440000
595.540000
592.420000
595.860000
591.100000
601.300000
596.240000
595.740000
536.860000
524.480000
593.180000
595.000000
595.480000
589.140000
599.760000
594.360000
601.140000
595.060000
588.360000
595.080000
591.300000
593.500000
592.540000
599.600000
590.660000
600.140000
593.040000
592.260000
592.680000
591.680000
593.360000
591.460000
593.600000
538.860000
601.760000
593.780000
594.120000
592.760000
593.580000
594.480000
538.620000
593.200000
593.180000
595.160000
592.740000
591.400000
591.920000
599.220000
595.660000
592.740000
594.820000
538.660000
593.540000
594.200000
593.220000
592.740000
592.480000
588.520000
592.380000
559.780000
600.000000
734.080000
655.100000
586.620000
607.880000
608.460000
605.640000
549.020000
604.240000
600.940000
591.660000
596.700000
600.620000
542.780000
541.460000
600.980000
603.660000
599.280000
590.860000
596.840000
592.240000
593.500000
554.380000
596.080000
602.520000
591.720000
596.400000
537.440000
596.680000
594.020000
595.100000
598.440000
537.660000
584.940000
591.800000
594.980000
592.160000
538.700000
593.920000
595.100000
592.860000
594.040000
598.040000
577.800000
593.380000
591.220000
592.760000
592.900000
593.800000
538.540000
590.640000
594.600000
594.500000
597.160000
585.320000
594.440000
592.860000
594.220000
596.060000
591.160000
597.360000
593.540000
520.780000
595.020000
540.880000
591.440000
593.760000
594.280000
593.240000
594.620000
539.660000
583.600000
592.660000
594.120000
597.500000
593.460000
596.380000
597.240000
611.180000
598.220000
602.960000
591.400000
595.160000
591.080000
591.840000
595.000000
596.100000
596.600000
595.720000
595.640000
598.200000
603.440000
596.300000
596.880000
596.460000
595.100000
599.000000
539.340000
596.020000
595.200000
540.820000
597.440000
594.920000
597.060000
595.980000
596.820000
596.280000
599.320000
596.040000
596.220000
594.240000
595.180000
591.720000
595.880000
593.960000
593.980000
598.180000
594.240000
538.640000
587.320000
538.220000
528.500000
537.660000
594.680000
538.660000
598.400000
593.920000
596.140000
592.460000
594.880000
592.860000
595.420000
595.540000
591.980000
596.740000
589.920000
593.980000
589.900000
595.120000
593.680000
586.600000
591.560000
589.340000
592.840000
591.840000
545.540000
587.540000
594.900000
592.720000
594.620000
589.260000
538.000000
593.400000
587.620000
583.500000
595.460000
593.900000
593.460000
596.920000
593.780000
595.840000
604.840000
595.680000
600.720000
593.740000
594.240000
595.240000
517.860000
594.820000
586.700000
593.920000
590.600000
584.660000
592.060000
596.340000
593.340000
533.540000
594.040000
597.500000
598.000000
595.720000
599.060000
594.300000
592.980000
592.300000
591.380000
594.000000
594.080000
593.040000
593.840000
601.180000
539.340000
595.240000
594.860000
592.800000
593.960000
589.620000
538.800000
538.640000
591.840000
594.960000
580.840000
589.780000
591.860000
595.220000
594.420000
538.220000
595.560000
592.460000
587.620000
582.360000
593.380000
593.300000
591.820000
587.880000
594.460000
593.440000
596.420000
601.180000
608.060000
546.340000
594.500000
595.400000
594.660000
592.200000
596.040000
687.300000
606.540000
725.900000
675.280000
651.180000
626.520000
531.940000
599.300000
544.900000
602.320000
596.340000
544.900000
593.380000
520.080000
601.240000
595.500000
595.020000
593.000000
594.780000
587.680000
597.060000
541.440000
524.100000
598.660000
541.220000
590.740000
585.840000
593.460000
593.100000
597.340000
595.540000
595.480000
588.920000
595.360000
539.460000
594.820000
597.320000
593.260000
540.740000
593.080000
593.740000
596.600000
