99.960003
77.220000
64.819999
56.580000
53.280000
71.320001
61.439998
55.940002
53.860001
52.880000
52.900001
52.360002
51.460002
52.019998
51.579997
51.140003
56.299999
54.359999
52.940000
51.679999
52.360002
51.440001
50.860003
50.820000
51.080000
50.840002
51.240001
60.399998
52.940000
52.260000
51.900003
50.919998
51.040001
50.980002
51.080003
51.180001
50.780002
50.999999
50.740004
52.120000
51.560000
51.060002
51.280003
50.799999
50.880000
50.840002
50.419997
50.220001
53.180002
51.339999
58.959998
51.440001
50.700001
50.460000
50.039999
50.539996
49.920000
50.099999
50.179999
49.980000
49.720000
50.000001
50.780002
50.799999
50.239999
50.300002
50.379999
50.159998
49.759999
50.060000
49.799997
49.999997
49.879998
49.800001
50.999999
50.899997
49.800001
50.220001
49.840000
49.780000
49.899999
50.039999
49.860001
49.720000
49.880002
50.439999
50.460000
49.720000
49.780000
49.800001
55.500001
54.779999
54.019999
51.580001
51.220000
51.720001
51.220000
52.680001
51.780000
51.739998
51.320001
50.999999
51.119998
50.600000
50.900001
51.260002
51.220000
50.799999
53.600002
52.359998
50.979998
50.920002
50.859999
50.719999
50.900001
50.779998
50.279997
50.859999
51.020000
50.999999
52.919999
51.500000
50.799999
50.400000
50.560001
50.500002
50.579999
50.160002
50.360002
50.719999
50.480001
51.440001
51.840000
54.340001
51.500000
50.860003
50.900001
50.379999
50.059997
49.800001
49.939997
50.160002
49.980000
50.960001
50.140001
50.120000
49.800001
49.860001
49.840000
50.279997
49.999997
49.759999
49.939997
49.720000
50.820000
50.260000
50.140001
49.900003
50.199997
49.679998
50.180003
49.759999
49.880002
49.860001
49.860001
49.600001
50.019998
49.999997
49.780000
49.759999
49.720000
49.980000
49.640000
49.699999
49.799997
49.759999
59.200000
64.520001
53.580001
52.540001
52.579999
51.399998
51.280003
51.080000
51.260002
51.300000
51.899999
52.140001
50.820000
52.940000
52.859999
51.220000
51.260002
51.240001
51.640000
51.080000
50.239999
50.600000
51.180001
50.900001
59.680000
51.980000
50.780002
50.600000
51.020000
50.919998
50.680000
50.760001
51.180001
50.540000
50.420001
50.200000
51.519997
51.020000
50.640002
51.100001
50.300002
50.200000
51.920000
51.800001
50.820000
50.799999
50.420001
58.880001
50.799999
50.280001
50.200000
49.799997
49.820002
49.740002
49.719997
49.759999
49.819998
49.800001
49.720000
50.880000
50.179999
49.980000
49.819998
49.860001
49.640000
50.000001
50.319999
49.860001
49.800001
49.840000
50.080001
50.220001
49.559999
49.999997
49.840000
49.899999
49.880002
50.020002
50.060000
49.780000
49.759999
49.759999
50.160002
49.879998
49.899999
58.320001
54.600000
52.540001
52.340001
52.140001
51.459998
51.860001
51.500000
51.540002
54.119997
51.940002
51.360000
51.320001
50.740000
50.840002
50.740000
51.020000
51.199999
51.080000
50.799999
51.420003
50.799999
51.059999
50.619997
50.979998
50.540000
51.220000
51.160000
50.940003
50.659999
50.319999
50.080001
51.620003
51.199999
50.840002
50.759997
50.580002
50.520003
50.520003
50.100002
50.060000
50.260000
50.340001
54.499999
53.479999
50.420001
50.220001
50.000001
49.860001
49.760003
50.060000
50.020002
49.800001
49.920000
49.600001
50.980002
50.500002
50.060000
50.179999
49.840000
49.699999
50.279997
49.760003
49.840000
49.819998
49.720000
51.140003
51.140003
50.420001
50.019998
49.759999
49.780000
49.720000
49.600001
49.679998
49.599998
49.680002
49.719997
50.379999
49.920000
49.920000
50.300002
49.880002
49.619999
49.680002
56.380000
54.699998
52.759998
52.140001
52.180003
53.860001
51.479999
51.440001
51.740002
51.419999
51.120002
50.980002
50.839998
51.100001
51.740002
50.980002
52.640002
52.020002
50.659999
50.960001
50.920002
50.319999
50.140001
51.020000
50.820000
50.280001
50.700001
57.600003
51.220000
51.160000
51.179998
50.540000
51.220000
50.960001
50.760001
50.760001
51.239997
50.779998
50.979998
51.500000
50.360002
50.919998
50.300002
59.380002
54.820001
52.960001
52.139997
51.779997
51.820002
51.679999
53.040002
52.700002
51.580001
51.760003
51.339999
50.999999
51.580001
51.240001
51.520001
51.059999
51.040001
50.840002
52.359998
51.780000
50.860003
51.139999
51.299997
50.719999
51.059999
50.340001
51.020000
50.340001
50.640002
59.020001
51.579997
51.800001
51.040001
50.460000
50.659999
50.900001
50.820000
51.260002
50.319999
50.559998
50.140001
51.340003
55.339999
51.940002
50.419997
50.740000
50.060000
50.120000
50.000001
50.140001
49.939997
50.359998
58.380000
50.999999
50.560001
50.140001
50.120000
49.840000
49.640000
49.980000
49.820002
49.840003
49.840000
49.619999
52.519999
51.719997
50.520003
50.220001
49.920000
50.260000
49.759999
49.840000
49.700003
49.640000
49.620003
49.820002
50.380003
50.159998
50.020002
50.120000
49.940001
49.920000
49.899999
50.200000
57.720002
55.280000
52.720003
52.940000
52.139997
52.119996
51.479999
51.419999
51.320001
51.059999
51.539999
52.239999
51.419999
50.659999
56.860000
52.300002
50.839998
50.740004
50.460000
50.960001
50.440002
50.379999
50.000001
50.620001
50.940000
50.460000
51.759999
50.999999
50.839998
50.200000
51.380001
51.080000
50.659999
50.480001
50.640002
50.519999
50.159998
50.299998
51.619999
51.879998
50.759997
50.719999
50.600000
53.479999
51.720001
50.299998
50.559998
49.959999
49.780000
51.160000
50.460000
49.859997
50.099999
50.300002
49.980000
50.379999
49.939997
50.020002
49.720000
49.719997
49.759999
50.439999
49.759999
49.819998
49.920000
49.640000
49.840000
49.599998
49.580000
49.880002
49.800001
49.800001
50.040003
50.000001
50.239999
49.900003
49.740002
49.819998
49.820002
49.559999
49.940001
49.819998
49.720000
49.760003
49.980000
50.100002
56.359999
55.080000
53.059999
51.900003
51.780000
50.940000
51.100001
50.960001
50.980002
53.420004
52.159999
51.680002
51.440001
52.280001
51.600002
51.199999
50.979998
50.699998
50.639998
50.580002
50.779998
52.180000
52.180000
51.060002
50.540000
50.260000
50.740000
85.320000
71.319997
60.079999
56.040000
53.220000
58.320001
54.220002
52.820001
50.919998
50.999999
50.820000
50.339997
50.500002
50.560001
50.499998
54.539997
53.380001
51.579997
51.260002
50.300002
50.299998
49.720000
50.139997
49.840000
49.860001
49.780000
50.220001
49.880002
51.920000
51.040001
50.460000
50.039999
49.940001
49.819998
49.599998
50.000001
49.679998
49.760003
49.599998
50.099999
50.120000
50.099999
49.740002
49.840000
49.860001
49.559999
49.619999
49.780000
49.920000
49.840000
49.780000
50.859999
49.980000
50.020002
49.980000
50.160002
49.859997
50.159998
58.359999
55.359997
53.319998
52.579999
53.260002
52.579999
52.000001
51.480003
51.279999
51.380001
51.179998
51.399998
51.259998
50.580002
50.260000
50.900001
51.739998
51.440001
51.000003
51.199999
52.040000
51.720001
51.460002
51.100001
50.519999
50.859999
50.160002
51.319998
51.880002
51.259998
51.399998
50.919998
51.180001
50.680000
51.139999
50.540000
50.300002
49.760003
49.940001
52.719999
51.080000
50.500002
50.960001
60.280003
55.360001
53.400002
51.780000
52.700002
52.159999
51.460002
53.220000
52.280001
51.360000
51.060002
51.680002
50.840002
51.160000
51.599998
51.139999
50.960001
50.880000
51.059999
52.740000
51.800001
50.960001
51.480003
51.119998
51.199999
51.739998
50.740000
50.980002
51.400002
50.680000
52.280001
52.260000
51.120002
50.480001
51.120002
50.239999
50.859999
50.400000
50.140001
50.620001
51.119998
50.099999
58.660001
56.120001
53.199999
51.620003
51.600002
51.500000
51.719997
51.720001
51.640000
51.179998
51.000003
51.619999
52.800000
51.199999
51.840000
51.240001
50.959997
51.339999
50.820000
50.379999
50.940000
50.880000
50.440002
52.419998
51.399998
51.440001
50.999999
50.940000
50.700001
50.680000
50.900001
50.699998
50.299998
50.240003
51.080003
50.799999
50.460000
50.940000
50.460000
50.180003
50.980002
50.600000
50.139997
58.380000
54.899998
53.560000
54.819997
52.760001
51.520001
51.879998
51.920000
51.339999
50.759997
51.600002
50.940000
51.059999
51.300000
52.260000
52.280001
51.440001
51.619999
50.880000
51.260002
50.560001
50.299998
51.120002
50.840002
50.499998
50.460000
52.320000
51.940002
50.780002
51.659998
51.320001
51.619999
50.340001
50.740000
51.519997
50.439999
51.139999
52.299999
52.219998
50.339997
51.019996
50.240003
50.240003
53.160001
51.459998
50.760001
50.120000
50.379999
49.940001
51.899999
51.280003
50.540000
50.519999
50.099999
50.019998
49.640000
50.260000
49.840000
49.740002
49.699999
50.179999
50.579999
50.139997
50.019998
49.880002
49.640000
49.679998
49.780000
49.819998
49.920000
49.780000
49.759999
50.320003
50.120000
50.019998
49.940001
50.040003
49.860001
49.920000
49.660001
49.920000
49.799997
49.860001
57.079997
49.920000
56.779999
55.220000
53.179998
51.980000
52.500002
52.580003
51.419999
51.259998
51.539999
51.560000
53.379998
52.419998
50.860003
51.619999
51.380001
51.300000
51.239997
50.880000
50.160002
50.439999
50.600000
50.779998
51.580001
50.680000
51.220000
50.779998
51.500000
50.980002
50.839998
50.140001
50.859999
50.960001
50.540000
52.379999
50.620001
51.360000
50.319999
50.639998
50.639998
50.680000
50.439999
50.039999
50.440002
58.860000
62.419999
54.200001
53.039998
53.020000
52.200001
52.239999
51.860001
52.379999
51.160000
51.260002
50.940000
50.840002
53.179998
52.660000
52.940000
51.160000
50.899997
51.520001
51.840000
51.240001
51.500000
51.160000
50.779998
51.419999
51.419999
51.560000
50.600000
51.500000
50.699998
51.340003
50.580002
50.799999
50.999999
50.220001
50.160002
51.920000
50.719999
50.840002
50.719999
50.839998
50.280001
49.980000
80.440000
63.519999
57.259999
89.439999
73.540002
61.319999
56.199998
52.320000
51.800001
52.220002
50.620001
50.200000
50.219998
49.980000
50.060000
54.220002
52.340001
50.919998
50.680000
50.540000
49.980000
49.759999
49.940001
49.780000
49.800001
49.860001
50.919998
51.740002
50.540000
50.020002
49.999997
49.660001
50.120000
49.820002
49.900003
50.080001
49.780000
49.860001
51.719997
50.799999
50.400000
49.879998
53.520001
52.140001
50.960001
49.980003
50.179999
49.840000
50.079998
50.420001
50.400000
50.520003
50.019998
50.120000
50.219998
49.880002
