64.060000
56.680000
54.560000
54.240000
53.980000
53.960000
53.980000
54.040000
54.020000
54.000000
54.000000
54.200000
54.460000
53.800000
54.100000
53.840000
53.600000
53.700000
53.580000
56.400000
54.620000
54.260000
53.780000
54.060000
53.880000
53.940000
53.920000
53.640000
54.500000
54.200000
54.040000
53.900000
54.100000
53.840000
53.820000
53.860000
53.560000
53.880000
53.980000
54.280000
53.760000
54.160000
53.680000
58.220000
54.140000
53.860000
53.860000
53.700000
53.940000
53.980000
53.620000
53.800000
54.020000
53.640000
54.080000
53.720000
53.800000
53.980000
53.920000
53.860000
54.160000
53.800000
53.840000
53.720000
53.940000
53.480000
53.640000
96.960000
61.980000
54.960000
54.200000
54.040000
53.620000
53.760000
53.520000
53.780000
53.680000
53.940000
53.760000
53.500000
53.580000
53.540000
53.480000
53.700000
53.840000
53.680000
53.720000
53.660000
53.580000
53.660000
54.360000
53.880000
53.600000
53.460000
53.560000
53.720000
53.700000
53.580000
53.600000
53.540000
53.560000
53.540000
53.580000
53.600000
53.460000
53.860000
53.880000
53.680000
53.520000
53.540000
53.700000
54.300000
53.700000
53.660000
55.260000
54.200000
54.100000
53.660000
53.640000
53.860000
53.740000
53.680000
53.720000
53.740000
53.580000
53.660000
53.760000
53.940000
53.580000
53.800000
53.580000
53.480000
53.760000
53.500000
53.700000
59.540000
54.380000
54.340000
62.900000
54.440000
54.460000
54.600000
71.580000
55.780000
56.000000
54.260000
54.460000
54.060000
54.600000
53.860000
54.340000
53.780000
54.920000
54.180000
54.680000
54.040000
54.620000
54.140000
54.700000
54.340000
54.860000
54.100000
65.000000
55.940000
55.200000
54.040000
54.740000
53.980000
54.480000
54.160000
54.520000
54.020000
54.480000
53.960000
54.820000
54.000000
54.460000
53.820000
54.560000
53.980000
54.240000
53.780000
54.360000
54.120000
54.480000
53.780000
62.980000
54.080000
54.740000
53.880000
54.760000
53.820000
54.500000
55.020000
54.280000
54.820000
54.020000
54.720000
53.860000
59.180000
56.100000
54.660000
54.080000
54.200000
54.100000
53.820000
53.800000
54.100000
54.040000
53.940000
64.500000
55.140000
54.160000
54.120000
53.780000
53.640000
53.620000
53.820000
54.000000
53.720000
53.800000
53.820000
53.720000
53.660000
53.700000
53.880000
53.800000
53.680000
53.820000
53.660000
53.800000
53.720000
54.020000
53.820000
85.400000
54.720000
54.220000
53.820000
54.100000
54.260000
54.180000
54.080000
53.900000
53.900000
53.680000
53.640000
53.780000
53.660000
54.140000
53.680000
53.860000
53.740000
53.720000
53.880000
53.820000
53.760000
53.780000
53.720000
53.780000
57.200000
54.500000
53.800000
54.120000
53.800000
53.840000
53.720000
53.600000
58.860000
53.640000
54.920000
53.860000
54.660000
53.900000
54.740000
53.960000
54.680000
53.960000
54.740000
53.940000
54.620000
53.820000
54.420000
61.020000
54.760000
53.820000
54.600000
53.480000
54.480000
53.740000
54.620000
53.700000
54.460000
53.580000
54.500000
53.560000
54.580000
53.500000
54.560000
53.620000
54.460000
53.660000
54.520000
53.540000
54.640000
53.780000
54.680000
53.740000
54.780000
53.840000
54.720000
53.620000
54.380000
53.720000
54.520000
53.580000
54.480000
53.860000
54.700000
53.720000
54.480000
53.600000
54.380000
53.820000
54.460000
54.040000
53.840000
53.900000
53.820000
53.960000
53.800000
53.560000
54.700000
54.720000
53.720000
54.620000
53.800000
54.560000
53.720000
54.500000
53.620000
54.560000
53.780000
54.580000
53.540000
54.460000
53.540000
54.440000
53.620000
54.500000
53.560000
54.760000
53.740000
54.440000
53.700000
54.780000
56.260000
54.800000
53.860000
54.500000
53.560000
54.560000
53.560000
54.660000
53.540000
54.720000
53.800000
54.640000
53.580000
54.700000
53.640000
54.600000
53.740000
54.420000
53.520000
54.520000
53.580000
54.520000
53.660000
54.420000
60.580000
54.920000
53.640000
54.680000
53.600000
54.480000
53.700000
54.520000
53.880000
54.600000
53.580000
54.600000
53.460000
54.440000
53.620000
54.580000
53.640000
54.560000
53.660000
54.640000
53.680000
54.520000
53.540000
54.480000
60.040000
54.640000
53.700000
54.480000
53.580000
54.680000
53.560000
54.380000
53.600000
54.580000
53.540000
54.680000
53.700000
54.460000
53.560000
54.380000
53.540000
54.480000
53.700000
54.400000
53.680000
54.460000
53.700000
54.380000
53.820000
55.100000
53.620000
54.700000
53.600000
54.520000
53.480000
54.480000
68.660000
54.520000
54.100000
54.580000
53.900000
53.560000
53.900000
54.580000
53.420000
54.520000
53.680000
54.520000
53.660000
54.520000
53.640000
54.580000
53.640000
57.180000
53.880000
54.680000
53.720000
54.500000
53.620000
54.320000
53.560000
54.560000
53.680000
54.640000
53.640000
54.420000
53.740000
54.520000
53.680000
54.500000
53.620000
54.600000
53.540000
54.480000
53.560000
54.600000
53.520000
54.760000
53.920000
54.420000
53.560000
54.660000
53.840000
54.540000
53.660000
54.420000
53.760000
54.620000
53.520000
54.660000
53.720000
54.480000
53.600000
54.540000
54.540000
54.540000
54.560000
54.500000
54.600000
54.500000
54.720000
53.940000
54.540000
53.640000
54.540000
53.720000
54.620000
53.760000
54.560000
53.680000
54.640000
53.560000
54.480000
53.520000
54.500000
53.720000
54.700000
53.540000
54.520000
53.540000
54.700000
53.660000
54.540000
53.680000
54.440000
54.060000
54.560000
53.380000
54.420000
53.660000
54.500000
53.460000
54.520000
53.480000
54.580000
53.860000
54.580000
53.820000
54.780000
53.460000
54.580000
53.580000
54.460000
53.660000
54.420000
53.520000
54.580000
53.780000
54.580000
141.140000
76.600000
56.080000
55.060000
54.320000
54.340000
53.740000
54.580000
53.900000
54.400000
53.820000
54.420000
53.820000
54.460000
54.300000
54.540000
54.140000
54.640000
53.720000
54.400000
53.920000
54.480000
53.680000
54.420000
54.520000
54.500000
53.560000
54.360000
53.720000
54.400000
53.620000
54.520000
53.920000
54.540000
53.460000
54.460000
53.740000
54.300000
53.580000
54.360000
53.580000
54.420000
53.700000
54.580000
53.880000
54.560000
53.560000
54.440000
54.140000
54.760000
53.760000
54.740000
53.580000
54.520000
53.780000
54.440000
53.640000
68.820000
56.780000
56.060000
54.280000
54.520000
54.680000
53.980000
53.740000
53.400000
53.860000
53.480000
53.880000
53.560000
53.980000
53.780000
54.400000
53.800000
53.740000
53.500000
53.740000
53.520000
53.720000
53.520000
53.780000
53.480000
53.580000
53.560000
53.700000
53.400000
53.740000
53.620000
53.740000
53.360000
53.720000
53.740000
54.000000
53.820000
54.060000
53.580000
60.920000
53.480000
54.240000
53.660000
53.620000
53.660000
54.000000
53.660000
53.580000
53.480000
53.520000
53.560000
53.760000
53.580000
53.640000
53.540000
53.640000
53.420000
53.680000
53.620000
53.600000
53.540000
53.560000
53.720000
53.780000
54.260000
53.660000
54.060000
53.540000
53.920000
53.540000
53.740000
53.800000
53.800000
53.720000
53.760000
53.540000
53.620000
53.600000
53.820000
53.680000
53.520000
53.520000
53.700000
53.540000
53.700000
53.480000
53.840000
53.460000
54.100000
53.620000
53.680000
53.520000
53.560000
53.460000
53.760000
53.640000
53.740000
53.560000
53.680000
53.480000
53.660000
53.580000
53.740000
53.600000
53.520000
53.360000
53.720000
53.640000
53.720000
53.640000
53.740000
53.640000
65.720000
54.260000
53.860000
53.500000
53.480000
53.540000
53.540000
53.580000
53.620000
57.200000
54.140000
53.900000
53.920000
54.180000
53.860000
53.740000
53.840000
53.940000
53.620000
53.680000
53.620000
53.900000
53.660000
53.960000
53.720000
54.440000
54.120000
54.000000
53.780000
53.660000
53.700000
53.940000
53.560000
53.980000
53.880000
53.960000
53.720000
54.080000
53.800000
53.580000
53.500000
53.880000
53.580000
53.520000
53.520000
53.760000
53.620000
53.760000
53.580000
55.380000
53.980000
53.800000
53.680000
53.720000
53.580000
53.760000
53.800000
54.020000
53.580000
53.460000
54.080000
54.080000
54.000000
53.840000
53.620000
53.540000
53.900000
53.600000
53.800000
53.500000
53.860000
53.500000
53.820000
54.020000
54.000000
53.460000
53.720000
53.620000
53.620000
53.500000
53.760000
53.600000
53.740000
53.520000
53.720000
53.540000
53.640000
53.660000
53.720000
53.760000
54.140000
53.660000
53.680000
53.540000
53.660000
53.540000
53.740000
59.820000
53.980000
53.660000
53.680000
53.760000
54.100000
53.860000
53.960000
53.840000
54.100000
53.860000
53.680000
53.460000
53.780000
53.520000
53.520000
53.540000
53.760000
53.460000
53.700000
53.720000
53.820000
53.620000
53.740000
54.040000
54.240000
53.700000
53.960000
53.600000
53.640000
53.580000
53.680000
54.100000
53.780000
53.520000
53.760000
53.760000
53.860000
53.640000
53.700000
53.760000
53.800000
53.620000
53.640000
53.600000
53.660000
53.480000
53.760000
53.660000
54.120000
54.000000
65.920000
54.140000
54.640000
53.540000
54.400000
53.760000
54.380000
54.380000
54.720000
54.440000
54.420000
54.400000
54.320000
54.480000
54.360000
54.480000
54.360000
54.320000
54.340000
54.560000
54.260000
54.400000
54.720000
54.460000
54.260000
54.520000
54.320000
54.380000
54.240000
54.300000
54.240000
54.240000
54.300000
54.440000
54.360000
54.280000
54.320000
54.500000
54.180000
54.360000
54.260000
54.420000
54.320000
54.520000
54.360000
54.560000
60.360000
54.640000
54.360000
54.720000
54.420000
54.320000
54.420000
54.420000
54.320000
54.380000
54.260000
54.260000
54.340000
54.320000
54.320000
54.440000
54.280000
54.260000
54.540000
54.380000
54.680000
54.540000
54.460000
54.440000
81.540000
54.660000
54.520000
54.260000
54.500000
54.400000
54.640000
54.280000
54.340000
54.220000
54.440000
54.320000
54.440000
54.240000
54.380000
54.300000
54.280000
54.340000
54.500000
54.560000
54.460000
54.200000
54.440000
54.240000
54.480000
55.100000
54.440000
54.380000
54.340000
54.180000
54.400000
54.240000
54.300000
54.380000
54.480000
54.220000
54.420000
54.200000
54.160000
54.480000
54.420000
54.320000
54.260000
54.300000
54.440000
54.420000
54.500000
54.480000
54.560000
54.400000
54.460000
54.420000
54.240000
54.840000
54.360000
54.800000
54.440000
54.680000
54.600000
54.740000
54.420000
54.580000
54.240000
54.560000
54.320000
