0.119999
0.079999
0.060000
0.080001
0.060001
0.080001
0.060000
0.079999
0.060001
0.080001
0.060000
0.080001
0.080001
0.080001
0.060000
0.079999
0.060000
0.080001
0.060000
0.079999
0.060000
0.060000
0.220001
0.079999
0.060000
0.080001
0.080001
0.080001
0.060000
0.080001
0.060000
0.080001
0.060000
0.080001
0.080001
0.060001
0.060001
0.060001
0.060000
0.079999
0.080001
0.080001
0.080001
0.080001
0.079999
0.079999
0.080001
0.080001
0.060000
0.080001
0.079999
0.080001
0.079999
0.080001
0.080001
0.080001
0.080001
0.060000
0.060000
0.080001
0.060000
0.080001
0.060000
0.079999
0.060000
0.080001
0.060000
0.080001
0.080001
0.080001
0.060000
0.080001
0.060001
0.080001
0.060001
0.040000
0.060000
0.079999
0.080001
0.060000
0.060000
0.080001
0.060000
0.079999
0.060000
0.080001
0.060000
0.080001
0.060000
0.080001
0.060001
0.080001
0.060000
0.080001
0.060001
0.080001
0.079999
0.080001
0.060000
0.080001
0.060000
0.080001
0.060001
0.080001
0.060000
0.079999
0.080001
0.240000
0.060001
0.080001
0.060001
0.080001
0.060000
0.080001
0.060001
0.079999
0.080001
0.080001
0.079999
0.080001
0.060000
0.060000
0.080001
0.060000
0.060000
0.080001
0.060000
0.079999
0.080001
0.079999
0.060000
0.080001
0.060001
0.080001
0.060000
0.079999
0.060000
0.080001
0.060001
0.079999
0.079999
0.080001
0.080001
0.079999
0.060000
0.080001
0.080001
0.060000
0.060000
0.079999
0.080001
0.080001
0.499999
0.080001
0.060000
0.080001
0.060001
0.080001
0.060000
0.080001
0.080001
0.080001
0.080001
0.060000
0.060000
0.080001
0.060000
0.079999
0.060000
0.060001
0.060001
0.079999
0.079999
0.080001
0.060000
0.079999
0.080001
0.060001
0.060000
0.060000
0.080001
0.080001
0.060000
0.080001
0.080001
0.080001
0.060000
0.080001
0.080001
0.080001
0.080001
0.060001
0.060000
0.080001
0.060000
0.079999
0.080001
0.080001
0.060000
0.080001
0.080001
0.080001
0.060000
0.079999
0.080001
0.080001
0.060000
0.080001
0.060000
0.080001
0.060000
0.079999
0.060000
0.080001
0.079999
0.080001
0.079999
0.080001
0.060000
0.080001
0.080001
0.080001
0.060001
0.080001
0.060000
0.080001
0.060000
0.080001
0.060000
0.040000
0.060000
0.060001
0.060000
0.080001
0.060001
0.080001
0.060000
0.079999
0.060000
0.079999
0.080001
0.080001
0.060000
0.080001
0.060000
0.080001
0.080001
0.079999
0.080001
0.060000
0.060000
0.080001
0.079999
0.080001
0.060000
0.060001
0.079999
0.080001
0.060000
0.060001
0.060000
0.080001
0.079999
0.060000
0.060000
0.079999
0.060001
0.080001
0.060000
0.080001
0.060000
0.080001
0.060000
0.079999
0.080001
0.079999
0.080001
0.079999
0.080001
0.079999
0.060000
0.080001
0.080001
0.080001
0.060000
0.080001
0.060001
0.079999
0.060000
0.080001
0.060001
0.060000
0.060001
0.080001
0.060001
0.079999
0.060000
0.079999
0.079999
0.080001
0.060001
0.080001
0.060000
0.080001
0.080001
0.079999
0.080001
0.060001
0.060000
0.060000
0.060001
0.080001
0.060001
0.060000
0.079999
0.080001
0.080001
0.060000
0.060000
0.079999
0.080001
0.080001
0.060000
0.080001
0.060001
0.080001
0.060000
0.079999
0.060001
0.080001
0.060000
0.080001
0.080001
0.060000
0.080001
0.060000
0.060000
0.080001
0.060000
0.080001
0.079999
0.080001
0.060001
0.080001
0.060001
0.080001
0.060000
0.080001
0.080001
0.080001
0.060000
0.080001
0.080001
0.060001
0.080001
0.080001
0.060001
0.079999
0.060000
0.080001
0.060000
0.079999
0.080001
0.080001
0.079999
0.079999
0.060000
0.079999
0.060000
0.079999
0.060000
0.079999
0.079999
0.080001
0.080001
0.080001
0.060000
0.080001
0.060000
0.060001
0.080001
0.079999
0.060000
0.080001
0.060000
0.080001
0.080001
0.080001
0.060000
0.079999
0.060000
0.079999
0.060000
0.080001
0.060001
0.080001
0.060000
0.079999
0.060000
0.060001
0.060001
0.079999
0.060001
0.080001
0.060000
0.080001
0.060000
0.079999
0.060000
0.080001
0.040000
0.080001
0.060000
0.079999
0.079999
0.080001
0.060000
0.080001
0.060001
0.079999
0.060000
0.080001
0.060000
0.080001
0.060001
0.080001
0.060001
0.080001
0.060000
0.079999
0.060000
0.080001
0.060000
0.079999
0.060000
0.060000
0.060000
0.079999
0.080001
0.079999
0.080001
0.080001
0.060000
0.080001
0.060001
0.060000
0.080001
0.080001
0.060000
0.080001
0.079999
0.080001
0.060000
0.080001
0.060000
0.080001
0.080001
0.080001
0.060000
0.080001
0.060000
0.079999
0.079999
0.080001
0.079999
0.080001
0.060000
0.080001
0.060000
0.079999
0.080001
0.080001
0.060000
0.080001
0.079999
0.080001
0.060000
0.060000
0.060000
0.060000
0.060000
0.080001
0.060000
0.080001
0.060000
0.080001
0.060001
0.080001
0.079999
0.080001
0.079999
0.079999
0.079999
0.080001
0.060000
0.080001
0.060001
0.079999
0.060001
0.080001
0.100000
0.079999
0.080001
0.080001
0.060001
0.080001
0.060000
0.080001
0.060001
0.080001
0.060000
0.079999
0.060000
0.080001
0.060001
0.080001
0.060000
0.080001
0.060000
0.080001
0.060000
0.079999
0.060000
0.079999
0.080001
0.080001
0.060001
0.079999
0.060000
0.079999
0.060000
0.080001
0.080001
0.079999
0.080001
0.079999
0.060001
0.080001
0.060000
0.079999
0.080001
0.080001
0.079999
0.080001
0.060000
0.080001
0.060001
0.080001
0.080001
0.080001
0.060000
0.080001
0.080001
0.060000
0.060000
0.080001
0.060000
0.080001
0.060000
0.080001
0.060000
0.080001
0.060000
0.080001
0.060000
0.060001
0.079999
0.080001
0.080001
0.080001
0.060000
0.060000
0.060000
0.080001
0.080001
0.080001
0.060000
0.080001
0.080001
0.080001
0.079999
0.060000
0.079999
0.080001
0.060000
0.060000
0.060000
0.079999
0.060000
0.080001
0.080001
0.039998
0.080001
0.079999
0.060001
0.079999
0.079999
0.080001
0.060000
0.079999
0.060000
0.060000
0.060001
0.080001
0.060000
0.040000
0.060000
0.040000
0.480000
0.060000
0.060000
0.080001
0.079999
0.080001
0.060000
0.039998
0.040000
0.039998
0.080001
0.060000
0.219999
0.040000
0.060000
0.080001
0.060000
0.319999
0.060001
0.080001
0.080001
0.080001
0.080001
0.079999
0.060000
0.080001
0.060000
0.060000
0.219999
0.079999
0.060000
0.040000
0.060000
0.079999
0.060000
0.060000
0.080001
0.079999
0.080001
0.080001
0.100000
0.079999
0.079999
0.259999
0.060000
0.040000
0.060000
0.080001
0.060000
0.079999
0.060001
0.079999
0.060000
0.080001
0.080001
0.060000
0.080001
0.060001
0.080001
0.080001
0.080001
0.080001
0.060000
0.060000
0.060000
0.079999
0.060000
0.039998
0.080001
0.079999
0.100000
0.100000
0.080001
0.080001
0.060000
0.080001
0.080001
0.080001
0.080001
0.080001
0.080001
0.100000
0.060000
0.159999
0.080001
0.100000
0.080001
0.100000
0.079999
0.080001
0.080001
0.100000
0.080001
0.100000
0.060000
0.080001
0.079999
0.079999
0.080001
0.040000
0.060000
0.139998
0.040000
0.100000
0.220001
0.080001
0.219999
0.080001
0.080001
0.080001
0.080001
0.080001
0.060000
0.080001
0.060000
0.079999
0.060000
0.060000
0.060000
0.060001
0.080001
0.080001
0.080001
0.079999
0.080001
0.080001
0.080001
0.060000
0.080001
0.079999
0.060000
0.079999
0.060000
0.079999
0.060001
0.080001
0.060000
0.080001
0.060000
0.080001
0.080001
0.079999
0.060000
0.080001
0.060000
0.079999
0.080001
0.079999
0.080001
0.080001
0.079999
0.080001
0.060000
0.079999
0.060000
0.080001
0.060000
0.080001
0.060000
0.140000
0.080001
0.079999
0.060000
0.080001
0.080001
0.079999
0.060000
0.080001
0.060000
0.080001
0.080001
0.079999
0.060000
0.079999
0.080001
0.060000
0.060000
0.079999
0.080001
0.080001
0.080001
0.080001
0.060001
0.079999
0.060000
0.079999
0.060000
0.080001
0.060001
0.080001
0.079999
0.079999
0.060000
0.080001
0.060000
0.080001
0.079999
0.080001
0.060000
0.060001
0.079999
0.079999
0.060000
0.079999
0.060000
0.079999
0.080001
0.080001
0.060000
0.079999
0.060000
0.080001
0.080001
0.080001
0.080001
0.079999
0.060000
0.079999
0.060000
0.080001
0.060001
0.080001
0.060000
0.079999
0.060000
0.080001
0.060000
0.079999
0.060000
0.080001
0.240000
0.080001
0.060000
0.240000
0.080001
0.080001
0.079999
0.160001
0.080001
0.080001
0.140000
0.079999
0.079999
0.080001
0.079999
0.240000
0.080001
0.100000
0.200000
0.060000
0.060000
0.079999
0.080001
0.240000
0.060000
0.100000
0.079999
0.079999
0.060000
0.080001
0.060000
0.080001
0.200000
0.100000
0.079999
0.100000
0.040000
0.100000
0.060001
0.100000
0.060000
0.080001
0.060000
0.100000
0.219999
0.080001
0.060000
0.079999
0.080001
0.100000
0.080001
0.079999
0.080001
0.100000
0.060000
0.100000
0.060000
0.220001
0.240000
0.060000
0.140000
0.060001
0.060000
0.080001
0.060000
0.079999
0.060000
0.100000
0.060000
0.080001
0.060000
0.100000
0.060001
0.079999
0.080001
0.080001
0.060001
0.100000
0.240000
0.079999
0.060000
0.079999
0.360001
0.080001
0.080001
0.079999
0.100000
0.200000
0.060000
0.080001
0.060000
0.119999
0.060000
0.100000
0.080001
0.080001
0.060000
0.079999
0.079999
0.060001
0.040000
0.100000
0.060000
0.100000
0.079999
0.080001
0.080001
0.060000
0.060000
0.079999
0.060000
0.080001
0.240000
0.080001
0.060000
0.080001
0.060001
0.080001
0.060000
0.060000
0.060000
0.060001
0.060000
0.079999
0.060000
0.080001
0.060000
0.080001
0.080001
0.080001
0.060001
0.080001
0.060000
0.080001
0.060000
0.080001
0.060001
0.080001
0.060001
0.080001
0.080001
0.080001
0.060000
0.080001
0.080001
0.079999
0.080001
0.080001
0.080001
0.079999
0.080001
0.080001
0.060001
0.080001
0.060000
0.080001
0.060000
0.080001
0.060000
0.079999
0.080001
0.060000
