8.173999
8.105000
7.886999
8.053999
8.120000
8.043000
8.082001
8.067000
8.021000
8.074000
7.890000
7.876000
7.896001
8.083999
8.087000
8.046000
8.018000
8.041000
8.017000
8.020000
8.014000
8.024000
8.018999
7.986000
7.985000
7.992000
7.976000
7.800000
7.986000
7.959000
8.001000
8.004000
7.990001
7.967001
7.973000
7.988000
7.969000
8.023000
7.984000
15.067000
8.054000
8.056000
8.002999
8.020001
8.007000
8.042000
8.010000
8.035000
8.029000
7.980000
7.870000
7.992000
8.140000
8.029999
8.018000
7.990000
7.861000
8.024000
7.846001
7.846001
7.898000
7.847001
8.053000
8.010000
8.161000
8.117001
7.994000
8.057000
8.003000
7.806000
7.811001
7.837000
7.844000
7.919000
7.800001
7.847000
7.843000
7.837000
7.821999
7.817000
7.809999
7.796000
7.893001
7.807000
7.812000
7.824999
7.813999
7.999000
7.807001
7.793000
7.790999
7.824000
7.816999
7.808000
7.832000
7.800000
7.870000
7.816000
7.837000
7.799000
7.830000
7.778000
7.839000
7.828000
7.805000
7.831000
7.834000
7.812999
7.816000
7.835000
7.832999
7.792000
7.840999
7.791000
7.786999
7.797000
7.806000
7.794000
7.813999
7.801999
7.791000
8.097000
7.815000
7.836000
7.829000
7.825000
7.822000
7.825000
8.023000
7.972999
7.794000
7.975000
7.983999
8.006999
8.082000
7.812000
8.011000
8.127000
8.007000
7.981000
7.834000
7.994001
7.997000
7.992000
8.015000
7.970000
8.022000
7.965000
8.010000
8.014000
8.001000
7.813000
8.013000
8.132000
8.018000
8.031000
8.025000
8.021000
8.050000
8.033000
8.111000
8.022999
8.052001
8.018000
8.078000
7.855000
8.035000
8.048000
8.035000
8.086001
7.872000
7.847000
7.857000
8.016000
8.020000
8.032000
7.841000
7.839000
8.024001
8.064000
8.073000
8.041000
8.030000
8.032000
8.075000
8.008000
8.007000
8.105000
8.036000
8.023000
8.029000
8.018000
8.029000
8.056000
8.029000
8.114000
7.882999
8.044000
8.050000
7.860000
7.864000
8.029000
8.034000
8.159000
7.862000
8.038000
8.039000
8.039000
7.857000
8.040000
8.050000
8.034999
8.022000
7.859000
8.048000
8.033000
8.087000
8.036000
8.029999
7.873000
8.029000
7.839001
7.860000
7.850001
7.845000
7.811000
7.864000
7.850000
7.847000
7.836000
7.835001
7.858000
7.855000
7.865000
7.882000
7.811000
7.843000
7.809000
7.821000
7.865001
7.820000
7.808000
7.800000
7.941999
7.830000
7.813000
7.828999
7.818000
7.814000
7.817000
7.827000
7.818000
7.792000
7.793000
7.814000
7.777000
7.802000
7.783000
7.872000
7.814000
7.795000
7.865000
7.813000
7.827001
7.815000
7.819000
7.805000
7.840000
7.997001
8.001000
7.981000
7.994000
8.048000
8.014000
7.993000
8.001001
7.982000
8.002000
7.988000
8.053000
7.803000
8.016000
7.981000
7.998999
7.986999
8.051001
7.844999
7.860000
7.848999
7.857000
7.812000
7.850000
7.839000
7.823000
7.812001
7.830000
7.827001
7.817000
7.822000
7.852000
7.820000
7.832000
7.782000
7.827000
7.817000
7.828000
7.821999
7.821999
7.813000
7.814000
7.843000
7.824000
7.824000
7.811001
7.818000
7.841000
7.845000
7.867000
7.889000
7.837000
7.865000
7.830000
7.836000
7.837000
7.866001
7.852000
7.837000
7.846000
7.830000
7.829000
7.856000
7.834000
7.854000
7.828000
7.833000
7.852000
7.837000
7.825000
7.828000
7.835000
7.931001
7.813000
7.827000
7.846000
7.831000
7.823000
7.885000
7.843000
7.884000
7.973000
7.811000
7.943001
7.812000
7.821000
7.813000
7.816000
7.836000
7.799000
7.805000
7.890000
7.820000
7.808000
7.811000
7.805000
7.794000
7.828000
7.796000
7.827000
7.872000
7.863000
7.824000
7.821000
7.829000
7.842000
7.820000
7.832000
7.821999
7.831001
8.081000
7.855999
7.875000
7.868000
7.856000
7.881000
7.854000
7.841000
7.874001
7.852999
7.846000
7.852000
7.876000
7.867999
8.129000
7.847000
7.860000
7.847000
7.846000
7.858000
7.902000
7.882000
7.874000
7.853000
7.836999
7.846000
7.902999
7.886000
7.925000
7.881000
7.848999
7.920000
7.879000
7.820000
7.913000
7.886000
7.937000
7.850000
7.883999
7.847000
7.892000
7.834001
7.849000
7.852000
7.823000
7.847000
7.840000
7.826000
7.832000
7.851000
7.848999
7.819001
7.837000
7.839000
7.823000
7.842000
7.820000
7.817000
7.846000
7.823000
7.816001
7.808000
7.805000
7.806000
7.809999
7.809000
7.806000
7.812999
7.807000
7.808000
7.813000
7.810000
8.028001
7.850000
7.852999
7.840000
7.842000
7.817000
7.849000
7.854000
7.836999
7.819000
7.848999
7.818000
7.854000
7.823000
7.824000
7.839000
7.840999
7.844000
7.829000
7.851000
7.833000
7.900000
7.894000
7.859000
7.827001
7.809999
7.998999
8.010000
7.871999
7.896000
7.847000
7.844000
7.843000
7.826000
7.819000
7.993001
7.971000
7.900001
7.855000
7.848999
7.861000
7.888000
7.824000
7.844000
7.820000
7.824000
7.817000
7.836999
7.846001
7.865001
7.836999
7.834001
7.835001
7.892000
7.839000
7.862000
7.843000
7.826000
7.846001
7.829000
7.851999
7.824000
7.851000
7.842000
7.859000
7.854000
7.823000
7.870000
7.834000
7.832999
7.830000
7.833000
7.855000
7.848000
7.839000
7.839000
7.855000
7.815001
7.830000
7.838001
7.822000
7.833000
7.846000
7.930000
7.872000
7.812000
7.881001
7.844999
7.831001
7.827000
7.835000
7.836000
7.846000
7.807000
7.832999
7.841000
7.859000
7.817999
7.841000
7.833000
7.815000
7.837000
7.820000
7.914999
7.820000
7.819000
7.814000
7.857000
7.834001
7.813000
7.817999
7.833000
7.837000
7.815000
7.816000
7.823000
7.841000
7.818000
7.819001
7.825000
7.820000
7.877000
7.820999
7.815000
7.824999
7.812000
7.823000
7.835000
7.847000
7.833000
7.896000
7.831000
7.870000
7.860000
7.836000
7.835001
7.839000
7.824000
7.862000
7.816000
7.808000
7.817000
7.808000
7.817000
7.843000
7.807001
7.822000
7.805000
7.819000
7.818000
7.819000
7.817999
7.829000
7.870000
7.823000
7.824001
7.819001
7.828999
7.821000
7.815000
7.819000
7.834000
7.823000
12.473000
7.957000
7.801999
7.796000
7.958000
7.966001
7.954000
7.972999
7.962001
7.958001
7.956000
7.960999
7.982000
7.965000
7.959000
8.037000
7.962000
8.054000
7.789000
7.974001
7.995000
8.023000
8.012000
8.055000
8.016000
7.975000
7.956999
7.976000
7.959000
7.982001
7.806000
7.989000
7.810000
7.995000
8.002000
8.059000
8.038000
7.968999
7.989001
8.016000
7.995000
7.997001
7.989000
8.008000
7.804001
8.063001
7.968000
8.026999
7.997000
8.029001
8.006000
7.986000
8.019000
8.006000
7.853000
8.018000
8.053000
8.013000
8.013000
8.021000
8.022000
8.020000
8.008000
7.837000
8.002000
8.011000
8.062000
8.003000
7.995000
8.026000
7.994000
8.038000
8.051000
8.009000
8.017001
8.010000
8.012000
8.014000
8.018000
8.083001
8.006000
8.005000
8.226001
8.062000
8.215000
8.031000
7.877001
8.041000
8.014000
8.016001
7.854000
8.017000
7.845000
8.086000
8.020001
8.025000
7.849000
7.846001
7.850000
7.857000
7.837000
7.855000
7.859999
7.878000
7.831000
7.846000
7.837000
7.826000
7.873000
7.834000
7.846000
7.838000
8.008000
8.016000
8.019000
7.843000
8.016001
8.024001
8.023000
8.034999
8.020000
7.997001
8.034000
8.015000
8.026999
8.025001
8.030000
8.016000
8.034000
8.022999
8.018000
8.076000
8.040000
8.019000
7.999000
8.005001
8.005000
7.991999
8.006999
8.033000
8.030000
8.055001
8.010000
8.026000
7.976000
8.003000
7.989001
7.998000
7.998000
7.994999
8.024000
7.994999
8.006000
8.045000
7.971000
7.992000
7.983000
7.996000
8.005000
7.995999
7.800000
7.979000
7.987000
7.991000
8.243000
8.016000
8.010000
8.079000
8.014000
8.010000
8.011000
8.012000
8.029000
8.011000
7.980000
8.006999
8.003000
7.835000
7.834000
8.032000
7.993000
8.073000
7.998000
7.985000
8.006999
8.003000
8.017000
7.966000
7.826000
7.971000
7.968000
7.972000
7.980000
7.986000
7.954000
7.990000
7.993001
7.967000
7.995000
7.996000
7.967000
7.999000
7.834000
7.993000
7.815000
7.841000
7.844999
7.823000
7.822000
7.821000
7.812000
7.820000
7.828000
7.871999
7.816000
7.838001
7.817000
7.836000
7.822000
7.819000
7.815000
7.827000
7.832999
7.846000
7.830000
7.835001
7.883999
7.825000
7.816000
7.813000
7.815001
7.836999
7.819000
7.836999
7.830000
7.859000
7.843000
8.029000
8.027000
7.854001
7.851000
7.836000
7.839000
7.827000
7.817000
7.822000
7.891000
7.882000
7.835000
7.820000
7.806000
7.778999
7.801000
7.805000
7.888000
7.847000
7.853000
7.801999
7.812000
7.805000
7.802000
7.838000
7.803001
7.816000
7.809000
7.816000
7.807000
7.822000
7.811000
7.814000
7.938000
7.862001
7.852000
7.844999
7.842000
7.846000
7.824000
7.852999
7.852000
7.943000
7.846000
7.840000
7.820000
7.826000
7.817000
7.835000
7.897000
7.832000
7.816000
7.862001
7.821999
7.836999
7.838001
7.846000
7.845000
7.848999
7.831000
7.894000
7.819001
7.840000
7.816000
7.825000
7.847000
7.833000
7.836000
7.836000
7.861000
7.848000
7.853000
7.827000
7.859000
7.835000
7.823000
7.838000
7.827000
7.856000
7.838001
7.882000
7.846000
7.844000
7.824000
7.850000
7.850000
7.867000
7.842000
7.855000
7.833000
7.821999
8.043000
7.884000
7.862999
7.848000
7.864000
7.876000
7.855999
7.865000
7.864000
7.865000
7.881000
7.857000
7.855999
7.859000
7.866000
7.866000
7.847999
7.898000
7.833000
7.836000
7.851000
7.897000
7.851001
7.874000
7.896000
7.844999
7.851000
7.851999
7.852000
7.836999
7.834000
7.887000
7.856000
7.961000
7.883000
7.856000
7.888000
7.854000
7.897000
7.864000
7.856000
7.858000
7.848000
7.840000
7.845000
7.863999
7.847000
7.846000
7.838001
7.827000
7.833000
7.865001
7.836999
7.846000
7.845000
7.965000
7.896000
7.842000
7.858000
