5.419000
5.421001
5.458999
5.416000
5.379000
5.400000
5.394000
5.364001
5.404000
5.411000
5.422000
5.411000
5.408000
5.441000
5.445000
5.375000
5.379001
5.419000
5.423000
5.400000
5.481000
5.392000
5.446000
5.448001
5.356000
5.422999
5.406001
5.391000
5.395000
5.396000
5.389000
5.371000
5.474000
5.444000
5.457000
5.388000
5.373000
5.409000
5.405000
5.376000
5.407000
5.434000
5.413000
5.362000
5.426000
5.395001
5.449001
5.436000
5.402001
5.376999
5.397000
5.462000
5.382000
5.419000
5.416000
5.387001
5.416000
5.410000
5.430000
5.386000
5.435000
5.321001
5.402001
5.415000
5.422000
5.369000
5.421000
5.396000
5.450000
5.311000
5.372999
5.376000
5.358000
5.438001
5.387000
5.419000
5.363001
5.433001
5.396000
5.451000
5.388999
5.407000
5.396000
5.341999
5.380000
5.371001
5.429000
5.388000
5.388000
5.380000
5.404000
5.383000
5.404000
5.414000
5.376000
5.467000
5.358000
5.367000
5.441000
5.366000
5.349999
5.361000
5.351000
5.393000
5.378000
5.389000
5.368000
5.394000
5.434000
5.375000
5.410001
5.418001
5.406000
5.394000
5.396000
5.394000
5.459000
5.391000
5.403000
5.404999
5.376000
5.365000
5.364000
5.327000
5.407000
5.419000
5.413000
5.331000
5.392000
5.433000
5.375000
5.388000
5.421001
5.351000
5.452000
5.444000
5.384000
5.382000
5.426000
5.369999
5.398001
5.375000
5.379000
5.378000
5.410000
5.412000
5.372999
5.423999
5.376000
5.373000
5.446000
5.351000
5.388000
5.363001
5.442999
5.324000
5.435999
5.405000
5.421000
5.359000
5.472000
5.462000
5.386000
5.410000
5.376000
5.396000
5.433001
5.417000
5.435999
5.384999
5.434000
5.384000
5.364000
5.424000
5.425001
5.386000
5.402000
5.417000
5.418000
5.458999
5.411000
5.362000
5.458000
5.400000
5.411000
16.498000
5.411999
5.409000
5.364000
5.376000
5.446000
5.427000
5.415999
5.370000
5.434000
5.398000
5.429001
5.408000
5.396000
5.345000
5.405000
5.410000
5.368999
5.434001
5.434999
5.392999
5.454000
5.361000
5.378000
5.401000
5.425001
5.385000
5.436000
5.419999
5.375000
5.357999
5.351000
5.450000
5.435000
5.361000
5.400000
5.402001
5.410000
5.423999
5.373000
5.423000
5.436000
5.416000
5.366000
5.374000
5.400000
5.410000
5.410001
5.395000
5.384000
5.385000
5.409000
5.426000
5.427000
5.361000
5.417000
5.406000
5.403000
5.419000
5.389000
5.380000
5.361999
5.411000
5.399000
5.427000
5.367000
5.396999
5.419000
5.427000
5.398000
5.342000
5.382000
5.450000
5.438000
5.373999
5.414000
5.371000
5.350000
5.393000
5.406000
5.401000
5.408000
5.381000
5.376999
5.394000
5.360000
5.376000
5.415000
5.371000
5.425001
5.390000
5.446000
5.404999
5.375000
5.402001
5.418000
5.425001
5.391001
5.420000
5.342999
5.435999
5.358000
5.364000
5.353000
5.456000
5.434999
5.383000
5.381000
5.417001
5.432000
5.402001
5.386000
5.388000
5.347000
5.423999
5.411000
5.435999
5.429000
5.348000
5.395000
5.411000
5.415000
5.412000
5.341000
5.438000
5.401000
5.367000
5.379001
5.411000
5.427999
5.458000
5.458999
5.360000
5.443000
5.397000
5.391000
5.399000
5.425001
5.426000
5.425001
5.343000
5.377000
5.361000
5.444000
5.432000
5.373999
5.384000
5.449000
5.461000
5.414000
5.419000
5.368000
5.430001
5.391000
5.456000
5.404000
5.379000
5.421000
5.374000
5.435999
5.434000
5.373999
5.382000
5.389000
5.368000
5.410000
5.388999
5.375000
5.342000
5.410000
5.392000
5.423999
5.421000
5.442000
5.461001
5.450000
5.394001
5.373000
5.444000
5.410001
5.393000
5.442999
5.376000
5.413000
5.373000
5.426000
5.414001
5.396000
5.407000
5.409000
5.359001
5.391999
5.362000
5.357000
5.382000
5.417001
5.347000
5.336000
5.377000
5.384000
5.439000
5.440000
5.381000
5.405000
5.486000
5.443000
5.481999
5.377000
5.412000
5.425001
5.408000
5.430000
5.437001
5.413000
5.427000
5.416000
5.408000
5.437000
5.351000
5.410000
5.398000
5.452000
5.365999
5.425000
5.444000
5.400000
5.423000
5.379001
5.373999
5.430000
5.383000
5.392000
5.369000
5.371000
5.368999
5.388000
5.390000
5.385000
5.342000
5.419000
5.404000
5.439000
5.456000
5.430000
5.402000
5.442000
5.423999
5.388000
5.376999
5.444000
5.421001
5.404000
5.338000
5.388999
5.383001
5.402000
5.379000
5.376999
5.366000
5.384000
5.370000
5.407999
5.359000
5.441000
5.353000
5.369000
5.421000
5.348000
5.410000
5.431000
5.376999
5.421000
5.388000
5.370000
5.457000
5.439000
5.423000
5.381000
5.390000
5.461000
5.468001
5.417000
5.443000
5.453000
5.385000
5.409000
5.413000
5.439000
5.373000
5.422000
5.426000
5.442000
5.382000
5.350000
5.430000
5.433000
5.386000
5.414001
5.411000
5.421000
5.408000
5.372000
5.349000
5.429001
5.384000
5.367000
5.418001
5.433000
5.396999
5.372000
5.359001
5.373000
5.401000
5.411000
5.458000
5.384000
5.365999
5.420000
5.354000
5.369999
5.372000
5.400000
5.372000
5.434000
5.364001
5.456001
5.441000
5.364000
5.380000
5.359000
5.375000
5.392000
5.396999
5.415999
5.390000
5.389000
5.397000
5.430999
5.321000
5.408000
5.387000
5.395000
5.390001
5.343000
5.438000
5.423999
5.373999
5.385000
5.366000
5.386000
5.384000
5.426000
5.361000
5.365999
5.348001
5.387000
5.404000
5.382000
5.340000
5.416000
5.395999
5.419000
5.348000
5.398000
5.413000
5.431000
5.429000
5.393000
5.435000
5.415000
5.383000
5.405000
5.401000
5.375000
5.413000
5.415000
5.404999
5.364000
5.345000
5.427000
5.437001
5.440000
5.428000
5.365000
5.371001
5.382000
5.388000
5.427000
5.364000
5.450000
5.349000
5.401000
5.427000
5.417000
5.393000
5.381000
5.386000
5.420000
5.429000
5.390000
5.437000
5.412000
5.403000
5.371001
5.393000
5.427999
5.426000
5.409000
5.402000
5.402001
5.348000
5.344000
5.449000
5.352000
5.424000
5.406000
5.428000
5.443000
5.373999
5.400000
5.434000
5.402001
5.427000
5.394000
5.399000
5.430000
5.389000
5.417001
5.406000
5.337000
5.380000
5.403000
5.395000
5.385000
5.449000
5.476000
5.429000
5.370000
5.378000
5.420000
5.411000
5.371000
5.359000
5.349000
5.396999
5.400000
5.392999
5.357000
5.390000
5.413000
5.459000
5.422000
5.421000
5.437001
5.359000
5.398001
5.384000
5.389000
5.360999
5.399000
5.382000
5.420000
5.368001
5.387000
5.394000
5.394001
5.384999
5.425001
5.347000
5.425000
5.396000
5.420000
5.359001
5.410000
5.439000
5.427999
5.422000
5.419999
5.422000
5.423000
5.396999
5.432000
5.398000
5.411000
5.400000
5.414001
5.354000
5.396000
5.422001
5.388000
5.339000
5.433000
5.371000
5.392000
5.405000
5.400000
5.362000
5.381000
5.351000
5.458999
5.372000
5.388000
5.479000
5.415000
5.437001
5.423000
5.413000
5.413000
5.350000
5.404999
5.421001
5.395000
5.369999
5.404999
5.395001
5.431000
5.456001
5.453000
5.442000
5.429000
5.386000
5.412000
5.418000
5.390001
5.359001
5.437000
5.392000
5.407000
5.390000
5.404000
5.367000
5.455000
5.433000
5.432000
5.384999
5.430000
5.375000
5.407000
5.391000
5.411000
5.411000
5.376000
5.360001
5.402000
5.397000
5.398001
5.433001
5.376999
5.413000
5.419000
5.378000
5.403001
5.419000
5.441000
5.391000
5.387001
5.440000
5.446000
5.377000
5.456001
5.426000
5.349000
5.357000
5.378000
5.388000
5.409000
5.327000
5.427999
5.371000
5.441000
5.426999
5.400000
5.437001
5.406000
5.350000
5.430000
5.413000
5.391000
5.418000
5.442000
5.419000
5.383000
5.416000
5.398000
5.390000
5.371000
5.386000
5.465000
5.416000
5.359000
5.457000
5.373000
5.450000
409.202999
5.380000
5.415000
5.440000
5.405000
5.393000
5.378000
5.407000
5.402001
5.413000
5.414000
5.396999
5.427000
5.428000
5.357000
5.427000
5.427000
5.416000
5.402001
5.386000
5.403000
5.352001
5.395000
5.375001
5.419000
5.413000
5.407000
5.425001
5.394001
5.436000
5.394001
5.435000
5.440000
5.399999
5.409000
5.419000
5.407000
5.414000
5.416000
5.453000
5.447000
5.400000
5.442000
5.371001
5.438000
5.415000
5.396999
5.386000
5.435000
5.383000
5.388000
5.407000
5.358000
5.391000
5.415999
5.360000
5.338999
5.407000
5.383000
5.400000
5.413000
5.450000
5.419000
5.411000
5.387000
5.462000
5.422000
5.349000
5.372999
5.385000
5.364000
5.440000
5.376000
5.367000
5.405000
5.353000
5.415999
5.420000
5.386000
5.381000
5.374000
5.364001
5.412000
5.382000
5.346000
5.365000
5.425001
5.431000
5.425001
5.383001
5.406000
5.391000
5.421000
5.417001
5.407000
5.334000
5.395999
5.403999
5.457001
5.379000
5.425000
5.379001
5.405000
5.380000
5.435000
5.437000
5.455000
5.400000
5.369000
5.362000
5.423000
5.372000
5.384000
5.395000
5.463000
5.422001
5.389000
5.379001
5.341000
5.369000
5.421000
5.388000
5.443000
5.429000
5.364000
5.374000
5.375000
5.412000
5.350000
5.403999
5.467000
5.423999
5.418000
5.414000
5.360999
5.441001
5.457999
5.378000
5.398001
5.416000
5.406001
5.416000
5.410000
5.408000
5.376000
5.392000
5.384999
5.402000
5.411999
5.418000
5.403000
5.396000
5.395999
5.400000
5.403000
5.344000
5.409000
5.384000
5.383001
5.395999
5.426000
5.384000
5.428000
5.365999
5.342999
5.441000
5.376000
5.374000
5.384000
5.374000
5.433000
5.452001
5.341000
5.389000
5.374000
5.429000
5.377000
5.357000
5.432000
5.422999
5.410000
5.416000
5.430000
5.390001
5.393000
5.384000
5.428000
5.409000
5.391000
5.423000
5.445000
5.390000
5.431000
5.389000
5.430000
5.404999
5.369000
5.386000
5.427000
5.368000
5.434000
5.410000
5.403000
5.381000
5.386000
5.344000
5.401000
5.410000
5.400000
5.406000
5.407999
5.376000
5.357000
5.381000
5.439000
5.372000
5.405000
5.398001
5.444000
5.411000
5.379000
5.377000
