90.187998
90.143001
90.019001
90.271000
90.030000
90.132000
90.115001
90.119001
90.054000
90.031000
89.991000
90.025000
89.973999
90.234000
90.041999
89.954000
89.956000
89.935001
89.968000
89.942001
89.978000
90.033000
90.046000
90.023000
90.073001
90.053000
90.060001
90.001000
89.954000
90.018999
90.018000
90.017999
89.955000
90.043999
95.245000
90.064000
90.033000
89.982999
89.956999
90.003999
89.958999
90.032000
89.961000
90.075999
89.986000
90.002000
90.093000
89.989001
90.023000
89.989001
90.128999
90.030001
90.036999
90.016000
89.943999
90.024998
90.067999
90.018999
89.964999
90.065001
90.016998
89.997001
89.971999
90.023000
90.009000
90.007000
90.037001
89.986999
89.943999
89.987000
90.070000
89.950999
89.959001
90.037001
89.932000
90.005001
89.957001
89.958999
90.008000
90.021001
89.941999
89.938000
89.975001
89.978000
89.920999
89.978000
90.076001
89.980001
89.925000
90.026001
90.048000
89.984000
89.960000
89.994999
90.090001
89.935999
89.986999
89.958001
89.972999
90.062000
89.943001
90.017000
89.979000
89.986000
89.982999
90.036001
89.962000
89.979000
90.089001
89.955999
89.929000
90.002000
89.947000
90.011001
89.938000
90.024000
89.989999
89.954000
89.962000
89.988001
94.126999
89.942001
89.951001
89.970000
89.977998
89.937000
89.953000
89.932999
90.054000
89.980999
89.965999
89.977002
89.918999
89.979000
89.920999
89.932000
90.067001
89.999001
89.991000
90.026001
89.942999
89.990001
90.193002
89.965999
90.089999
89.936001
89.969998
89.982999
89.948000
89.937001
89.974999
89.955000
90.073999
90.035001
90.073999
89.962000
89.945000
89.953000
89.930000
89.981001
89.966999
89.971000
89.961000
90.041000
89.946000
89.973001
90.004999
90.071000
90.013001
90.016000
90.041000
89.985000
90.160999
90.002999
89.966999
89.987999
90.009999
90.045001
90.005999
90.067001
89.985000
90.055000
89.974001
90.016000
89.994000
90.084001
90.249000
90.074999
90.030000
90.008000
90.102000
90.063000
90.016000
90.315001
90.201000
90.069000
89.939000
89.985998
90.098001
89.995001
90.098001
90.064999
90.255000
89.968000
90.002999
90.203999
90.071000
89.996001
90.031000
90.022001
90.032998
90.020001
90.041999
89.992000
90.107001
90.143999
90.109000
89.997001
90.082001
90.047000
90.023000
90.005999
90.033000
90.022000
89.992000
90.054000
89.927001
90.112999
90.094000
89.999000
89.921001
90.297999
90.016000
89.974999
89.928001
89.956000
89.919001
89.981999
89.919001
89.993000
89.953000
89.941001
89.924000
90.024000
89.962000
89.992000
90.042001
89.992000
90.044999
90.046000
90.042999
90.041000
89.992000
89.977998
89.951999
90.017000
90.011001
89.980999
89.932000
90.073001
90.157999
89.953000
90.089001
89.988999
89.962000
89.943999
90.102000
89.965999
89.963000
89.997999
90.234000
90.065001
90.131000
89.977000
89.966001
90.080999
89.942001
90.042999
89.928001
90.348000
89.986000
90.266000
89.962000
90.015000
90.041999
89.977000
89.970000
90.010000
90.011999
90.062000
89.955999
90.053001
90.069000
89.971000
89.969000
89.990001
89.959001
89.948999
89.922000
89.970000
89.966999
89.988001
89.977000
89.954000
89.950999
90.089001
90.010999
90.010000
90.074999
89.978000
89.946000
89.972001
89.962000
90.082999
89.907000
90.045001
89.896999
89.958999
89.915000
89.984000
89.925999
90.232000
90.079000
90.016000
89.954000
89.991000
90.060001
89.946000
89.988999
90.007000
89.963000
90.008000
90.180999
90.027001
95.204001
90.013001
90.023000
90.100000
90.087000
89.993000
90.101000
90.023000
90.008000
90.030001
90.007000
90.020001
90.017999
90.113001
90.040000
89.998001
90.001998
90.003999
90.085000
89.993000
90.086000
90.127999
90.080000
90.004001
90.018999
90.057999
90.029001
90.028001
89.993000
90.043001
90.004999
90.061000
90.088001
89.968000
89.970000
90.093002
89.975001
90.129999
90.113001
89.970000
90.107001
90.005001
90.035001
90.022000
90.085002
90.008000
89.969000
90.018000
90.090999
90.008000
90.026001
89.987000
89.994999
89.973999
90.066001
90.002000
89.956999
89.992000
90.000000
90.359999
89.965001
90.053000
89.956000
89.937001
89.984000
94.687000
89.979000
90.027001
89.958001
90.076001
89.910001
89.998001
89.937001
90.027999
89.997001
90.024000
89.987999
89.965001
89.971000
90.037001
90.004001
90.102000
90.186000
90.000000
90.131002
90.017000
94.374001
90.034999
89.970000
89.958001
89.930000
90.027001
89.996999
90.025000
89.961002
90.025000
89.934001
90.012999
89.982999
90.069000
90.208000
90.066999
90.056999
90.010000
90.032000
90.035999
90.043999
89.998001
90.217000
90.001000
90.115001
90.104999
90.102000
89.997001
90.303998
90.104001
90.260999
90.018000
89.999000
89.995001
90.101000
90.018000
90.019001
90.115001
90.079000
89.969002
90.041000
90.008002
90.116000
90.073001
89.954000
90.065999
90.018000
90.046000
90.050001
89.999001
89.954000
90.057001
90.001000
89.969000
90.128001
89.958999
89.983001
89.976002
89.939000
89.987000
89.962000
90.009000
89.927999
89.955000
89.947999
90.121999
89.961000
90.048999
89.984000
89.992000
90.148998
90.125000
90.104001
90.142000
90.001998
90.050999
90.022000
90.079000
90.032000
89.980999
90.084000
90.127001
90.151999
90.095000
90.003999
90.089001
90.060001
90.023000
90.000000
89.968001
89.957001
89.974999
90.017000
90.132000
90.002999
90.082999
90.065001
90.055998
89.992000
90.004999
90.045001
90.001000
90.101000
89.992000
90.036001
90.061000
89.988999
90.088001
90.088001
90.058999
90.049999
90.058001
90.056000
89.980999
89.992000
89.973001
90.135999
90.023000
89.979000
89.956000
89.922000
89.970000
90.014001
89.961000
90.084000
90.036999
89.962000
90.100000
94.966000
89.995001
89.949999
90.040000
90.018000
89.977000
89.969000
90.038000
89.924000
90.063000
89.911001
90.070000
89.954000
89.929000
89.969000
90.018000
90.062000
89.988999
89.957999
90.001000
90.037001
90.007000
90.012001
89.983001
90.038000
90.019001
90.036999
89.982999
90.042999
90.042999
89.970000
90.042999
90.075999
90.099001
90.004001
90.085000
89.962000
89.897001
89.984000
89.995001
89.993000
90.038000
89.998001
90.009000
90.090999
90.103000
90.046000
90.109000
90.100000
89.954000
89.965001
89.968000
90.084000
89.960001
90.127999
89.965001
90.035001
90.038000
90.122001
90.110999
90.030000
89.991000
90.055000
90.074999
90.059999
90.114001
90.015000
90.026999
90.020999
90.133000
90.093000
90.030001
90.043001
90.002999
89.985000
90.040000
90.079999
90.071000
89.992000
89.995001
90.076001
90.054000
89.995001
90.075999
90.193000
89.989999
90.126000
89.977000
90.044999
90.000002
89.996001
89.974999
90.020999
90.030001
90.071000
90.007000
89.992000
90.018999
90.009000
89.980999
90.100002
89.960001
89.936001
89.956999
89.964001
90.090999
89.941001
90.117000
89.917000
90.018999
90.010000
90.055000
89.999000
89.997001
89.981999
90.074999
89.997999
90.171000
90.092001
90.023000
90.035999
89.988999
90.025999
90.011999
89.931000
90.097001
89.987000
90.125000
89.990001
90.115000
90.025000
89.985000
90.061001
89.986999
90.064000
90.111000
90.041000
90.095000
90.052001
89.979000
89.988999
90.001000
89.986000
90.009000
90.061001
90.032000
90.049999
90.040000
90.064999
90.097999
90.032998
89.966999
90.004999
90.006001
90.020999
90.009000
90.104001
89.995001
90.121001
90.011001
90.023000
90.053000
90.040999
90.007000
89.946000
89.942999
89.982999
89.985000
89.995999
90.002000
90.027999
90.053000
90.139000
89.961000
90.004999
89.989001
89.954998
89.982999
90.074001
89.951999
90.097999
89.952001
90.127001
89.974001
90.100000
89.931000
90.016000
90.066999
90.203000
90.004999
90.032000
90.005001
90.017999
90.157000
90.044999
89.976000
90.066999
90.003001
89.981999
90.002000
90.053000
89.996999
90.027001
90.092000
90.002000
90.069000
90.009000
90.065999
90.071999
90.041000
90.012999
90.026001
90.050001
90.009000
90.358000
90.057999
90.003001
90.078000
90.107001
90.028001
90.019999
90.040000
90.151001
90.047000
90.061000
89.989999
90.188000
90.020999
90.129999
89.989999
90.211000
90.130001
90.050001
90.025000
90.009000
94.621001
90.173000
90.005001
90.123000
90.000000
90.147000
90.053000
89.946000
90.007000
89.974001
89.978000
89.954000
89.970000
89.974999
89.987000
89.994999
90.094998
90.044999
90.007002
89.933001
89.939000
94.435001
90.015000
89.973999
90.039000
90.103000
90.097999
90.121001
90.058001
90.038002
90.051001
90.087000
90.051999
90.156000
90.080000
90.127001
90.023000
90.182999
90.140000
90.079000
90.101000
89.993000
90.060001
90.069002
90.148000
90.123001
90.027999
89.968000
89.994000
90.059001
90.371000
89.995001
89.968000
90.089001
90.032000
89.982999
89.952001
90.019999
89.985000
90.162000
90.078000
90.012001
90.026001
89.938000
90.034999
89.962000
90.054000
89.968000
89.957001
89.941001
90.016998
89.951999
90.049999
90.025000
90.025000
90.024000
89.985000
89.956000
90.015000
89.966001
90.050001
90.002000
89.996001
90.047000
89.963999
90.186000
90.081999
90.082001
90.069000
90.025000
90.035001
90.063000
90.004001
90.070000
90.112001
90.049000
89.994000
89.963000
89.950999
90.065001
90.046000
90.001000
90.026999
90.062000
89.995001
90.087000
90.079000
90.871001
90.061000
90.024000
90.006001
89.977000
90.009000
90.220999
89.996999
89.976000
89.976000
90.088001
89.970000
90.080999
90.016000
90.035001
90.004999
90.040000
89.984000
90.033000
90.107000
89.970998
90.173000
89.995001
90.020999
89.942999
90.067999
90.020999
90.004001
90.009999
89.973001
89.972001
90.020999
90.116000
89.989001
90.031000
89.998001
90.040000
89.970000
90.087000
90.025000
89.995999
89.981001
90.012001
90.158999
89.970000
89.972001
90.051001
89.966999
90.002000
90.059999
90.000000
90.102000
90.255000
89.957999
90.072000
90.004001
90.162000
89.993998
89.991000
90.061000
90.018000
90.011001
90.029001
90.012001
95.394000
90.098001
90.018000
90.004001
90.031000
90.112999
90.077000
90.017000
90.023002
89.995001
90.044001
90.038000
90.001000
89.994000
90.214999
90.097999
90.102000
90.025000
90.054000
90.050001
90.059001
90.078000
90.213001
89.975001
89.996999
90.087000
90.056000
90.027999
89.980999
90.000000
89.960001
89.957999
89.965001
90.017000
89.957999
90.017000
89.963999
90.067001
90.039000
90.003999
89.935001
90.020001
90.043999
96.373001
90.067001
90.070002
