89.175999
87.293001
86.514002
85.365001
86.116001
85.822001
85.446000
85.099999
86.016001
85.861001
85.609000
85.285001
85.524000
100.786999
93.714001
84.678000
84.452001
85.074000
84.646000
84.687999
85.016001
84.803000
85.168000
84.419001
84.536999
85.019000
84.865000
84.670002
84.555000
84.569000
84.404999
84.895998
84.694000
84.600000
84.735001
84.745999
84.599001
84.784001
84.689001
84.789000
84.874000
84.304001
84.612001
84.404999
86.206000
84.717000
84.843999
84.755000
84.542001
84.877999
84.809000
84.688000
84.499000
84.530000
85.120000
84.555000
84.703000
84.684001
84.650001
84.539000
84.343001
84.807999
84.956000
84.375000
84.390001
83.759999
83.890000
83.583999
84.034000
84.217999
84.213000
83.874000
84.198000
84.430000
84.418001
84.878001
84.089000
84.756000
84.671998
85.315000
84.921999
84.214000
84.687000
84.305001
84.909000
84.790999
84.799001
84.814001
101.675998
87.851001
84.474999
84.352000
84.014999
84.254000
109.444000
104.083000
84.202001
100.889999
118.220000
100.935001
99.848999
83.960000
101.042001
120.970000
85.097000
101.040998
120.957000
86.115999
108.674999
101.217002
91.624999
83.930999
84.315000
84.410999
94.949000
99.853000
84.423000
83.831999
117.426001
93.451001
84.125001
84.063999
92.360999
106.034001
85.565001
98.048002
84.166000
84.801000
84.164001
84.159000
94.505001
101.020001
108.045001
121.100001
103.415001
100.969000
88.050000
84.101999
103.388000
113.124000
83.997000
84.403001
84.442999
84.101999
84.399000
84.008001
84.365999
84.152000
83.594000
84.359000
101.396000
120.878000
120.740999
105.401000
120.151998
94.010999
84.323000
84.513001
84.409000
83.916999
84.239999
84.228002
84.112000
93.589000
93.976999
84.292000
107.555000
84.020000
84.373999
83.913999
83.943000
83.907001
83.964000
97.178001
84.197000
84.202999
95.226999
95.713999
84.086999
84.116001
84.182000
86.152000
84.237998
84.440999
84.183000
107.309001
112.725999
84.401000
84.101999
84.019000
84.095001
84.350999
84.276000
83.850000
83.978001
85.339000
89.546001
84.135000
83.866000
90.019001
84.150000
83.928000
99.021999
93.043001
84.167002
84.231000
84.035998
98.846000
85.574001
98.978000
109.801000
84.906001
88.869000
98.947000
114.955001
84.282000
84.071001
98.796999
84.332999
96.280001
98.247999
102.986999
91.677001
83.789999
93.353001
89.078000
84.121000
83.740002
92.947001
103.379000
86.077999
92.968000
94.393998
98.554000
94.986999
99.382000
105.650999
100.175001
104.181999
115.028000
98.897001
93.919002
83.896000
98.828999
94.787000
89.451000
83.916999
96.070001
87.367000
98.687001
98.640999
98.871000
94.841000
99.382000
120.234000
84.216001
83.734000
83.572000
100.471001
94.394000
83.626000
98.354001
90.423999
83.629999
83.815999
88.538999
108.033000
84.601000
97.664000
95.306000
87.344000
83.809000
96.012998
106.685000
105.796000
98.656001
119.686000
88.051001
83.999000
83.712000
83.525999
98.212000
91.657000
98.951001
120.134002
120.608998
120.712999
88.128000
96.023999
98.982999
114.074001
106.190000
83.848000
83.944000
83.820000
83.666001
84.155001
83.778000
84.167000
100.324001
87.919001
83.799999
100.919001
88.110000
84.104000
84.021999
93.680998
115.878999
84.017999
84.373001
106.074000
84.438000
100.385001
90.621000
83.981000
83.803000
83.864000
114.791000
87.849000
84.055001
83.941000
84.114000
83.968999
90.355000
83.795000
88.545000
105.457000
106.944999
89.220000
84.233999
96.389001
89.929001
97.463999
87.251000
103.636999
84.036000
84.027000
93.619000
89.924000
87.574001
84.368000
93.466999
88.478999
83.985001
96.649000
92.177000
84.409999
105.991000
84.129000
95.377000
103.628000
105.471000
88.206001
96.226001
83.957002
83.976001
101.052999
89.907000
96.060000
84.264999
103.744000
107.381001
109.326001
91.401000
83.705001
83.720999
89.685000
88.934999
115.597999
117.371000
118.099000
84.044000
99.160001
103.603000
94.703000
84.402999
84.121000
83.992001
83.699999
106.808001
113.096001
98.861000
83.689000
83.752999
84.027000
84.046001
93.258001
87.719001
103.680000
120.585000
98.997999
83.809000
104.109000
108.995000
83.854999
84.229000
83.687000
101.075001
83.995001
83.866000
84.376000
84.059000
83.636001
95.873000
84.191000
84.067000
88.801000
103.544001
113.197999
88.116001
84.915999
84.434999
84.054001
90.509001
114.810999
83.853999
105.165001
109.585000
83.878001
84.110999
84.168000
97.979000
83.889000
98.046001
90.666000
84.155999
100.422001
83.974000
93.141001
99.625001
104.184000
83.688000
84.128002
104.243001
116.628999
102.861000
84.167000
83.760001
104.372000
120.860001
98.422000
92.987999
95.881000
85.374000
83.852999
104.090001
120.375000
120.543001
98.623000
84.015001
103.734002
93.355998
84.340001
83.926000
84.099000
84.252000
84.163999
83.922001
84.181000
83.998000
84.158001
84.017001
86.855000
99.050000
83.929000
84.112000
84.124001
83.675001
84.000001
84.132001
87.785000
83.874000
91.556001
106.451999
86.546000
84.267000
83.896000
102.398999
83.812999
83.951999
104.092998
120.630000
120.399999
113.907998
83.554000
84.191000
84.044000
103.242001
83.743000
84.423998
84.236002
84.420001
91.380998
84.237000
83.973000
86.586999
83.479000
84.023001
83.988000
84.221000
83.746001
83.832001
83.879000
103.042999
84.055999
93.536001
108.905999
86.059000
84.060000
83.910000
83.914001
84.175000
83.978001
83.621999
84.215999
83.574999
83.549000
83.431000
84.155001
99.677000
84.260000
83.725000
83.740000
83.595999
84.230000
83.647000
96.824000
99.594001
98.963000
87.143999
83.881000
92.889000
83.927000
84.197002
87.475000
87.782001
107.944999
86.795999
105.040001
83.784999
83.524000
83.900001
84.123001
83.765000
84.055001
84.073000
83.814999
98.369000
83.965000
84.065001
84.063999
83.591999
83.923001
83.859999
84.114000
84.016999
98.523999
96.926000
103.848001
89.457000
83.866999
84.060000
83.637999
83.882000
84.182000
83.852999
83.892001
90.523001
100.108000
99.012999
107.784001
88.373000
106.667001
84.019002
85.614000
83.945999
98.905999
95.476000
84.089000
83.865000
83.985001
83.901001
84.101001
83.735000
83.718000
83.905000
83.736001
90.641001
94.091000
110.045999
83.701000
84.397001
83.960000
84.019000
83.986001
83.394000
83.936999
84.201001
86.097000
83.667001
84.006000
95.008999
83.578000
108.968001
84.024001
83.733998
98.719001
89.349002
83.735000
83.305001
83.833000
97.310001
85.099000
83.735999
83.597999
98.389000
84.356999
86.330999
98.691000
83.899999
83.898000
93.455000
101.683000
84.057000
83.984999
83.717000
84.039999
83.585000
99.330001
83.856001
109.615000
106.029999
90.250000
83.626000
83.943998
83.944000
83.625000
83.674999
83.575001
94.006000
111.887001
83.545001
83.592001
83.673000
83.723001
92.439000
83.748000
84.026001
83.758000
83.935000
83.821999
87.035000
89.135000
98.889999
84.234999
89.385001
113.036999
87.972999
83.757000
83.953001
90.708001
83.737999
84.167000
83.675001
84.733998
107.991001
107.346000
83.612999
92.474001
85.235000
84.484000
83.601000
83.470000
106.634000
107.957000
86.065000
106.721999
94.033999
106.463000
93.277002
98.557999
90.887001
109.579999
120.020000
104.828000
83.627000
83.543001
83.986001
83.749000
83.815999
86.385000
120.086001
157.806000
96.144000
83.941001
83.611000
83.656000
83.806001
83.809000
83.647000
95.055001
88.497000
83.419001
104.313999
108.894000
103.677001
84.737001
84.145000
83.776999
83.756000
92.513001
87.598000
92.551000
106.556000
83.640000
83.805000
83.736999
83.377998
83.693000
83.872000
83.525000
83.433000
83.683999
84.030000
88.795999
83.490999
109.328000
97.631000
96.121000
83.706001
84.399000
83.876999
101.903999
84.213000
112.496000
119.915999
100.252001
83.755000
86.422000
85.920000
83.479000
99.370001
85.662000
83.557999
83.778000
97.431000
83.674999
83.397001
83.796000
90.771001
97.984999
109.298000
84.007999
94.114000
92.481000
104.201000
120.025000
104.068000
83.675001
102.285000
88.103000
83.555000
83.841000
83.943000
83.663000
83.652999
83.744001
83.501000
83.338000
83.740000
83.843000
83.752001
83.787000
89.430001
83.803000
84.347000
83.529999
83.507000
83.407000
100.844000
83.821999
83.757000
83.708001
83.734000
83.767001
84.074000
84.450001
119.700000
105.791999
83.676999
83.489999
83.637001
83.507001
83.571998
83.777001
83.743999
83.648000
84.019000
83.602000
83.724000
93.103999
87.974001
83.436999
92.605000
83.695000
83.757000
83.542001
83.836000
83.681000
83.771000
91.791000
83.326001
83.850000
83.611000
83.793001
118.580999
86.561998
90.217000
83.817000
83.599001
83.666999
83.514001
83.735000
83.800001
83.771000
83.747000
83.827000
95.353000
89.907000
83.905000
87.469000
87.119000
103.760000
83.877001
84.412999
97.986002
94.033001
83.570002
105.096001
100.313999
84.429000
83.602000
83.416000
83.810002
83.674999
83.697001
83.574999
91.062000
110.538000
96.077001
83.579998
103.666000
83.650999
89.548999
83.827998
133.693999
83.789999
91.714000
83.600000
100.002000
87.097999
83.983000
89.610001
84.175000
83.627999
83.433999
83.952999
83.484000
83.873000
84.073000
83.946999
83.922001
84.027000
83.869999
88.269001
86.333001
83.988002
83.822999
83.521001
83.734000
97.391000
83.807999
83.838001
83.821001
83.628001
83.599001
83.774000
83.774000
84.106000
83.959000
84.115999
84.128000
88.040000
88.462999
98.623998
83.728999
89.057000
83.967000
83.913000
83.546000
83.713999
83.988000
98.702999
120.588001
120.404001
92.777999
90.702999
83.718000
83.701001
83.826000
92.352999
88.301999
83.393000
83.647000
84.057000
83.771002
84.049001
83.602000
97.256999
83.988000
83.913999
83.679000
88.535000
86.336000
83.658000
86.776000
110.664001
92.108000
83.631000
83.749998
83.826002
83.724000
83.668999
83.618000
94.410000
84.034001
83.771002
83.838001
89.854000
83.928999
83.684001
83.701001
84.116001
83.904000
100.274000
86.369000
83.750999
83.873998
83.531000
83.746001
83.967000
83.659999
83.611000
83.880000
83.791999
83.711000
83.821999
83.946999
83.660001
83.737999
83.567001
83.838999
83.774000
86.593000
84.083000
84.020000
112.593001
84.154999
84.004000
83.647000
83.565999
83.697001
83.967999
83.883001
83.861001
83.769999
83.711999
83.899999
83.669001
84.137000
92.131000
98.693000
83.764000
83.609000
83.615001
84.337000
100.562999
83.877001
83.550001
83.688000
84.001999
83.734000
83.951000
83.718000
83.820999
84.347000
83.494000
83.906000
83.844000
83.798001
