403.360000
410.460000
474.520000
475.400000
474.840000
474.780001
473.999999
473.740000
397.380000
502.060000
475.600000
399.580000
403.980000
398.539999
400.300000
398.200001
397.519999
409.220000
399.840000
397.080000
474.020000
397.180000
397.560000
396.300000
395.940000
461.780000
400.820000
396.819999
394.280001
396.140000
400.560000
445.400001
397.880000
400.680000
404.140000
399.239999
399.700000
418.420000
445.219999
447.820000
445.880000
398.660000
433.140000
398.860000
395.520000
399.640000
394.499999
396.660000
395.939999
397.580001
397.260000
440.500000
398.300000
399.479999
428.760000
398.800001
435.319999
445.800000
397.820000
413.020000
398.300000
399.180000
398.019999
398.520000
409.820000
402.580000
397.940000
397.740000
403.880000
398.520000
396.920000
397.539999
397.220001
399.020000
396.220000
398.500000
417.520001
400.300000
397.980000
397.720000
396.280000
399.780001
412.480000
396.720000
398.800001
446.000000
395.520000
423.680000
447.260000
444.980000
397.860000
396.820000
437.899999
406.480000
435.900000
397.960000
397.340000
397.380000
396.660000
396.720000
397.500000
405.780001
412.320000
398.399999
396.600001
397.519999
440.880000
398.260000
398.120000
397.240000
419.500000
397.080000
397.620000
394.860000
396.220000
393.700000
398.680000
398.400000
435.540000
396.400000
398.260000
396.760000
397.660000
396.600000
397.240001
397.480000
398.560000
403.280000
397.220000
397.620000
397.760000
395.460000
429.280000
397.679999
430.340000
444.240000
415.680000
399.700000
399.680000
400.140001
398.180000
396.819999
398.740000
398.020000
439.620000
446.560000
395.280000
396.980000
428.820000
396.360001
398.560000
397.039999
437.980000
397.340001
396.180000
396.200000
400.880000
397.060000
397.720000
398.300000
398.620000
407.360000
397.260000
397.500000
399.160000
397.740000
413.380000
398.260000
399.060000
398.640000
425.220000
398.180000
396.640000
396.640000
396.440000
399.580000
397.460000
398.539999
402.580000
398.700000
397.880000
396.480001
396.600001
437.280000
443.840000
431.300000
444.860000
467.380000
397.440000
396.700000
445.640000
399.360000
396.440000
396.020000
397.340000
442.720000
406.940000
417.140000
398.180000
416.140000
398.100000
396.299999
396.220000
399.080000
397.920000
396.640000
395.860001
432.840000
446.940000
398.020000
444.300001
398.739999
434.820000
399.440001
397.179999
399.120000
397.100001
398.300000
396.980000
443.580001
454.140000
397.600000
396.740000
397.020000
397.380000
397.240000
396.500000
400.520001
397.300000
403.140000
397.740000
398.000000
397.039999
396.799999
398.580000
397.200000
397.460000
398.000000
428.700000
396.020000
397.440000
398.180000
398.400000
395.880001
428.480000
397.760000
405.900000
397.200000
398.180000
397.039999
436.740000
397.559999
398.900000
397.020000
398.620000
454.820000
396.020000
396.640000
399.360000
398.560000
399.140000
397.640000
399.300000
403.620000
397.559999
396.060000
399.520000
398.380000
396.480001
398.460001
408.039999
396.860000
409.220000
397.400000
397.120000
397.740000
395.500001
397.100001
435.460000
415.039999
403.500000
397.559999
429.780001
397.560000
399.040000
396.920000
398.400000
402.840001
412.160000
410.780001
399.620000
396.840001
396.459999
397.480000
433.720000
397.620000
398.200000
397.519999
396.420000
396.900000
395.340000
400.840000
396.820000
396.860001
398.340000
397.060000
409.200000
398.140000
397.320000
398.800000
412.540000
446.460000
397.039999
399.980000
397.160000
403.320001
397.700001
399.980000
396.240001
397.880000
398.700000
415.800000
397.840000
406.780001
396.620000
398.780000
413.820000
434.560000
397.060000
399.740000
397.860000
398.160000
405.240000
398.700001
396.679999
397.640000
395.640000
400.140000
398.100000
401.020000
435.880000
400.300000
396.620000
397.140000
399.400000
400.600000
396.819999
397.900000
398.760000
403.940001
398.279999
397.320000
398.260000
400.300001
399.019999
396.699999
397.000000
398.060000
412.820000
397.100000
396.940000
397.920000
396.680000
397.419999
398.720000
397.040000
401.500001
395.500000
400.479999
396.799999
397.220000
396.960000
397.740000
441.960000
397.299999
411.040000
401.340000
397.280000
398.620000
398.440001
400.280000
396.840001
397.600000
396.600001
400.459999
397.740000
398.420000
397.780000
430.400000
395.780000
415.200000
445.340000
452.440000
396.380001
397.140000
396.940000
438.880000
397.600000
397.460000
395.800000
464.380000
399.040001
397.980000
397.120000
399.420000
396.020000
413.200000
398.840000
398.700001
403.040000
398.260000
424.200000
426.480000
397.880000
395.640000
396.120000
398.680000
418.060000
396.720001
397.760000
400.080000
397.920000
398.139999
399.280000
397.419999
396.700000
402.700000
398.360000
395.720000
397.720000
397.180000
398.100000
425.079999
445.739999
397.559999
398.560000
396.100000
395.080000
395.439999
400.020001
397.460000
396.100000
397.419999
403.320000
397.760000
396.400000
443.680000
398.320001
397.520000
396.060000
397.760000
435.980000
449.540000
397.519999
397.880000
430.960000
396.400000
395.820000
397.280000
398.620000
403.220000
398.519999
398.380000
400.020001
396.520000
398.420000
398.220000
423.560000
432.760000
449.960001
434.060000
445.520000
397.740000
398.340001
396.000000
398.820000
397.480001
426.780000
397.140000
398.879999
396.120000
396.860000
398.360000
399.140000
397.680000
397.440000
458.260000
399.400000
396.620000
398.040000
398.980000
435.780000
397.660000
395.820000
404.340000
397.180000
399.560001
437.360000
399.420000
397.640000
438.639999
396.459999
443.020000
417.440000
399.840000
401.040000
399.040001
397.840000
397.460001
398.420000
397.900000
402.140001
441.780001
443.740000
400.560000
397.659999
429.320000
400.200000
428.900000
406.980000
396.860001
398.080000
439.980000
394.780000
396.580000
398.440000
399.499999
397.260000
402.180000
397.500000
399.800001
443.580000
446.120000
443.780000
445.080000
445.440000
456.680001
425.800000
397.300000
414.820000
429.960000
444.159999
398.460000
399.260000
448.080000
396.579999
399.940000
398.280000
398.060000
397.720001
412.880000
398.480000
396.260000
440.600000
405.360000
395.620001
398.060001
398.659999
398.220000
399.760000
426.419999
457.099999
398.039999
397.779999
398.220001
425.740000
446.520001
398.020000
398.400000
442.240000
410.100000
396.000000
397.160000
398.979999
397.260000
398.000000
398.260000
398.480000
401.640000
398.360000
398.820000
418.540000
433.740000
412.520000
447.260000
400.080000
397.880000
408.779999
399.300001
400.040000
432.140000
445.540001
397.540000
399.720000
397.460000
403.640000
395.320000
399.420001
396.260001
396.960000
436.100001
432.420000
397.020000
397.919999
449.100000
398.860000
398.020000
398.020000
396.480001
399.560000
397.300000
433.580000
403.840000
397.300000
441.380000
416.000000
394.980000
397.800000
398.040000
397.080000
399.760000
411.740000
397.320000
398.759999
400.520000
396.980001
398.800000
398.020000
399.580000
403.800000
411.280001
396.140000
397.540000
396.140000
397.480000
395.200000
398.740000
395.580000
409.740000
396.760000
398.560000
396.760000
397.919999
396.260000
398.860000
396.800000
398.360000
397.440000
417.240000
428.680000
396.540000
395.920000
399.980000
397.100000
396.940000
402.540000
398.720000
396.640000
396.940000
440.840000
399.060000
397.220000
398.860000
434.840000
430.600000
397.520000
397.320000
395.320000
398.800001
398.620000
397.880000
396.940000
435.380001
397.899999
398.140000
396.320000
430.620000
396.900000
428.360000
447.200000
396.860000
431.680000
397.659999
400.620000
399.360000
396.320000
396.980000
399.180000
397.440000
407.060000
395.760001
398.220001
397.600000
397.960000
396.620000
398.640000
398.780000
397.100000
415.040000
397.440000
397.420000
397.120000
397.040000
397.320000
397.800000
397.080000
401.940000
398.160000
405.100000
397.620000
436.320000
439.580000
414.000000
396.260001
396.520000
419.480001
398.740000
396.840001
399.200000
398.260000
394.960000
395.840000
397.040000
404.720000
397.820000
397.960001
397.440000
398.880000
445.760000
397.820000
421.820000
445.460000
460.480000
398.340001
436.520000
444.999999
444.720000
435.380000
397.220000
398.940000
402.560000
396.200000
433.920001
397.540000
397.860000
396.920000
398.160000
393.880000
395.819999
394.740000
399.000000
423.620000
398.380000
397.060000
398.560000
398.740000
397.380000
402.460000
431.720000
434.760000
398.820000
400.100000
399.880000
428.420000
397.540000
397.220000
398.420000
416.280000
396.720001
395.900000
396.840001
397.440000
398.700000
397.940001
442.880000
445.360000
398.560001
400.300001
397.799999
399.320001
397.780000
398.060001
398.320000
456.560000
399.660000
398.440000
400.040001
397.260000
396.640000
397.179999
398.960000
447.339999
398.000000
397.420000
440.520001
398.360000
398.860000
397.340000
397.740000
396.939999
408.460001
398.180000
399.820000
398.039999
412.700000
398.220001
404.820001
398.000000
403.180000
436.720001
396.580000
398.300000
397.460000
399.140000
398.200000
398.360000
399.080000
413.540000
397.460001
397.000000
396.800000
432.720001
396.380000
397.360000
396.920000
404.780000
397.179999
439.979999
398.980000
399.119999
397.840000
415.420000
440.840000
400.540000
411.100000
400.000000
397.420000
397.500001
398.060001
433.400000
398.000000
398.240000
402.820000
475.620001
473.700000
472.879999
471.980000
472.240000
470.920000
475.080000
483.280000
443.460001
398.499999
418.500000
433.420000
398.060000
397.280000
401.459999
429.220000
398.800001
397.420000
399.520000
403.680000
438.780000
396.440000
397.760000
397.440000
398.320001
439.100000
401.000000
407.880000
397.940000
396.060000
397.600000
397.679999
449.300000
399.400000
399.100000
397.679999
397.480001
398.820000
397.220000
414.880000
398.620000
431.800000
444.860000
431.720000
396.900000
399.780001
396.799999
397.760000
396.960001
404.860000
397.080000
398.620000
396.760000
399.139999
395.880000
434.460000
397.960001
444.580000
397.640000
396.900000
400.540000
400.080000
397.520000
398.840000
397.600000
410.800000
403.920000
396.960000
398.780000
398.400000
396.240000
397.620000
398.740000
399.080000
397.000000
409.060000
396.080000
398.540000
396.360000
397.660000
397.940000
417.780001
396.120000
401.660000
396.620000
398.980000
439.980000
398.879999
398.100000
398.940000
398.880000
398.520000
447.280000
399.119999
435.800000
422.600000
399.380000
395.620001
396.280000
398.119999
404.640000
397.720000
396.460000
400.180001
399.700000
429.540000
398.120000
425.240000
415.760000
409.560001
399.180001
399.140000
398.900000
397.580001
396.260000
441.020000
398.400000
401.580000
398.060001
399.160000
400.260000
397.480000
398.620000
432.220000
400.940000
396.140000
445.660000
399.220000
399.800000
397.940001
398.320000
396.220000
397.920000
398.460000
403.620000
399.880000
398.820000
398.720000
399.499999
433.259999
432.600000
395.760000
397.340000
442.760000
398.440000
396.120001
397.779999
400.280001
399.740000
396.620000
397.200000
401.100000
399.400000
396.660000
397.620000
397.080000
431.220000
