27.439999
26.140000
26.280000
25.560000
25.260000
24.940000
25.220000
25.480000
25.040000
25.260000
25.080000
25.040000
25.080000
24.640000
24.700000
24.760000
24.660000
24.879999
24.740000
24.780000
24.800000
24.520000
25.000000
24.740000
24.639999
24.460000
24.380000
24.300000
24.359999
24.560000
24.620000
24.600000
24.379999
24.500000
24.560001
24.420001
24.280000
24.859999
24.600000
31.359999
24.440000
24.480000
24.660001
24.360000
24.560000
24.580000
24.359999
24.460000
24.300000
24.360000
24.420000
24.380000
24.859999
24.280000
24.420000
24.520000
24.440001
24.420001
27.140000
24.340000
24.460000
24.380000
24.440000
24.580000
24.560001
24.520000
24.620000
24.960000
24.520000
24.420000
24.379999
24.480000
24.500000
24.560000
24.540001
24.380000
24.400000
24.340000
24.420000
24.360000
24.420000
24.380000
24.879999
24.680000
24.639999
24.739999
24.880000
289.980000
24.740000
24.620000
24.540000
24.520000
24.440000
24.460000
24.440000
24.400000
24.480000
24.879999
24.580000
24.660000
24.520000
24.760000
24.560000
24.540000
24.400000
24.360000
24.320001
24.380000
24.320000
24.320000
24.340000
24.320000
24.680000
24.600000
24.580000
24.340000
24.320000
24.320000
24.240000
24.280000
24.320001
24.340000
24.360000
24.420000
24.280000
24.220000
24.240000
24.320001
24.340000
24.400000
24.340000
24.379999
24.320000
24.300001
24.440000
24.560000
24.420001
24.380000
24.340000
24.440000
24.360000
24.400000
24.440000
24.540001
24.300000
24.420000
24.660000
24.680001
24.540000
24.380000
24.520000
24.400000
24.420000
24.600000
24.500000
24.600000
24.680000
24.760000
24.959999
24.580000
24.639999
24.580001
24.580000
24.499999
24.620000
24.639999
24.460000
24.460000
24.420000
24.540000
24.540000
24.460000
24.420000
25.100000
24.560000
24.520000
24.400000
24.480000
24.479999
24.620000
24.500000
24.720000
24.540001
24.500000
24.680000
24.639999
24.780001
24.680000
24.860000
24.420000
24.540000
24.440000
24.460000
24.580000
27.240001
24.520000
24.499999
24.580000
24.820000
24.640000
24.360000
24.440000
24.440000
24.859999
24.460000
24.380000
24.480000
24.480000
24.600000
24.540000
24.480000
24.500000
24.620000
24.680000
24.460000
24.520000
24.660000
24.480000
25.080000
24.600000
24.660001
24.840000
24.640000
24.639999
24.600000
24.479999
24.520000
24.600000
24.800000
24.520000
24.460000
24.360000
24.619999
24.920001
24.580000
24.620000
24.560000
24.859999
24.700000
24.660000
24.780000
24.860000
24.879999
24.840000
24.800000
24.840000
24.820000
24.760000
25.300000
24.720000
24.600000
24.639999
24.680000
24.580000
24.500000
24.540000
24.619999
24.560000
24.560000
24.500000
24.540000
24.540001
24.360000
24.820000
24.240000
24.340000
24.600000
24.640000
24.460000
24.619999
24.499999
24.480000
24.540000
24.479999
24.420000
24.720000
24.540001
24.540001
25.099999
24.460000
24.320000
24.400000
24.480000
24.420001
24.380000
24.280000
24.280000
24.400000
24.460000
24.460000
24.420001
24.480000
24.540001
24.820000
24.360000
24.440000
24.440000
24.540001
24.400000
24.379999
24.340000
24.300000
24.340000
24.560001
24.460000
24.580000
24.420000
24.259999
24.700000
24.200000
24.240000
24.240000
24.220000
24.240000
24.180001
24.220000
24.240000
24.400000
24.359999
24.340000
24.499999
24.520000
24.660000
25.180000
24.560001
24.600000
24.599999
24.639999
24.540000
24.520000
24.499999
24.400000
24.400000
24.360000
24.340000
24.600000
24.619999
24.680000
24.980000
24.520000
24.560001
24.879999
24.460000
24.460000
24.540000
24.499999
24.560001
24.440001
24.440000
24.420000
24.599999
24.380000
24.560001
24.859999
24.500000
24.639999
24.440000
24.560000
24.540001
24.660000
24.460000
24.580000
27.220001
24.360000
24.320000
24.480000
24.340000
24.400000
24.680000
24.400000
24.400000
24.379999
24.280000
24.340000
24.420000
24.400000
24.360000
24.400000
24.400000
24.340000
24.340000
24.360000
24.320000
24.540000
24.540000
24.440000
24.440000
24.420000
24.480000
24.400000
24.400000
24.320000
24.480000
24.379999
24.480000
24.499999
24.480000
24.580000
24.540000
24.680001
24.460000
24.599999
24.540000
24.720000
24.780000
24.640000
24.500000
24.460000
24.480000
24.480000
24.420000
24.420001
24.440001
24.540000
24.700000
24.560001
24.499999
24.460000
24.420001
24.480000
24.420000
24.400000
24.220000
24.460000
24.280000
24.180000
24.360000
24.340000
24.300000
24.660000
24.300000
24.300000
24.240000
24.280000
24.340000
24.320000
24.360000
24.320000
24.280000
24.280000
24.320000
24.280000
24.300000
24.380000
24.800000
24.400000
24.379999
24.340000
24.359999
24.420000
24.400000
24.560000
24.440000
24.479999
24.480000
24.400000
24.400000
24.380000
24.320000
24.560000
24.260000
24.300000
24.280000
24.240000
24.240000
24.160000
24.300001
24.280000
30.000000
24.360000
24.260000
24.280000
24.220000
24.500000
24.980000
24.500000
24.500000
24.420000
24.360000
24.380000
24.460000
24.400000
24.400000
24.380000
24.440000
24.360000
24.280000
24.380000
24.400000
24.840000
24.260000
24.320000
24.360000
24.360000
24.320000
24.260000
24.300000
24.380000
24.360000
24.240000
24.300000
24.200000
24.139999
25.700000
24.560000
24.160000
24.200000
24.220000
24.200000
24.160000
24.239999
24.140000
24.280000
24.200000
24.180000
24.219999
24.240000
24.280000
24.340000
24.600000
24.260000
24.280000
24.200000
24.200000
24.220000
24.220000
24.260000
24.200000
24.180000
24.220000
24.260000
24.260000
24.280000
24.220000
24.620000
24.200001
24.140000
24.160000
24.200000
24.180000
24.180001
24.180000
24.160000
24.180000
24.160000
24.160000
24.180001
24.200001
24.160000
24.520000
24.200000
24.180000
24.160000
24.200000
24.219999
24.220000
24.180000
24.160000
24.220000
24.280000
24.280000
24.300001
24.320000
24.320000
24.720000
24.520000
24.420000
24.720000
24.600000
24.440000
24.359999
24.380000
24.300001
24.560000
24.600000
24.360000
24.379999
24.420000
24.300001
24.940000
24.560001
24.460000
24.600000
24.820000
24.580000
24.599999
24.379999
24.520000
24.740000
24.740000
24.540000
24.600000
24.720000
24.900001
24.720000
24.619999
24.900001
24.480000
24.300001
24.380000
24.479999
24.360000
24.300001
24.180001
24.240000
24.340000
24.320000
24.580000
24.580000
24.500000
24.360000
24.820000
24.440000
24.440001
24.320000
24.340000
24.300000
24.259999
24.340000
24.320001
24.220000
24.320000
24.420001
24.440000
24.380000
24.340000
24.700000
24.320000
24.300000
24.240000
24.240000
24.240000
24.220000
24.220000
24.200000
24.180000
24.200000
24.200000
24.200001
24.200000
24.200000
24.600000
24.260000
24.200000
24.700000
24.500000
24.360000
24.280000
24.280000
24.240000
24.520000
24.360000
24.580000
24.400000
24.300000
24.340000
24.660000
24.240000
24.220000
24.340000
24.340000
24.320000
24.460000
24.359999
24.340000
24.280000
24.360000
24.280000
24.460000
24.280000
24.400000
24.820000
24.340000
24.220000
24.320001
24.400000
24.379999
24.280000
24.280000
24.280000
24.360000
24.280000
24.259999
24.360000
24.359999
24.500000
24.840000
24.460000
24.520000
24.820000
24.920001
24.760000
24.599999
24.739999
24.599999
24.499999
24.460000
24.500000
24.400000
24.440000
24.340000
24.800000
24.420000
24.540000
24.420000
24.360000
24.440001
24.620000
24.760000
24.360000
24.379999
24.639999
24.620000
24.540000
24.400000
24.600000
24.820000
24.280000
24.360000
24.500000
24.500000
24.360000
24.260000
24.280000
24.400000
24.340000
24.540001
24.220000
24.380000
24.560000
24.580000
24.780001
24.420000
24.660000
24.460000
24.400000
24.480000
24.560000
24.840000
24.639999
24.560000
24.460000
24.280000
24.460000
24.320000
24.500000
24.979999
24.460000
24.500000
24.540000
24.420001
24.380000
24.360000
24.379999
24.540000
24.560000
24.680000
24.619999
24.560000
24.380000
24.480000
24.860000
24.460000
24.520000
24.680000
24.580000
24.420000
24.520000
24.479999
24.480000
24.460000
24.359999
24.540000
24.520000
24.520000
24.480000
24.740000
24.479999
24.739999
24.780000
24.760000
24.860000
25.000000
25.040000
24.879999
24.820000
24.700000
24.500000
24.520000
24.480000
24.440000
24.740000
24.500000
24.480000
24.580000
24.540000
24.440001
24.460000
24.379999
24.560000
24.499999
24.480000
24.640000
24.620000
24.600000
24.500000
24.800000
24.599999
24.500000
24.480000
24.300000
24.480000
24.440000
24.440000
24.520000
24.440000
24.560000
24.500000
24.440000
24.379999
24.440000
24.440000
24.540000
24.580000
24.500000
24.480000
24.460000
24.520000
24.420001
24.560000
24.499999
24.540000
24.540000
24.500000
24.480000
24.379999
24.259999
24.600000
24.619999
24.599999
24.520000
24.540000
24.460000
24.500000
24.499999
24.480000
24.380000
24.360000
24.400000
30.720000
24.560000
24.400000
24.600000
24.259999
24.300000
24.520000
24.400000
24.600000
24.500000
24.379999
24.440000
24.460000
24.520000
24.500000
24.460000
24.460000
24.380000
24.879999
24.420000
24.340000
24.540000
24.460000
24.420000
24.540000
24.460000
24.420001
24.520000
24.440000
24.440000
24.460000
24.320000
24.440000
24.740000
24.400000
24.520000
24.340000
24.360000
24.400000
24.420000
24.480000
24.540000
24.680000
24.639999
24.540000
24.540000
24.500000
24.580000
24.900000
24.560000
24.380000
24.360000
24.340000
24.280000
24.280000
24.300000
24.239999
24.220000
24.240000
24.240000
24.280000
24.260000
24.320000
24.760000
24.340000
24.260000
24.300000
24.380000
24.400000
24.240000
24.300001
24.320000
24.300001
24.239999
24.300000
24.240000
24.300000
24.180000
24.600000
24.160000
24.180000
24.259999
24.200000
24.180001
24.139999
24.200001
24.180000
24.140000
24.180001
24.259999
24.220000
24.200000
24.200000
24.600000
24.300001
24.220000
24.280000
24.280000
24.320001
24.460000
24.259999
24.280000
24.400000
24.320000
24.300001
24.320000
24.359999
24.460000
24.840000
24.520000
24.540000
24.400000
24.460000
24.460000
24.360000
24.440000
24.499999
24.600000
24.360000
24.360000
24.560001
24.520000
24.780000
24.940000
24.440000
24.400000
24.499999
24.520000
24.500000
24.360000
24.400000
24.360000
24.320000
24.380000
24.379999
24.500000
24.440000
24.500000
24.840000
24.379999
24.500000
24.520000
24.560000
24.440001
24.560000
24.400000
24.340000
24.320000
24.540001
24.440000
24.520000
