0.300000
0.299999
0.297001
0.302000
0.288000
0.288000
0.287000
0.287999
0.287000
0.287999
0.287000
0.287000
0.286999
0.287000
0.288000
0.287000
0.287000
0.287999
0.287000
0.287000
0.287000
0.288000
0.287000
0.287000
0.287000
0.288000
0.286999
0.288000
0.287000
0.286999
0.287000
0.292000
0.287000
0.287000
0.287000
0.287999
0.287000
0.287000
0.287000
0.287000
0.286999
0.287000
0.287000
0.287000
0.288000
0.287000
0.286999
0.286999
0.289000
0.288000
0.287000
0.288000
0.290000
0.287999
0.297000
0.288000
0.286999
0.287000
0.287000
0.287000
0.287000
0.287000
0.288000
0.288000
0.287000
0.287000
0.287000
0.287000
0.287000
0.287000
0.287000
0.286001
0.286999
0.286999
0.287000
0.287000
0.287000
0.287000
0.287000
0.287000
0.287000
0.287999
0.290000
0.287999
0.287000
0.287000
0.287000
0.287999
0.286999
0.287000
0.287000
0.287000
0.287000
0.287999
0.287000
0.287000
0.287000
0.288000
0.287000
0.288000
0.287000
0.288000
0.287000
0.287000
0.287000
0.297000
0.287000
0.287000
0.288000
0.287000
0.287000
0.288000
0.287000
0.287000
0.287000
0.287999
0.287000
0.288000
0.287000
0.287000
0.287000
0.287000
0.286999
0.287000
0.287000
0.287000
0.287000
0.287000
0.287000
0.287000
0.287000
0.287000
0.287000
0.287000
0.287000
0.288000
0.286999
0.288000
0.306000
0.287000
0.287000
0.368000
0.286000
0.285000
0.286000
0.286000
0.286000
0.286000
0.286000
0.285001
0.286000
0.286000
0.286000
0.286000
0.286000
0.285000
0.295000
0.285000
0.285001
0.285001
0.285000
0.285001
0.285001
0.286000
0.286000
0.285001
0.286000
0.285000
0.286000
0.285001
0.285000
0.286001
0.286000
0.286000
0.286001
0.285000
0.286000
0.285001
0.286000
0.286000
0.286000
0.285000
0.286000
0.284000
0.286000
0.286000
0.285001
0.286001
0.286000
0.285001
0.286000
0.285000
0.285001
0.285001
0.286001
0.285001
0.286001
0.285000
0.286000
0.286000
0.286000
0.286001
0.286000
0.286000
0.286001
0.285000
0.286001
0.296000
0.286000
0.285000
0.286000
0.285000
0.285000
0.285001
0.285001
0.285001
0.287000
0.286001
0.286000
0.286000
0.285001
0.286000
0.286000
0.286000
0.286000
0.285000
0.286000
0.285000
0.285001
0.286000
0.286000
0.286000
0.309000
0.285001
0.283999
0.285000
0.286000
0.285000
0.286000
0.285001
0.285000
0.286000
0.286000
0.286000
0.286000
0.285000
0.286000
0.285000
0.286000
0.286000
0.286000
0.285000
0.286000
0.285000
0.287000
0.285001
0.286000
0.285000
0.285001
0.315000
0.285001
0.286000
0.286000
0.285000
0.286000
0.285000
0.286001
0.285001
0.285001
0.285000
0.286000
0.285001
0.285001
0.286000
0.286000
0.285001
0.286000
0.286001
0.285000
0.286000
0.286001
0.285001
0.286000
0.286000
0.286000
0.285000
0.286000
0.286000
0.286000
0.285001
0.286000
0.286001
0.286000
0.285000
0.286000
0.286001
0.286000
0.285000
0.285001
0.286000
0.286000
0.285001
0.286000
0.285001
0.286000
0.285001
0.286000
0.285001
0.285001
0.286000
0.294999
0.285000
0.285000
0.285000
0.286001
0.286000
0.286000
0.285000
0.285000
0.286000
0.285000
0.286000
0.285001
0.286000
0.285001
0.286001
0.286000
0.285000
0.285001
0.285000
0.286000
0.285001
0.286000
0.286000
0.286000
0.285000
0.285001
0.286000
0.286000
0.286000
0.286000
0.285000
0.285000
0.285000
0.286001
0.286000
0.286000
0.286000
0.285001
0.286001
0.285000
0.286000
0.286000
0.285000
0.285000
0.286001
0.285000
0.285000
0.286000
0.285000
0.286000
0.319000
0.285000
0.285000
0.286000
0.286000
0.285000
0.285000
0.285000
0.286000
0.286000
0.285000
0.285001
0.286001
0.286000
0.285000
0.286000
0.285000
0.285000
0.286000
0.285001
0.286000
0.286000
0.286001
0.286001
0.285000
0.286000
0.285000
0.286000
0.285000
0.286000
0.285000
0.286000
0.285001
0.286000
0.285001
0.286001
0.286000
0.285001
0.286001
0.286000
0.285000
0.308000
0.286000
0.286000
0.286000
0.285000
0.286001
0.285000
0.286000
0.285001
0.286000
0.295000
0.285001
0.286001
0.285001
0.286000
0.286000
0.285000
0.285001
0.285000
0.286000
0.286000
0.285001
0.286000
0.285000
0.285000
0.286001
0.286001
0.285000
0.286000
0.285000
0.286000
0.285001
0.286000
0.286000
0.286000
0.285000
0.286000
0.285000
0.285001
0.286000
0.286000
0.285001
0.286000
0.286000
0.286000
0.285000
0.286000
0.285001
0.286000
0.285001
0.286000
0.286000
0.285000
0.286000
0.286000
0.285000
0.286000
0.285001
0.285000
0.286000
0.286000
0.295000
0.286000
0.285001
0.286000
0.286000
0.285001
0.285000
0.286000
0.285001
0.286000
0.286000
0.285001
0.285000
0.286001
0.285001
0.286000
0.286000
0.286001
0.286000
0.285001
0.286000
0.286000
0.286000
0.286000
0.285001
0.285000
0.285000
0.285000
0.286000
0.286000
0.285000
0.286000
0.285001
0.286000
0.285000
0.286001
0.285001
0.286000
0.285001
0.286000
0.286000
0.285000
0.285000
0.285000
0.304000
0.286000
0.285000
0.286000
0.285000
0.285001
0.285000
0.286000
0.317000
0.285000
0.285000
0.286000
0.286000
0.286000
0.285001
0.286000
0.285001
0.286000
0.286001
0.285000
0.285000
0.286000
0.285001
0.286000
0.285000
0.286000
0.285001
0.286000
0.285000
0.286000
0.285000
0.285001
0.286000
0.286000
0.286000
0.285000
0.286000
0.285001
0.286000
0.285000
0.286000
0.286000
0.286001
0.286000
0.283999
0.285000
0.286000
0.286001
0.285000
0.285001
0.286000
0.286000
0.286000
0.286001
0.285001
0.285001
0.286000
0.285000
0.285001
0.294999
0.286000
0.285001
0.286001
0.286000
0.286000
0.286000
0.286000
0.286000
0.285001
0.286000
0.285001
0.286000
0.285001
0.286001
0.285000
0.286000
0.286001
0.286000
0.286000
0.286000
0.286000
0.286000
0.285000
0.286001
0.285001
0.286000
0.285000
0.286000
0.286000
0.286000
0.285000
0.286000
0.285001
0.286000
0.285000
0.285000
0.286000
0.285000
0.286000
0.285000
0.285001
0.285000
0.286000
0.286000
0.287000
0.286000
0.285001
0.285001
0.286000
0.286000
0.294999
0.285001
0.286000
0.286001
0.286000
0.286000
0.285001
0.285000
0.286000
0.285000
0.286000
0.285001
0.286000
0.286000
0.285001
0.285001
0.286000
0.286001
0.285001
0.286000
0.285001
0.286000
0.285000
0.286000
0.286000
0.286000
0.285000
0.286000
0.285001
0.286000
0.286000
0.286000
0.285001
0.285000
0.286000
0.285001
0.286000
0.285001
0.286000
0.286000
0.285000
0.286000
0.286000
0.286001
0.285001
0.286000
0.286000
0.286000
0.286000
0.286000
0.286000
0.295999
0.285001
0.286000
0.286000
0.285000
0.285001
0.286000
0.285001
0.286001
0.285000
0.286000
0.285000
0.286000
0.285001
0.286000
0.285001
0.286000
0.285001
0.285000
0.286000
0.285000
0.286001
0.286000
0.285001
0.285001
0.285000
0.285000
0.286000
0.285001
0.290000
0.286000
0.285000
0.286001
0.285000
0.286000
0.286000
0.285001
0.286000
0.285001
0.285001
0.285001
0.286000
0.285000
0.286000
0.286000
0.286000
0.308000
0.286000
0.283999
0.286000
0.286000
0.295000
0.286001
0.285001
0.286000
0.286000
0.285001
0.286000
0.285000
0.285000
0.286000
0.286000
0.286000
0.285000
0.286000
0.286000
0.286000
0.286000
0.285001
0.286000
0.286000
0.285000
0.286000
0.285000
0.285000
0.286000
0.286000
0.285001
0.286000
0.285000
0.285001
0.286000
0.309000
0.286000
0.286000
0.286000
0.286000
0.285000
0.285001
0.286000
0.286001
0.286000
0.285000
0.285000
0.286000
0.285001
0.285001
0.286001
0.285000
0.286000
0.286000
0.285001
0.285000
0.296000
0.286000
0.285000
0.285000
0.286001
0.286000
0.286000
0.285001
0.285001
0.285001
0.286001
0.286000
0.285000
0.286000
0.285000
0.286001
0.285000
0.286000
0.286000
0.286001
0.285000
0.286000
0.286000
0.286000
0.285000
0.285001
0.285001
0.286000
0.285000
0.286000
0.286000
0.286000
0.286000
0.286001
0.285000
0.286001
0.654000
0.285000
0.285001
0.285000
0.285000
0.285000
0.285000
0.285001
0.285001
0.285001
0.285000
0.285001
0.285001
0.285000
0.285001
0.296000
0.286001
0.286000
0.286000
0.285000
0.286001
0.285000
0.286001
0.286000
0.286000
0.286000
0.286000
0.285001
0.286000
0.285000
0.285000
0.285001
0.285000
0.285001
0.285001
0.285001
0.285000
0.285000
0.285001
0.285001
0.285001
0.285000
0.285000
0.285001
0.285000
0.285000
0.285000
0.285001
0.285001
0.285001
0.285001
0.285000
0.285001
0.285000
0.285000
0.285001
0.287999
0.285000
0.285000
0.285000
0.285001
0.285001
0.285000
0.285000
0.285000
0.285000
0.297001
0.285001
0.286000
0.286000
0.286001
0.286000
0.286001
0.286000
0.286000
0.286000
0.286001
0.286000
0.286000
0.286000
0.285001
0.285000
0.285001
0.285000
0.285000
0.285001
0.285000
0.285001
0.285001
0.285000
0.285001
0.285001
0.285000
0.285000
0.285000
0.285001
0.285001
0.285000
0.285000
0.285001
0.285001
0.285000
0.285000
0.286001
0.285000
0.285001
0.285000
0.285001
0.285001
0.285001
0.285000
0.285001
0.285000
0.285001
0.285001
0.285000
0.285001
0.295999
0.286000
0.285000
0.286000
0.286001
0.286001
0.286000
0.285000
0.285000
0.286001
0.285000
0.286000
0.286000
0.286000
0.286000
0.285000
0.285001
0.285001
0.285000
0.285001
0.285000
0.285000
0.285001
0.285001
0.285000
0.285000
0.285001
0.285000
0.285000
0.285001
0.285000
0.285000
0.285001
0.285000
0.285000
0.286000
0.285000
0.285000
0.285000
0.285001
0.286000
0.285000
0.285000
0.285001
0.285001
0.285000
0.285000
0.285001
0.285001
0.285001
0.286000
0.297001
0.285000
0.286001
0.285000
0.285001
0.285000
0.285001
0.285001
0.285000
0.285000
0.285000
0.285001
0.285001
0.285000
0.285001
0.285001
0.285000
0.285000
0.285000
0.285000
0.285000
0.285000
0.285000
0.286000
0.285000
