0.112000
0.105999
0.125000
0.106000
0.106000
0.106000
0.105999
0.106000
0.106000
0.106000
0.107000
0.106000
0.106000
0.105000
0.106000
0.106000
0.105000
0.106000
0.105999
0.106000
0.105999
0.105000
0.106000
0.106000
0.105000
0.105999
0.105000
0.105999
0.106000
0.104999
0.105999
0.106000
0.105000
0.105999
0.105000
0.105999
0.105000
0.105000
0.106000
0.105999
0.105000
0.106000
0.107001
0.105999
0.107000
0.105000
0.106000
0.106000
0.105000
0.105999
0.105000
0.105999
0.105000
0.105000
0.108000
0.106000
0.105000
0.106000
0.105000
0.105000
0.106000
0.125000
0.106000
0.105999
0.105000
0.106000
0.105000
0.106000
0.105999
0.105000
0.106000
0.106000
0.104999
0.106000
0.105000
0.107000
0.105999
0.105999
0.111001
0.105000
0.106000
0.108000
0.105000
0.105999
0.105999
0.106000
0.106000
0.105999
0.105999
0.106000
0.104999
0.106000
0.105999
0.106000
0.106000
0.105000
0.105999
0.105999
0.105000
0.105999
0.106000
0.105999
0.105999
0.105000
0.105999
0.106000
0.105000
0.106000
0.106000
0.106000
0.105000
0.105000
0.106000
0.105999
0.105000
0.106000
0.106000
0.105999
0.105999
0.105000
0.106000
0.105999
0.105000
0.105999
0.106000
0.105999
0.106000
0.105000
0.105000
0.106000
0.105000
0.106000
0.105999
0.105999
0.106000
0.104999
0.105000
0.106000
0.105000
0.106000
0.105999
0.125000
0.105999
0.104999
0.107000
0.105999
0.108000
0.106000
0.106000
0.105999
0.106000
0.104999
0.107001
0.105999
0.104999
0.106000
0.107000
0.105000
0.104999
0.106000
0.106000
0.106000
0.105000
0.106000
0.105000
0.105000
0.105999
0.108000
0.106000
0.106000
0.106000
0.105000
0.105000
0.104999
0.105999
0.106000
0.105000
0.106000
0.106000
0.105000
0.105999
0.105999
0.106000
0.106000
0.104999
0.105999
0.105999
0.105000
0.107000
0.105000
0.105000
0.106000
0.108000
0.105999
0.106000
0.107000
0.107001
0.105000
0.104000
0.105999
0.106000
0.106000
0.105000
0.105000
0.105999
0.105000
0.106000
0.106000
0.105000
0.105999
0.105999
0.105000
0.106000
0.105000
0.107001
0.106000
0.105000
0.105999
0.107001
0.105000
0.109000
0.105000
0.106000
0.105999
0.104999
0.106000
0.106000
0.104999
0.106000
0.105000
0.105999
0.105999
0.105000
0.105999
0.106000
0.105000
0.106000
0.104999
0.106000
0.105999
0.106000
0.106000
0.109000
0.106000
0.105999
0.105000
0.105999
0.105000
0.106000
0.105999
0.105000
0.106000
0.106000
0.105999
0.106000
0.105000
0.106000
0.105999
0.106000
0.106000
0.106000
0.105999
0.105999
0.106000
0.106000
0.105999
0.105000
0.106000
0.106000
0.105999
0.106000
0.106000
0.105999
0.127000
0.105000
0.106000
0.105999
0.106000
0.106000
0.106000
0.106000
0.105999
0.107001
0.105999
0.106000
0.106000
0.106000
0.105000
0.106000
0.107000
0.104999
0.106000
0.106000
0.105999
0.107000
0.105000
0.105999
0.105999
0.105000
0.105999
0.106000
0.106000
0.107000
0.105000
0.106000
0.105999
0.105000
0.106000
0.106000
0.105000
0.106000
0.104999
0.105999
0.105999
0.105000
0.106000
0.106000
0.106000
0.106000
0.105000
0.105999
0.106000
0.105000
0.105999
0.105999
0.106000
0.105999
0.104999
0.105999
0.105999
0.105000
0.106000
0.106000
0.106000
0.108001
0.106000
0.105000
0.106000
0.105999
0.106000
0.105999
0.105000
0.106000
0.106000
0.105000
0.106000
0.105999
0.105999
0.106000
0.105000
0.105999
0.105999
0.105000
0.105999
0.106000
0.107001
0.106000
0.104999
0.105999
0.106000
0.106000
0.106000
0.106000
0.105000
0.105999
0.105000
0.106000
0.105999
0.105000
0.106000
0.106000
0.105000
0.106000
0.106000
0.106000
0.104000
0.105999
0.109000
0.104000
0.105000
0.107001
0.105000
0.106000
0.106000
0.105000
0.106000
0.106000
0.105000
0.105999
0.105000
0.106000
0.106000
0.105000
0.106000
0.105999
0.105999
0.106000
0.105000
0.105999
0.105999
0.105000
0.104999
0.106000
0.105000
0.105999
0.105000
0.105999
0.106000
0.105000
0.106000
0.106000
0.105000
0.105999
0.105000
0.106000
0.106000
0.105000
0.106000
0.105999
0.105000
0.105000
0.106000
0.105000
0.105999
0.105999
0.105000
0.106000
0.106000
0.105999
0.105999
0.126000
0.106000
0.106000
0.105000
0.105999
0.105000
0.107000
0.105999
0.104999
0.106000
0.106000
0.106000
0.106000
0.104999
0.105999
0.133000
0.105000
0.105999
0.106000
0.105000
0.105999
0.105000
0.106000
0.106000
0.106000
0.106000
0.106000
0.105000
0.105999
0.105000
0.106000
0.105999
0.105999
0.106000
0.106000
0.106000
0.106000
0.105000
0.106000
0.106000
0.105000
0.105999
0.106000
0.105000
0.105999
0.105000
0.105999
0.106000
0.106000
0.106000
0.106000
0.104999
0.106000
0.140999
0.106000
0.106000
0.105000
0.106000
0.106000
0.105000
0.105999
0.107000
0.106000
0.106000
0.104999
0.106000
0.105999
0.105000
0.106000
0.105000
0.106000
0.105000
0.105999
0.106000
0.108000
0.107000
0.104999
0.105999
0.106000
0.107001
0.105999
0.105000
0.106000
0.106000
0.105000
0.106000
0.106000
0.105000
0.105999
0.105000
0.106000
0.105999
0.105000
0.105999
0.106000
0.105000
0.105999
0.105000
0.105999
0.104000
0.105000
0.106000
0.105999
0.105000
0.106000
0.105000
0.106000
0.106000
0.105000
0.106000
0.106000
0.104999
0.107001
0.105000
0.106000
0.106000
0.105000
0.105999
0.106000
0.107000
0.106000
0.105000
0.106000
0.107001
0.104999
0.106000
0.105999
0.105000
0.105999
0.105000
0.105999
0.105999
0.106000
0.106000
0.106000
0.105000
0.106000
0.105000
0.106000
0.106000
0.104999
0.106000
0.105999
0.105000
0.106000
0.105999
0.106000
0.107001
0.138001
0.105000
0.106000
0.105000
0.107001
0.105000
0.105999
0.105000
0.105999
0.106000
0.106000
0.104999
0.106000
0.106000
0.104999
0.106000
0.106000
0.105000
0.106000
0.106000
0.106000
0.106000
0.104999
0.106000
0.106000
0.105000
0.107000
0.106000
0.106000
0.106000
0.105000
0.106000
0.106000
0.105000
0.106000
0.105999
0.106000
0.106000
0.105000
0.105999
0.107000
0.105000
0.105999
0.106000
0.105999
0.106000
0.107000
0.105999
0.106000
0.105000
0.106000
0.105999
0.105999
0.105999
0.105000
0.106000
0.105999
0.105000
0.106000
0.105999
0.106000
0.106000
0.105000
0.106000
0.106000
0.105000
0.106000
0.105999
0.105999
0.108999
0.105000
0.106000
0.107001
0.105000
0.106000
0.105000
0.105000
0.106000
0.105000
0.106000
0.107000
0.104999
0.106000
0.106000
0.105000
0.105999
0.105000
0.106000
0.106000
0.106000
0.106000
0.106000
0.105999
0.106000
0.105000
0.106000
0.106000
0.105000
0.106000
0.106000
0.105000
0.106000
0.105999
0.105000
0.106000
0.128999
0.105000
0.105999
0.105000
0.105999
0.107001
0.106000
0.105999
0.106000
0.105000
0.105999
0.104999
0.105999
0.105999
0.105000
0.106000
0.106000
0.105000
0.106000
0.106000
0.106000
0.106000
0.105000
0.106000
0.106000
0.105000
0.106000
0.105000
0.105999
0.105999
0.105000
0.106000
0.106000
0.104999
0.106000
0.105000
0.106000
0.107000
0.104999
0.105999
0.105999
0.105000
0.105999
0.105000
0.107000
0.105999
0.105999
0.106000
0.106000
0.107000
0.106000
0.105000
0.105000
0.106000
0.105000
0.106000
0.106000
0.106000
0.106000
0.105000
0.105999
0.105000
0.104999
0.106000
0.106000
0.105000
0.105999
0.105000
0.106000
0.105999
0.105000
0.106000
0.106000
0.105000
0.108000
0.105000
0.105999
0.105999
0.106000
0.105000
0.140000
0.106000
0.105999
0.106000
0.105999
0.105000
0.106000
0.105999
0.106000
0.106000
0.107001
0.105000
0.105999
0.104999
0.105999
0.106000
0.105999
0.105999
0.105000
0.105999
0.106000
0.106000
0.105999
0.105000
0.106000
0.107000
0.105000
0.105999
0.106000
0.105999
0.106000
0.105000
0.106000
0.106000
0.105000
0.105999
0.106000
0.105000
0.104000
0.105000
0.105999
0.105999
0.105000
0.105999
0.106000
0.104000
0.107001
0.106000
0.106000
0.106000
0.107000
0.105999
0.105999
0.105000
0.106000
0.105000
0.106000
0.106000
0.107000
0.105999
0.105999
0.105000
0.106000
0.106000
0.106000
0.107001
0.105000
0.106000
0.108000
0.105000
0.107000
0.104999
0.106000
0.106000
0.105000
0.106000
0.106000
0.105000
0.106000
0.105000
0.106000
0.105999
0.105000
0.108000
0.106000
0.104999
0.106000
0.106000
0.105000
0.105999
0.105999
0.105000
0.105999
0.105000
0.106000
0.106000
0.105999
0.106000
0.106000
0.104999
0.106000
0.104999
0.106000
0.106000
0.105000
0.106000
0.105999
0.106000
0.105999
0.107000
0.105000
0.106000
0.105000
0.106000
0.105999
0.105000
0.107001
0.105000
0.106000
0.106000
0.106000
0.106000
0.106000
0.105000
0.105999
0.104999
0.106000
0.106000
0.105000
0.106000
0.106000
0.105000
0.106000
0.106000
0.105000
0.106000
0.105000
0.105999
0.106000
0.105000
0.106000
0.105000
0.106000
0.106000
0.105000
0.106000
0.105999
0.105000
0.106000
0.104999
0.105999
0.106000
0.105000
0.106000
0.105000
0.105000
0.106000
0.105000
0.106000
0.105999
0.105000
0.105000
0.105999
0.106000
0.106000
0.105999
0.105999
0.106000
0.105000
0.107000
0.106000
0.105000
0.105999
0.106000
0.104999
0.105999
0.106000
0.104999
0.106000
0.105000
0.105999
0.107000
0.104999
0.105999
0.105999
0.105000
0.105999
0.105000
0.106000
0.106000
0.105000
0.106000
0.106000
0.105000
0.105999
0.106000
0.106000
0.106000
0.105000
0.106000
0.106000
0.107001
0.105999
0.105000
0.107000
0.106000
0.105000
0.106000
0.106000
0.105000
0.106000
0.105000
0.105000
0.106000
0.106000
0.106000
0.106000
0.105000
0.105999
0.105000
0.105999
0.105999
0.105000
0.106000
0.105999
0.106000
0.107000
0.105000
0.106000
0.106000
0.105000
0.106000
0.106000
0.107000
0.106000
0.105000
0.105999
