5.764999
5.567000
5.630000
5.461000
5.698999
5.560000
5.815000
5.491001
5.682000
5.845000
5.497999
5.682000
5.568000
5.373000
5.556000
5.622000
5.563000
5.584001
5.485999
5.441001
5.480000
5.627001
5.492000
5.520999
5.793001
5.527000
5.636000
5.520000
5.350000
5.589000
5.654001
5.462000
5.667000
5.578999
5.596000
6.039000
5.670001
5.512000
5.504000
5.566000
5.585999
5.729999
5.507000
5.638001
5.604999
5.363000
5.505000
5.496000
5.679000
5.661000
5.420000
5.615000
5.833000
5.682000
5.887000
5.673001
5.540000
5.538001
5.729999
5.923000
5.578000
5.745000
5.737999
5.528000
5.881000
5.712000
5.839000
5.667000
5.688000
5.690999
5.643000
5.822000
5.980999
5.667999
5.762000
5.579000
5.904000
5.700000
5.693000
5.824000
5.597999
5.648999
5.787000
5.848000
5.692000
5.945000
5.908000
5.582999
5.552000
6.177001
5.656000
5.848000
5.727000
5.619000
5.900000
5.741000
5.558000
5.931000
5.837000
5.693000
5.847000
5.969000
5.844000
6.016000
5.855001
5.605000
5.721000
5.693000
5.870000
5.783000
5.820001
6.051000
5.620000
5.910001
5.745000
5.771000
6.011000
5.811000
5.858000
5.765000
5.764000
5.663000
5.848000
5.683000
5.654000
5.949000
5.952000
5.942999
6.054000
5.629000
5.941000
5.609000
5.781000
5.755000
5.783000
5.690000
5.674000
5.575000
5.712000
5.649000
5.705000
5.547999
5.733000
5.782000
5.845000
5.769000
5.871000
5.611000
5.670000
6.012000
5.885000
5.572000
5.837999
5.895000
5.760000
6.039999
5.803999
6.204001
5.828001
5.686000
5.790000
5.907000
5.673001
6.087000
5.829000
5.975000
5.806000
6.034000
5.863001
5.790001
5.853000
5.795000
6.027000
5.724000
5.819000
5.887000
5.752000
5.863000
5.891000
5.758000
5.684000
5.868000
5.981000
5.678000
5.900000
5.822999
5.725000
6.109000
5.766000
5.965000
5.841000
5.903000
5.737000
5.860000
5.809001
5.700001
5.725000
5.968001
5.706000
5.792000
6.027000
5.931000
5.839000
5.770000
6.120000
5.995000
5.802000
5.770001
5.748000
5.667999
5.957000
5.980000
5.709000
5.727000
5.768000
5.679999
5.647000
5.667999
5.676000
5.921001
5.690000
5.612999
5.652000
5.661000
5.660000
5.826000
5.748000
5.775999
5.875001
5.545001
5.723000
5.726000
5.654001
5.624999
5.890000
6.095000
5.766000
5.908000
6.203000
5.899000
5.909000
5.644999
5.724000
6.092000
5.764000
5.976000
5.949000
5.737000
5.977000
5.840000
5.906999
5.780000
5.856000
5.660000
5.547000
6.060001
5.959000
5.934000
5.903000
5.802999
5.777000
5.888000
5.883000
5.963000
5.559999
5.478000
5.990000
5.867000
5.549000
5.856001
5.763000
5.599000
5.632000
5.799000
5.683000
5.749000
5.923999
5.764000
5.798000
5.802000
5.809001
6.066000
5.875001
5.891000
5.743001
5.778000
5.864999
5.889000
5.866000
5.679000
6.055000
5.705000
5.754001
5.728000
5.923000
5.673001
5.739000
5.926999
5.588001
5.729000
5.646000
5.632999
5.860000
5.636000
5.810000
5.781000
5.835000
5.752000
5.856000
5.605000
5.603001
5.688000
5.608000
5.786000
5.614000
5.702000
5.781000
5.736000
5.698000
5.825000
5.571000
6.161000
5.789000
5.763999
5.717000
5.909001
5.766000
6.147000
5.699000
5.932000
5.761000
5.892000
5.725000
5.788000
5.771000
5.856001
5.885000
5.861999
5.708000
5.813001
5.818000
5.720000
5.732001
5.823000
5.889000
5.673000
5.678000
5.886001
5.976999
5.879000
5.910000
5.853000
5.762000
5.918000
6.080000
5.981000
5.740000
5.737999
5.726000
5.696000
5.975001
5.754000
5.846000
5.787000
5.692001
5.871000
5.833000
5.781000
6.104000
5.942000
5.918000
5.814000
5.961000
5.877000
5.953999
5.890000
5.851000
5.908000
5.827000
5.609000
5.940000
5.933000
5.915000
6.028000
5.763000
6.024000
5.919999
5.887000
6.002000
5.748000
6.085000
5.993000
5.936000
5.942000
5.808000
5.976000
5.710000
5.737000
5.856000
5.906001
5.752000
6.025000
5.783000
5.872000
5.938000
6.131000
6.108999
6.037000
5.871000
5.895000
5.671000
5.874000
5.976000
5.851000
5.805001
5.887000
5.950000
5.700000
6.085000
5.830000
5.797001
5.807000
5.706000
5.794000
6.094000
5.662000
5.807000
5.752000
5.855000
5.675000
5.756000
5.778000
5.933001
6.302000
5.797001
5.799999
5.605000
5.829999
5.848000
5.892999
5.928000
5.733999
6.076000
5.751000
5.807000
5.995000
5.774000
5.798000
5.852000
5.700001
5.902000
5.947000
5.908000
5.916000
5.661000
6.085000
5.750000
5.688000
5.824000
5.794000
5.884000
5.694000
5.778000
6.169000
5.725000
5.750000
5.797000
5.704001
5.875001
5.785001
5.770000
6.012000
5.720000
5.783000
5.931000
5.797001
6.046000
5.740000
5.778000
5.705000
5.993000
5.753000
5.768000
5.768000
5.786000
5.822000
5.710000
5.672000
5.896000
5.769000
5.741999
5.963000
5.971001
6.038000
5.591000
5.805000
6.143000
5.723000
6.000000
5.954999
5.965999
5.832000
5.775999
5.791000
6.445000
6.092001
5.811000
6.078000
5.787000
6.100000
5.980001
5.794999
5.860000
6.012000
5.897000
5.798000
5.940000
5.996000
5.748000
5.938000
6.045000
5.834000
5.703000
5.913001
5.983000
5.772000
5.749000
5.935000
6.107000
5.778000
5.981000
5.977999
5.872000
5.697000
6.025000
5.824000
5.606000
5.759000
6.059000
5.931000
5.919000
5.907000
5.723000
5.795000
5.781000
5.934000
5.697001
5.702999
5.849000
5.923000
5.650000
5.749000
5.890001
5.795999
5.968000
5.587000
5.774001
6.235000
5.627000
5.839000
6.021000
5.841000
5.826000
5.762001
5.892999
5.922000
6.077999
5.856000
5.667999
5.853000
5.897000
5.908000
6.076001
5.796000
5.892999
5.739000
5.768999
6.111001
5.910000
5.805000
5.775999
5.932000
5.877000
5.853000
5.906001
5.914000
5.993000
5.851000
6.006000
5.786001
6.037000
5.689000
6.022000
5.669000
6.080000
5.822999
5.848000
5.965000
5.687000
5.746000
5.892000
5.769000
5.805000
6.125000
5.897000
5.746000
5.853000
5.898001
5.994000
5.800000
5.913001
6.105000
5.950999
5.933000
5.805000
5.758001
5.993000
5.825999
5.777000
5.836000
5.824001
5.874000
5.806000
5.845000
5.954000
5.802000
5.919999
6.127000
6.117000
5.926000
5.922000
5.795000
5.763000
6.099000
5.794001
5.779000
5.863001
5.887000
5.971000
5.918000
5.731000
6.045001
5.810000
5.971000
5.953999
6.066000
6.203000
5.834000
6.051000
5.799000
5.799000
6.081000
5.730000
5.840000
5.902000
5.808000
5.877000
5.685000
5.813000
6.124999
5.727000
6.045000
6.010000
5.981000
5.828001
5.954999
5.968999
6.012999
5.868999
6.251000
6.213000
6.035000
5.984000
5.801000
5.923000
6.019999
5.792000
5.783000
6.061000
5.995000
5.733999
5.999001
5.870000
5.752000
6.099000
5.825001
6.104000
5.794000
5.832000
6.040000
5.995000
5.758000
6.002001
5.762000
5.963000
5.801001
6.054000
5.979000
5.731000
6.012000
5.705000
6.122001
5.698000
5.956000
6.104000
5.816000
5.801000
6.001000
5.863000
5.705000
6.011001
5.828000
5.732000
5.843000
5.930001
5.800000
5.589000
6.114000
6.055000
5.914000
5.779000
5.756000
5.586000
5.693000
5.905000
5.881000
5.640000
5.551000
5.697000
5.775000
5.590000
5.841000
5.744000
5.688000
5.914000
5.803999
5.901000
5.951000
5.634000
5.871000
5.872000
5.706000
5.918000
5.704001
5.720000
5.675000
5.798000
5.732000
5.806000
5.768000
5.666000
5.700000
5.954000
5.766000
5.745000
5.832000
5.519000
5.754001
5.791000
5.602000
5.580001
5.647999
5.634001
5.675000
5.705000
5.734000
5.629000
5.832000
5.677000
5.643999
5.604999
5.701000
5.584000
5.683000
5.740000
5.681001
5.750000
5.697000
5.578999
5.655000
5.745000
5.738000
5.821000
5.727000
5.527000
5.664000
5.756000
5.411000
5.780000
5.809000
5.620001
5.854000
5.697000
5.679000
5.620000
5.692001
5.621000
5.749000
5.706999
5.981999
5.941000
5.655999
5.835000
5.727000
5.765000
5.808000
5.682001
5.728001
5.600000
5.756000
5.791999
5.686000
6.092000
5.802000
6.103000
5.698000
5.718000
5.717000
5.704000
5.700000
6.042000
6.019000
5.961000
5.660000
5.816000
5.778000
5.674000
5.813001
5.932000
5.828001
5.760000
5.700001
5.694000
5.656000
5.856000
6.114000
5.764000
5.682000
5.832001
5.971001
5.605999
5.780000
5.772999
5.682000
5.682000
5.747000
5.682001
5.711000
5.701000
5.741000
5.687000
5.696001
6.123999
5.859001
5.616999
5.879000
5.817000
5.783000
5.694000
5.754001
5.936000
5.768000
5.622000
5.725999
5.945000
5.738000
6.118000
5.873000
5.849000
5.635000
5.786000
5.696001
5.728000
5.836000
5.870000
5.926999
5.832000
5.853999
5.857000
5.694000
5.741000
5.616000
5.836001
5.852000
5.728001
5.710000
5.930000
5.755999
5.666000
5.833000
6.019999
5.891001
5.867001
5.692000
5.899999
5.662000
5.617000
5.675000
6.176000
5.818000
5.938000
5.923999
5.779000
5.843000
5.920000
5.924000
5.811000
5.642001
5.650000
5.647000
6.026001
5.735001
5.933000
5.918000
5.857000
6.006001
5.879001
5.865000
5.703000
5.816000
6.151999
5.921001
6.082000
5.907000
5.987001
6.077000
5.755001
6.128000
5.876999
6.060000
6.059000
6.148000
5.944001
6.162000
5.898000
5.772999
5.949000
6.046000
5.862000
6.086000
5.953999
5.905000
5.880000
5.811000
6.038000
5.760000
5.946000
5.794000
5.960000
5.660000
5.729999
6.016000
5.643000
5.710000
5.838000
5.975000
5.765000
5.764000
5.910000
5.787000
5.969000
5.959000
5.968000
5.656000
5.967000
5.845000
5.802000
5.940000
5.744000
5.884999
5.745000
5.766000
5.885000
5.849000
5.701000
5.795000
5.972999
5.977000
5.876999
5.624000
5.755000
5.664000
5.795999
5.876000
5.772000
5.625000
6.051000
5.757000
6.062000
6.075000
5.930000
6.119001
5.672000
5.755999
5.817000
5.832001
5.961999
5.780000
5.570000
6.109999
