8.692000
8.556000
8.610000
8.600000
8.623000
8.561000
8.604000
8.606000
8.580000
8.607000
8.609000
8.557000
8.555000
8.605000
8.566000
8.555000
8.614000
8.606000
8.608000
8.612000
8.605000
8.575000
8.596000
8.606000
8.599000
8.598000
8.602000
8.579000
8.560000
8.584000
8.598000
8.555000
8.561000
8.549000
8.564000
8.567000
8.596000
8.561000
8.711000
8.584000
8.575000
8.579000
8.556000
8.557000
8.575000
8.582000
8.593000
8.578000
8.560000
8.563000
8.746000
8.776000
8.579000
8.561000
8.573000
8.629000
8.627000
8.622000
8.581000
8.594000
8.626000
8.625000
8.566000
8.564000
8.571000
8.591000
8.568000
8.574000
8.552000
8.568000
8.566000
8.566000
8.587000
8.561000
8.548000
8.573000
8.555000
8.570000
8.587000
8.581000
8.591000
8.585000
8.582000
8.567000
8.556000
8.550000
8.557000
8.559000
8.558000
8.597000
8.565000
8.564000
8.564000
8.567000
8.565000
8.566000
8.560000
8.561000
8.564000
8.571000
8.560000
8.562000
8.601000
8.634000
8.586000
8.579000
8.599000
8.564000
8.567000
8.568000
8.562000
8.568000
8.596000
8.566000
8.576000
8.567000
8.554000
8.566000
8.567000
8.589000
8.564000
8.560000
8.552000
8.544000
8.543000
8.554000
8.581000
8.546000
8.577000
8.569000
8.562000
8.563000
8.551000
8.572000
8.550000
8.541000
8.655000
8.546000
8.551000
8.551000
8.581000
8.550000
8.542000
8.578000
8.553000
8.533000
8.529000
8.546000
8.561000
8.534000
8.531000
8.534000
8.530000
8.544000
8.545000
8.544000
8.547000
8.545000
8.537000
8.538000
8.559000
8.543000
8.540000
8.554000
8.548000
8.557000
8.580000
8.578000
8.554000
8.589000
8.577000
8.556000
8.564000
8.551000
8.553000
8.540000
8.557000
8.537000
8.552000
8.550000
8.551000
8.537000
8.551000
8.551000
8.553000
8.551000
8.547000
8.539000
8.552000
8.586000
8.542000
8.537000
8.527000
8.541000
8.541000
8.535000
8.582000
8.573000
8.533000
8.582000
8.564000
8.585000
8.532000
8.578000
8.532000
8.584000
8.550000
8.552000
8.557000
8.529000
8.550000
8.535000
8.551000
8.537000
8.558000
8.539000
8.550000
8.790000
8.574000
8.562000
8.556000
8.618000
8.582000
8.544000
8.555000
8.559000
8.554000
8.567000
8.588000
8.538000
8.556000
8.559000
8.533000
8.603000
8.599000
8.581000
8.567000
8.574000
8.540000
8.587000
8.582000
8.542000
8.566000
8.573000
8.544000
8.581000
8.556000
8.560000
8.559000
8.561000
8.564000
8.569000
8.567000
8.567000
8.568000
8.568000
8.554000
8.554000
8.576000
8.557000
8.575000
8.563000
8.545000
8.544000
8.543000
8.583000
8.584000
8.570000
8.551000
8.599000
8.567000
8.553000
8.603000
8.589000
8.539000
8.547000
8.590000
8.590000
8.552000
8.571000
8.585000
8.555000
8.581000
8.585000
8.567000
8.573000
8.596000
8.595000
8.565000
8.583000
8.587000
8.564000
8.586000
8.600000
8.563000
8.561000
8.581000
8.576000
8.595000
8.558000
8.562000
8.558000
8.577000
8.558000
8.567000
8.585000
8.618000
8.581000
8.570000
8.566000
8.582000
8.548000
8.560000
8.546000
8.567000
8.567000
8.599000
8.546000
8.560000
8.568000
8.549000
8.559000
8.548000
8.546000
8.563000
8.566000
8.546000
8.562000
8.558000
8.560000
8.560000
8.557000
8.563000
8.585000
8.559000
8.559000
8.565000
8.556000
8.591000
8.578000
8.568000
8.555000
8.561000
8.556000
8.556000
8.557000
8.565000
8.562000
8.561000
8.554000
8.568000
8.586000
8.574000
8.561000
8.558000
8.549000
8.550000
8.552000
8.551000
8.551000
8.562000
8.555000
8.555000
8.553000
8.553000
8.563000
8.550000
8.567000
8.571000
8.568000
8.551000
8.559000
8.557000
8.568000
8.560000
8.572000
8.582000
8.566000
8.552000
8.572000
8.571000
8.573000
8.555000
8.572000
8.572000
8.576000
8.558000
8.580000
8.562000
8.574000
8.578000
8.574000
8.631000
8.596000
8.610000
8.569000
8.569000
8.549000
8.555000
8.600000
8.581000
8.576000
8.571000
8.584000
8.554000
8.574000
8.571000
8.605000
8.557000
8.571000
8.578000
8.556000
8.563000
8.578000
8.549000
8.548000
8.569000
8.585000
8.589000
8.547000
8.558000
8.547000
8.581000
8.559000
8.556000
8.556000
8.562000
8.546000
8.571000
8.554000
8.564000
8.560000
8.553000
8.558000
8.556000
8.557000
8.554000
8.556000
8.555000
8.548000
8.547000
8.556000
8.559000
8.546000
8.560000
8.563000
8.562000
8.559000
8.553000
8.555000
8.559000
8.543000
8.544000
8.560000
8.555000
8.542000
8.545000
8.542000
8.562000
8.552000
8.554000
8.546000
8.548000
8.546000
8.558000
8.546000
8.560000
8.548000
8.580000
8.551000
8.547000
8.546000
8.552000
8.559000
8.558000
8.558000
8.559000
8.706000
8.546000
8.562000
8.562000
8.615000
8.550000
8.545000
8.569000
8.549000
8.557000
8.549000
8.552000
8.551000
8.667000
8.606000
8.559000
8.585000
8.554000
8.556000
8.557000
8.605000
8.553000
8.544000
8.555000
8.556000
8.561000
8.554000
8.543000
8.555000
8.548000
8.557000
8.543000
8.569000
8.544000
8.558000
8.547000
8.556000
8.555000
8.549000
8.558000
8.557000
8.604000
8.580000
8.557000
8.560000
8.556000
8.562000
8.547000
8.552000
8.558000
8.547000
8.563000
8.558000
8.749000
8.557000
8.538000
8.576000
8.558000
8.566000
8.562000
8.566000
8.563000
8.560000
8.566000
8.566000
8.582000
8.567000
8.560000
8.566000
8.570000
8.561000
8.573000
8.564000
8.558000
8.562000
8.560000
8.568000
8.563000
8.561000
8.560000
8.566000
8.561000
8.564000
8.590000
8.563000
8.692000
8.645000
8.541000
8.557000
8.529000
8.523000
8.527000
8.548000
8.609000
8.557000
8.552000
8.553000
8.547000
8.580000
8.572000
8.583000
8.563000
8.575000
8.546000
8.610000
8.568000
8.569000
8.535000
8.561000
8.543000
8.544000
8.559000
8.536000
8.588000
8.563000
8.563000
8.536000
8.586000
8.559000
8.535000
8.549000
8.537000
8.540000
8.564000
8.565000
8.558000
8.540000
8.552000
8.588000
8.567000
8.567000
8.545000
8.563000
8.540000
8.541000
8.548000
8.558000
8.560000
8.540000
8.543000
8.541000
8.561000
8.564000
8.589000
8.564000
8.566000
8.544000
8.557000
8.559000
8.538000
8.567000
8.579000
8.543000
8.543000
8.541000
8.560000
8.538000
8.562000
8.560000
8.561000
8.541000
8.561000
8.563000
8.566000
8.568000
8.564000
8.570000
8.567000
8.541000
8.547000
8.550000
8.740000
8.585000
8.562000
8.551000
8.556000
8.543000
8.545000
8.556000
8.550000
8.560000
8.605000
8.556000
8.551000
8.568000
8.552000
8.551000
8.581000
8.556000
8.571000
8.555000
8.563000
8.566000
8.556000
8.556000
8.559000
8.559000
8.569000
8.579000
8.615000
8.580000
8.596000
8.558000
8.560000
8.548000
8.551000
8.563000
8.587000
8.552000
8.552000
8.579000
8.553000
8.551000
8.557000
8.550000
8.555000
8.584000
8.585000
8.573000
8.577000
8.574000
8.552000
8.582000
8.576000
8.576000
8.602000
8.555000
8.554000
8.555000
8.587000
8.552000
8.556000
8.557000
8.550000
8.559000
8.557000
8.555000
8.540000
8.582000
8.552000
8.570000
8.557000
8.532000
8.537000
8.556000
8.535000
8.591000
8.568000
8.556000
8.557000
8.555000
8.554000
8.545000
8.553000
8.543000
8.555000
8.612000
8.603000
8.560000
8.573000
8.553000
8.584000
8.575000
8.611000
8.588000
8.538000
8.560000
8.644000
8.563000
8.594000
8.591000
8.570000
8.591000
8.557000
8.536000
8.556000
8.558000
8.535000
8.618000
8.594000
8.554000
8.555000
8.556000
8.541000
8.574000
8.783000
8.566000
8.580000
8.550000
8.624000
8.558000
8.571000
8.572000
8.555000
8.572000
8.570000
8.555000
8.610000
8.575000
8.553000
8.577000
8.604000
8.547000
8.612000
8.559000
8.572000
8.559000
8.557000
8.551000
8.573000
8.577000
8.558000
8.575000
8.571000
8.550000
8.570000
8.573000
8.547000
8.570000
8.575000
8.553000
8.594000
8.570000
8.598000
8.576000
8.550000
8.551000
8.550000
8.567000
8.547000
8.556000
8.561000
8.550000
8.552000
8.546000
8.554000
8.549000
8.550000
8.577000
8.550000
8.549000
8.778000
8.587000
8.565000
8.550000
8.550000
8.550000
8.545000
8.552000
8.552000
8.544000
8.546000
8.570000
8.582000
8.553000
8.564000
8.540000
8.564000
8.590000
8.525000
8.561000
8.563000
8.547000
8.563000
8.538000
8.565000
12.459000
8.647000
8.568000
8.582000
8.555000
8.603000
8.534000
8.579000
8.573000
8.558000
8.563000
8.581000
8.575000
8.560000
8.594000
8.559000
8.554000
8.547000
8.560000
8.560000
8.564000
8.562000
8.555000
8.556000
8.560000
8.558000
8.553000
8.556000
8.558000
8.556000
8.572000
8.574000
8.579000
8.559000
8.552000
8.563000
8.557000
8.559000
8.560000
8.561000
8.563000
8.559000
8.560000
8.565000
8.557000
8.561000
8.561000
8.563000
8.562000
8.565000
8.560000
8.552000
8.557000
8.561000
8.563000
8.579000
8.557000
8.569000
8.564000
8.578000
8.559000
8.590000
8.556000
8.543000
8.577000
8.579000
8.541000
8.577000
8.577000
8.542000
8.570000
8.572000
8.562000
8.581000
8.576000
8.557000
8.595000
8.577000
8.553000
8.565000
8.589000
8.554000
8.565000
8.577000
8.562000
8.545000
8.544000
8.578000
8.572000
8.553000
8.576000
8.575000
8.543000
8.573000
8.570000
8.553000
8.551000
8.556000
8.576000
8.562000
8.572000
8.567000
8.568000
8.586000
8.563000
8.571000
8.575000
8.571000
8.574000
8.571000
8.568000
8.569000
8.570000
8.561000
8.571000
8.567000
8.553000
8.552000
8.542000
8.542000
8.535000
8.558000
8.546000
8.548000
8.553000
8.545000
8.553000
8.543000
8.551000
8.542000
8.556000
8.551000
8.564000
8.561000
8.554000
8.572000
8.556000
8.588000
8.553000
8.557000
8.551000
8.580000
8.541000
8.545000
8.568000
8.557000
8.651000
8.548000
8.580000
8.582000
8.579000
8.571000
8.547000
8.568000
8.572000
8.567000
8.567000
