74.421998
75.387001
72.025999
73.648002
73.590998
73.341001
73.559001
73.192000
73.682997
73.408000
75.873002
68.127997
72.437000
73.293999
74.106999
73.275998
72.485000
74.260000
73.291998
73.831998
73.129002
73.782999
72.199002
73.477998
73.621999
74.441999
73.369000
73.497001
77.384003
79.854999
75.242002
75.920999
128.570002
101.519000
94.166998
80.033001
75.408999
74.781001
73.401999
72.490998
72.966002
73.644001
72.856002
73.679999
75.027000
74.068997
73.488999
72.056998
74.257001
73.834002
73.337000
73.714003
73.935002
71.610000
74.049998
71.823999
70.799001
73.761001
75.112000
72.462000
73.981002
73.883999
74.019000
73.909998
68.447001
72.848998
74.279997
72.230998
74.147999
72.036002
71.068998
74.294999
72.671000
71.999002
72.636999
66.367000
72.006002
73.385999
72.581001
72.649002
73.403999
72.176997
72.951000
73.550001
73.062997
73.373001
64.300001
72.577000
63.287001
62.869001
63.142002
62.791001
62.968999
72.815999
73.061999
73.950000
74.047998
63.639000
74.472003
72.878003
73.775999
73.355000
73.833000
73.868997
73.193002
71.519002
73.800001
73.883999
73.523000
73.047001
71.284998
72.710000
72.170001
73.594999
73.437002
72.458003
73.559001
72.211999
71.812000
72.926998
71.489003
73.056001
74.582003
74.343000
74.533999
73.984999
73.249001
71.939003
71.916997
70.009999
73.225997
73.470000
73.347002
72.687000
73.326003
72.676003
73.729999
73.315002
72.517000
73.059998
69.013998
72.790999
72.735999
71.731001
71.896002
73.762000
72.690997
72.912998
72.412997
73.400002
73.255002
66.885997
71.483001
74.439000
73.975999
74.292000
71.620002
72.975002
73.273998
70.427999
71.708001
72.321001
65.372001
72.099999
73.406000
73.726997
71.711000
73.627997
73.640000
72.820000
72.570998
72.397001
72.608002
63.533001
71.520999
72.902001
73.027000
73.442001
73.214997
72.434001
73.321000
73.256999
72.666001
73.249999
72.505999
72.540000
72.200000
72.884001
73.534999
73.777001
73.689997
72.322000
72.565001
73.009003
73.346000
72.691999
72.936002
72.248001
73.548000
72.105002
72.771002
72.928999
71.486000
71.653999
72.486002
70.092000
73.731001
72.866000
72.471000
73.240999
72.968997
74.149001
73.709000
72.133999
72.837003
73.116001
68.257000
73.483001
72.193000
72.166003
73.289003
72.434999
72.209999
73.596001
74.078001
72.562002
73.664997
66.277001
73.182002
71.511000
72.496999
74.157000
73.093001
73.740002
72.997998
72.874002
73.136002
72.666999
64.996999
72.393000
73.892999
72.896000
73.232003
71.885999
74.225999
74.085999
73.975999
72.129998
75.130999
63.215002
62.943999
62.918000
74.118000
73.226999
72.257001
72.774000
73.481001
72.147001
72.993003
77.087000
70.411000
73.727999
71.128000
73.656999
74.402999
72.998002
73.420003
73.580999
73.137000
73.426999
72.074000
72.047003
72.147999
72.304998
72.912000
73.197000
74.023999
73.753998
73.767003
73.789001
72.871000
69.401998
71.024999
72.853997
71.895000
73.645003
72.834000
73.984001
73.047001
73.315002
72.590999
73.112000
69.061000
72.262999
74.285001
72.124001
73.034000
73.726002
72.944999
72.072998
74.120000
73.447000
71.531001
65.639000
73.938001
72.453000
74.122999
73.477000
73.153999
72.543997
73.385000
74.849997
74.683998
72.505999
65.405998
72.812997
72.294001
71.787998
73.579997
63.211001
63.012000
72.363999
73.483001
74.256998
78.176003
73.672999
73.740002
72.830003
73.181000
74.179001
73.351998
72.861999
74.234001
71.616001
71.528003
72.337002
72.074000
71.690999
73.782001
73.404998
73.812999
73.592000
73.486000
70.971001
73.059000
73.318001
71.173999
71.862999
63.028000
70.958998
74.034996
73.107999
72.420999
73.546000
71.406998
73.307000
71.978997
68.686001
72.398998
72.517000
72.956003
71.981002
73.405001
73.991999
73.477000
71.615998
73.957000
71.743000
66.888999
70.989002
72.575003
72.610002
72.146002
71.810998
73.346000
73.328000
73.109001
72.742999
73.645998
64.703003
72.494000
72.668001
71.192000
71.759999
73.425002
72.299000
72.280001
73.024001
71.402002
71.511000
63.277002
62.995002
63.178997
63.168000
62.916998
63.177999
62.981002
63.335001
62.759001
63.131001
68.643000
73.198002
73.004998
71.647000
71.759000
73.377002
73.994998
71.720000
74.106000
72.012998
72.945002
73.309999
73.609002
71.520001
72.065003
73.086001
71.632002
73.774002
72.184999
73.106002
73.302001
72.434001
71.072999
73.392000
73.314000
72.316002
71.774002
73.654000
73.461000
74.554998
72.088998
71.332999
71.288999
69.679003
72.225001
73.542003
73.653001
72.379000
73.907003
73.828001
73.160000
73.043000
73.378999
72.521999
66.525001
71.655001
72.966997
73.750999
72.199002
72.613999
72.841000
72.524998
73.298000
72.898000
74.140001
64.958002
72.044000
73.249999
72.085001
71.229998
72.039001
73.357001
73.220000
71.472000
71.812999
72.124999
63.541997
72.437003
73.725000
72.544001
73.741000
72.122000
73.449001
72.780002
72.703000
73.414002
72.058998
73.034003
74.735999
73.527999
74.462999
74.036002
73.144998
73.261000
71.752001
72.243001
72.570998
73.405001
73.488999
72.496999
74.030001
72.948001
62.769998
62.938999
71.901001
73.428001
72.969001
74.016999
71.183998
73.915999
72.421003
71.079999
72.631001
72.788998
73.899001
72.421003
73.485997
73.728003
72.282001
69.747001
74.282002
72.543003
71.406998
73.029000
73.658001
74.744999
74.198999
72.090998
73.805999
71.169000
66.287000
72.629001
74.017003
72.696000
72.186001
73.281001
72.956000
73.162999
72.712000
73.713999
71.728002
64.712998
73.142998
71.638998
71.437001
72.603002
73.847998
73.869999
71.176000
71.405999
72.894998
73.319003
63.078001
62.973000
72.712000
70.696998
73.116001
71.463000
72.356001
72.299000
73.341001
73.061999
72.427001
72.232999
72.768997
72.718002
73.920999
74.030001
71.902003
73.503003
72.692998
72.133999
73.868997
72.845001
73.461998
72.990999
74.277002
73.014002
72.678000
71.470000
72.850998
72.928000
72.960000
72.444998
70.583999
73.984999
73.250998
70.765000
73.293000
71.138002
72.887000
73.494002
72.813001
72.842997
73.130000
69.687001
72.981998
72.910000
71.454000
71.270000
73.164999
72.590001
73.673997
73.564999
72.675001
72.542001
66.207998
73.959999
72.857000
73.285997
73.095001
72.956000
72.260000
72.044000
72.499998
72.661001
72.177999
65.538000
72.857998
71.396001
73.419001
72.662000
73.619999
72.221998
72.928000
72.623998
73.329002
74.184000
63.271001
72.763998
72.609000
72.217003
71.406998
72.653998
73.406998
73.225997
72.827999
71.835000
74.783001
73.998000
73.040001
73.948000
72.062001
70.103001
73.260002
72.945002
73.191002
72.196998
72.252002
72.673000
72.745003
74.148003
74.693002
73.666997
73.589001
73.022999
72.298001
72.366003
72.473001
72.081000
70.374001
71.884003
71.663000
71.246002
73.501002
72.636999
71.878001
73.624998
73.935002
71.773998
71.000002
69.904000
71.286000
71.703002
71.627997
72.566997
72.446000
73.906001
72.334003
74.082002
72.850000
73.275998
66.257000
74.433997
74.377000
72.902001
73.029999
71.724001
72.946999
74.280001
73.794998
71.349002
70.766002
64.585000
73.040999
63.136999
63.033998
63.187003
63.414000
63.053999
73.577002
73.582999
72.542999
73.594000
63.660998
73.959999
72.528999
73.247999
73.927000
73.490001
71.819998
72.039001
71.438003
72.583999
76.914001
73.143002
73.435999
71.725998
72.051000
71.015000
72.593000
71.000002
73.909998
72.624002
72.884001
74.026000
71.870998
71.745001
73.325001
71.913999
71.737003
73.438998
71.920000
72.927002
71.818002
73.355000
70.560999
73.682003
72.269998
71.713001
72.454002
72.733000
72.680000
72.062001
72.267000
71.644001
73.392000
69.513999
72.037999
72.195001
71.356002
70.596002
72.705999
72.448999
73.167000
74.329000
73.810998
72.802000
67.855000
71.927000
72.573997
73.054001
73.209997
72.325002
73.605001
70.828002
72.025999
73.569998
70.914000
65.698002
71.329001
72.544001
73.695000
71.812000
71.490999
72.043002
73.183000
73.059000
71.899001
74.104000
64.003997
73.470000
73.745999
72.969001
73.022000
72.741002
72.338000
73.174998
71.355999
73.102999
75.220998
71.748000
73.127002
62.853999
72.622001
73.188998
72.956000
73.028002
73.358998
72.774999
71.977001
72.058000
71.715999
71.038999
72.588000
73.205002
70.976000
73.003002
71.959000
72.944000
73.011000
74.457001
70.664998
73.835000
74.014999
73.631998
73.574997
72.275002
72.101999
72.561000
71.881998
72.125997
71.403999
69.697000
73.541000
72.866000
73.277000
72.104000
72.745003
73.309999
72.468001
71.083002
72.553001
70.674002
67.775000
72.893001
72.810002
73.314998
71.325999
72.744001
73.931001
71.486000
71.913999
73.137999
72.739001
66.391997
73.560998
73.091999
73.445000
71.915999
73.553998
73.121998
72.963998
72.691001
63.176997
71.598999
64.668998
72.223000
72.193999
73.578998
72.169997
71.635000
73.243998
71.407001
71.551003
73.454998
77.161998
72.613001
72.758000
71.249999
73.654000
73.913001
73.555999
72.195001
73.854003
73.077001
72.507001
73.034998
72.408002
73.487002
72.891999
73.047999
72.218001
71.743000
71.144000
73.189002
73.589001
73.060997
72.138000
73.179998
73.867999
73.477000
72.469998
73.224999
73.170997
72.365001
72.007999
73.102001
71.936000
69.321997
72.869003
71.270000
72.064001
73.596001
73.355999
72.438002
72.982002
71.738999
73.385000
72.492003
66.464998
71.488999
72.822999
71.447000
71.087997
74.382998
72.542999
72.576001
63.183002
71.836002
72.352998
66.939000
72.382998
74.600000
73.352002
71.720999
73.791999
71.657002
73.098000
72.859999
73.107000
71.895000
64.084999
72.257999
72.064001
73.977001
73.553998
70.733000
72.754998
73.130000
73.528998
74.998002
77.502001
72.313998
72.423998
73.334999
72.000001
71.845002
71.417000
73.009998
74.125998
72.278000
73.222999
73.884998
72.990999
73.773999
73.337000
73.241998
72.463002
71.167000
72.233997
73.376998
73.259998
73.015001
69.439001
71.539000
62.773000
62.856998
62.915001
72.482001
72.852999
71.307000
72.528999
74.331000
73.659997
69.104001
71.449999
73.654000
73.383000
72.833002
71.833000
71.940999
73.704999
71.984999
73.589001
73.201001
67.950003
72.750002
72.137002
72.712999
71.869999
72.934002
74.471999
73.995002
73.356997
72.611999
72.845001
65.885000
73.263001
72.914999
72.692998
72.997000
71.016002
73.163003
73.439997
72.838001
74.490000
73.847998
63.593000
72.825000
