958.955000
959.095000
958.555000
959.012000
968.863999
959.108001
959.063000
959.282000
959.400000
958.692000
958.202001
958.893999
958.941001
959.035000
958.985000
968.406000
959.071000
959.162000
958.756001
958.936000
959.314000
958.338000
958.974000
959.136001
958.907000
959.007000
969.615000
959.457000
958.945001
959.185001
959.338999
959.004000
969.115000
959.150000
969.640000
958.801000
959.004001
959.136001
958.879000
959.460000
959.024000
958.566001
958.897000
968.433000
958.951999
959.288000
958.852001
959.083000
958.832000
958.454000
958.989000
959.042000
959.529000
959.207000
958.852000
958.717001
959.392000
959.314000
958.749999
958.831999
970.237000
958.995000
958.782000
959.184000
958.757000
958.714000
958.234000
958.947000
959.088000
958.993000
959.057000
968.946000
959.040000
958.873999
959.167000
958.748001
958.907001
958.174000
959.048000
959.131001
958.982000
959.294001
959.225000
958.961000
958.455999
959.270000
958.606000
959.028000
967.073000
958.438000
959.500000
959.407000
958.962000
959.155000
958.435999
958.893000
959.053000
959.097000
958.911000
968.673000
959.026000
958.798000
959.232000
958.780000
958.965000
968.700999
958.656000
959.055000
959.289000
958.782000
958.967000
958.944000
958.812000
958.812000
958.815000
959.133000
969.318001
959.065000
958.766000
958.986000
959.209001
959.008000
958.684000
958.912000
959.258000
959.349999
959.128000
970.295000
958.997000
959.183000
958.962000
958.689000
958.976000
968.479999
958.887001
958.618000
958.939000
958.916000
958.884000
959.128000
959.157000
958.803000
959.163001
959.268999
967.377000
958.718000
958.609000
959.062000
958.951000
958.814000
958.369000
958.915000
959.080000
958.823000
959.088000
958.891000
958.692000
959.346999
958.802001
959.164999
958.919000
969.362000
958.984001
959.048999
959.127000
958.995000
958.730000
958.133000
958.846999
959.181000
958.990999
958.919001
968.528000
958.697001
959.115000
959.199000
959.283000
959.222000
968.557000
959.241000
958.714000
958.962000
959.115000
959.058000
958.858000
958.961000
958.618000
959.309001
958.661000
968.210000
959.087000
959.119000
959.139000
958.828000
958.974000
958.576000
959.300000
959.041000
959.479000
959.133000
969.094000
958.687000
959.036999
965.324000
958.967000
959.128001
967.639000
958.969001
959.047999
958.539000
958.705001
959.035000
958.694001
959.125000
958.748000
959.061000
959.040000
967.954000
958.807999
959.087000
958.721000
959.207000
959.069001
958.737000
958.790001
958.911000
958.970000
959.209000
958.923000
958.988000
958.978000
959.533000
958.649000
958.706001
968.715999
959.073001
958.925000
958.835999
958.759001
958.657000
958.545000
959.333001
958.763000
958.503000
959.390000
968.697000
959.215000
958.833000
958.954000
959.020999
958.699999
958.645000
958.996001
959.008000
958.531001
959.148000
959.019001
959.156000
959.193000
959.284000
958.737000
959.053000
971.911999
959.079999
958.923000
958.914000
958.867000
958.781000
958.877999
958.972000
958.419000
958.864000
958.636000
967.181000
958.807000
958.856001
959.009000
958.933000
958.887000
958.244000
959.047000
958.701001
958.889000
958.822000
968.099999
959.365000
958.761999
958.697000
958.765000
959.151000
968.308999
958.848001
958.916000
958.941000
958.535000
958.782000
959.363000
959.389000
959.033000
959.376000
958.819000
968.688000
958.856000
958.945000
959.231000
959.094999
958.849000
958.396000
958.997000
958.595000
958.880000
959.342000
959.116000
958.545000
958.803000
958.702000
958.832000
959.296999
968.885000
959.227000
958.938000
958.761999
958.651000
959.102000
959.149000
958.835999
959.377999
958.912000
958.951000
969.665000
959.027000
958.580000
958.790000
959.245999
958.892000
958.949000
958.845000
959.019001
958.688000
959.340001
959.181000
958.961000
959.234000
959.022000
959.194000
959.106999
968.234000
959.469000
959.040999
958.846000
959.046000
958.662000
958.598000
958.635001
958.897000
959.444000
959.062001
967.657000
958.853999
958.742000
958.870000
958.804000
958.955999
970.943999
958.939000
959.058000
958.880000
959.191000
959.198000
958.983000
958.993000
959.129000
958.578000
959.033000
968.436001
958.946000
958.686000
958.848001
958.728001
958.873000
958.459000
959.100000
959.134000
958.850000
959.003001
969.148000
958.691000
958.725000
958.945001
959.260000
958.837000
967.076000
958.725000
959.165000
958.853999
959.215000
958.583999
958.861000
958.986999
959.082000
958.943999
959.029000
968.477000
958.879000
959.363000
959.046000
958.873999
958.988000
958.230000
958.607000
958.795000
958.963000
959.002000
959.004000
959.122000
959.005000
958.817000
958.857000
958.800000
968.614001
958.984001
959.369000
958.827000
958.658000
959.354000
959.321001
958.612000
959.497999
959.064000
958.825000
967.673999
959.248000
958.861000
958.865000
958.745001
959.258000
967.507999
958.893000
958.815000
959.034000
958.697001
959.098000
958.838000
959.104000
958.612000
958.864000
958.934000
968.158000
958.912000
958.882000
958.759001
959.056000
958.715000
958.304000
959.055000
959.081000
959.158000
958.909000
966.859001
959.081000
959.004999
958.877000
958.847000
959.051000
969.842000
958.837000
958.710000
959.038001
959.086999
959.171000
959.415000
959.037000
959.145000
959.079000
959.076000
969.940000
958.649999
958.974999
958.814001
958.860000
959.012000
958.367000
958.860000
959.031001
958.881000
959.263001
958.894000
958.823000
958.519000
958.993000
959.061000
958.854999
967.350000
959.205000
959.162000
959.222000
958.908000
959.177000
958.363000
959.046000
958.770000
958.756000
958.777000
968.973001
958.614999
958.934000
958.811000
958.706000
958.675999
968.135000
958.536000
958.757999
959.034001
958.962000
958.989000
958.712000
958.807999
959.016000
958.896000
959.204000
968.053000
959.445000
959.357000
958.741000
958.708000
958.616000
958.909000
959.046000
959.286001
959.140999
959.116001
968.777000
958.767001
958.582000
958.994000
958.899000
959.045000
968.878000
958.903000
959.210999
959.108000
958.958000
958.992000
958.992000
958.818000
958.962999
959.160999
958.658000
966.872999
959.205001
958.851000
958.707000
958.725001
958.775000
958.267001
958.942000
959.040000
959.167000
959.840000
958.679000
958.890000
959.309000
959.115000
959.275001
958.944000
968.102000
958.857000
959.000000
959.138000
959.606000
958.845000
959.026000
959.046000
958.959000
958.640000
958.865000
967.940000
959.042001
959.032000
958.905000
958.840000
958.790000
958.727000
959.164000
959.113000
958.706000
958.822000
958.933000
959.200000
962.838001
958.957000
958.863000
958.896000
969.384001
958.906000
968.295000
958.735000
958.886000
958.699000
958.089001
959.063000
959.022000
958.828000
959.070000
968.391000
958.934001
958.860000
958.689000
958.760000
958.935999
970.061000
959.178001
959.307999
959.211000
959.095000
959.136000
959.377000
958.892999
958.878000
958.854999
958.623000
968.107000
958.856000
958.968000
959.056000
959.081000
959.017000
958.905000
958.821000
959.373999
959.420000
959.398001
969.324000
958.922001
959.056000
958.820000
958.955000
958.864000
969.014000
958.854999
959.030000
959.299000
958.860000
958.937000
958.785000
958.866000
958.574001
959.028000
958.944000
968.747000
959.244000
959.052000
959.495001
958.805000
958.791001
958.606000
958.846000
959.050001
958.746000
958.703000
958.873000
958.973000
959.067999
959.209000
959.217000
958.981999
968.758000
959.024000
958.831000
958.817000
959.281000
958.791999
958.874000
958.612000
959.119000
958.552999
959.465000
968.401001
959.180000
958.992000
959.030000
959.020001
958.852001
958.279000
959.085001
959.442000
958.827000
958.662000
958.884000
958.760000
958.977001
959.058000
958.939000
958.828000
968.401000
959.160999
959.013000
959.049000
958.878000
958.773999
958.682001
959.009000
959.053000
958.775000
958.861000
968.195000
959.183000
958.989000
959.016000
958.982000
958.842000
968.429000
958.858000
959.060000
958.745000
959.147000
958.825000
958.989999
958.861999
958.757000
958.977000
959.132000
967.778000
958.850000
958.951000
958.813000
959.018000
958.845001
958.533000
958.869000
958.757000
959.161000
958.803000
969.099000
958.935000
959.123001
958.734999
959.031001
958.888000
969.094000
959.061000
959.088000
958.911000
958.997000
958.859000
958.884000
959.237000
959.066000
958.799000
959.133000
967.954000
959.137000
958.732000
959.062000
959.203000
959.153000
958.225001
959.289000
958.866000
959.084000
958.690000
958.840000
959.012000
959.277000
958.755000
958.645999
959.162000
968.424000
959.071000
959.074999
958.737000
958.715999
959.030000
958.463000
959.109999
958.910000
958.929000
958.971000
968.370000
959.059999
959.203000
959.085000
959.001000
958.894000
958.312999
958.768000
958.631000
958.963000
958.872000
958.873000
958.582999
958.741000
959.253999
959.244001
959.136000
968.100000
958.993000
958.995000
959.015000
958.502000
958.575999
958.308999
958.939000
958.928999
958.518000
958.949001
968.371000
959.139000
959.224000
959.415000
958.757000
958.680000
968.524000
959.219000
958.950000
958.827000
958.982999
958.935999
958.969000
959.302000
958.779000
959.085000
958.911000
969.306001
958.787000
958.892000
959.176000
958.782000
958.910001
958.545000
958.736000
959.094000
959.020000
959.584000
969.087000
959.033000
958.703999
958.783000
958.757000
958.428000
958.721000
959.024000
958.881999
958.722000
958.777000
966.391999
959.135000
958.831000
958.900999
958.859000
958.524000
968.028001
958.973000
959.164999
958.961001
958.849000
958.567000
958.676999
958.880001
959.018000
958.856000
958.935999
968.894999
959.311000
958.974000
959.061000
958.923001
958.498000
958.760001
958.956000
959.178001
959.024000
958.867000
958.986000
959.090000
959.074000
958.443000
958.636000
958.746000
967.775000
958.731000
958.629000
958.945001
958.697001
958.870000
958.575999
958.865000
958.997000
958.815000
959.066001
967.371000
959.083000
959.167000
959.332000
958.916000
958.689000
968.718000
958.847000
958.824000
958.935000
959.048000
959.155000
958.548999
959.035001
958.998000
959.034001
958.978000
968.558000
958.993000
958.944000
958.876000
959.026000
958.814000
958.477000
958.538000
959.004000
958.946000
958.659000
967.625000
958.733001
958.760000
959.347000
958.827000
958.968000
968.688000
958.996001
959.390000
958.858000
958.741000
958.979000
958.931999
958.799000
959.100001
959.097000
959.199000
968.285000
959.022000
959.088000
959.017000
958.825001
959.141000
958.460000
958.821000
958.810000
959.024000
958.744001
969.055000
959.174000
959.102000
958.912000
958.742000
958.901000
970.577000
958.798001
958.812000
959.128999
958.949000
958.923000
958.865000
958.894000
958.773999
959.253000
959.408999
969.098000
958.755000
959.243000
958.613999
959.384000
959.122000
958.594000
959.203000
959.251000
958.658000
958.968000
969.534000
959.147000
959.450000
958.732001
958.809000
959.020000
967.281001
959.157000
958.997999
958.776000
958.784000
958.953000
958.800999
958.891000
958.756000
958.935999
958.897999
968.836000
959.205000
959.285000
959.218000
959.282000
958.967000
958.485000
959.101000
959.152999
