0.247000
0.241000
0.253000
0.232000
0.232000
0.233000
0.232001
0.231000
0.232001
0.233000
0.232000
0.232000
0.233000
0.233000
0.232000
0.232000
0.232000
0.233000
0.232000
0.231001
0.228999
0.233999
0.232000
0.232000
0.232000
0.233999
0.232000
0.232000
0.232000
0.233000
0.232000
0.232000
0.232000
0.233000
0.232000
0.232000
0.233000
0.234000
0.231001
0.232000
0.232000
0.234000
0.232000
0.231001
0.232000
0.233999
0.231000
0.232001
0.232000
0.234000
0.231000
0.232000
0.232000
0.233999
0.232000
0.232000
0.232000
0.234000
0.231001
0.232000
0.232000
0.234000
0.232000
0.232000
0.232000
0.252999
0.232000
0.231000
0.232000
0.233000
0.231001
0.232000
0.233000
0.232000
0.232000
0.231001
0.232000
0.233000
0.232000
0.232000
0.232000
0.233000
0.232000
0.232000
0.232000
0.233000
0.232000
0.232001
0.232000
0.232000
0.232000
0.232000
0.232000
0.233000
0.232000
0.232000
0.233000
0.233000
0.231000
0.232000
0.232000
0.232001
0.232000
0.232000
0.232000
0.232000
0.231001
0.232000
0.233000
0.232000
0.232000
0.232000
0.232000
0.233000
0.232000
0.232000
0.232000
0.232000
0.232001
0.232000
0.232000
0.233000
0.232000
0.232000
0.232000
0.232001
0.232000
0.231000
0.231001
0.232999
0.231000
0.232000
0.232000
0.233000
0.231000
0.232000
0.232000
0.233000
0.232000
0.232000
0.232000
0.232999
0.231001
0.232000
0.232001
0.233000
0.232000
0.232000
0.265000
0.233000
0.231001
0.231000
0.232000
0.232999
0.232000
0.232000
0.232000
0.233000
0.231000
0.232000
0.231000
0.233000
0.232001
0.232000
0.232000
0.233000
0.232000
0.232000
0.231000
0.233000
0.232000
0.231000
0.232000
0.233000
0.232000
0.232000
0.231000
0.233000
0.231000
0.232000
0.232000
0.232000
0.232000
0.232000
0.232000
0.233000
0.232000
0.232000
0.232001
0.232000
0.232001
0.232000
0.232000
0.232999
0.232000
0.231001
0.232000
0.233000
0.232000
0.231000
0.232000
0.233000
0.231001
0.232001
0.232000
0.233000
0.232000
0.232000
0.232000
0.233000
0.232001
0.231000
0.233000
0.233000
0.232000
0.232000
0.232999
0.232001
0.444000
0.225999
0.227000
0.227000
0.227000
0.226000
0.227001
0.226000
0.226000
0.227000
0.227001
0.227001
0.227000
0.226000
0.227000
0.227000
0.227001
0.227000
0.227000
0.227000
0.226000
0.227001
0.225999
0.225999
0.226000
0.227001
0.227001
0.227000
0.226000
0.227000
0.226000
0.227000
0.227000
0.227000
0.227001
0.225999
0.226000
0.227000
0.227001
0.227000
0.227001
0.227001
0.227001
0.227000
0.226000
0.227001
0.226000
0.226000
0.226000
0.227001
0.227000
0.227000
0.227001
0.227001
0.226000
0.227000
0.226000
0.227000
0.227001
0.227000
0.225999
0.227000
0.227000
0.227000
0.227001
0.227000
0.225999
0.227000
0.227000
0.227001
0.227000
0.226000
0.225999
0.225999
0.227000
0.227000
0.227001
0.227000
0.225999
0.227000
0.227000
0.227001
0.227000
0.226000
0.227000
0.225999
0.227001
0.227000
0.226000
0.227000
0.228001
0.227000
0.225999
0.227000
0.228000
0.227000
0.226000
0.227001
0.228000
0.227001
0.225999
0.227000
0.225999
0.226000
0.228000
0.227000
0.227001
0.226000
0.226000
0.227001
0.227000
0.227001
0.227000
0.227000
0.227000
0.227000
0.225999
0.227000
0.228000
0.227000
0.226000
0.225999
0.223000
0.227000
0.226000
0.227000
0.226000
0.227001
0.227001
0.227001
0.227001
0.226000
0.227000
0.227000
0.226000
0.227001
0.225999
0.227000
0.227001
0.227000
0.227000
0.227000
0.226000
0.227000
0.225999
0.227001
0.227001
0.227000
0.227001
0.227000
0.228000
0.225999
0.226000
0.226000
0.228000
0.227001
0.226000
0.227001
0.228001
0.227001
0.226000
0.226000
0.227000
0.227000
0.227001
0.227000
0.227000
0.227000
0.225999
0.227000
0.227001
0.227000
0.227000
0.227000
0.226000
0.227000
0.227001
0.227001
0.226000
0.227000
0.227001
0.227001
0.227001
0.227000
0.227001
0.227000
0.227001
0.226000
0.225999
0.227001
0.227000
0.225999
0.227000
0.226000
0.227001
0.227000
0.226000
0.226000
0.227000
0.225999
0.225999
0.225999
0.226000
0.226000
0.226000
0.227000
0.226000
0.227000
0.226000
0.226000
0.225999
0.227000
0.225999
0.227000
0.226000
0.227000
0.226000
0.227001
0.225999
0.227000
0.226000
0.225999
0.226000
0.227000
0.226000
0.227000
0.225999
0.227000
0.226000
0.227000
0.226000
0.227000
0.227000
0.225999
0.225999
0.227001
0.226000
0.227001
0.226000
0.227001
0.226000
0.225999
0.226000
0.227000
0.226000
0.227000
0.227000
0.227001
0.226000
0.227000
0.227000
0.226000
0.227000
0.227000
0.226000
0.227000
0.227000
0.227000
0.227000
0.227001
0.226000
0.227001
0.225999
0.226000
0.225999
0.227000
0.226000
0.227001
0.227000
0.227000
0.225999
0.227000
0.226000
0.227000
0.226000
0.227001
0.225999
0.226000
0.226000
0.227000
0.226000
0.226000
0.226000
0.227000
0.228000
0.227000
0.225999
0.227001
0.227001
0.227001
0.226000
0.227000
0.227000
0.227000
0.227000
0.226000
0.227001
0.227001
0.227001
0.226000
0.225999
0.227000
0.227001
0.227000
0.225999
0.227001
0.226000
0.227000
0.225999
0.227001
0.225999
0.227001
0.226000
0.227001
0.226000
0.227000
0.226000
0.227000
0.227000
0.227001
0.226000
0.227000
0.228001
0.227001
0.226000
0.227000
0.225999
0.227000
0.225999
0.227001
0.227000
0.226000
0.227000
0.227000
0.226000
0.227001
0.225999
0.227000
0.226000
0.227000
0.227001
0.227001
0.225999
0.227000
0.225999
0.227000
0.227001
0.227001
0.227001
0.227001
0.226000
0.227000
0.227000
0.226000
0.227000
0.226000
0.227001
0.227001
0.227001
0.227001
0.226000
0.226000
0.228000
0.227001
0.228000
0.227000
0.227001
0.227001
0.228000
0.227001
0.228000
0.227000
0.228000
0.226000
0.228000
0.227000
0.226000
0.226000
0.227000
0.226000
0.227001
0.227001
0.227001
0.227000
0.227001
0.227000
0.227001
0.227000
0.224999
0.225999
0.227001
0.225999
0.227001
0.227000
0.227001
0.227000
0.227000
0.227000
0.226000
0.227001
0.227001
0.225999
0.225999
0.227001
0.227000
0.227001
0.227000
0.227000
0.225999
0.227001
0.225999
0.226000
0.227000
0.225999
0.227000
0.226000
0.227001
0.227001
0.227000
0.226000
0.226000
0.227000
0.227001
0.227001
0.225999
0.227000
0.226000
0.227001
0.226000
0.227001
0.227001
0.225999
0.227000
0.227001
0.227001
0.227001
0.227001
0.227000
0.225999
0.227001
0.226000
0.227000
0.227000
0.226000
0.227000
0.226000
0.227000
0.227001
0.227001
0.226000
0.226000
0.226000
0.227000
0.227001
0.227001
0.227000
0.226000
0.227000
0.225999
0.227000
0.227001
0.227000
0.227000
0.225999
0.227000
0.227001
0.227000
0.225999
0.226000
0.227000
0.226000
0.227000
0.227000
0.227000
0.226000
0.227001
0.227001
0.227000
0.227000
0.225999
0.225999
0.227000
0.227001
0.227001
0.227000
0.227000
0.226000
0.227000
0.227000
0.227000
0.227001
0.227000
0.227001
0.227001
0.226000
0.227000
0.226000
0.225999
0.225999
0.227000
0.226000
0.227000
0.227000
0.227000
0.226000
0.227001
0.223000
0.227001
0.228000
0.225999
0.227000
0.226000
0.226000
0.227000
0.227001
0.227000
0.227000
0.227001
0.227001
0.226000
0.227000
0.227000
0.226000
0.227000
0.227000
0.227000
0.227000
0.227000
0.226000
0.227000
0.226000
0.227000
0.227000
0.227001
0.226000
0.227001
0.227000
0.227000
0.226000
0.227001
0.227001
0.226000
0.227001
0.227000
0.227001
0.227000
0.227000
0.227000
0.226000
0.227000
0.227000
0.226000
0.227001
0.226000
0.227000
0.227001
0.227000
0.226000
0.225999
0.226000
0.225999
0.227000
0.225999
0.225999
0.227000
0.227001
0.225999
0.227000
0.227001
0.227000
0.227000
0.226000
0.227001
0.227000
0.227000
0.227000
0.227000
0.227000
0.225999
0.227000
0.227000
0.226000
0.227001
0.226000
0.227000
0.227001
0.227000
0.226000
0.227001
0.227001
0.226000
0.225999
0.227000
0.227001
0.227000
0.227000
0.227001
0.227001
0.227001
0.227001
0.225999
0.227000
0.226000
0.227000
0.227000
0.227001
0.227001
0.226000
0.227000
0.227000
0.227001
0.227000
0.227000
0.227000
0.227001
0.227001
0.227000
0.227001
0.226000
0.227001
0.226000
0.227000
0.226000
0.227000
0.226000
0.227000
0.225999
0.227001
0.227001
0.227000
0.228000
0.227000
0.227000
0.227000
0.227000
0.227001
0.226000
0.227000
0.227000
0.227001
0.226000
0.227000
0.227000
0.227000
0.225999
0.227000
0.226000
0.225999
0.227000
0.227001
0.227000
0.227001
0.227000
0.227001
0.227000
0.227000
0.227000
0.227001
0.227000
0.227000
0.225999
0.227000
0.227000
0.227000
0.227000
0.227000
0.228000
0.227001
0.226000
0.227000
0.228000
0.226000
0.226000
0.227000
0.227000
0.228000
0.226000
0.227001
0.227000
0.227001
0.225999
0.227000
0.228001
0.226000
0.226000
0.227001
0.227000
0.227000
0.227000
0.227000
0.227000
0.227000
0.227001
0.227000
0.228000
0.227001
0.227000
0.227000
0.225999
0.227001
0.226000
0.227001
0.226000
0.227000
0.226000
0.227001
0.226000
0.227001
0.225999
0.227001
0.227000
0.227001
0.225999
0.227000
0.226000
0.226000
0.227001
0.227000
0.226000
0.227001
0.226000
0.227000
0.226000
0.227001
0.226000
0.227000
0.226000
0.227000
0.223001
0.227000
0.227001
0.226000
0.227000
0.227000
0.226000
0.227001
0.227000
0.227001
0.227001
0.226000
0.227001
0.226000
0.227001
0.227001
0.225999
0.227000
0.225999
0.227001
0.227000
0.227001
0.226000
0.227001
0.227001
0.226000
0.227001
0.226000
0.227000
0.226000
0.226000
0.227000
0.227000
0.225999
0.227000
0.226000
0.227001
0.227000
0.227000
0.226000
0.226000
0.227000
0.251000
0.227001
0.226000
0.227000
0.227001
0.225999
0.227001
0.227000
0.227001
0.227001
0.226000
0.226000
