329.912000
329.088001
329.212001
329.074000
329.055999
329.476001
329.053000
329.366000
329.066999
329.258000
329.095000
329.275000
348.428000
329.140000
329.211000
328.927000
329.174000
328.794000
329.503001
329.291999
328.868000
329.276999
329.107000
329.111001
329.144999
328.849999
329.264999
328.951000
329.354000
329.078000
329.370000
329.283000
328.799999
329.216000
329.285000
329.298000
329.177001
329.294000
329.262000
329.217000
329.079000
329.468000
329.307999
329.225000
329.454999
328.755000
329.075000
329.475001
334.595000
329.229999
329.291000
329.147000
329.258000
329.015000
329.140000
329.254000
328.901000
328.962000
328.895000
329.299000
328.938000
328.848001
329.138000
328.965000
329.150001
329.284000
329.285000
329.083000
329.114000
329.159001
329.248000
329.245999
329.068000
328.946999
329.127000
329.109000
329.285000
329.252999
329.451000
329.214999
329.410000
328.991001
329.016000
329.155001
336.319000
328.958999
329.094000
329.128999
329.165000
329.279999
329.505000
329.243000
328.946999
329.371000
328.923000
329.527000
328.884000
329.099000
329.271000
329.081000
329.258000
328.912000
329.264000
329.288000
328.954000
329.291999
329.070000
329.245000
329.106000
329.243000
329.135001
329.129000
329.299000
328.961001
329.059000
329.302001
329.451000
328.791000
329.131000
329.165000
335.062000
329.462000
329.106000
329.248000
329.217000
329.095000
329.160000
329.302001
328.934000
329.272999
328.945001
329.318000
329.120000
329.496000
329.508000
329.169000
329.156000
328.946000
329.483000
329.304000
329.442000
329.378000
328.912000
329.123000
329.335000
329.299000
329.286000
329.274001
328.994000
329.170000
328.768999
329.393000
328.915000
329.304000
329.336000
328.956001
335.402001
329.333000
329.305001
329.316000
328.972001
329.282001
329.129000
329.122000
329.281000
329.509000
328.942000
329.209000
329.282001
329.166000
329.277000
329.531000
329.306000
329.062001
329.477999
329.166001
329.067000
329.352000
329.462999
329.321000
328.868000
329.152000
329.261000
329.473000
328.862000
329.147999
328.935000
329.390001
329.123000
328.966000
328.913000
328.922999
334.670000
329.194999
329.299000
329.365999
329.147000
329.015001
329.146000
329.134000
329.108000
328.940000
329.278000
329.163999
328.841999
329.351000
328.957999
329.310000
329.376000
329.125999
329.107000
329.516000
329.136000
329.543999
329.125000
329.067000
328.962999
329.346000
329.347000
329.130000
328.935999
328.739000
329.284000
329.128000
328.926000
329.326000
329.287000
329.179999
335.344000
329.132000
329.136000
329.149000
329.132000
328.913000
329.307999
329.113000
329.292000
329.391001
329.276000
329.146001
328.968001
329.063000
329.093000
329.175000
329.557000
329.186000
328.805000
329.503000
328.752999
329.399000
329.284000
329.371000
329.323000
329.279999
328.860000
328.960001
328.934000
328.988001
329.489999
328.962000
329.098000
329.117000
328.850999
329.310999
334.350999
329.154001
329.325000
329.375001
329.103000
335.334000
328.969999
328.972000
329.138000
329.112000
329.092000
329.490000
328.898000
328.958999
328.619001
329.312000
329.229999
329.097000
329.136000
328.929000
329.204000
329.171000
328.964000
328.748000
328.892999
329.162000
329.206000
329.133000
329.142001
329.302000
329.097999
329.384999
329.125999
328.960000
329.134000
329.078000
335.402000
329.595000
328.900999
329.151000
329.406000
333.856000
329.252000
329.209000
329.156999
329.331000
329.125000
329.215000
329.208001
328.925000
329.318000
329.100000
329.288000
329.295000
329.117000
329.140000
329.160000
329.188000
329.481999
328.943000
329.073001
329.022000
329.386001
329.178000
328.993000
329.229000
329.341999
329.327000
328.947000
328.919000
329.631001
329.151000
334.911000
329.269000
329.240000
329.325000
329.183000
334.956000
329.147000
329.170000
329.091000
329.299000
329.274000
329.191000
329.094000
329.407000
328.931999
329.287000
328.944000
329.130000
329.286000
329.079000
328.787000
329.574999
329.074000
329.320000
329.140000
329.360000
329.131001
329.240000
329.207000
329.013000
329.117999
329.400000
329.084001
329.186001
328.939000
328.980000
334.421000
329.331000
328.945001
329.325001
328.915000
335.874001
329.038000
328.946000
329.253000
329.318000
328.824000
328.953000
328.963000
329.173001
328.763000
329.097000
329.084000
328.879000
329.067999
329.128000
329.164000
329.174000
329.039000
328.924000
329.056000
328.755000
329.227000
328.755000
328.927000
328.723000
329.149000
329.144000
329.003000
329.143000
329.478000
328.764000
335.528000
328.810999
329.476000
329.182000
328.985000
334.570000
329.115000
329.129000
329.118000
328.946000
329.054000
329.324000
329.172000
329.146000
329.322000
328.974000
329.347000
329.324000
329.132000
329.289000
329.279000
329.144999
328.918001
329.284000
329.463000
329.115000
329.364999
329.081000
329.308000
329.284000
329.333001
329.353000
329.266001
329.477000
329.107000
328.737000
335.085000
329.157000
328.984999
329.251000
329.103000
334.118000
328.918001
329.109999
329.093000
329.140999
328.962999
329.206000
329.116000
328.956001
328.912000
329.104000
328.977000
329.341999
329.276000
329.013000
328.950000
329.165000
329.489999
329.358000
328.927999
329.158000
329.307000
329.347000
329.249000
329.304000
328.904000
329.353000
329.103000
329.523000
329.112000
329.483001
334.953000
329.073000
329.236000
329.012999
328.901000
329.070000
329.418000
328.804000
329.167999
329.155000
328.841001
329.149000
328.670000
329.281000
329.531000
328.942000
329.414001
329.320000
329.368000
329.147000
329.270001
329.253000
329.290001
329.310000
328.818999
329.317000
329.133000
329.116000
328.931999
329.152000
329.198000
329.382000
328.946000
329.306000
329.488000
328.921000
334.435000
329.275000
329.443000
329.339000
329.160000
328.918000
329.179999
329.535000
329.291999
329.125000
328.959000
329.372000
329.115001
328.938000
329.027999
329.282001
329.368000
329.136000
329.091000
329.223000
329.058000
328.990000
329.479000
329.181001
329.135001
329.106000
328.972001
329.498000
329.051000
329.112000
329.280999
329.240999
329.124001
329.299999
329.246000
329.338000
334.224001
329.145000
329.294000
328.966999
328.925001
329.151000
329.372000
329.321000
329.282000
329.476000
329.319000
329.336000
329.113000
329.086000
329.276000
329.117000
329.282000
329.077000
328.760001
329.333000
329.320000
329.368000
328.780999
329.307999
329.345000
329.314000
329.340001
329.152000
329.105000
329.153000
328.805001
329.273000
328.936000
329.503001
328.941001
329.290000
335.194000
329.441000
329.453000
329.513000
329.156000
328.947000
329.154000
328.935000
329.105999
329.346000
328.989999
329.325000
328.880000
329.280000
329.101999
329.109000
329.345000
329.059000
329.139000
329.050000
328.955000
329.175000
329.275000
329.121000
329.125999
329.256000
328.983000
328.971000
329.319000
329.338000
328.910000
329.459000
329.100001
329.326000
329.081000
329.153000
335.479000
329.113000
329.110000
328.971000
329.499000
329.275000
328.962000
328.970000
329.137000
329.276999
329.310000
329.359001
328.950000
329.354000
329.246000
329.020000
329.330000
328.964000
329.083000
329.470000
329.438999
329.303999
329.263000
329.093000
329.261000
329.301001
329.251001
329.127001
329.314000
328.956001
329.120000
329.138000
329.137000
329.357000
329.262000
329.504000
334.242000
329.124999
329.511000
329.167000
328.968001
332.979000
329.147000
329.165000
329.129000
329.291000
329.307000
329.379001
329.307000
329.208000
328.943999
329.260000
328.864000
329.044000
329.090999
329.485999
328.946000
329.055999
329.259999
328.906000
329.348000
329.322000
329.285000
329.321000
328.964001
329.104000
329.317000
329.043000
328.937000
329.307000
328.913000
329.296000
334.192000
329.289000
329.269000
329.509000
329.088001
334.706999
329.075000
328.907000
329.078999
329.115000
329.285000
328.995000
329.264000
329.315000
329.444000
329.138000
329.129000
328.957999
329.093000
329.125999
329.284000
329.278000
329.086000
328.960000
328.870000
328.907999
329.302000
329.210000
328.922000
329.310000
328.815000
328.875000
329.103000
329.309000
329.348000
329.163000
334.148000
329.491000
329.138000
329.019000
328.946000
333.920999
328.968001
328.881999
329.079000
328.963000
329.030000
329.373000
329.112000
329.127000
328.998000
329.322999
328.814000
329.260000
328.796000
328.934000
329.384000
329.337000
329.278000
329.541000
328.894001
329.159000
329.114000
329.144999
329.069000
328.981000
328.953000
329.347000
329.299999
329.272999
329.154000
329.105000
333.881000
329.089000
329.181000
329.120000
329.334000
333.817001
329.089000
329.453001
328.944000
329.283000
329.142001
329.384000
329.057000
329.307000
329.108999
329.293001
329.532000
328.907999
329.112001
328.879000
329.454000
329.171000
329.100000
328.892000
329.151000
329.092000
329.308000
329.345000
329.304000
329.107000
329.131000
329.160000
329.111001
329.297001
328.965001
329.325000
334.385000
329.388000
329.075000
328.847000
329.092000
334.943000
329.126000
328.930000
329.227000
328.958000
329.251000
329.353000
328.738000
329.108000
329.236001
328.974000
328.997000
329.280999
329.333000
328.732000
329.285000
329.209000
329.105000
329.121000
329.614000
329.193001
329.304000
329.007001
328.941000
329.012000
329.460000
329.328001
329.074000
329.130000
329.131001
329.289000
329.176000
329.287000
329.133000
329.171000
329.448000
334.329000
329.135001
329.035000
329.126000
329.269000
328.945000
329.399000
337.815000
329.274000
329.082000
329.164000
329.225000
328.915000
328.972000
329.132000
328.806000
328.946999
329.096000
329.292000
329.083000
329.251001
329.101000
329.152999
329.124000
329.293000
329.128000
329.193000
328.912000
329.429001
328.942000
329.342000
333.422001
329.016000
328.784999
329.147000
329.109000
334.497000
329.074000
329.114000
329.237000
328.920000
329.279000
329.145000
329.283000
329.098000
328.925001
329.314000
329.072000
329.254000
328.976000
329.316000
329.191000
329.361000
328.972001
329.111001
329.177001
329.055000
328.961000
329.096000
329.147000
329.161000
329.094000
329.155000
329.220000
329.307999
329.065000
329.124000
333.497000
329.307000
329.165000
328.919000
329.159999
333.655000
329.238000
329.155000
328.988000
329.006000
329.134000
329.332000
329.089001
329.515000
329.113000
329.318000
329.139001
328.909000
329.160000
328.899000
329.074999
329.164000
329.165000
329.120000
328.912999
329.076000
329.319000
328.910000
329.136000
328.950000
329.338000
329.190000
329.347000
329.183999
329.107000
329.010000
333.684999
329.113000
329.368999
329.275999
329.053000
334.704000
329.269000
329.442999
328.958000
329.269000
328.935000
329.163999
329.127001
328.884999
329.167999
329.030000
329.024999
329.080000
329.267000
329.125000
328.940000
329.191000
329.119000
329.206000
328.934000
329.120000
329.350000
329.041000
328.772999
328.971000
329.147000
329.324001
329.322999
329.057001
328.892999
329.486000
333.650000
329.273000
329.194000
328.894001
329.320000
328.938000
329.156000
329.117999
328.927000
328.926000
329.464000
329.341000
329.171000
329.134000
329.229000
329.100001
