2.749000
2.778000
2.609000
2.634000
2.631000
2.637000
2.602000
2.666000
2.602000
2.600000
2.621000
2.627000
2.569000
2.616000
2.635000
2.635000
2.606000
2.593000
2.603000
2.602000
2.606000
2.602000
2.598000
2.589000
2.599000
2.619000
2.619000
2.630000
2.632000
2.621000
2.604000
2.596000
2.604000
2.611000
2.617000
2.605000
2.602000
2.626000
2.596000
2.612000
2.625000
2.620000
2.640000
2.624000
2.621000
2.599000
2.617000
2.624000
2.598000
2.611000
2.620000
2.595000
2.612000
2.582000
2.621000
2.606000
2.612000
2.605000
2.625000
2.602000
2.607000
2.610000
2.609000
2.607000
2.613000
2.614000
2.602000
2.613000
2.600000
2.604000
2.630000
2.607000
2.600000
2.614000
2.612000
2.603000
2.601000
2.604000
2.606000
2.602000
2.597000
2.611000
2.616000
2.608000
2.602000
2.600000
2.606000
2.601000
2.593000
2.586000
2.595000
2.591000
2.616000
2.597000
2.611000
2.618000
2.605000
2.595000
2.634000
2.620000
2.632000
2.630000
2.645000
2.616000
2.622000
2.642000
2.630000
2.592000
2.605000
2.596000
2.634000
2.625000
2.642000
2.597000
2.603000
2.608000
2.604000
2.638000
2.614000
2.605000
2.648000
2.646000
2.681000
2.679000
2.634000
2.642000
2.649000
2.646000
2.640000
2.658000
2.611000
2.642000
2.640000
2.648000
2.647000
2.658000
2.642000
2.635000
2.609000
2.678000
2.673000
2.624000
2.701000
2.678000
2.633000
2.690000
2.689000
2.635000
2.644000
2.640000
2.650000
2.658000
2.670000
2.641000
2.668000
2.676000
2.679000
2.654000
2.670000
2.631000
2.641000
2.682000
2.654000
2.666000
2.654000
2.683000
2.659000
2.658000
2.653000
2.640000
2.641000
2.662000
2.679000
2.662000
2.659000
2.728000
2.672000
2.672000
2.679000
2.701000
2.712000
2.727000
2.707000
2.649000
2.739000
2.691000
2.647000
2.692000
2.721000
2.710000
2.694000
2.719000
2.713000
2.668000
2.677000
2.715000
2.703000
2.686000
2.718000
2.704000
2.735000
2.714000
2.702000
2.698000
2.719000
2.655000
2.699000
2.671000
2.711000
2.713000
2.667000
2.690000
2.674000
2.662000
2.668000
2.662000
2.632000
2.637000
2.646000
2.658000
2.658000
2.663000
2.679000
2.644000
2.661000
2.655000
2.673000
2.668000
2.674000
2.670000
2.686000
2.694000
2.677000
2.664000
2.641000
2.640000
2.622000
2.655000
2.660000
2.658000
2.674000
2.636000
2.655000
2.634000
2.624000
2.667000
2.685000
2.644000
2.679000
2.675000
2.673000
2.659000
2.661000
2.651000
2.666000
2.998000
2.656000
2.616000
2.608000
2.626000
2.611000
2.647000
2.619000
2.604000
2.612000
2.617000
2.619000
2.605000
2.600000
2.652000
2.626000
2.627000
2.622000
2.609000
2.611000
2.607000
2.604000
2.618000
2.605000
2.625000
2.622000
2.597000
2.615000
2.584000
2.625000
2.595000
2.616000
2.592000
2.591000
2.594000
2.601000
2.585000
2.591000
2.588000
2.597000
2.595000
2.599000
2.591000
2.585000
2.594000
2.594000
2.589000
2.596000
2.594000
2.633000
2.599000
2.618000
2.610000
2.598000
2.591000
2.583000
2.595000
2.609000
2.589000
2.590000
2.585000
2.578000
2.595000
2.594000
2.595000
2.585000
2.604000
2.585000
2.689000
2.592000
2.589000
2.586000
2.590000
2.597000
2.607000
2.577000
2.610000
2.585000
2.584000
2.587000
2.593000
2.586000
2.598000
2.585000
2.590000
2.587000
2.569000
2.588000
2.605000
2.626000
2.588000
2.585000
2.595000
2.593000
2.624000
2.631000
2.621000
2.617000
2.620000
2.606000
2.623000
2.633000
2.632000
2.598000
2.619000
2.623000
2.633000
2.618000
2.652000
2.660000
2.644000
2.618000
2.638000
2.610000
2.605000
2.668000
2.609000
2.636000
2.639000
2.646000
2.615000
2.626000
2.638000
2.655000
2.630000
2.624000
2.601000
2.646000
2.613000
2.622000
2.591000
2.596000
2.611000
2.618000
2.625000
2.610000
2.640000
2.831000
2.628000
2.662000
2.610000
2.605000
2.603000
2.597000
2.598000
2.607000
2.594000
2.610000
2.600000
2.610000
2.605000
2.610000
2.609000
2.591000
2.611000
2.608000
2.600000
2.600000
2.648000
2.640000
2.615000
2.614000
2.636000
2.626000
2.639000
2.617000
2.628000
2.616000
2.597000
2.620000
2.598000
2.635000
2.613000
2.602000
2.611000
2.644000
2.670000
2.654000
2.649000
2.647000
2.632000
2.654000
2.653000
2.623000
2.613000
2.704000
2.663000
2.666000
2.648000
2.680000
2.695000
2.662000
2.656000
2.639000
2.666000
2.663000
2.653000
2.660000
2.643000
2.634000
2.654000
2.657000
2.667000
2.659000
2.643000
2.633000
2.654000
2.654000
2.699000
2.660000
2.690000
2.639000
2.686000
2.652000
2.676000
2.680000
2.675000
2.679000
2.669000
2.675000
2.696000
2.658000
2.678000
2.659000
2.676000
2.643000
2.682000
2.675000
2.671000
2.647000
2.644000
2.675000
2.693000
2.686000
2.710000
2.711000
2.655000
2.701000
2.696000
2.669000
2.700000
2.649000
2.689000
2.655000
2.661000
2.666000
2.691000
2.632000
2.662000
2.668000
2.664000
2.637000
2.654000
2.637000
2.652000
2.649000
2.644000
2.644000
2.653000
2.657000
2.636000
2.648000
2.647000
2.673000
2.627000
2.656000
2.615000
2.677000
2.713000
2.691000
2.674000
2.634000
2.684000
2.657000
2.715000
2.701000
2.700000
2.652000
2.710000
2.680000
2.651000
2.695000
2.648000
2.703000
2.726000
2.658000
2.641000
2.624000
2.671000
2.651000
2.631000
2.661000
2.636000
2.626000
2.669000
2.644000
2.649000
2.658000
2.665000
2.674000
2.648000
2.673000
2.664000
2.668000
2.643000
2.677000
2.643000
2.619000
2.632000
2.633000
2.656000
2.663000
2.650000
2.665000
2.623000
2.629000
2.704000
2.701000
2.677000
2.659000
2.651000
2.669000
2.678000
2.642000
2.678000
2.679000
2.665000
2.636000
2.683000
2.639000
2.640000
2.654000
2.634000
2.656000
2.702000
2.675000
2.658000
2.653000
2.668000
2.645000
2.651000
2.671000
2.662000
2.646000
2.660000
2.658000
2.635000
2.651000
2.639000
2.651000
2.633000
2.647000
2.605000
2.639000
2.652000
2.637000
2.650000
2.661000
2.664000
2.620000
2.672000
2.667000
2.659000
2.632000
2.663000
2.692000
2.679000
2.729000
2.692000
2.640000
2.693000
2.677000
2.691000
2.659000
2.634000
2.699000
2.680000
2.679000
2.674000
2.660000
2.664000
2.684000
2.710000
2.656000
2.640000
2.671000
2.698000
2.670000
2.672000
2.679000
2.641000
2.684000
2.667000
2.603000
2.658000
2.690000
2.683000
2.671000
2.636000
2.632000
2.654000
2.650000
2.679000
2.687000
2.714000
2.653000
2.685000
2.694000
2.653000
2.698000
2.700000
2.697000
2.670000
2.657000
2.681000
2.674000
2.680000
2.683000
2.672000
2.690000
2.686000
2.680000
2.702000
2.711000
2.695000
2.690000
2.667000
2.686000
2.689000
2.838000
2.719000
2.647000
2.658000
2.704000
2.695000
2.673000
2.654000
2.657000
2.657000
2.644000
2.660000
2.681000
2.665000
2.666000
2.656000
2.700000
2.679000
2.699000
2.657000
2.646000
2.703000
2.681000
2.671000
2.682000
2.657000
2.666000
2.636000
2.680000
2.684000
2.684000
2.693000
2.659000
2.667000
2.657000
2.671000
2.690000
2.635000
2.675000
2.700000
2.675000
2.662000
2.693000
2.689000
2.660000
2.638000
2.659000
2.652000
2.683000
2.689000
2.654000
2.738000
2.688000
2.700000
2.672000
2.641000
2.661000
2.629000
2.684000
2.659000
2.682000
2.680000
2.673000
2.676000
2.691000
2.649000
2.647000
2.698000
2.697000
2.687000
2.685000
2.694000
2.723000
2.667000
2.681000
2.659000
2.681000
2.723000
2.676000
2.688000
2.697000
2.663000
2.681000
2.694000
2.662000
2.667000
2.681000
2.690000
2.687000
2.649000
2.657000
2.676000
2.709000
2.722000
2.687000
2.660000
2.658000
2.658000
2.679000
2.672000
2.656000
2.656000
2.652000
2.689000
2.652000
2.610000
2.671000
2.663000
2.680000
2.676000
2.688000
2.685000
2.635000
2.686000
2.682000
2.681000
2.690000
2.672000
2.669000
2.686000
2.667000
2.708000
2.667000
2.723000
2.721000
2.690000
2.695000
2.691000
2.663000
2.687000
2.704000
2.717000
2.696000
2.693000
2.711000
2.695000
2.699000
2.694000
2.713000
2.724000
2.721000
2.687000
2.691000
2.698000
2.707000
2.698000
237.465000
2.904000
2.624000
2.614000
2.606000
2.576000
2.697000
2.602000
2.692000
2.603000
2.613000
2.601000
2.571000
2.611000
2.655000
2.610000
2.605000
2.589000
2.584000
2.602000
2.665000
2.608000
2.578000
2.594000
2.600000
2.589000
2.602000
2.629000
2.602000
2.606000
2.616000
2.588000
2.604000
2.613000
2.603000
2.606000
2.588000
2.588000
2.575000
2.576000
2.600000
2.608000
2.589000
2.602000
2.592000
2.610000
2.591000
2.612000
2.595000
2.591000
2.576000
2.581000
2.588000
2.601000
2.580000
2.587000
2.606000
2.606000
2.592000
2.589000
2.595000
2.592000
2.600000
2.578000
2.595000
2.587000
2.582000
2.586000
2.584000
2.601000
2.590000
2.579000
2.600000
2.611000
2.604000
2.598000
2.600000
2.599000
2.606000
2.590000
2.606000
2.600000
2.653000
2.648000
2.634000
2.640000
2.692000
2.642000
2.612000
2.664000
2.625000
2.632000
2.613000
2.626000
2.650000
2.619000
2.649000
2.622000
2.605000
2.633000
2.613000
2.628000
2.616000
2.624000
2.605000
2.613000
2.613000
2.665000
2.642000
2.610000
2.594000
2.599000
2.621000
2.626000
2.614000
2.602000
2.607000
2.630000
2.616000
2.618000
2.612000
2.632000
2.636000
2.658000
2.609000
2.613000
2.612000
2.658000
2.670000
2.619000
2.676000
2.678000
2.693000
2.667000
2.709000
2.719000
2.700000
2.674000
2.643000
2.709000
2.697000
2.693000
2.675000
2.838000
2.677000
2.647000
2.742000
2.693000
2.678000
2.674000
2.684000
2.646000
2.702000
2.660000
2.665000
2.707000
2.700000
2.655000
2.687000
2.696000
2.652000
2.683000
2.662000
2.659000
2.646000
2.679000
2.647000
2.681000
2.711000
2.695000
