258.877000
258.409999
265.338000
264.119999
260.993000
259.094000
258.837000
258.003000
258.522000
257.083001
257.522000
258.036001
257.735999
258.540001
257.007999
256.570000
258.682000
258.090001
257.492999
257.580001
258.288000
258.311000
257.393001
258.362999
258.710001
257.339999
256.809000
257.537000
256.896999
264.214002
257.568000
258.846000
257.781001
267.589001
268.002000
259.943999
259.161999
258.354999
258.588001
257.145001
257.169001
257.397002
258.692998
257.400000
258.508001
258.184001
265.126999
258.234000
257.542001
258.364001
257.516999
257.897999
256.760001
257.373000
258.092001
257.831000
257.555000
257.954001
257.991999
258.024000
258.915000
258.256000
256.999999
258.444000
263.402000
266.072001
259.222001
258.464999
257.578000
258.682000
256.919999
258.024000
258.615999
257.779000
257.600000
257.663000
257.114001
257.436000
257.433001
257.068999
258.024000
256.991001
257.795999
256.456001
257.733000
257.830000
256.936999
257.921999
256.926000
267.069999
257.347001
257.251998
257.661000
258.004999
264.582001
265.310001
260.400001
258.844001
258.531000
258.747000
257.282000
258.256001
258.562999
258.211000
257.391000
257.152000
267.024999
257.559000
257.127000
258.036001
256.804001
257.852999
257.285999
257.239999
257.530000
257.640999
257.952999
257.625001
257.680999
257.586999
257.456999
257.935999
257.098000
257.417001
257.441999
266.155001
266.908001
260.057000
257.982999
258.301001
257.198999
258.775000
258.314999
258.086000
257.710001
257.954000
257.940000
257.401999
257.688001
257.577000
257.464001
256.953999
258.400999
257.828001
257.301999
257.866001
257.312000
257.637000
257.598000
257.629000
258.009002
258.068999
257.510999
257.366000
257.469999
258.582002
264.404999
267.837999
259.407001
258.749999
257.922001
258.078000
258.111000
257.189000
258.102000
257.642999
257.449999
256.645000
257.673999
257.355999
257.425001
258.291001
258.218000
258.342000
257.889001
258.138001
257.525999
257.363999
257.502999
257.436000
257.353999
256.695000
257.076001
257.534999
257.719001
257.841000
262.359999
266.538000
259.922002
259.175999
258.452998
258.103000
257.973000
258.154001
258.278999
258.129999
257.003000
256.895000
257.668000
257.378001
258.379001
257.424999
257.811001
258.599000
257.934000
258.313000
257.628001
257.587999
257.564001
258.360999
257.509999
257.479001
258.303000
258.066999
257.990001
257.053999
256.787000
265.239999
265.728001
259.304000
258.828999
258.580999
257.483000
258.094000
257.226000
257.854000
257.671000
258.640999
257.410999
257.246001
257.530000
258.151999
257.582001
257.108001
257.697999
257.146999
258.057000
258.189000
258.026998
258.380000
257.501999
257.237000
257.935001
266.078001
257.346999
257.408001
258.004999
256.994000
262.928000
266.239999
259.521000
257.901000
258.505002
258.141002
257.601000
257.180002
257.511999
258.370001
257.942999
257.075001
266.950000
258.143000
257.693000
257.278999
258.156000
258.578999
258.035000
257.307999
258.554999
257.004999
257.474000
258.810000
257.787000
256.952001
257.019000
256.567001
257.290000
257.206000
262.288999
265.853999
261.032000
259.811999
258.158000
257.234000
257.741001
257.817000
257.363999
258.148002
257.189000
257.333001
258.115999
258.359998
257.848999
257.885000
257.770000
258.775000
258.292001
258.592000
258.647000
258.439001
257.115999
257.567000
257.494001
264.470000
257.183000
257.819999
258.806000
257.634999
257.757001
266.024999
266.043000
260.475000
257.310001
258.408001
258.432999
258.241000
258.315001
256.735001
257.172002
257.010002
264.785001
257.879000
257.692000
258.201001
257.738000
257.506000
257.790001
257.639000
257.910000
258.096999
257.050000
257.258000
257.235000
257.880000
257.313998
257.697001
257.464999
257.482000
257.323001
257.925000
266.441001
266.364999
260.051999
258.511001
258.130999
258.408001
258.378001
257.683001
257.246999
257.141000
257.233001
257.087000
257.034000
257.408001
257.115001
257.391000
258.157000
257.468000
257.138999
256.717000
257.902000
258.431999
257.825000
266.605001
257.675000
257.936001
256.465001
258.136000
257.761000
257.529000
258.101000
263.537999
266.971000
259.592000
258.899000
258.432999
257.506000
257.590000
257.565999
257.759999
267.772999
258.673001
257.926999
258.539001
258.018000
257.691000
257.134002
256.385000
257.117001
258.671001
257.997999
258.046001
257.788999
257.459000
257.018000
257.041000
258.081000
257.331001
258.553000
257.778000
258.105000
262.222001
264.411999
260.416001
258.808000
257.641999
257.759001
257.976001
258.281998
258.582000
257.960001
257.257001
256.182000
257.265000
256.469000
258.698000
257.894000
257.376999
256.480001
257.447999
257.607000
257.625001
257.019999
257.233001
257.981999
257.154001
257.774999
258.011999
257.321000
258.904999
257.470999
257.617000
265.316000
265.532000
259.974999
259.576000
258.194000
257.918000
257.435000
258.297998
257.688001
257.549999
257.594001
256.929001
257.656001
257.482000
258.869002
257.378001
258.171000
257.113999
258.832000
257.149000
256.615000
258.026000
257.308001
257.423999
257.916002
257.654000
258.319000
256.863000
258.531999
257.454999
256.949000
263.731999
265.996000
259.203000
259.246999
258.563001
257.277999
257.871998
257.797999
258.117000
257.676002
257.342000
266.015001
257.710999
257.437000
258.194001
257.072000
257.755000
257.408001
257.425001
258.004000
257.371999
258.043999
257.137001
257.351000
256.953001
257.260999
257.712999
257.348999
257.542001
257.176999
259.622000
265.660001
262.256000
259.527002
257.926000
254.224000
258.682000
258.272000
257.764999
257.503001
258.032000
257.375000
258.236000
258.797001
257.598000
257.821999
257.968999
257.527001
257.051000
257.762000
257.541999
258.228000
258.421000
257.770000
266.331000
258.438999
257.927001
257.298000
257.328000
257.858999
257.559001
266.352000
263.034999
261.028001
259.171000
258.411000
257.289000
258.156000
258.157002
257.551000
257.454000
266.468002
258.563001
257.978002
258.025998
257.620001
257.463001
257.383000
257.166000
257.801998
257.861000
257.245999
257.786000
257.964000
256.952999
257.957000
257.645000
257.502999
258.042000
258.900000
257.348001
256.982999
265.680000
267.067000
260.159999
258.545000
258.035000
258.034000
257.327000
257.495999
258.693000
256.919000
256.221000
257.261001
257.716000
258.554999
257.898999
257.966999
258.196000
257.918000
257.274000
257.820001
256.765001
257.206999
263.403000
257.634001
257.967999
257.602999
257.204000
257.179001
257.501001
256.950000
256.914999
262.188999
266.949000
260.008000
258.394001
257.583000
257.918000
258.125002
257.064000
265.186001
258.140000
258.225000
257.696999
258.466000
256.991999
257.891001
258.196998
257.999999
257.571001
257.398000
256.849000
257.607000
257.460998
258.190000
257.382998
257.885000
257.611999
258.419000
257.263999
257.648000
257.337999
262.736000
266.555000
261.465998
258.555999
257.199999
258.593000
257.534001
258.786000
257.284001
257.828999
256.601000
257.678000
258.210000
257.872000
257.990001
257.194001
257.748000
257.653000
258.004000
257.376000
258.758999
257.789001
257.340999
257.933000
257.640999
257.351000
257.392999
257.495999
257.514000
257.856999
257.455001
266.164999
266.342001
260.067999
260.090999
258.281000
257.850001
258.747000
246.591000
257.478999
257.232999
257.311001
258.028001
256.510001
258.006999
256.321000
257.403001
257.211000
257.128000
258.133000
257.568000
257.100999
258.086000
257.935999
257.412001
258.103000
257.034000
257.889001
257.010000
257.079000
257.571001
257.416999
263.645999
266.425001
259.829000
257.943999
258.949999
258.912001
257.446000
257.354001
258.389000
257.637000
258.017000
257.790999
258.129001
257.121999
257.415000
257.482000
256.746000
256.558999
257.871000
258.680999
257.226000
258.079000
257.702000
258.042000
257.375000
257.735999
257.466001
257.811999
257.432999
257.368000
258.004000
263.607001
263.018001
258.644000
257.671999
257.746000
258.400001
256.919000
258.021999
256.954001
257.580999
257.438000
256.713999
257.606000
257.595001
258.033000
257.293001
258.100001
258.540001
257.530000
256.992001
257.804001
258.175001
264.773000
257.267000
257.895000
257.040001
257.346001
257.887000
258.179000
257.859999
263.967000
263.894001
260.842001
258.396000
258.900002
258.687999
258.479999
257.231999
258.140000
266.346000
257.177999
257.247999
257.491000
257.861000
257.184999
257.360000
257.918000
257.742001
258.221000
258.198999
257.526999
258.077001
257.998999
257.665999
257.834001
258.092999
257.181000
257.507998
257.773999
257.097000
257.603999
267.074000
267.053999
259.764001
258.895999
258.597000
257.499000
257.788001
257.799000
257.280000
258.396000
257.936001
258.058000
258.866999
257.321000
257.032000
257.905999
257.283999
258.118998
256.699001
256.953001
257.425999
265.392002
258.210000
256.681999
256.561000
257.602001
257.185001
257.399000
258.117002
258.837000
257.003000
264.023000
266.176000
259.771001
259.489002
258.568000
258.636000
257.499000
266.532000
257.472001
257.212000
258.466000
256.926998
258.238001
257.506000
257.520000
258.285001
257.515000
257.206000
257.123001
258.445000
257.190999
256.543001
257.553000
258.018000
257.231999
257.325001
258.615000
257.632000
256.943000
257.408001
263.017999
264.486000
261.066001
259.115001
258.080998
259.005001
257.727001
258.477001
257.374000
257.546000
257.817000
258.059001
256.990001
257.420002
257.402999
257.890001
257.168999
257.401001
258.691000
257.902000
267.099001
260.086000
259.338999
263.003999
259.537000
259.525001
258.758999
259.019999
257.404000
257.265000
258.950001
265.269000
265.945999
259.770999
258.262999
256.395999
258.037001
258.336999
258.278001
257.980999
257.646000
257.619999
257.305000
257.955000
258.002998
258.004000
256.951001
257.199001
258.681001
257.480999
257.516000
258.044999
257.896999
257.754000
258.058000
257.011000
258.435000
257.531000
257.380001
257.375000
257.841999
258.608999
264.809001
264.676001
260.320000
258.500000
258.663999
258.558000
258.377999
257.607000
257.122001
258.461000
258.060999
257.126000
257.500000
258.291001
257.764000
258.221000
258.158000
257.396001
257.978000
257.389000
257.370001
257.592998
258.164000
258.494001
258.184999
258.013001
265.652999
257.925000
257.292001
259.059001
266.929001
266.020000
269.978000
259.458000
258.564001
257.857000
258.530000
257.143000
257.864000
257.140001
258.454001
257.991999
258.066999
253.363999
258.464999
257.471001
257.807000
258.376999
256.460000
258.092999
259.215999
258.797001
257.177999
257.206000
257.447999
257.601000
257.867001
257.516000
257.770000
256.933000
268.623000
266.159000
268.412000
261.745000
259.517999
258.379001
258.559000
256.947000
258.435000
258.484000
257.745000
261.009000
257.944999
258.338001
259.413000
257.956000
258.080998
266.840000
259.143999
258.158000
257.833000
257.346999
258.145999
258.021999
258.220000
258.101000
259.123001
258.431999
267.476000
258.786000
267.571000
257.836999
266.280001
268.836999
267.542001
257.785998
258.668000
257.717000
258.138999
258.097000
258.276001
257.510999
262.839001
258.320000
257.049998
257.524000
258.479999
