0.304000
0.296999
0.276001
0.275001
0.296000
0.275001
0.293000
0.275001
0.294000
0.275001
0.293000
0.274999
0.294000
0.275001
0.294000
0.275001
0.293000
0.275001
0.294000
0.274999
0.294000
0.274999
0.294000
0.274999
0.293000
0.274999
0.294000
0.319999
0.293000
0.279000
0.295000
0.275001
0.294000
0.274999
0.294000
0.275001
0.297001
0.275001
0.295000
0.275999
0.294000
0.275001
0.294000
0.274999
0.294000
0.274999
0.295000
0.275001
0.294000
0.275999
0.294000
0.274999
0.294000
0.274999
0.294000
0.275001
0.295000
0.275001
0.294000
0.274999
0.294000
0.275999
0.294000
0.276001
0.295000
0.279000
0.295000
0.284001
0.290999
0.275001
0.335000
0.274999
0.290999
0.274999
0.294000
0.275001
0.299001
0.279000
0.298999
0.279000
0.293000
0.274999
0.294000
0.280000
0.294000
0.279000
0.294000
0.275001
0.295000
0.274999
0.294000
0.274999
0.298999
0.278000
0.292001
0.273999
0.290999
0.274999
0.294000
0.275001
0.295000
0.275999
0.294000
0.275001
0.294000
0.275001
0.294000
0.274999
0.294000
0.275001
0.294000
0.274999
0.294000
0.283001
0.294000
0.280000
0.294000
0.280000
0.294000
0.275999
0.294000
0.275999
0.293002
0.275999
0.294000
0.274999
0.292001
0.275999
0.296000
0.275001
0.294000
0.276001
0.294000
0.275999
0.294002
0.275999
0.294000
0.274999
0.293000
0.275999
0.293000
0.279000
0.294000
0.280000
0.294000
0.279000
0.295000
0.277000
0.295000
0.275001
0.294998
0.277000
0.295000
0.274999
0.294000
0.283001
0.291999
0.274999
0.294000
0.275001
0.291999
0.275001
0.293000
0.276001
0.294000
0.275001
0.295000
0.277001
0.295000
0.275001
0.294000
0.277000
0.294000
0.274999
0.294000
0.275999
0.294000
0.274999
0.294000
0.275999
0.297001
0.275999
0.294000
0.280000
0.294000
0.275001
0.298001
0.275999
0.293000
0.274001
0.296000
0.276001
0.296000
0.275001
0.294000
0.275999
0.294000
0.275001
0.325000
0.277000
0.294000
0.275001
0.297001
0.277000
0.293002
0.278000
0.294002
0.280000
0.295000
0.274999
0.296999
0.277000
0.293000
0.275001
0.296000
0.505000
0.290999
0.276001
0.294000
0.276001
0.293000
0.275001
0.294002
0.275999
0.294000
0.275001
0.294000
0.275999
0.293000
0.275999
0.294000
0.275999
0.294000
0.275001
0.294000
0.280000
0.294000
0.280000
0.294000
0.280000
0.293000
0.283999
0.290999
0.278000
0.290999
0.273999
0.290999
0.273999
0.290999
0.274999
0.290999
0.274001
0.290999
0.274001
0.291001
0.274999
0.290999
0.275001
0.290999
0.274001
0.290999
0.273999
0.291001
0.274001
0.289999
0.278000
0.290999
0.275001
0.291001
0.274001
0.290999
0.274999
0.291001
0.273999
0.291001
0.273999
0.291001
0.274001
0.290999
0.273999
0.290999
0.274999
0.290999
0.287000
0.291001
0.275999
0.294000
0.276001
0.298999
0.275001
0.294000
0.274999
0.295000
0.274999
0.293002
0.282999
0.290999
0.275001
0.294000
0.276001
0.294002
0.275001
0.294000
0.275001
0.294000
0.279000
0.295000
0.280000
0.294000
0.279000
0.295000
0.279000
0.295000
0.279998
0.294000
0.276001
0.295000
0.276001
0.295000
0.275001
0.294000
0.275999
0.294000
0.275001
0.295000
0.275001
0.289999
0.274999
0.290999
0.278000
0.290999
0.273999
0.290999
0.274001
0.291001
0.274001
0.290999
0.274999
0.290999
0.274001
0.290999
0.274001
0.290999
0.274001
0.291001
0.274999
0.291001
0.275001
0.291001
0.275001
0.290999
0.274999
0.296000
0.275999
0.290999
0.278000
0.290999
0.278000
0.290999
0.273999
0.290999
0.274999
0.290999
0.273999
0.294000
0.274001
0.291001
0.273999
0.290999
0.287998
0.290999
0.274999
0.295000
0.277000
0.294000
0.274999
0.295000
0.280999
0.295000
0.274999
0.295000
0.277000
0.295000
0.274999
0.295000
0.277000
0.294000
0.275001
0.294000
0.277000
0.294000
0.274999
0.295000
0.277001
0.294000
0.274999
0.295000
0.277000
0.295000
0.275001
0.295000
0.280000
0.295000
0.279000
0.295000
0.277000
0.295000
0.274999
0.294000
0.277001
0.294000
0.308001
0.290999
0.282001
0.290999
0.274999
0.322999
0.279000
0.297999
0.279000
0.294000
0.279000
0.293000
0.279000
0.293000
0.274999
0.294000
0.273999
0.292001
0.272999
0.297999
0.277000
0.293000
0.279000
0.293000
0.274999
0.293000
0.274999
0.294000
0.274999
0.293002
0.274999
0.294000
0.274999
0.293000
0.274999
0.294000
0.274999
0.294002
0.274999
0.294000
0.280000
0.294000
0.275001
0.314001
0.273000
0.293000
0.272999
0.293000
0.274999
0.293000
0.274001
0.292001
0.273000
0.293000
0.272999
0.293000
0.272000
0.293000
0.272999
0.293000
0.273000
0.293000
0.272999
0.293002
0.277001
0.293000
0.273000
0.293000
0.272000
0.291999
0.273000
0.296000
0.272999
0.293000
0.272000
0.295000
0.273000
0.293000
0.273000
0.293002
0.273000
0.293000
0.273000
0.293000
0.273000
0.293000
0.296000
0.294000
0.275999
0.294000
0.275999
0.294000
0.276001
0.294000
0.275999
0.294000
0.276001
0.294000
0.275999
0.294000
0.276001
0.294002
0.275999
0.290999
0.273000
0.294000
0.276001
0.294000
0.275999
0.294000
0.275999
0.294000
0.275999
0.294000
0.276001
0.294000
0.276001
0.294000
0.275999
0.294000
0.276001
0.294000
0.276001
0.294000
0.275999
0.294000
0.275999
0.294000
0.282999
0.294000
0.275999
0.294000
0.275001
0.294000
0.276001
0.294000
0.280000
0.294000
0.275999
0.294000
0.275001
0.294002
0.275999
0.294000
0.274999
0.294000
0.275999
0.294000
0.275001
0.294000
0.276001
0.294000
0.274999
0.294000
0.275999
0.294000
0.275999
0.294000
0.275999
0.294000
0.274999
0.294000
0.276001
0.294000
0.275001
0.294000
0.275999
0.294000
0.275001
0.294002
0.276001
0.302998
0.276001
0.294000
0.276001
0.294002
0.275999
0.294000
0.275999
0.294000
0.276001
0.294000
0.275999
0.294000
0.275999
0.294000
0.275999
0.296000
0.276001
0.294000
0.275999
0.294000
0.275999
0.294000
0.276001
0.297999
0.275999
0.294000
0.275999
0.294000
0.275999
0.294000
0.275999
0.294000
0.276001
0.294000
0.275999
0.294000
0.276001
0.294000
0.275999
0.294000
0.276001
0.294000
0.282999
0.294000
0.274999
0.298999
0.279998
0.294000
0.277000
0.294000
0.277000
0.294000
0.275001
0.294000
0.275001
0.294000
0.275001
0.294000
0.275001
0.294000
0.275001
0.296999
0.274999
0.294000
0.275001
0.294000
0.275001
0.294000
0.278000
0.294000
0.275001
0.294000
0.275001
0.294000
0.274999
0.294000
0.279000
0.294000
0.274999
0.294000
0.274999
0.294000
0.279000
0.294000
0.288000
0.293000
0.273000
0.292001
0.273000
0.292001
0.273000
0.291999
0.276001
0.291999
0.272999
0.292001
0.273000
0.291999
0.273000
0.292001
0.273000
0.291999
0.272999
0.291999
0.273000
0.291999
0.273000
0.291999
0.273000
0.292001
0.272999
0.291999
0.273000
0.291999
0.272000
0.291999
0.271998
0.291999
0.273000
0.292001
0.273000
0.292001
0.273000
0.291999
0.276001
0.291999
0.273000
0.304999
0.275001
0.294000
0.279000
0.294000
0.275001
0.294000
0.275001
0.294000
0.274999
0.294000
0.274999
0.294000
0.275001
0.294000
0.274999
0.294000
0.274999
0.294000
0.274999
0.294000
0.274999
0.294000
0.274999
0.294002
0.275001
0.294000
0.275001
0.295000
0.275001
0.294000
0.274999
0.298999
0.279000
0.294000
0.275001
0.299001
0.279000
0.294000
0.275999
0.294000
0.274999
0.294000
0.283999
0.294000
0.276001
0.294000
0.275001
0.294000
0.276001
0.294000
0.275001
0.294000
0.276001
0.294000
0.275001
0.297999
0.275999
0.294000
0.274999
0.294000
0.279000
0.294000
0.279000
0.293000
0.276001
0.294000
0.275001
0.294002
0.275999
0.294000
0.275001
0.293000
0.275999
0.294002
0.279000
0.294000
0.279000
0.293002
0.274999
0.294000
0.275999
0.294000
0.274999
0.298001
0.289999
0.294000
0.274999
0.294000
0.276001
0.294000
0.275001
0.294000
0.275999
0.294000
0.275001
0.294000
0.275999
0.294000
0.274999
0.294000
0.275999
0.294000
0.274999
0.294000
0.275999
0.294000
0.280000
0.294000
0.280000
0.294000
0.278000
0.294000
0.280000
0.294000
0.279000
0.297001
0.275999
0.294000
0.279000
0.294000
0.275999
0.294000
0.274999
0.294000
0.279998
0.294000
0.278000
0.305999
0.280000
0.294000
0.275001
0.293002
0.275999
0.294000
0.275001
0.293002
0.276001
0.294000
0.274999
0.294000
0.275999
0.294000
0.274999
0.294000
0.275999
0.294000
0.275001
0.294000
0.275999
0.293000
0.274999
0.294000
0.275999
0.294000
0.274999
0.294000
0.275999
0.294000
0.274999
0.294000
0.275999
0.293000
0.274999
0.294000
0.276001
0.293000
0.274999
0.294000
0.275999
0.294000
0.286000
0.293000
0.275999
0.293002
0.273000
0.293000
0.272999
0.293000
0.273000
0.293000
0.272000
0.291999
0.273000
0.293000
0.273000
0.293000
0.273000
0.297001
0.273000
0.293002
0.272000
0.291999
0.275999
0.293000
0.273000
0.293000
0.272000
0.293000
0.281999
0.293000
0.273000
0.293002
0.273000
0.292001
0.273000
0.293000
0.273000
0.291999
0.272999
0.291999
0.274001
0.293000
0.285000
0.294000
0.278000
0.294000
0.279000
0.298001
0.280000
0.293002
0.279000
0.294000
0.274999
0.293000
0.274999
0.294002
0.274999
0.293000
0.274999
0.294000
0.275001
0.294000
0.274999
0.294000
0.274999
0.294000
0.275001
0.293002
0.274999
0.293000
0.277000
0.294000
0.274999
0.294000
0.275001
0.294000
0.275001
0.514001
0.274001
0.294000
0.275999
0.294000
0.277000
0.294000
0.275001
0.303999
0.275001
0.294000
0.274999
0.294000
0.274999
0.294000
0.275001
0.293000
0.275001
0.294000
0.274999
0.297999
0.276001
0.294000
0.274999
0.294000
0.275001
0.294000
0.275001
0.294000
0.274999
0.294000
0.274999
0.294000
0.275001
0.293000
0.274999
0.294000
0.275001
0.293000
0.274999
0.293000
0.274999
