5489.500001
5494.840000
5476.999998
5479.759999
5509.000000
5481.600001
5483.660001
5464.839999
5458.159998
5506.960001
5476.580001
5475.240003
5484.900001
5514.300000
5493.900001
5482.400000
5492.060002
5490.019999
5458.120000
5468.380000
5456.620000
5597.619999
5488.260001
5489.119999
5469.939999
5480.860002
5451.439999
5487.140000
5474.020001
5521.160003
5464.660000
5480.499998
5481.279999
5492.580000
5457.600001
5472.520001
5489.979997
5468.140002
5481.120002
5490.860000
5480.980001
5501.940001
5468.679998
5467.200000
5476.599999
5485.840000
5469.640002
5469.999999
5477.360003
5459.360000
5485.319998
5573.599998
5462.699998
5488.660000
5479.580000
5469.000001
5477.340002
5480.700001
5466.819998
5463.080000
5458.760001
5482.680000
5483.059999
5476.039998
5436.640002
5475.380000
5485.519998
5487.180002
5487.199999
5475.759998
5455.620002
5485.700000
5464.460000
5480.640002
5488.440000
5469.639998
5453.860000
5501.300000
5469.319999
5480.519999
5473.220002
5656.460002
5475.359999
5495.760001
5479.620002
5472.440001
5462.779999
5488.880001
5491.640002
5478.480000
5461.460002
5487.059999
5477.199998
5478.779998
5466.580000
5484.460000
5460.960001
5491.760001
5491.820000
5481.680002
5463.399999
5487.280000
5490.460001
5446.500000
5471.099999
5454.320002
5460.760001
5473.580003
5475.260001
5468.899999
5468.900003
5653.420001
5466.940001
5478.000000
5483.560000
5479.740001
5463.119999
5473.239999
5464.019999
5473.719999
5474.539999
5465.840001
5466.780003
5472.059999
5485.560000
5473.880000
5477.159999
5473.620001
5495.699998
5490.320001
5487.259999
5463.459998
5494.999997
5489.420000
5479.379997
5496.240001
5462.379999
5499.940000
5484.140001
5456.700001
5477.860000
5634.599999
5476.580001
5487.420000
5474.700000
5483.020000
5478.480000
5472.999997
5471.200000
5480.680000
5455.180001
5480.120003
5473.619998
5496.360000
5485.979997
5482.719999
5464.180000
5507.179998
5483.360000
5493.440002
5460.280001
5487.679999
5469.360001
5463.500001
5491.220001
5471.680000
5463.439997
5481.880002
5480.680000
5480.340000
5482.600000
5614.119999
5455.499999
5472.799998
5468.020003
5472.200003
5494.960003
5487.379998
5466.280002
5484.439999
5460.240003
5480.420001
5485.380001
5472.059999
5479.279999
5499.240000
5472.840000
5489.480000
5484.060001
5454.480000
5468.020000
5493.140001
5485.880002
5473.079998
5474.560000
5482.860003
5474.399999
5493.579999
5473.800000
5488.100000
5488.720000
5570.480000
5468.800001
5531.199999
5490.660001
5489.900000
5530.080002
5498.820003
5487.800002
5475.040000
5478.039999
5495.159999
5478.219997
5479.860000
5477.399997
5483.640000
5466.279998
5476.780001
5485.799998
5473.059997
5458.979998
5494.860001
5484.759998
5484.260000
5471.880000
5472.080000
5471.240003
5487.360001
5482.480001
5508.660000
5464.979999
5508.339997
5469.499998
5491.439998
5480.239999
5472.920001
5497.699998
5473.079998
5458.600000
5484.099999
5485.080000
5496.939998
5464.760002
5488.880001
5457.319997
5485.500000
5490.340002
5466.660000
5465.280000
5471.359998
5473.800000
5471.139997
5473.159999
5469.299998
5469.979998
5464.579999
5477.580000
5472.840000
5462.239999
5473.140001
5475.180000
5466.380000
5480.580002
5482.920002
5476.259999
5479.300000
5475.299999
5486.460000
5483.780000
5515.080001
5485.860001
5470.819999
5478.200000
5479.339998
5459.260002
5497.840002
5465.420000
5490.160000
5477.680001
5466.119997
5461.420000
5490.519997
5473.480001
5476.539999
5464.159999
5475.520000
5466.779999
5469.700001
5493.859999
5493.680000
5466.440000
5466.139998
5629.260000
5493.160002
5474.560000
5487.640001
5485.980000
5475.940000
5462.379999
5484.380003
5457.559999
5473.540001
5469.980001
5485.819999
5445.140000
5484.660000
5473.719999
5473.079998
5462.439999
5472.759999
5462.520000
5483.419999
5485.799998
5481.460001
5454.980001
5492.600001
5472.620003
5503.020000
5465.999998
5472.319998
5452.500001
5462.020002
5649.919998
5493.299998
5473.680001
5471.160002
5497.199997
5486.520000
5458.319999
5484.920003
5483.479999
5472.240001
5467.179999
5480.660003
5479.940001
5478.319999
5479.359999
5474.080000
5466.600001
5494.120002
5485.439997
5482.620001
5466.540001
5469.179999
5461.500000
5496.760000
5492.500000
5480.400000
5452.560000
5488.860000
5478.540003
5474.220000
5542.940002
5476.620000
5471.140001
5492.339998
5485.360000
5463.819999
5456.760000
5492.619999
5476.340000
5473.360002
5455.479998
5475.940000
5474.620000
5474.040002
5474.700000
5469.280001
5484.640002
5493.919998
5463.959999
5486.340001
5478.280000
5476.679999
5468.359999
5485.380001
5471.179999
5498.459999
5462.040000
5467.140000
5472.980000
5467.119999
5490.900002
5473.500002
5464.960001
5486.400001
5483.840000
5475.579999
5484.839998
5480.299998
5477.960002
5458.680000
5507.239997
5491.439998
5457.399998
5469.560001
5481.999997
5475.980002
5474.879999
5471.499998
5458.000001
5480.320003
5476.539999
5470.680002
5470.300000
5481.899999
5463.900000
5476.040002
5452.379998
5485.160001
5482.580002
5493.400000
5461.259998
5582.120001
5469.020002
5489.680000
5466.140002
5478.799999
5469.659999
5473.239999
5446.000002
5498.700000
5458.980002
5466.219999
5477.079999
5493.919998
5485.740002
5460.740000
5485.740002
5455.060001
5466.660000
5484.719999
5468.380000
5472.700000
5497.000001
5530.019999
5475.260001
5488.339998
5472.960003
5477.340002
5465.620000
5494.280003
5472.259998
5660.219997
5468.959998
5467.820000
5448.700000
5484.679997
5483.580001
5488.400001
5466.219999
5477.139998
5479.040001
5471.500002
5470.079999
5480.520003
5500.480000
5501.800001
5498.800002
5485.499997
5503.139999
5486.940000
5523.679998
5509.180002
5497.720003
5494.920000
5461.479999
5497.420002
5482.140001
5478.960000
5471.439999
5497.679997
5467.640001
5601.840001
5473.760001
5479.860000
5485.679999
5468.900003
5487.939999
5498.620000
5468.160000
5471.359998
5484.260000
5473.019999
5459.300000
5493.880000
5474.099997
5469.080001
5462.400001
5505.280003
5459.620003
5492.040001
5461.099997
5475.520000
5459.919997
5476.900000
5484.579999
5487.020001
5481.300000
5477.879997
5477.779999
5469.880000
5465.420000
5479.360003
5546.960000
5464.540001
5476.539999
5493.579999
5495.320003
5483.580001
5464.100000
5476.420000
5475.019999
5496.539999
5476.179998
5475.359999
5475.180000
5465.960000
5489.480000
5481.920000
5457.020000
5486.080002
5457.940001
5479.560003
5463.280000
5511.560000
5488.340002
5490.640000
5471.060000
5476.300001
5487.440001
5494.940002
5480.400000
5478.560001
5623.739999
5472.840000
5481.319997
5484.320000
5474.600002
5478.820000
5472.920001
5485.940002
5468.160000
5476.300001
5453.400001
5475.740001
5470.739998
5474.660002
5480.540000
5484.940000
5481.399998
5492.360003
5457.180001
5474.640001
5469.820000
5485.560000
5470.740002
5502.440002
5482.060000
5473.120000
5467.379998
5467.140000
5470.859997
5482.639998
5493.120003
5477.979999
5497.420002
5477.180000
5456.559997
5479.520001
5477.920000
5482.279997
5475.099999
5478.659999
5478.080001
5474.259999
5489.719998
5492.300000
5474.840000
5481.160000
5464.520000
5493.659999
5468.899999
5493.840002
5474.119999
5471.260000
5472.920001
5473.859999
5483.840000
5471.659999
5494.140003
5485.860001
5476.779997
5480.439998
5461.799998
5466.420002
5467.140000
5490.139998
5470.180001
5484.540001
5473.960001
5465.520002
5479.739998
5480.799999
5483.199999
5461.220000
5450.100001
5467.699997
5491.440002
5479.699999
5473.900001
5459.900003
5468.820002
5465.700001
5478.680000
5489.239998
5486.120000
5485.999998
5451.800000
5479.339998
5481.780000
5496.900000
5472.280003
5489.179999
5456.780002
5542.959999
5474.319998
5466.419999
5478.359997
5477.979999
5489.459999
5463.459998
5470.180001
5489.000000
5468.040001
5497.579999
5463.560000
5479.020000
5466.180000
5470.139999
5474.300001
5487.319998
5500.680000
5479.120001
5457.180001
5458.260003
5486.380000
5502.840001
5475.760002
5484.079998
5473.320000
5483.279999
5448.679999
5495.340001
5476.859998
5608.640000
5483.819999
5475.260001
5456.459999
5473.059997
5456.319999
5487.080000
5459.380001
5476.140000
5456.820000
5483.459998
5466.860000
5478.080001
5483.320002
5473.700002
5463.760003
5486.320000
5456.499998
5465.660002
5485.760000
5488.280002
5466.559999
5471.899997
5463.960003
5478.799999
5485.199999
5495.839998
5483.800001
5493.620001
5485.259999
5485.760000
5473.620001
5475.380000
5475.939997
5478.300001
5460.340001
5467.840001
5459.680002
5465.720002
5462.059997
5481.940001
5491.700001
5457.520001
5469.180003
5480.900001
5465.780001
5486.520000
5467.280000
5485.500000
5460.559998
5478.200000
5480.140001
5457.300000
5490.240000
5483.080000
5457.640000
5477.539998
5460.640002
5490.300000
5505.300000
5504.220001
5547.039997
5497.899998
5481.940001
5502.920002
5503.659997
5537.100002
5522.900000
5482.780002
5449.300002
5473.180000
5482.360002
5508.439999
5493.140001
5486.400001
5464.959998
5494.640000
5466.960002
5490.280002
5494.100001
5500.299998
5475.359999
5490.019999
5469.900001
5476.360001
5497.180000
5487.460002
5482.219998
5494.419999
5483.280003
5496.920001
5634.560000
5486.099999
5473.280001
5507.900003
5477.040000
5478.480000
5470.079999
5485.640001
5472.340003
5487.720001
5483.020000
5461.420003
5472.319998
5463.119999
5470.139999
5483.879998
5477.600001
5476.260003
5483.080000
5478.520002
5449.420001
5469.200000
5494.259998
5486.100003
5470.239997
5477.600001
5487.520002
5491.920002
5445.260003
5477.399997
5589.240000
5471.360002
5465.879999
5499.580000
5477.240000
5468.100000
5502.920002
5495.880000
5489.380002
5471.400000
5486.339998
5496.420000
5487.819999
5488.740001
5464.760002
5484.040000
5480.280001
5489.620000
5460.719999
5481.199998
5461.440001
5494.740002
5473.460000
5459.520001
5478.480000
5486.040000
5482.619997
5490.400001
5476.460002
5494.540002
5482.380003
5490.839999
5501.679998
5486.299999
5452.220000
5485.879999
5474.959999
5488.979999
5485.980000
5493.160002
5475.579999
5478.799999
5448.520001
5475.680001
5487.220000
5487.240002
5459.040001
5473.620001
5464.339998
5464.000002
5452.100001
5485.479999
5463.880002
5467.119999
5484.640002
5499.580000
5453.520000
5462.600000
5488.839999
5457.740001
5466.759998
5494.419999
5483.959999
5478.900000
5454.579998
5469.200000
5459.500000
5479.160000
5475.460000
5495.719999
5454.239998
5477.260001
5475.839999
5479.279999
5482.740000
5473.900001
5463.039998
5477.960002
5514.180001
5472.059999
5471.759997
5489.480000
5478.179999
5472.539999
5481.360000
5483.939998
5450.439997
5471.860003
5494.059999
5488.440000
5486.099999
5535.200000
5471.680000
5473.719999
5485.780001
5507.179998
5472.360000
5484.800000
5471.379999
5475.640003
5457.480002
5484.140001
5492.980000
5474.539999
5456.300002
5476.939999
5467.659999
5490.139998
5467.179999
5483.980000
5465.900000
5490.800001
5449.720003
5456.440002
5473.260000
5484.260000
5476.840001
5479.079999
5481.840000
5463.780001
5467.839997
5595.580000
5460.800000
5492.600001
5474.259999
5463.739999
5462.019999
5468.739998
5471.779998
5489.739999
5478.039999
5475.699998
5470.879998
5470.399998
5468.400002
5497.260001
5464.900002
5485.020000
5449.999999
5462.099999
5460.579999
5474.099997
5492.920000
5479.200002
5479.680002
5480.400000
5464.559998
5474.740002
5467.500001
5477.220003
5483.700000
5474.959999
5475.820001
5487.240002
5452.119999
5481.980000
5483.879998
5472.799998
5457.320001
5477.779999
5463.119999
5464.220002
5482.099999
5487.000000
5471.920002
5481.819998
5454.460002
5468.180001
5463.080000
5506.800000
5482.899997
5471.720003
5466.739997
5481.320001
5461.500000
5481.680002
5467.640001
5487.380002
5465.420000
5475.219999
5476.420000
5476.440001
5595.840000
5488.460001
5494.560000
5461.339999
5488.860000
5483.200002
5471.300002
5500.720002
5473.399997
5467.939999
5477.839999
5475.560002
5467.860002
5498.300001
5523.100000
5504.480001
5461.759999
5528.039999
5476.379998
5518.179998
5490.460001
5508.020002
5486.120000
5495.320000
5475.779999
5470.860001
5471.880000
5454.340000
5481.560003
5480.720002
5495.479997
5501.420002
5483.019996
5465.960000
5462.399997
5492.580000
5463.719998
5483.640000
5492.160000
5465.879999
5475.759998
5488.819998
