1.275999
1.267000
1.267999
1.267999
1.266000
1.270000
1.265000
1.271000
1.266000
1.269000
1.265000
1.269000
1.263999
1.266001
1.266001
1.263999
1.267000
1.266000
1.266000
1.266000
1.263999
1.266000
1.269000
1.265000
1.266000
1.265000
1.266000
1.265001
1.266999
1.266001
1.265000
1.267000
1.269001
1.266000
1.267000
1.269000
1.267999
1.268000
1.266001
1.269001
1.269000
1.269000
1.266000
1.267000
1.266000
1.265000
1.266000
1.268000
1.270000
1.269000
1.266999
1.266000
1.264000
1.265001
1.265000
1.266000
1.266000
1.266000
1.266000
1.266000
1.266000
1.266000
1.265001
1.266000
1.264000
1.266000
1.265000
1.266000
1.266000
1.266000
1.265001
1.266001
1.266000
1.266000
1.264000
1.266000
1.265001
1.266000
1.264000
1.265000
1.265000
1.266001
1.265001
1.266001
1.265001
1.266000
1.264000
1.265001
1.264000
1.266000
1.266000
1.266000
1.265001
1.266000
1.265001
1.265001
1.264000
1.265000
1.266001
1.265001
1.265000
1.265000
1.266000
1.265000
1.267999
1.266000
1.266000
1.266000
1.265001
1.266000
1.265000
1.265000
1.264000
1.266000
1.265001
1.266000
1.265001
1.266000
1.265000
1.265000
1.264000
1.265001
1.265000
1.267000
1.266000
1.265001
1.268000
1.266000
1.265000
1.265000
1.265001
1.265000
1.266000
1.287000
1.265000
1.265001
1.269001
1.266000
1.265001
1.267000
1.264000
1.265000
1.265000
1.266000
1.265001
1.266000
1.266000
1.266000
1.265001
1.265001
1.265000
1.265000
1.264000
1.266000
1.266000
1.265001
1.265001
1.265001
1.265000
1.263999
1.267000
1.266000
1.266000
1.265000
1.263999
1.265001
1.266000
1.266000
1.265000
1.266000
1.265001
1.266000
1.265000
1.266000
1.265001
1.266000
1.266001
1.265000
1.264000
1.265001
1.266000
1.266000
1.266001
1.266000
1.266000
1.265000
1.266001
1.267000
1.265001
1.265001
1.266000
1.266000
1.265001
1.265000
1.264000
1.266000
1.265000
1.265000
1.265000
1.265000
1.265000
1.266000
1.265000
1.267000
1.267000
1.266000
1.265001
1.265001
1.266000
1.266000
1.266001
1.266000
1.265000
1.266000
1.265001
1.265000
1.265001
1.266000
1.266001
1.265001
1.264000
1.265000
1.268000
1.278000
1.264000
1.266000
1.265000
1.265001
1.265001
1.265001
1.265001
1.265000
1.264000
1.265000
1.265000
1.265000
1.265001
1.266000
1.266000
1.270000
1.266000
1.266001
1.264000
1.266001
1.265001
1.265001
1.265001
1.264000
1.265001
1.265000
1.265000
1.266001
1.266000
1.266000
1.264000
1.265000
1.263999
1.266000
1.265000
1.266000
1.265000
1.277000
1.266000
1.277001
1.265000
1.265000
1.264000
1.265000
1.274001
1.265000
1.265000
1.265000
1.265000
1.263999
1.265000
1.266000
1.265001
1.266000
1.264000
1.265000
1.264000
1.265000
1.265000
1.266000
1.266000
1.288000
1.263999
1.266000
1.266000
1.266000
1.265000
1.265001
1.264000
1.265000
1.263999
1.265000
1.264000
1.265000
1.264000
1.265001
1.265000
1.265000
1.263000
1.266000
1.264000
1.265000
1.264000
1.266000
1.275000
1.265000
1.274999
1.266000
1.266000
1.266000
1.264000
1.265001
1.266000
1.265001
1.263999
1.266000
1.265001
1.265000
1.265000
1.265000
1.264000
1.265000
1.263999
1.266000
1.266001
1.266000
1.266000
1.265000
1.266000
1.276000
1.263999
1.266000
1.266000
1.266000
1.266000
1.264000
1.264000
1.266000
1.266001
1.265001
1.266000
1.266000
1.266000
1.265000
1.265000
1.265001
1.265000
1.265000
1.263999
1.266000
1.263999
1.266000
1.266000
1.265000
1.266000
1.266000
1.266000
1.266000
1.264000
1.265001
1.263000
1.265001
1.264000
1.266000
1.265000
1.267000
1.266000
1.266000
1.265000
1.266000
1.265000
1.265000
1.266000
1.277000
1.266000
1.275999
1.265000
1.266000
1.265001
1.265000
1.265000
1.266001
1.264000
1.266000
1.265000
1.266000
1.266000
1.265000
1.266000
1.265000
1.266000
1.266000
1.266001
1.265001
1.265001
1.266000
1.264000
1.265000
1.265000
1.266000
1.265000
1.266000
1.264000
1.266000
1.264000
1.265000
1.265001
1.266000
1.265000
1.265000
1.265000
1.266000
1.265000
1.266000
1.266001
1.266001
1.263999
1.265000
1.264000
1.266000
1.265000
1.266000
1.265000
1.265000
1.265000
1.266000
1.265000
1.265000
1.285000
1.266001
1.264000
1.266001
1.265000
1.269001
1.265001
1.265000
1.264000
1.266001
1.265000
1.265001
1.265000
1.265000
1.264000
1.265000
1.266000
1.265000
1.275000
1.266001
1.265001
1.266000
1.264000
1.265001
1.265000
1.265001
1.265001
1.276000
1.264000
1.265001
1.266000
1.265000
1.266001
1.265000
1.263999
1.269000
1.265001
1.265000
1.265000
1.265000
1.266000
1.265000
1.265000
1.266000
1.264000
1.265000
1.265000
1.276000
1.265000
1.266000
1.265001
1.266000
1.264000
1.265000
1.264000
1.266000
1.265001
1.266000
1.278000
1.265000
1.265001
1.269001
1.265000
1.265001
1.264000
1.265001
1.265001
1.266001
1.266000
1.266000
1.265000
1.265000
1.265001
1.266000
1.265000
1.266000
1.267000
1.265001
1.265001
1.265000
1.263999
1.266000
1.265000
1.265000
1.264000
1.265001
1.276000
1.265000
1.265001
1.266000
1.265001
1.267000
1.265000
1.265001
1.263999
1.265000
1.265000
1.265000
1.265001
1.265001
1.265001
1.266000
1.264000
1.266001
1.266000
1.265000
1.263999
1.266001
1.266000
1.265000
1.265000
1.265001
1.264000
1.265000
1.265000
1.265000
1.264000
1.265000
1.266000
1.266000
1.266000
1.274000
1.264000
1.265001
1.265001
1.266000
1.265000
1.266000
1.265000
1.265000
1.266000
1.266000
1.265000
1.265000
1.266000
1.266000
1.265001
1.265001
1.266001
1.265000
1.266001
1.265000
1.266000
1.265000
1.265000
1.265001
1.265001
1.265001
1.265001
1.265000
1.265001
1.265001
1.265000
1.265000
1.266000
1.265000
1.265000
1.265000
1.265001
1.265000
1.265000
1.265000
1.265000
1.265000
1.263999
1.265000
1.265001
1.266000
1.265000
1.265001
1.265001
1.266001
1.265001
1.266000
1.265001
1.266001
1.265000
1.266000
1.265001
1.265001
1.265000
1.266000
1.265001
1.266000
1.264000
1.265000
1.265000
1.265000
1.265000
1.265000
1.265001
1.265000
1.265001
1.266000
1.267000
1.265000
1.264000
1.265001
1.266000
1.266000
1.265000
1.265000
1.267000
1.266001
1.265000
1.265001
1.265000
1.265000
1.265001
1.265000
1.263999
1.265000
1.265000
1.266000
1.264000
1.266000
1.277000
1.268000
1.266000
1.265001
1.265000
1.265001
1.263999
1.265001
1.266000
1.266000
1.265000
1.265000
1.264000
1.266000
1.266000
1.265001
1.266001
1.266000
1.265000
1.266000
1.265000
1.266000
1.265000
1.265000
1.266000
1.265000
1.263999
1.265000
1.266000
1.266000
1.265001
1.265000
1.265001
1.265001
1.265001
1.265000
1.264000
1.265000
1.264000
1.265001
1.265000
1.265001
1.265001
1.265000
1.266000
1.265000
1.266000
1.266000
1.263999
1.265000
1.266000
1.266000
1.265000
1.265001
1.266000
1.265001
1.265001
1.266000
1.266000
1.277000
1.264000
1.265001
1.265000
1.266000
1.265001
1.270000
1.265000
1.265001
1.265000
1.265000
1.265001
1.266000
1.263999
1.265000
1.264000
1.265000
1.263999
1.266000
1.265000
1.266000
1.264000
1.265001
1.264000
1.265000
1.265000
1.266001
1.282999
1.267000
1.265001
1.265000
1.266000
1.275999
1.266000
1.266000
1.265001
1.266000
1.264000
1.287000
1.264000
1.265001
1.263999
1.265000
1.265001
1.265001
1.283000
1.277000
1.265000
1.266000
1.264000
1.265000
1.264000
1.265001
1.265000
1.265001
1.265001
1.266000
1.265000
1.265001
1.266000
1.265001
1.266000
1.265001
1.265001
1.265000
1.266000
1.266001
1.265000
1.265000
1.266001
1.266000
1.263999
1.265001
1.265000
1.266000
1.263999
1.265000
1.265001
1.266000
1.266000
1.265001
1.265001
1.266001
1.265001
1.266001
1.265001
1.265000
1.266000
1.265000
1.265001
1.265001
1.265001
1.266000
1.263999
1.266000
1.277000
1.277001
1.264000
1.265000
1.275999
1.266001
1.266001
1.266000
1.265001
1.265000
1.265000
1.265000
1.265000
1.265001
1.264000
1.266000
1.265000
1.265000
1.265001
1.266000
1.266000
1.265000
1.264000
1.265000
1.266000
1.265000
1.265000
1.265000
1.265000
1.265001
1.277000
1.266000
1.266000
1.265000
1.283000
1.265001
1.266000
1.266000
1.265000
1.266000
1.264000
1.265001
1.265000
1.265001
1.264000
1.265001
1.277001
1.265001
1.266000
1.266000
1.264000
1.265000
1.265000
1.266000
1.265000
1.266000
1.265001
1.266000
1.265000
1.265001
1.265001
1.265000
1.264000
1.265000
1.265000
1.266000
1.279000
1.265000
1.263999
1.265000
1.265001
1.266000
1.263999
1.265000
1.265001
1.266000
1.263999
1.265000
1.265000
1.265000
1.265000
1.266000
1.264000
1.265000
1.265000
1.266000
1.265001
1.266000
1.282000
1.266001
1.263999
1.265000
1.265000
1.265000
1.265000
1.266000
1.266000
1.266000
1.264000
1.265001
1.266000
1.266000
1.266999
1.266000
1.279000
1.266000
1.265000
1.266000
1.265000
1.266000
1.266000
1.266001
1.265000
1.265000
1.266000
1.266000
1.264000
1.265001
1.266000
1.265000
1.264000
1.266000
1.266000
1.265000
1.265001
1.279000
1.266001
1.265001
1.262999
1.266001
1.266001
1.277000
1.264000
1.265001
1.265001
1.266000
1.266000
1.265000
1.266000
1.266000
1.266000
1.265001
1.266000
1.265000
1.265000
1.266001
1.266000
1.266000
1.265001
1.265000
1.265000
1.266000
1.266000
1.269000
1.266000
1.266000
1.264000
1.266000
1.265000
1.266000
1.266001
1.266000
1.265001
1.265000
1.265001
1.265001
1.265000
1.265001
1.265000
1.265000
1.263999
1.265000
1.265001
1.266000
1.265000
1.266000
1.265000
1.266000
1.263999
1.266000
1.263999
1.265001
1.283000
1.277000
1.282000
1.266000
1.265001
1.265000
1.277000
1.265001
1.265001
1.266000
1.264000
1.266000
1.265000
1.265001
1.264000
1.280000
