100.260001
90.380000
87.420000
87.040000
87.379999
86.940000
86.900000
86.819999
104.140000
88.320000
87.320000
87.060001
86.840000
86.779999
86.840000
86.760001
86.980000
86.859999
86.780000
94.480000
87.320002
87.080000
86.800000
86.780000
86.860001
86.760001
86.759999
86.880000
86.840000
86.980000
86.800000
87.320000
86.880000
88.280000
86.900000
86.940000
86.720001
86.800000
86.800000
87.180000
86.800000
86.700000
86.940000
86.880000
86.759999
87.059999
86.780000
86.800002
86.840000
86.719999
86.740000
86.880000
86.700000
87.060001
86.700000
86.880000
86.820001
86.819999
86.700000
86.759999
86.920001
86.999999
86.739998
86.680001
86.880000
86.740000
86.660000
86.840000
86.740000
86.760001
86.680001
86.820001
86.640000
86.760001
86.760001
87.139999
88.740001
87.400001
86.940000
87.060001
86.859999
86.900000
86.980000
86.840000
86.840000
86.840000
86.980000
87.200001
86.920001
86.860001
86.940000
86.999999
86.779999
86.980000
86.800000
86.859999
86.780000
94.140001
86.900000
86.780000
86.719999
86.860001
86.840000
86.880000
86.800000
86.759999
86.719999
86.780000
93.519999
87.080000
86.680001
86.760001
86.780000
87.160001
86.700000
86.739998
86.900000
86.800000
86.900000
88.660000
87.440001
86.740000
86.999999
86.820001
86.740000
86.800000
86.900001
86.900000
86.819999
86.840000
86.860001
86.880000
86.700000
86.779999
86.800000
86.759999
86.740000
86.719999
86.679999
86.800000
86.700000
86.800000
87.120000
86.840000
86.680001
86.800000
86.719999
86.740000
86.700000
86.780000
86.819999
86.880000
86.740000
86.980000
87.199999
86.720001
86.979998
86.940002
86.759999
86.700000
86.780000
88.679999
87.280000
86.919999
87.280000
86.980000
87.220000
87.020000
86.919999
86.820001
86.820001
87.000001
86.879998
86.859999
86.900000
87.320000
86.959999
87.200001
86.880000
86.840000
86.900000
86.740000
86.800002
86.740000
86.800000
87.180000
94.300000
86.840000
86.780000
86.800000
86.780000
86.879998
86.920001
86.840000
86.840000
86.800000
86.840000
87.259999
86.840000
87.139999
86.700000
86.759999
86.840000
87.100001
87.520000
87.220000
86.679999
86.880000
86.840000
87.300001
86.980000
86.740000
86.819999
86.820001
86.840000
86.740000
86.779999
86.860001
86.739998
86.900001
86.760001
86.759999
86.880000
86.779999
86.900000
86.780000
86.700000
86.719999
86.700000
86.759999
86.800000
86.940000
86.740000
86.820001
86.880000
86.800002
86.760001
86.880000
86.700000
86.700000
86.680001
86.759999
86.819999
86.780000
86.640000
86.700000
86.700000
88.719999
87.280000
87.080000
86.959999
86.900000
87.020000
87.460000
87.720001
87.020000
86.740000
86.880000
86.740000
86.720001
86.779999
86.979998
86.660000
86.860001
93.920000
86.980000
86.940000
86.880000
86.740000
87.060001
86.779999
86.900000
86.740000
86.819999
86.860001
94.160000
87.180000
86.859999
86.779999
86.739998
86.739998
86.840000
86.660000
86.880000
86.719999
86.840000
87.120000
86.720001
86.700000
87.679999
86.920001
86.979998
86.740000
86.859999
86.740000
86.779999
86.740000
86.800000
86.999999
86.879998
86.700000
86.819999
86.840000
87.060001
86.720001
86.760001
86.719999
87.020000
86.859999
86.920001
86.780000
86.719999
86.700000
86.820001
86.739998
86.840000
86.700000
86.900000
86.660000
86.700000
86.740000
86.840000
87.040000
86.759999
86.720001
86.719999
87.040002
86.840000
86.800000
86.720001
86.700000
87.020000
88.620000
87.320002
87.120000
87.040000
87.060001
86.999999
86.840000
87.120000
86.859999
86.920001
87.100001
87.099999
86.880000
86.820001
86.840000
86.980000
86.720001
86.800000
86.700002
86.940000
86.779999
92.019999
86.860001
86.900000
86.800000
86.759999
86.800000
86.960001
86.740000
86.780000
86.779999
86.900000
86.859999
86.940000
86.840000
86.920001
86.820001
86.879998
86.860001
86.800000
87.080000
86.819999
86.760001
88.079998
86.820001
86.860001
86.819999
86.720001
86.759999
86.820001
86.720001
86.840000
86.819999
86.859999
86.740000
86.960001
86.800000
86.760001
86.740000
86.960001
86.759999
86.779999
86.720001
86.759999
86.780000
86.820001
86.840000
86.800000
86.859999
86.700000
86.759999
86.800000
86.780000
86.820001
86.780000
86.759999
86.740000
86.800000
86.740000
86.740000
86.720001
86.700000
86.700000
86.800000
86.759999
88.500001
87.740000
87.339999
87.260000
86.920001
86.900000
86.780000
86.820001
86.920001
86.919999
86.919999
87.059999
86.860001
86.720001
95.260000
87.040000
86.940000
86.819999
86.680001
86.760001
86.740000
86.740000
86.819999
86.759999
86.880000
91.920000
86.999999
86.900001
86.720001
86.999999
86.740000
86.700000
86.880000
86.999999
86.979998
86.900001
86.820001
86.840000
87.200001
86.880000
86.719999
86.780000
86.940000
87.900002
86.840000
86.700000
86.860001
86.660000
87.000001
87.159999
86.740000
86.759999
86.780000
86.700000
86.719999
86.879998
86.740000
86.680001
86.740000
87.020000
86.759999
86.780000
87.040000
86.820001
86.880000
86.700000
86.719999
86.680001
86.940000
86.759999
86.780000
86.820001
86.800000
86.679999
86.700000
86.719999
86.780000
86.720001
86.780000
86.700000
86.720001
87.220000
86.719999
86.660001
86.679999
86.740000
88.780001
87.420000
87.159999
86.700000
87.080000
86.740000
92.540000
87.120000
87.160001
86.900000
86.780000
86.700000
86.840000
86.960001
86.900000
86.900000
87.280000
94.319999
87.139999
86.720001
86.880000
86.740000
86.800000
86.960001
86.800000
86.880000
86.720001
86.740000
86.940000
87.460000
86.759999
86.800002
86.860001
86.780000
86.740000
86.900001
86.780000
86.859999
86.940002
86.780000
86.979998
86.759999
87.919999
86.860001
87.239999
87.020000
86.879998
86.859999
86.999999
86.840000
86.840000
86.940000
86.700000
86.759999
86.840000
87.020000
86.980000
86.740000
86.719999
86.660000
86.800000
86.780000
86.920001
86.920001
86.779999
86.719999
86.820001
87.139999
86.780000
86.760001
86.900000
86.680001
86.720001
86.800002
86.780000
86.880000
86.700000
86.820001
86.800002
86.740000
86.740000
86.739998
86.800000
86.700000
93.840001
88.660000
87.259999
86.819999
86.999999
86.840000
86.780000
86.740000
86.800000
86.780000
86.860001
95.360000
87.460000
86.920001
86.980000
86.980000
86.760001
86.820001
86.820001
86.700000
87.259999
86.900000
86.900000
87.040000
86.840000
86.720001
86.800002
86.800000
86.840000
86.860001
86.819999
86.840000
86.819999
86.720001
86.800000
86.820001
86.700000
86.740000
86.720001
86.660000
86.779999
86.679999
86.719999
86.719999
88.140000
87.260000
86.840000
86.840000
87.159999
87.060001
86.859999
86.700000
86.800000
86.759999
86.680001
86.679999
86.720001
86.760001
86.800000
86.660001
86.940000
87.040002
86.760001
86.840000
86.719999
86.800002
86.800002
86.919999
86.820001
86.759999
86.759999
86.680001
86.740000
86.680001
86.760001
86.740000
86.759999
86.880000
86.920001
86.660001
86.779999
86.700000
86.680001
86.760001
86.680001
86.680001
88.700000
87.000001
87.560000
94.960000
87.340001
87.040000
86.999999
86.779999
86.779999
86.760001
86.900001
86.900001
86.920001
86.760001
92.600001
87.000001
86.820001
86.800000
86.880000
86.759999
86.819999
86.640000
87.060001
86.780000
86.820001
86.720001
86.980000
86.759999
87.020000
86.800000
86.920001
86.800000
86.919999
86.779999
86.780000
86.840000
87.040000
86.859999
87.060001
86.940000
86.940000
86.680001
86.780000
87.639999
86.840000
86.800002
86.840000
86.880000
87.080000
86.819999
86.840000
86.740000
86.740000
86.780000
86.900000
86.879998
86.800000
86.759999
86.779999
86.880000
86.880000
86.719999
86.820001
86.900000
86.719999
86.680001
86.720001
86.780000
86.800002
86.840000
87.440001
86.740000
86.780000
86.700000
86.720001
86.700000
86.759999
86.959999
86.740000
86.740000
86.679999
91.860000
86.759999
86.740000
86.800000
86.679999
88.719999
87.180000
86.959999
86.859999
87.240001
86.800002
95.240001
87.159999
86.859999
86.740000
86.859999
86.819999
86.720001
87.040002
86.920001
86.920001
86.919999
86.819999
86.720001
86.940000
86.900000
87.140001
86.920001
86.780000
86.700000
86.800000
86.719999
86.900000
86.820001
87.020000
86.780000
86.740000
86.720001
86.760001
86.900000
86.880000
86.900000
86.800002
86.920001
86.680001
86.700000
87.099999
87.520000
87.240001
86.900000
86.719999
86.880000
86.720001
86.919999
86.740000
86.700000
86.800002
86.779999
86.759999
86.700000
86.860001
86.800000
86.859999
86.740000
86.700000
86.800000
86.980000
86.920001
86.700000
86.780000
86.700000
86.940000
87.220000
87.060001
86.700000
86.679999
86.720001
86.700000
93.999999
87.120000
86.780000
86.900000
86.740000
86.719999
86.780000
86.720001
86.700000
86.900001
86.720001
91.620000
89.140000
87.400001
87.180000
86.819999
86.879998
86.900000
87.099999
87.040000
87.200001
86.880000
86.679999
87.060001
86.820001
86.900000
86.900001
86.980000
86.719999
87.040002
86.759999
86.720001
86.679999
86.800000
86.760001
86.820001
86.820001
86.720001
86.740000
86.780000
86.800000
86.879998
86.679999
86.920001
86.800000
87.020000
86.999999
86.840000
86.740000
86.700000
86.720001
87.099999
86.760001
86.820001
87.000001
88.260001
86.780000
86.959999
86.719999
86.840000
86.759999
86.859999
86.780000
86.860001
87.199999
86.819999
86.920001
87.199999
86.780000
86.880000
86.800000
87.160001
86.780000
86.700000
86.759999
86.819999
86.719999
86.820001
86.800002
86.740000
86.800000
86.679999
86.700000
86.900000
86.780000
86.779999
86.700000
86.700000
86.719999
93.859999
86.760001
86.800000
86.700000
86.859999
86.760001
86.840000
86.800000
88.819999
87.520000
86.980000
93.459999
87.220000
86.999999
86.879998
86.740000
86.759999
86.740000
86.880000
86.959999
86.840000
86.940000
86.919999
86.920001
87.180000
86.859999
86.779999
86.660000
86.759999
86.840000
86.780000
86.900000
86.759999
86.759999
86.840000
86.919999
87.040000
86.779999
86.900001
86.800000
86.760001
86.719999
86.859999
86.800000
86.740000
86.920001
86.740000
86.980000
86.800000
86.780000
86.720001
88.120000
86.980000
86.780000
87.099999
86.700002
86.960001
86.759999
86.840000
86.779999
86.819999
86.920001
86.859999
86.780000
86.740000
86.819999
86.800000
86.820001
86.780000
86.860001
86.780000
86.760001
86.719999
86.720001
86.780000
86.880000
86.779999
86.780000
92.780001
