2.239998
1.879998
1.880001
1.860000
1.880001
1.860000
1.899999
1.880001
1.880001
1.860000
1.879998
1.899999
1.860000
1.899999
1.899999
1.879998
1.880001
1.880001
1.879998
1.860000
1.860000
1.880001
1.880001
1.860000
1.880001
1.860000
1.959998
1.860000
1.880001
1.879998
1.859996
1.880001
1.880001
1.860000
1.899999
1.880001
1.880001
1.920000
1.900002
1.939997
1.879998
1.879998
1.899999
1.879998
1.880001
1.860000
1.860000
1.860000
1.880001
1.880001
1.879998
1.899999
1.880001
1.879998
1.880001
1.880001
1.860000
1.879998
1.860000
1.899999
1.959998
1.879998
1.879998
1.879998
1.840003
1.879998
1.880001
1.880001
1.880001
1.860000
1.899999
2.099998
1.899999
1.860000
1.860000
1.860000
1.940001
2.000000
1.860000
1.880001
1.860000
1.899999
1.860000
1.879998
1.860000
1.879998
1.899999
1.880001
1.879998
1.880001
1.879998
1.880001
1.880001
1.900002
1.859996
1.860000
1.940001
1.860000
1.839999
1.860000
1.880001
1.880001
1.879998
1.860000
1.860000
1.879998
1.900002
1.880001
1.879998
1.839999
1.880001
1.860000
1.860000
1.880001
1.880001
1.880001
1.880001
1.879998
3.020000
1.860000
1.860000
1.880001
1.880001
1.860000
2.000000
1.860000
1.860000
1.880001
1.879998
1.880001
1.860000
1.880001
1.860000
1.860000
1.880001
1.879998
1.899999
1.880001
1.839999
1.860000
1.899999
1.900002
1.860000
1.879998
1.879998
1.860000
1.880001
1.860000
1.880001
1.880001
1.960002
1.880001
1.860000
1.899999
1.860000
1.860000
1.860000
1.879998
1.860000
1.860000
1.860000
1.880001
1.860000
1.879998
1.960002
1.860000
1.879998
1.879998
1.879998
2.019998
1.880001
1.839999
1.859996
1.860000
1.840003
1.940001
1.880001
1.940001
1.860000
1.879998
1.879998
1.860000
1.880001
1.879998
1.860000
1.860000
1.880001
1.899999
1.860000
1.860000
1.979999
1.860000
1.860000
1.880001
1.860000
1.880001
1.880001
1.880001
1.880001
1.880001
1.860000
1.839999
1.979999
2.020001
1.839999
1.880001
1.879998
1.860000
1.840003
1.880001
1.879998
1.879998
1.899999
1.960002
1.860000
1.880001
1.860000
1.880001
1.899999
1.880001
1.880001
1.839999
1.860000
1.860000
1.960002
1.880001
1.880001
1.860000
1.839999
1.880001
1.880001
1.880001
1.880001
1.959998
1.899999
1.860000
1.860000
1.880001
1.879998
1.839999
1.860000
1.880001
1.879998
1.860000
1.860000
1.860000
1.880001
1.839999
1.879998
1.880001
1.860000
1.880001
1.840003
1.860000
1.880001
1.900002
1.860000
1.900002
1.879998
1.860000
1.879998
1.880001
1.960002
1.880001
1.860000
1.880001
1.879998
1.860000
1.860000
1.860000
1.880001
1.860000
1.880001
1.879998
1.860000
1.880001
1.879998
1.880001
1.880001
1.860000
1.860000
1.860000
1.880001
1.900002
1.939997
1.879998
1.880001
1.880001
1.900002
1.940001
1.899999
1.900002
1.860000
1.880001
1.879998
1.880001
1.859996
1.879998
1.879998
1.999997
1.860000
1.879998
1.860000
1.860000
1.880001
1.860000
1.940001
1.860000
1.879998
1.879998
1.880001
1.860000
1.879998
1.880001
1.879998
1.879998
1.860000
1.880001
1.860000
1.859996
1.839999
1.839999
1.879998
1.880001
1.860000
1.880001
1.880001
1.880001
1.899999
1.860000
1.860000
1.879998
1.879998
1.859996
1.860000
1.860000
1.880001
1.860000
1.860000
1.859996
1.880001
1.880001
1.880001
1.880001
1.880001
1.880001
1.880001
1.880001
1.879998
1.860000
1.899999
1.860000
1.879998
1.900002
1.860000
1.879998
1.860000
1.880001
1.880001
1.880001
1.860000
1.860000
1.860000
1.880001
1.880001
1.879998
1.880001
1.880001
1.860000
1.879998
1.880001
1.879998
1.880001
1.860000
1.879998
1.860000
1.880001
1.880001
1.860000
1.880001
1.880001
1.879998
1.879998
1.880001
1.860000
1.860000
1.880001
1.880001
1.960002
1.880001
1.860000
1.860000
1.880001
1.880001
1.879998
1.899999
1.899999
1.860000
1.860000
1.879998
1.860000
1.880001
1.899999
1.880001
1.880001
1.879998
1.900002
1.860000
1.879998
1.879998
1.899999
1.880001
1.860000
1.879998
1.880001
1.879998
1.899999
1.860000
1.880001
1.879998
1.879998
1.879998
1.879998
1.880001
1.960002
1.860000
1.860000
1.880001
1.860000
1.880001
1.880001
1.880001
1.860000
1.880001
1.860000
1.900002
1.880001
1.860000
1.860000
1.880001
1.860000
1.880001
1.879998
1.880001
1.860000
1.879998
1.880001
1.880001
1.879998
1.839999
1.959998
1.860000
1.880001
1.880001
1.880001
1.839999
1.880001
1.879998
1.860000
1.900002
1.860000
1.899999
1.880001
1.880001
1.879998
1.859996
1.880001
1.899999
1.879998
1.860000
1.879998
1.880001
1.879998
1.860000
1.860000
1.879998
1.880001
1.860000
1.879998
1.880001
1.880001
1.880001
1.860000
1.879998
1.880001
1.860000
1.879998
1.879998
1.879998
1.899999
1.880001
1.860000
1.879998
1.880001
1.860000
1.860000
1.860000
1.880001
1.880001
1.879998
1.880001
1.899999
1.880001
1.859996
1.880001
1.900002
1.860000
1.860000
1.900002
1.860000
1.900002
1.879998
1.880001
1.879998
1.880001
1.860000
1.859996
1.880001
1.860000
1.880001
1.859996
1.899999
1.879998
2.119999
1.880001
1.880001
1.880001
1.860000
1.880001
1.860000
1.880001
1.880001
1.880001
1.880001
1.860000
1.860000
1.880001
1.860000
1.860000
1.880001
1.840003
1.880001
1.880001
1.880001
1.900002
1.880001
1.899999
1.879998
1.880001
1.860000
1.880001
1.860000
1.860000
1.880001
1.880001
1.860000
1.880001
1.880001
1.880001
1.879998
1.860000
1.860000
1.880001
1.860000
1.879998
1.879998
1.880001
1.880001
1.860000
1.879998
1.880001
1.879998
1.860000
1.880001
1.860000
1.900002
1.899999
1.860000
1.880001
1.860000
1.880001
1.879998
1.900002
1.860000
1.860000
1.860000
1.879998
1.880001
1.879998
1.840003
1.880001
1.899999
1.899999
1.879998
1.879998
1.880001
1.880001
1.860000
1.899999
1.879998
1.879998
1.860000
1.880001
1.880001
1.860000
1.879998
1.879998
1.880001
1.860000
1.859996
1.880001
1.860000
1.880001
1.880001
1.880001
1.880001
1.860000
1.860000
1.860000
1.880001
1.880001
1.880001
1.860000
1.879998
1.899999
1.880001
1.880001
1.880001
1.880001
1.880001
1.900002
1.880001
1.860000
1.859996
1.880001
1.860000
1.880001
1.879998
1.879998
1.879998
1.879998
1.860000
1.860000
1.860000
1.860000
1.880001
1.860000
1.880001
1.860000
1.880001
1.860000
1.880001
1.880001
1.880001
1.880001
1.899999
1.899999
1.860000
1.860000
1.860000
1.860000
1.860000
1.880001
1.880001
1.900002
1.859996
1.859996
1.860000
1.879998
1.879998
1.880001
1.879998
1.860000
1.860000
1.860000
1.860000
1.880001
1.880001
1.860000
1.880001
1.879998
1.879998
1.880001
1.860000
1.860000
1.860000
1.860000
1.879998
1.860000
1.880001
1.880001
1.899999
1.880001
1.860000
1.880001
1.880001
1.880001
1.860000
1.880001
1.899999
1.879998
1.879998
1.860000
1.860000
1.879998
1.920003
1.880001
1.860000
1.900002
1.880001
1.880001
1.880001
1.860000
1.880001
1.880001
1.860000
1.880001
1.879998
1.860000
1.899999
1.860000
1.879998
1.880001
1.880001
1.899999
1.819998
1.860000
1.860000
1.879998
1.860000
1.880001
1.860000
1.880001
1.899999
1.879998
1.880001
1.879998
1.880001
1.880001
1.880001
1.880001
1.860000
1.899999
1.879998
1.879998
1.880001
1.860000
1.860000
1.880001
1.839999
1.860000
1.879998
1.880001
1.879998
1.880001
1.860000
1.860000
1.860000
1.879998
1.880001
1.880001
1.860000
1.879998
1.879998
1.860000
1.880001
1.860000
1.900002
1.879998
1.879998
1.879998
1.880001
1.879998
1.880001
1.899999
1.879998
1.880001
1.880001
1.879998
1.860000
1.860000
1.860000
1.860000
1.860000
1.880001
1.880001
1.899999
1.880001
1.860000
1.879998
1.860000
1.860000
1.880001
1.900002
1.880001
1.859996
1.860000
1.860000
1.879998
1.880001
1.860000
1.860000
1.899999
1.880001
1.899999
1.860000
1.860000
1.860000
1.879998
1.880001
1.899999
1.839999
1.899999
1.879998
1.880001
1.879998
1.860000
1.880001
1.880001
1.880001
1.860000
1.900002
1.860000
1.879998
1.899999
1.860000
1.879998
1.879998
1.860000
1.880001
1.880001
1.899999
1.860000
1.879998
1.879998
1.880001
1.860000
1.860000
1.879998
1.880001
1.839999
1.860000
1.880001
1.880001
1.880001
1.860000
1.860000
1.880001
1.860000
1.880001
1.880001
1.860000
1.880001
1.879998
1.860000
1.880001
1.899999
1.880001
1.880001
1.880001
1.819998
1.839999
1.880001
1.860000
1.879998
1.879998
1.860000
1.880001
1.880001
1.880001
1.860000
1.860000
1.860000
1.879998
1.879998
1.860000
1.860000
1.880001
1.879998
1.879998
1.879998
1.860000
1.879998
1.879998
1.839999
1.860000
1.880001
1.900002
1.860000
1.880001
1.860000
1.879998
1.860000
1.860000
1.879998
1.880001
1.860000
1.860000
1.860000
1.860000
1.879998
1.860000
1.860000
1.879998
1.860000
1.860000
1.899999
1.860000
1.880001
1.860000
1.879998
1.880001
1.880001
1.880001
1.860000
1.860000
1.899999
1.880001
1.880001
1.879998
1.879998
1.880001
1.880001
1.879998
1.860000
1.879998
1.880001
1.880001
1.860000
1.859996
1.879998
1.860000
1.879998
1.860000
1.860000
1.860000
1.860000
1.879998
1.860000
1.860000
1.880001
1.880001
1.879998
1.880001
1.879998
1.880001
1.879998
1.860000
1.860000
1.860000
1.860000
1.879998
1.879998
1.879998
1.860000
1.899999
1.879998
1.880001
1.899999
1.880001
1.880001
1.880001
1.860000
1.879998
1.860000
1.860000
1.879998
1.880001
1.860000
1.860000
1.880001
1.860000
1.879998
1.860000
1.880001
1.939997
1.880001
1.860000
1.860000
1.879998
1.980003
1.880001
1.860000
1.879998
1.899999
1.860000
1.880001
1.860000
1.899999
1.900002
1.900002
1.860000
1.879998
1.879998
1.860000
1.880001
1.880001
1.880001
1.880001
1.879998
