1172.920000
1150.780000
1152.020000
1170.680000
1152.520000
1150.500000
1153.720001
1151.240000
1159.360000
1148.639999
1177.999999
1151.560000
1153.320000
1175.799999
1150.880000
1149.480000
1173.540000
1151.980001
1151.660000
1171.700001
1153.600000
1161.960000
1168.600000
1157.460000
1150.040000
1152.080000
1173.500000
1151.120000
1155.360000
1170.140000
1150.600000
1148.379999
1166.200001
1151.360000
1156.860000
1171.120000
1156.280001
1151.800000
1168.460000
1151.959999
1149.440001
1148.159999
1152.900000
1154.780000
1153.120000
1172.540000
1155.340000
1154.080000
1172.080000
1152.740000
1152.660000
1170.800000
1154.260000
1153.180000
1174.559999
1157.300000
1159.220001
1151.640001
1158.720000
1150.700000
1157.000000
1171.640000
1151.520000
1151.420000
1167.460000
1153.400000
1150.020000
1172.100000
1153.000000
1155.720000
1176.200001
1157.320000
1152.880000
1170.280000
1154.700000
1148.100000
1149.820000
1172.280001
1154.100000
1151.380000
1177.000000
1148.080000
1153.660000
1174.440000
1153.880000
1152.220000
1174.020001
1153.820001
1152.460000
1168.100000
1153.060000
1151.000001
1172.900000
1159.420000
1151.480000
1154.940000
1168.079999
1153.919999
1150.600000
1171.400000
1151.020000
1150.920000
1169.880000
1151.600000
1153.760000
1168.800000
1158.500000
1151.260000
1169.200000
1150.240000
1149.800001
1154.820000
1151.880000
1151.719999
1151.100000
1174.679999
1151.860000
1156.280001
1173.440000
1160.540001
1150.040000
1175.040000
1153.960000
1153.520000
1171.520000
1152.940000
1148.380000
1170.760000
1153.840000
1152.200000
1156.480000
1171.920000
1156.220000
1152.780000
1168.680000
1152.880000
1151.280001
1172.040000
1148.900000
1153.240000
1170.800000
1160.420000
1153.660000
1168.140001
1152.320000
1157.020000
1151.620001
1169.340000
1152.520000
1152.920000
1172.900000
1151.160001
1149.499999
1171.520000
1159.720000
1151.860000
1175.000000
1153.440000
1154.920000
1172.480000
1149.000000
1153.680000
1168.940000
1153.800000
1147.600000
1157.620000
1173.040000
1155.240000
1151.380001
1175.100001
1153.380000
1153.640000
1169.540000
1151.520001
1150.699999
1169.520000
1152.760000
1154.360000
1174.440000
1150.240000
1157.000001
1149.660000
1175.960001
1151.280000
1151.360000
1171.100000
1150.920001
1152.720001
1172.220000
1161.280001
1150.520001
1178.400000
1153.700001
1155.400000
1170.740000
1154.780000
1154.060000
1149.620000
1152.120000
1152.319999
1151.040000
1171.500000
1157.980000
1153.399999
1173.380000
1149.960000
1155.980000
1171.360000
1150.840000
1150.560000
1168.480000
1153.540000
1153.100000
1181.360000
1150.820000
1157.940000
1152.720001
1174.920000
1153.660000
1149.440001
1172.860000
1150.660000
1154.880000
1176.779999
1152.860000
1148.940000
1177.600000
1155.080000
1156.660001
1172.980000
1154.680000
1153.080000
1150.440000
1153.960000
1149.080000
1152.780000
1173.120000
1157.360001
1155.960000
1182.519999
1154.840000
1155.520000
1175.240001
1152.679999
1151.040000
1165.700000
1151.360000
1151.660000
1153.160000
1150.780001
1157.140000
1151.540000
1176.200001
1148.000000
1152.380000
1171.220000
1154.220000
1150.339999
1169.700000
1151.440000
1149.960000
1169.319999
1150.620000
1154.820000
1168.320000
1156.880001
1154.440000
1151.439999
1169.060000
1148.340000
1148.860000
1171.820000
1154.220000
1151.020000
1174.580000
1155.880000
1155.620000
1173.020000
1156.860000
1152.460000
1168.300000
1150.600000
1148.820000
1154.380000
1153.360000
1151.920000
1150.020000
1177.660001
1151.920000
1153.160000
1166.860000
1153.160000
1154.040000
1171.580000
1153.700001
1149.259999
1169.020000
1153.000000
1160.300000
1164.040000
1157.240001
1151.240000
1155.660000
1172.960000
1151.040000
1153.740000
1173.180000
1151.540000
1150.880000
1169.180000
1151.640000
1156.460000
1171.660000
1157.920000
1149.940000
1174.600000
1150.500000
1152.960000
1154.180001
1150.860000
1150.440000
1150.580000
1174.339999
1153.020000
1156.440000
1170.419999
1156.819999
1153.220000
1172.619999
1153.419999
1153.000000
1170.760000
1152.720000
1152.700000
1166.640000
1159.100000
1154.920001
1158.720000
1175.200000
1159.960000
1151.520000
1174.920000
1152.060000
1150.720000
1171.000000
1151.580000
1159.279999
1173.440000
1160.080000
1152.580000
1176.200000
1154.960001
1150.099999
1152.080000
1171.420000
1147.559999
1154.560000
1170.480000
1154.100001
1155.300000
1171.860000
1155.500000
1155.140000
1169.740000
1153.560000
1151.480000
1171.279999
1156.040000
1151.540000
1166.660000
1159.720000
1153.080001
1156.620000
1171.040000
1154.960000
1150.600000
1173.520000
1153.080001
1152.559999
1169.400000
1154.020000
1151.060000
1172.340000
1158.120000
1149.420000
1173.600000
1155.180000
1153.180000
1155.200000
1167.220000
1152.920000
1152.280000
1174.960000
1148.280000
1151.320000
1169.539999
1157.920000
1143.480000
1172.820000
1154.900000
1150.540000
1172.360000
1150.200000
1155.040001
1151.220000
1152.760000
1152.400000
1156.400001
1169.939999
1154.560000
1150.760000
1174.740001
1153.919999
1150.160000
1173.099999
1151.180000
1147.980000
1167.700000
1151.260000
1152.020000
1174.980000
1151.060000
1156.980000
1158.500000
1174.680000
1151.480000
1152.320000
1170.480000
1152.380000
1151.400000
1174.440000
1158.840000
1154.480000
1175.740000
1150.360000
1160.279999
1177.220000
1152.760000
1150.900001
1152.040000
1151.960000
1154.019999
1152.700000
1170.300000
1157.679999
1151.120001
1175.500000
1153.560000
1151.940000
1173.420000
1148.800001
1152.540000
1170.900000
1152.920000
1150.900000
1176.560001
1152.819999
1157.980000
1151.079999
1175.799999
1153.320001
1155.020000
1175.260000
1151.220000
1148.580000
1170.259999
1153.320001
1148.920000
1174.700000
1151.180000
1159.160000
1170.720000
1156.920000
1153.040000
1150.960000
1153.080000
1151.040000
1153.560000
1170.539999
1157.480000
1149.180000
1174.560000
1151.380000
1155.000000
1174.240000
1156.560000
1152.840001
1172.780001
1151.860001
1150.400001
1171.120000
1150.979999
1154.440000
1152.520000
1173.320000
1152.700000
1156.160000
1171.380000
1154.080001
1152.000000
1173.280000
1154.320000
1149.280000
1170.240000
1154.680001
1156.460000
1169.460000
1161.300000
1151.740000
1150.400001
1151.140001
1152.140000
1154.940001
1169.660000
1155.220000
1149.920000
1176.740000
1149.640000
1157.939999
1171.840000
1157.420000
1150.860000
1168.560000
1155.440000
1153.080001
1169.400000
1153.180000
1150.700000
1152.760000
1176.700001
1152.900000
1156.480000
1173.820000
1148.980000
1149.520000
1169.120000
1153.840000
1154.040000
1170.080000
1153.100000
1158.640000
1166.540001
1155.760000
1152.180000
1154.220000
1151.740000
1151.959999
1153.360000
1173.080000
1152.540000
1152.900000
1174.280000
1150.000000
1156.580000
1172.060000
1159.200001
1152.679999
1172.700000
1153.020000
1152.800000
1172.960000
1150.380000
1153.860000
1148.940000
1173.360000
1151.360000
1158.760000
1172.360000
1158.300000
1155.900000
1170.940000
1154.560000
1151.180000
1172.080000
1151.920000
1152.520000
1167.580000
1156.340000
1152.760000
1157.300000
1155.160000
1156.000000
1152.460000
1171.039999
1153.620000
1152.799999
1176.160000
1150.020000
1153.760000
1173.740000
1160.840000
1152.420000
1174.880000
1153.960001
1154.440000
1166.700000
1155.040000
1151.660000
1152.820000
1171.800000
1151.600000
1157.000000
1171.880000
1159.560000
1151.900000
1176.060000
1156.940000
1154.940000
1172.460000
1156.220000
1152.080000
1166.720000
1156.420000
1152.620000
1154.380000
1151.280000
1158.600000
1148.800000
1168.720000
1151.760000
1151.099999
1174.040000
1152.180000
1149.859999
1169.199999
1160.240000
1150.920000
1178.220000
1153.180000
1152.620001
1170.200000
1154.560000
1153.680000
1148.600000
1173.979999
1149.920001
1152.660000
1173.180000
1157.960000
1150.680000
1176.800000
1154.000000
1153.700001
1168.980001
1153.380000
1150.000000
1166.920001
1152.840001
1149.220000
1160.720000
1152.540000
1156.460000
1150.160000
1174.040000
1156.540000
1155.040001
1172.020000
1157.560000
1152.320000
1172.040000
1153.180000
1149.740000
1174.500001
1149.860000
1156.820000
1171.680000
1159.980000
1151.080000
1153.260000
1171.520000
1153.800000
1151.060000
1172.760000
1161.719999
1151.459999
1171.900000
1152.300000
1156.300000
1170.760000
1153.320000
1153.360000
1166.020000
1151.620000
1153.680000
1154.500000
1155.540001
1158.600000
1149.840000
1174.140000
1151.860000
1148.520000
1172.400000
1154.580000
1148.580000
1170.700000
1156.140001
1150.780000
1174.500000
1153.500000
1153.840000
1174.360000
1156.219999
1152.480000
1153.660000
1174.180000
1153.440000
1153.400000
1172.340000
1153.080001
1147.600001
1170.220001
1152.420000
1156.640000
1168.400000
1156.119999
1153.660000
1166.440000
1153.020000
1154.720000
1150.700000
1153.900000
1153.419999
1149.500000
1178.520001
1154.620000
1155.920000
1176.139999
1153.220000
1150.140001
1168.860001
1154.200000
1151.940000
1171.100000
1151.500000
1159.220001
1173.480000
1157.699999
1151.380000
1156.479999
1170.880000
1149.680000
1154.600000
1169.100000
1153.800000
1153.480000
1172.460000
1152.920000
1154.259999
1172.060001
1158.319999
1151.160000
1166.840000
1153.740000
1155.460000
1152.800000
1151.800000
1154.119999
1150.280000
1179.180000
1151.880001
1156.420000
1174.140000
1150.760000
1150.719999
1167.380000
1153.880000
1150.140000
1171.280000
1149.460000
1150.140001
1151.300000
1159.100000
1151.480000
1154.420001
1172.940000
1157.559999
1147.680000
1173.640000
1153.500000
1154.159999
1169.100000
1153.140000
1159.560001
1172.280001
1158.840000
1150.680000
1170.300000
1152.700000
1150.599999
1151.060000
1172.619999
1157.780000
1155.000000
1170.560000
1151.000000
1157.620000
1171.860000
1155.820000
1149.900000
1174.380001
1156.360000
1151.900000
1171.200000
1149.739999
1153.440000
1154.400000
1159.420000
1152.060000
1158.840000
1174.380001
1154.960000
1153.000000
1170.680000
1149.840000
1149.440000
1172.940000
1152.060000
1162.060000
1186.400000
1161.200000
1153.879999
1172.700000
1160.800000
1165.200000
1163.600000
1180.740000
1157.760000
1165.240000
1175.680000
1152.520000
1158.000000
1170.120000
1157.260000
1151.860001
1170.759999
1154.780000
1151.540000
1169.580000
1270.300000
1158.880000
1167.660000
1245.800000
1179.980000
1189.960000
1152.460000
1174.679999
1154.200000
1154.240000
1172.600000
1152.660000
1156.480000
1168.400001
1161.180000
1170.040000
1216.840000
1502.620000
1165.340001
1366.980000
1215.200000
1523.520000
1236.880001
1467.960000
1185.440000
1206.060000
1163.700000
1208.219999
1219.120000
1175.740000
1160.840000
1162.060000
1175.179999
1161.380000
1154.240000
1177.440000
1156.200000
1153.740000
1176.800000
1151.400000
1152.460000
1174.060000
1157.040000
1156.080000
1177.620000
1153.220000
1157.760000
1155.540000
1172.220000
1152.520000
1152.559999
1174.219999
1153.320000
1153.220001
1167.760001
1156.300000
1153.760000
1176.440000
1156.720000
1153.740000
1174.360000
1155.360000
1154.560000
1154.960000
1154.660000
1150.119999
1155.180000
1176.160000
1159.580001
1153.580000
1175.660000
1157.120000
1156.460000
1173.579999
1154.759999
1155.100000
1172.760000
1156.380000
1152.500000
1175.679999
1154.340001
1157.820000
1151.579999
1174.140000
1154.060001
1153.460000
1171.500000
1151.500000
1153.700000
1169.900000
1155.599999
1151.980000
1176.640000
1155.880000
1154.879999
1173.140000
1157.700000
1154.160000
1153.000000
1153.140000
1151.580000
1153.039999
1170.159999
1155.700000
1154.700000
1182.779999
1155.500000
1160.480000
1168.960000
1154.180000
1156.400000
1172.160000
1152.500001
1148.400000
1172.960000
1155.479999
1158.900000
1153.500000
1174.540000
1153.400000
1155.080000
1172.880000
1155.780000
1154.980000
1166.499999
1153.900000
1154.300001
1173.980000
1152.480000
1162.320000
1171.700000
1161.120000
1153.160000
1154.380000
1156.700000
1154.280000
1156.640000
1170.520000
1154.780000
1154.120000
1180.620000
1150.960000
1156.380000
1171.800000
1157.199999
1151.460000
1166.900000
1154.220000
1153.300000
1173.400000
1154.020000
1154.800000
1153.360000
1175.780000
1148.300000
1158.640000
1169.300000
1156.880000
1152.560000
1167.960000
1154.040000
1152.440000
