0.101000
0.127001
0.087000
0.089001
0.089999
0.088001
0.089999
0.089999
0.088999
0.107000
0.089001
0.087000
0.087000
0.087000
0.090001
0.104999
0.088999
0.088999
0.088999
0.087000
0.086999
0.089999
0.104999
0.087000
0.088001
0.088999
0.087000
0.105001
0.086999
0.088999
0.087000
0.087000
0.087000
0.090001
0.105001
0.086999
0.090001
0.088999
0.086999
0.089001
0.089999
0.089999
0.107000
0.089001
0.091001
0.088999
0.089001
0.088001
0.090001
0.088999
0.089001
0.104999
0.089999
0.089999
0.089001
0.091000
0.090001
0.088001
0.089999
0.090001
0.089999
0.107000
0.088999
0.088999
0.088001
0.089999
0.089999
0.088999
0.089999
0.089001
0.089999
0.088999
0.089001
0.089999
0.090001
0.089999
0.089999
0.090001
0.090001
0.089001
0.089999
0.110000
0.087000
0.090001
0.089999
0.089999
0.089999
0.087000
0.089999
0.089999
0.089999
0.089001
0.089999
0.089999
0.089999
0.090001
0.089001
0.090001
0.089999
0.089999
0.089999
0.089999
0.089999
0.089999
0.109000
0.087000
0.089001
0.089999
0.089999
0.088999
0.088999
0.088999
0.088999
0.090001
0.090001
0.089999
0.088999
0.090001
0.090001
0.089999
0.089999
0.089999
0.090001
0.088999
0.088999
0.090001
0.089999
0.089999
0.088999
0.088999
0.090001
0.089001
0.088999
0.104999
0.089001
0.089999
0.089999
0.089001
0.090001
0.090001
0.089999
0.090001
0.089999
0.089999
0.089999
0.109000
0.087000
0.089999
0.089999
0.090001
0.089001
0.089001
0.089999
0.089001
0.104999
0.089999
0.090001
0.089001
0.089999
0.089001
0.090001
0.089001
0.088999
0.105001
0.090001
0.087000
0.089999
0.089001
0.088999
0.088999
0.090001
0.089999
0.090001
0.090001
0.089999
0.089999
0.090001
0.091000
0.089999
0.089999
0.089001
0.089999
0.090001
0.089999
0.089999
0.107000
0.090001
0.089001
0.088999
0.088999
0.089001
0.089999
0.088999
0.089999
0.090001
0.087000
0.088999
0.088999
0.089001
0.090001
0.089999
0.088999
0.089999
0.090001
0.089999
0.090001
0.090001
0.089001
0.089999
0.090001
0.088999
0.089999
0.089999
0.089001
0.090001
0.088999
0.089999
0.089001
0.089999
0.090001
0.089999
0.090001
0.090001
0.089001
0.110000
0.088999
0.089001
0.087000
0.089999
0.087000
0.090001
0.089999
0.089999
0.090001
0.090001
0.086999
0.090001
0.089999
0.109000
0.089999
0.089999
0.089999
0.087000
0.089999
0.087000
0.089001
0.089001
0.089001
0.105999
0.089001
0.090001
0.090001
0.087999
0.090001
0.088999
0.088001
0.087999
0.089999
0.090001
0.089999
0.089999
0.089999
0.090001
0.089999
0.090001
0.090001
0.090001
0.089001
0.088999
0.089001
0.088999
0.089001
0.109000
0.087000
0.088999
0.089001
0.089001
0.088999
0.105999
0.089001
0.089999
0.089001
0.090001
0.089999
0.088001
0.088999
0.088999
0.089999
0.089001
0.090001
0.089001
0.089999
0.092000
0.089999
0.090001
0.088999
0.089001
0.090001
0.089999
0.087000
0.088001
0.089999
0.090001
0.089999
0.089999
0.089001
0.105999
0.089001
0.089999
0.089001
0.090001
0.088999
0.088999
0.089001
0.090001
0.088999
0.089999
0.089999
0.089001
0.089999
0.089999
0.089999
0.089999
0.089999
0.089001
0.089999
0.088999
0.088999
0.090001
0.090001
0.089999
0.089999
0.105999
0.089999
0.089001
0.089999
0.088001
0.090001
0.089999
0.087999
0.089001
0.088999
0.089999
0.089001
0.089999
0.089001
0.089001
0.088999
0.089999
0.089001
0.089001
0.088999
0.088999
0.105999
0.089001
0.089999
0.088999
0.090001
0.089999
0.090001
0.089999
0.089001
0.089001
0.090001
0.090001
0.089001
0.089999
0.090001
0.105999
0.090001
0.089999
0.090001
0.089001
0.089001
0.089999
0.089999
0.089999
0.090001
0.090001
0.089001
0.106001
0.089001
0.089999
0.090001
0.089999
0.088999
0.089001
0.090001
0.088999
0.088999
0.106001
0.089999
0.089999
0.090001
0.089999
0.089001
0.089001
0.090001
0.089999
0.088999
0.109000
0.089999
0.089999
0.090001
0.090001
0.089999
0.090001
0.090001
0.090001
0.088001
0.090001
0.089999
0.089999
0.089999
0.090001
0.104001
0.090001
0.090001
0.089999
0.090001
0.090001
0.089001
0.089999
0.088999
0.088999
0.089001
0.089999
0.089999
0.089999
0.089999
0.108000
0.086999
0.089999
0.089001
0.089999
0.089999
0.103999
0.089999
0.090001
0.088999
0.090001
0.089001
0.090001
0.088999
0.089001
0.089999
0.089999
0.089999
0.088999
0.088999
0.103999
0.088999
0.089999
0.089999
0.089999
0.089999
0.089001
0.090001
0.089001
0.089001
0.090001
0.090001
0.089999
0.089999
0.090001
0.088999
0.089999
0.089001
0.088999
0.089999
0.089001
0.089001
0.089001
0.089999
0.090001
0.087000
0.108000
0.088999
0.089001
0.089001
0.089999
0.088999
0.089999
0.090001
0.090001
0.088999
0.088999
0.090001
0.088999
0.108000
0.088001
0.088999
0.088999
0.089001
0.089001
0.088999
0.088999
0.089999
0.087000
0.089001
0.088999
0.090001
0.090001
0.089999
0.089999
0.090001
0.089999
0.089999
0.089001
0.089999
0.089999
0.090001
0.087000
0.086999
0.089999
0.088999
0.089999
0.090001
0.090001
0.088999
0.088999
0.090001
0.089999
0.088999
0.089999
0.089001
0.089999
0.089999
0.089001
0.091000
0.089999
0.089001
0.090001
0.089999
0.089999
0.089999
0.089999
0.090001
0.089999
0.088999
0.090001
0.089999
0.089999
0.089999
0.089999
0.089001
0.090001
0.089001
0.089999
0.088999
0.089999
0.089999
0.088999
0.088999
0.088999
0.088999
0.089999
0.089999
0.089999
0.089999
0.089999
0.106001
0.089001
0.089001
0.089999
0.089999
0.089999
0.089999
0.089999
0.089999
0.088999
0.090001
0.089001
0.089001
0.089001
0.089999
0.089999
0.088999
0.089001
0.090001
0.108998
0.088001
0.089001
0.090001
0.089999
0.089999
0.105999
0.086999
0.089999
0.090001
0.089999
0.089999
0.089999
0.089999
0.106001
0.088999
0.089001
0.089999
0.090001
0.089999
0.087999
0.089001
0.090001
0.089001
0.089999
0.089999
0.090001
0.090001
0.089999
0.089999
0.090001
0.089999
0.089999
0.088999
0.088999
0.088999
0.089001
0.089999
0.089999
0.104001
0.089001
0.088999
0.089001
0.110000
0.086999
0.089999
0.087999
0.104999
0.087999
0.087999
0.086000
0.088001
0.087000
0.087999
0.088001
0.088001
0.104001
0.088001
0.088001
0.088001
0.086000
0.088999
0.104001
0.089001
0.088001
0.086000
0.087000
0.089001
0.086000
0.088999
0.103999
0.086000
0.087999
0.089001
0.085998
0.087999
0.087000
0.089001
0.087999
0.087999
0.086000
0.089999
0.088001
0.089001
0.087999
0.090001
0.088001
0.087999
0.088001
0.086999
0.088001
0.088001
0.104001
0.088999
0.087999
0.089001
0.087999
0.088999
0.089001
0.086000
0.089001
0.088999
0.089001
0.088999
0.089001
0.088001
0.088001
0.088999
0.087999
0.088001
0.090001
0.088001
0.089001
0.091000
0.086000
0.089001
0.088999
0.089999
0.088999
0.088001
0.087999
0.089999
0.088001
0.088001
0.089001
0.089999
0.089001
0.088001
0.087999
0.089001
0.089001
0.089001
0.088001
0.090001
0.089001
0.088999
0.088999
0.088999
0.088999
0.088999
0.087999
0.089999
0.089001
0.088001
0.088001
0.090001
0.088001
0.088001
0.088001
0.088001
0.089001
0.088001
0.088001
0.088001
0.109000
0.086000
0.089001
0.088999
0.088001
0.088001
0.088001
0.106001
0.086000
0.086000
0.085000
0.087000
0.105999
0.086000
0.086000
0.089001
0.086999
0.089001
0.088001
0.088001
0.086000
0.086000
0.089001
0.087999
0.106001
0.086000
0.086000
0.088999
0.086999
0.108000
0.088001
0.089999
0.086000
0.085000
0.105999
0.088999
0.086000
0.086000
0.086000
0.105999
0.086000
0.085000
0.086000
0.087000
0.105999
0.086000
0.086000
0.091000
0.087999
0.087999
0.087999
0.091001
0.087999
0.103001
0.087999
0.087000
0.088001
0.089001
0.087000
0.089999
0.089999
0.088001
0.088001
0.105999
0.088001
0.085998
0.087000
0.088001
0.089001
0.086000
0.088999
0.108000
0.087999
0.088001
0.087999
0.089001
0.087999
0.087999
0.088001
0.089001
0.088001
0.088001
0.087999
0.088001
0.103001
0.088001
0.088001
0.088999
0.087999
0.088001
0.088001
0.089001
0.105001
0.087999
0.088001
0.089001
0.088001
0.087999
0.088001
0.089001
0.087999
0.087999
0.089001
0.089001
0.088999
0.089001
0.089001
0.087000
0.088999
0.088001
0.108000
0.085998
0.087999
0.087999
0.088001
0.088999
0.088001
0.088001
0.088001
0.087999
0.089001
0.089001
0.088001
0.088001
0.087999
0.087999
0.088001
0.089001
0.108000
0.086000
0.087999
0.090001
0.087999
0.087999
0.087999
0.109000
0.086000
0.087999
0.089001
0.088999
0.087999
0.108000
0.087000
0.089001
0.087000
0.087999
0.088001
0.088001
0.087999
0.088999
0.087999
0.090001
0.088001
0.089001
0.088999
0.105999
0.086000
0.086000
0.088001
0.085998
0.089999
0.088001
0.087999
0.106001
0.089001
0.088001
0.088999
0.088001
0.105999
0.088999
0.088999
0.089999
0.086000
0.088001
0.088001
0.088001
0.088001
0.088999
0.088999
0.090001
0.088001
0.087000
0.087999
0.089999
0.088001
0.088001
0.088001
0.088999
0.105999
0.088001
0.088001
0.088001
0.088001
0.086000
0.089001
0.088001
0.105999
0.088999
0.088001
0.089001
0.088001
0.088999
0.087999
0.087000
0.088001
0.087999
0.087000
0.086999
0.088001
0.089001
0.088999
0.086000
0.087999
0.088999
0.088001
0.089001
0.104001
0.089001
0.088001
0.089001
0.088001
0.088999
0.087999
0.090001
0.087999
0.088999
0.088001
0.090001
0.088999
0.089001
0.088001
0.087999
0.088001
0.088999
0.088001
0.088001
0.088001
0.089001
0.087999
0.089001
0.088001
0.089999
0.088001
0.088001
0.088001
0.087999
0.089001
0.108000
0.086000
0.089001
0.088001
0.089999
0.088001
0.088001
0.088999
0.086000
0.086000
0.088999
0.089001
0.089999
0.088999
0.088999
0.088001
0.106001
0.088999
0.086000
