573.628000
567.105000
570.335000
561.045000
566.320000
561.433000
558.070000
557.922000
558.803000
559.516000
558.090000
557.452000
565.271000
556.705000
557.366000
557.590000
557.547000
557.389000
557.956000
557.976000
561.026000
556.753000
557.580000
557.397000
557.244000
557.622000
557.992000
557.868000
557.177000
556.531000
557.215000
560.118000
556.860000
556.441000
556.856000
556.260000
557.039000
557.023000
559.845000
556.262000
557.397000
572.631000
558.629000
556.611000
557.033000
556.313000
557.012000
558.378000
557.532000
558.364000
556.415000
558.489000
558.581000
556.758000
557.088000
556.251000
558.828000
558.307000
560.134000
564.078000
558.753000
556.778000
557.407000
558.070000
556.932000
556.885000
557.467000
558.795000
556.964000
557.131000
568.020000
555.903000
556.904000
556.651000
557.929000
556.644000
557.098000
556.587000
559.163000
557.308000
556.515000
556.650000
556.273000
557.563000
557.946000
558.756000
556.692000
557.266000
560.241000
556.949000
556.054000
556.532000
556.492000
556.226000
557.734000
556.415000
559.981000
557.195000
557.080000
556.655000
556.977000
556.864000
556.707000
556.817000
557.996000
556.856000
570.034000
557.420000
557.292000
556.735000
558.550000
558.478000
558.455000
557.052000
559.396000
556.186000
557.322000
560.811000
556.390000
556.308000
556.678000
557.261000
557.089000
556.736000
557.033000
558.592000
556.818000
556.557000
556.623000
556.745000
558.094000
556.163000
557.274000
557.151000
557.391000
570.944000
558.226000
556.069000
557.239000
556.167000
556.389000
556.997000
558.797000
558.719000
559.073000
556.388000
563.401000
557.003000
556.485000
556.624000
557.087000
556.019000
556.591000
556.324000
558.724000
556.837000
557.247000
556.945000
556.826000
556.977000
557.610000
558.030000
558.036000
556.913000
568.815000
558.572000
556.524000
556.685000
557.111000
557.086000
556.904000
556.372000
558.731000
556.423000
556.818000
555.205000
556.406000
556.883000
559.551000
557.813000
558.520000
556.280000
557.448000
558.236000
558.920000
556.510000
556.525000
556.572000
557.539000
556.906000
558.098000
557.357000
557.218000
570.585000
556.044000
556.820000
557.455000
556.296000
557.325000
556.976000
557.971000
558.159000
556.964000
557.237000
554.650000
557.498000
557.100000
556.929000
557.155000
556.448000
556.699000
557.420000
558.371000
557.114000
558.174000
556.816000
556.405000
559.038000
556.144000
558.212000
557.006000
556.460000
568.826000
557.092000
556.247000
556.694000
557.197000
558.259000
556.611000
557.001000
559.844000
555.501000
556.746000
557.037000
556.825000
556.545000
557.178000
556.570000
556.545000
556.935000
564.634000
556.589000
556.797000
556.524000
556.375000
556.836000
556.489000
556.429000
559.705000
556.634000
556.245000
569.011000
557.798000
558.619000
556.568000
556.563000
557.707000
556.685000
556.003000
559.069000
557.451000
556.458000
557.968000
556.828000
556.693000
556.957000
558.062000
557.381000
556.754000
566.050000
557.242000
557.395000
559.406000
556.738000
556.629000
556.557000
558.167000
558.773000
557.107000
556.408000
558.801000
557.035000
556.462000
557.135000
556.894000
556.252000
557.048000
556.799000
559.276000
557.314000
556.262000
557.281000
556.604000
556.503000
557.959000
559.325000
557.049000
557.519000
565.783000
557.417000
556.235000
557.101000
556.770000
556.251000
562.160000
558.294000
560.929000
556.103000
557.915000
556.437000
557.001000
557.307000
557.450000
558.411000
556.938000
557.008000
569.184000
558.509000
556.758000
556.015000
557.585000
558.011000
555.693000
556.983000
559.341000
556.921000
556.986000
564.939000
556.575000
557.694000
557.719000
557.899000
556.969000
556.432000
556.955000
557.431000
556.933000
557.148000
557.668000
558.045000
556.253000
556.708000
558.222000
558.384000
556.623000
567.290000
557.063000
556.947000
557.590000
557.126000
556.802000
556.753000
557.106000
559.341000
556.427000
555.854000
554.348000
559.179000
556.281000
556.751000
557.343000
555.986000
556.706000
556.791000
560.009000
556.666000
556.498000
557.938000
557.401000
557.613000
558.368000
558.891000
557.617000
556.488000
568.285000
558.883000
556.402000
557.209000
556.848000
556.488000
556.779000
556.605000
558.651000
556.563000
559.091000
556.608000
556.953000
557.273000
556.433000
556.924000
556.611000
557.130000
561.534000
556.041000
556.280000
556.528000
557.063000
557.004000
556.320000
556.843000
558.791000
555.930000
556.370000
567.175000
558.473000
556.478000
557.105000
557.427000
556.777000
556.071000
555.966000
557.923000
558.051000
557.665000
556.144000
556.450000
556.836000
556.280000
557.261000
556.981000
558.440000
563.816000
557.033000
557.203000
557.131000
556.616000
556.730000
556.570000
556.481000
558.800000
557.016000
556.721000
569.502000
557.863000
556.668000
556.365000
556.848000
556.734000
557.212000
556.610000
558.474000
555.970000
557.418000
557.141000
556.894000
556.475000
556.233000
559.054000
556.615000
556.253000
562.939000
557.533000
557.978000
555.941000
556.681000
556.802000
555.949000
556.552000
559.378000
556.603000
556.510000
555.324000
559.710000
556.634000
556.853000
556.364000
557.252000
556.897000
557.212000
559.098000
556.226000
556.244000
557.064000
556.780000
556.631000
556.233000
558.507000
556.801000
556.422000
564.059000
556.767000
556.855000
555.657000
556.352000
557.365000
557.118000
556.935000
558.605000
556.630000
557.416000
556.328000
556.286000
557.365000
556.423000
556.855000
556.396000
557.382000
569.363000
559.050000
556.942000
556.851000
557.382000
556.980000
556.985000
559.158000
558.448000
557.311000
555.918000
564.419000
556.828000
556.424000
556.289000
557.629000
556.602000
556.488000
556.433000
560.821000
556.951000
557.828000
556.580000
557.205000
557.134000
556.530000
557.561000
557.093000
556.719000
569.090000
556.649000
556.868000
555.960000
557.266000
557.057000
557.726000
555.771000
558.809000
556.627000
556.627000
562.328000
556.594000
556.535000
565.434000
566.518000
563.643000
563.057000
575.876000
561.725000
563.540000
563.021000
570.064000
563.215000
562.968000
564.288000
580.014000
565.795000
569.214000
567.309000
566.010000
569.598000
568.001000
571.752000
566.539000
566.189000
566.689000
565.740000
565.103000
566.985000
571.383000
576.353000
574.247000
563.154000
559.978000
560.069000
559.717000
563.249000
558.346000
557.642000
568.969000
556.193000
561.292000
561.829000
563.226000
568.071000
566.114000
580.290000
563.438000
561.361000
560.815000
566.899000
569.711000
573.418000
568.674000
568.562000
560.263000
559.957000
567.728000
565.119000
560.879000
564.030000
576.205000
578.829000
569.516000
566.685000
571.586000
562.094000
572.333000
570.260000
566.457000
570.807000
564.654000
569.342000
563.612000
564.997000
564.821000
564.061000
559.697000
558.960000
557.118000
559.945000
557.641000
560.783000
557.696000
556.917000
575.346000
556.171000
556.004000
556.950000
557.701000
557.615000
557.014000
557.083000
560.274000
556.938000
557.722000
560.650000
557.428000
557.592000
557.183000
560.146000
556.713000
556.778000
564.047000
556.758000
557.097000
556.561000
557.875000
556.779000
556.036000
556.429000
559.799000
556.616000
559.785000
557.360000
556.664000
556.698000
557.038000
558.104000
557.242000
556.494000
567.360000
556.885000
557.469000
557.144000
556.901000
556.870000
556.233000
570.206000
562.221000
560.505000
557.273000
558.680000
557.420000
556.871000
556.919000
559.793000
556.564000
557.023000
568.049000
556.221000
557.150000
556.490000
557.615000
556.318000
556.287000
556.679000
561.225000
558.499000
556.929000
564.944000
557.069000
557.322000
556.736000
557.620000
557.380000
556.692000
556.692000
558.749000
556.826000
556.923000
557.924000
557.171000
557.576000
557.972000
558.643000
557.371000
557.663000
567.167000
555.848000
556.383000
557.096000
556.724000
556.302000
557.153000
557.460000
559.430000
556.347000
558.311000
557.099000
558.265000
558.339000
558.997000
556.486000
556.479000
556.196000
562.006000
558.934000
557.171000
556.995000
557.610000
557.565000
556.577000
556.280000
559.496000
556.734000
557.429000
569.710000
556.706000
556.940000
557.150000
557.419000
556.194000
557.768000
556.532000
559.866000
557.005000
558.691000
556.123000
556.195000
557.340000
556.837000
558.178000
556.799000
556.464000
561.957000
555.344000
557.303000
556.487000
557.491000
557.242000
557.874000
556.775000
558.552000
556.883000
557.212000
556.825000
556.173000
556.854000
556.213000
556.726000
557.136000
556.576000
557.152000
558.078000
556.789000
556.358000
556.212000
556.673000
556.849000
557.042000
559.188000
556.814000
557.212000
561.828000
556.581000
557.296000
557.633000
557.222000
555.900000
556.858000
556.921000
557.242000
557.091000
556.332000
557.069000
557.656000
556.962000
556.072000
557.925000
556.689000
558.034000
568.607000
556.560000
557.737000
556.428000
558.694000
556.760000
557.036000
557.295000
557.720000
557.574000
556.513000
562.242000
556.838000
556.267000
556.823000
557.300000
557.105000
556.400000
556.617000
559.247000
556.412000
557.487000
555.699000
558.166000
557.711000
556.401000
556.853000
556.735000
555.854000
569.157000
556.692000
556.465000
556.327000
557.043000
556.959000
557.443000
559.105000
559.132000
556.351000
557.208000
555.670000
557.048000
557.892000
556.958000
556.838000
556.458000
556.837000
557.040000
558.486000
558.597000
556.188000
557.666000
557.146000
557.580000
557.063000
560.217000
556.769000
556.489000
568.404000
556.949000
556.942000
557.140000
556.451000
557.635000
559.647000
557.852000
558.237000
556.789000
557.138000
556.733000
556.299000
555.940000
557.670000
557.597000
556.259000
555.752000
564.986000
556.300000
556.246000
556.851000
556.737000
557.140000
557.078000
558.450000
558.261000
557.133000
556.406000
566.470000
555.974000
556.196000
557.365000
558.454000
556.478000
557.440000
556.017000
557.776000
557.151000
556.179000
556.766000
556.675000
557.033000
556.920000
557.855000
556.882000
556.953000
563.836000
556.203000
557.188000
557.573000
557.360000
557.118000
557.280000
556.396000
558.863000
558.511000
556.755000
556.175000
557.033000
556.324000
557.152000
557.373000
556.730000
556.708000
556.851000
558.561000
556.699000
556.644000
557.731000
557.495000
557.093000
556.961000
559.866000
556.496000
556.397000
570.678000
557.050000
556.201000
556.256000
557.114000
555.860000
557.009000
557.153000
558.992000
557.187000
557.171000
557.736000
556.672000
556.957000
557.035000
558.916000
557.058000
556.980000
565.677000
557.425000
556.161000
556.850000
556.332000
556.021000
556.112000
557.186000
559.132000
556.473000
557.398000
571.000000
556.374000
557.841000
555.779000
557.430000
556.682000
558.006000
557.370000
559.532000
556.369000
557.680000
556.942000
557.370000
556.877000
557.773000
558.073000
557.040000
556.592000
568.228000
556.941000
556.475000
556.486000
559.264000
556.430000
557.994000
556.715000
558.753000
555.774000
556.376000
565.307000
557.209000
556.286000
557.220000
556.639000
557.187000
558.924000
556.771000
558.154000
