1929.860000
1907.340001
1909.600001
1909.840003
1909.020003
1922.959998
1934.960000
1925.039999
1910.540000
1922.480002
1913.660001
1927.859999
1929.180000
1929.779999
1911.580000
1911.400001
1914.919998
1908.920001
1929.820001
1930.439997
1929.119997
1914.779998
1913.780000
1908.979997
1929.460000
1926.100001
1934.739999
1903.540000
1915.339999
1908.720002
1931.880001
1927.499998
1933.380000
1912.099998
1914.839998
1908.319999
1915.520001
1927.660000
1924.479999
1926.619999
1910.099998
1913.720001
1916.719999
1930.260003
1927.300002
1929.719999
1908.739999
1909.559999
1913.320001
1929.259997
1924.400002
1925.439999
1908.679999
1915.240001
1924.500000
1915.040001
1926.880002
1927.639998
1938.579999
1909.079999
1907.919999
1908.660002
1927.600000
1913.760003
1927.979998
1912.599999
1911.959998
1914.699998
1935.320001
1922.679998
1932.939999
1925.179999
1924.500000
1940.680001
1935.000002
1919.460002
1915.619999
1907.780003
1937.360000
1920.979999
1928.900000
1919.179998
1924.340002
1915.700000
1923.600003
1924.980000
1927.439999
1911.260001
1905.239999
1912.680000
1912.760001
1926.039997
1930.339999
1898.539998
1908.939999
1912.799999
1912.079997
1928.280000
1926.580001
1921.739999
1908.039998
1904.180001
1907.620002
1923.219997
1928.359997
1922.440000
1907.040000
1913.300000
1918.240000
1923.480000
1923.680000
1927.000001
1907.940000
1911.680002
1906.620000
1911.559999
1929.680001
1926.160000
1925.019998
1910.280000
1914.680000
1916.239999
1928.700000
1923.799999
1923.099998
1908.360001
1904.179998
1909.559999
1931.260001
1930.679999
1942.359999
1908.679999
1909.040000
1911.040001
1931.959998
1925.859999
1927.480001
1903.980002
1904.840000
1908.799998
1913.460001
1927.740000
1931.060001
1928.959999
1911.879998
1906.900000
1911.600001
1926.379997
1923.340000
1926.080000
1905.200001
1907.539997
1923.880000
1934.580002
1918.299999
1928.939998
1905.379999
1909.240000
1909.800000
1929.820001
1920.540001
1921.860002
1905.779999
1909.839999
1922.180001
1930.160001
1928.479999
1933.520000
1922.260001
1913.819999
1911.419999
1912.980001
1916.579999
1922.819998
1922.520000
1907.759998
1914.600000
1907.860000
1939.179998
1933.539998
1921.900000
1904.160000
1902.559999
1908.920001
1923.439998
1925.780002
1919.199999
1911.959998
1909.820002
1914.320000
1911.780000
1938.239999
1922.240000
1923.939999
1909.480002
1908.199999
1908.420000
1923.319999
1925.120000
1928.360000
1911.300000
1911.320001
1917.100001
1924.380001
1930.900000
1925.200000
1907.040000
1909.539998
1909.159999
1925.480001
1924.380001
1928.920001
1913.220000
1911.139999
1915.180001
1913.920000
1925.640002
1922.040001
1929.180000
1913.699999
1907.560002
1908.580001
1920.279998
1925.620001
1927.759998
1906.539999
1913.060002
1911.820002
1930.599999
1926.640000
1932.700001
1912.099998
1907.540001
1910.060000
1924.799997
1934.979998
1937.899999
1911.880001
1912.580002
1906.399999
1907.840002
1917.819999
1926.180001
1925.579999
1910.680000
1909.320001
1910.520002
1930.620000
1925.559998
1927.559998
1913.720001
1905.660000
1912.860002
1924.399998
1922.399998
1921.840001
1907.480001
1908.459999
1915.420000
1910.000000
1926.840000
1925.700001
1925.700001
1907.400001
1914.000001
1905.619998
1923.319999
1924.200002
1921.900000
1911.220003
1910.599999
1909.960002
1925.380003
1931.320000
1926.460002
1905.819997
1908.220001
1914.379999
1923.220001
1923.779998
1924.940001
1922.180001
1911.599997
1916.000001
1912.639998
1929.299999
1924.679998
1925.639998
1908.820000
1907.639999
1912.060000
1925.740000
1922.079999
1919.260003
1907.759998
1912.380002
1919.160001
1929.879997
1929.439999
1922.300000
1910.400003
1907.960001
1910.259999
1912.960000
1926.899999
1923.760001
1938.880000
1915.840000
1911.699999
1915.840000
1930.380002
1921.319999
1925.440002
1908.519998
1907.740001
1910.240002
1929.740001
1933.679998
1924.899999
1913.100000
1909.500003
1919.159997
1922.720000
1928.420000
1925.880000
1904.920001
1914.540000
1904.080000
1909.699999
1931.919999
1924.020000
1927.520003
1916.399997
1919.600002
1910.400003
1924.440000
1920.100000
1925.880000
1912.480000
1908.780001
1908.860002
1929.460000
1927.719999
1929.599997
1914.299998
1917.180002
1912.099998
1927.600000
1926.780000
1922.640000
1910.180002
1905.960001
1911.139999
1917.039998
1927.600000
1941.420000
1927.919999
1918.159999
1910.640001
1904.860001
1924.380001
1921.879999
1923.939999
1904.479999
1906.539999
1909.100000
1928.780001
1921.360001
1926.920000
1906.640001
1901.340000
1906.059999
1928.919997
1923.640002
1922.679998
1904.519998
1905.099999
1910.879999
1913.259998
1927.359998
1925.280001
1926.679999
1909.660000
1904.160000
1913.459998
1927.139997
1925.179999
1921.080001
1905.699998
1908.340000
1909.119997
1929.740001
1930.220000
1926.440001
1909.199998
1911.160000
1903.579999
1911.119998
1924.340002
1925.680000
1921.720002
1911.680002
1914.219998
1911.139999
1927.220002
1924.699999
1922.100000
1940.540001
1908.399999
1907.159999
1925.060000
1924.580000
1926.320001
1908.480000
1908.760000
1911.820002
1911.339998
1924.420003
1925.500002
1924.219999
1910.480000
1910.580002
1910.100002
1925.900001
1931.600001
1926.740002
1909.339998
1910.459999
1906.080000
1930.099998
1922.399998
1919.580001
1910.599999
1910.200000
1908.080000
1922.400001
1923.340000
1927.140001
1906.119999
1909.620002
1913.040001
1911.580000
1926.640000
1928.459998
1925.740000
1911.120001
1914.740000
1913.860001
1930.319998
1925.100002
1932.020001
1911.980003
1908.720002
1916.000001
1922.199998
1926.940002
1924.720000
1908.020001
1906.420000
1919.840001
1913.879998
1920.779999
1934.840001
1931.539997
1909.140002
1910.399999
1910.360001
1923.720002
1922.359999
1925.240003
1905.740000
1916.859999
1907.000002
1928.840000
1929.639999
1925.379999
1905.580003
1910.580002
1908.080000
1923.580002
1923.700001
1922.280002
1901.760001
1912.559997
1916.359998
1916.220002
1926.840000
1921.960000
1922.359999
1906.040002
1900.020000
1907.679997
1923.419997
1921.719998
1925.559998
1919.280000
1913.099997
1917.780001
1927.020002
1925.039999
1928.140000
1915.020000
1908.720002
1911.359999
1925.239999
1925.299998
1925.140001
1908.239998
1912.960000
1910.439998
1912.599999
1920.120001
1925.100002
1926.579997
1905.800000
1927.040000
1909.440003
1927.559998
1924.519997
1925.439999
1912.099998
1910.060003
1918.260001
1921.259999
1970.199998
1922.959998
1905.480001
1913.960002
1904.859997
1907.620002
1923.120003
1929.820001
1927.880000
1915.879998
1907.699998
1908.199999
1924.060002
1923.400000
1927.640002
1911.700003
1905.679997
1914.299998
1931.380000
1928.999998
1928.479999
1911.220003
1909.279998
1911.940001
1928.939998
1923.079997
1925.480001
1909.279998
1904.279999
1905.840002
1916.379999
1933.660001
1932.560001
1940.640002
1907.499999
1909.739997
1909.860000
1924.180001
1924.020000
1924.800001
1906.399999
1912.500001
1913.379997
1928.619999
1935.699999
1925.280001
1909.419999
1921.820000
1906.860001
1911.020003
1925.940000
1925.880000
1919.480000
1910.020001
1923.379999
1914.799999
1916.180000
1937.600002
1922.979999
1908.020001
1905.420002
1909.580000
1925.980002
1927.060001
1919.399999
1910.820000
1912.319999
1914.480001
1927.140001
1927.979998
1923.920002
1903.880000
1909.440000
1911.520001
1910.680000
1923.400000
1919.080000
1924.440000
1912.980001
1914.740000
1919.399999
1929.220002
1925.500002
1927.320004
1909.299999
1907.120001
1910.060000
1920.480002
1923.519999
1935.059998
1909.359999
1910.500001
1912.240002
1929.240000
1927.859999
1925.140001
1904.119998
1908.859998
1911.880001
1910.500001
1919.300001
1928.220000
1926.139999
1915.520001
1913.100000
1911.520001
1923.040003
1922.800001
1931.400001
1910.399999
1909.159999
1909.960002
1928.980000
1938.379999
1926.220000
1909.600001
1909.820002
1912.020002
1908.440001
1928.500000
1925.760001
1922.940001
1907.140002
1907.900002
1917.339999
1925.420001
1934.700001
1940.800000
1912.260000
1911.300000
1911.000002
1918.680001
1918.299999
1918.140002
1905.760001
1910.519999
1914.860003
1935.820002
1927.379999
1928.819999
1916.219998
1916.460000
1933.580000
1910.220001
1926.320001
1928.420000
1922.220003
1903.980002
1910.399999
1910.939999
1931.139998
1927.859999
1924.219999
1906.600002
1905.600000
1903.400000
1926.980000
1922.879998
1923.839998
1912.499998
1911.640000
1912.540000
1917.420000
1936.360002
1922.839999
1922.179997
1909.460001
1910.020001
1907.020003
1922.100000
1926.119998
1926.700000
1909.520000
1914.099999
1915.459998
1925.280001
1929.759998
1923.540000
1910.459999
1908.640001
1913.079999
1930.660002
1917.599998
1935.060002
1911.559999
1913.679998
1920.260001
1912.020002
1927.200001
1921.379998
1919.960000
1908.080000
1906.560000
1909.679998
1921.140000
1927.480001
1925.820000
1914.799999
1908.879999
1910.239998
1924.020000
1925.820000
1927.560002
1906.479999
1916.580003
1907.739997
1911.720000
1925.760001
1929.120000
1929.579999
1920.680001
1911.040001
1909.879997
1926.100001
1924.980000
1925.019998
1898.040000
1909.640003
1915.380001
1930.500001
1938.020002
1924.720000
1914.719999
1910.160001
1918.760002
1929.120000
1930.100001
1940.499999
1951.240003
1923.659999
1916.859999
1934.799999
1933.540002
1934.360001
1912.799999
1913.860001
1927.719999
1943.319999
1946.559999
1946.000002
1936.960001
1938.480001
1935.959999
1927.079998
1923.060000
1924.920000
1929.439999
1932.399999
1939.280000
1939.720001
1935.640000
1926.540002
1925.179999
1940.899998
1935.079999
1930.439997
1908.979997
1908.879999
1907.640003
1930.879999
1932.640001
1934.000000
1942.759998
1921.560001
1913.799997
1913.819999
1927.299999
1930.440001
1919.980001
1905.999999
1908.379998
1911.120001
1934.519999
1933.760002
1933.340002
1904.100001
1906.919997
1914.700001
1923.820000
1922.380000
1927.120000
1912.120003
1909.680001
1916.260000
1917.860001
1932.200000
1935.120001
1932.039998
1910.060000
1907.000002
1912.600003
1926.640000
1926.339999
1925.400000
1912.220001
1916.500002
1913.059998
1929.820001
1929.839998
1934.820000
1929.760002
1909.860000
1915.500000
1908.879999
1925.379999
1923.200000
1926.100001
1912.239999
1914.680000
1916.100003
1931.180000
1924.740002
1930.679999
1910.200000
1943.420000
1912.379999
1914.179999
1934.719998
1930.680003
1930.459999
1913.459998
1922.279999
1913.179997
1928.480003
1931.420002
1926.480003
1909.979999
1909.100000
1909.440003
1932.440002
1933.899999
1935.380001
1932.400003
1913.339999
1917.819999
1909.699999
1922.440000
1926.879998
1931.620002
1909.959998
1919.059999
1913.380001
1934.060000
1932.000000
1930.980001
1917.439997
1912.719999
1911.640003
1918.600000
1930.459999
1924.360000
1925.140001
1912.060000
1917.979997
1918.060001
1933.860000
1931.079999
1931.979999
1911.899999
1918.780003
1917.500000
1911.359999
1921.979997
1932.140000
1933.259998
1914.980002
1919.880003
1922.940001
1924.100000
1927.500002
1930.739999
1912.299998
1915.199999
1916.040000
1911.800001
1927.079998
1935.360003
1935.479999
1918.460000
1911.440000
1911.979999
1930.500001
1928.660002
1924.020000
1911.139999
1910.239998
1915.540002
1914.579999
1932.100002
1935.800001
1927.880000
1912.419997
1912.920002
1911.680002
1929.160003
1929.259997
1927.500002
1924.699999
1923.499998
1923.980001
1940.439999
1921.000000
1928.100001
1930.199999
1912.280001
1912.880000
1912.760001
1921.520002
1934.380002
1931.860000
1914.160002
1917.319998
1920.279998
1928.479999
1935.479999
1925.899997
1913.260002
1913.139999
1911.100000
1912.260000
1927.099999
1928.860001
1927.099999
1934.160002
1911.100000
1917.880002
1931.619998
1922.520000
1928.700000
1909.779999
1911.160000
1918.579999
1911.699999
1931.740001
1929.359999
1928.500000
1914.600000
1914.619997
1915.920001
1929.200001
1932.600003
1924.180001
1923.140001
1912.299998
1918.380000
1918.880001
1933.459997
1927.300002
1926.560000
1910.379998
1918.700002
1907.380003
1925.240003
1927.559998
1932.360001
1912.160002
1917.220000
1922.819998
1911.960002
1923.200000
1934.280001
1932.920001
1909.839999
1908.820000
1909.899998
1924.640000
1925.019998
1942.000002
1926.600002
1916.460000
1916.040000
1945.560001
1945.100002
1939.840000
1919.239998
1914.860003
