20.396000
386.761000
21.312000
20.385000
20.168000
20.256000
20.327000
20.320000
20.300000
20.236000
20.089000
20.305000
20.312000
20.113000
20.041000
20.293000
20.323000
20.156000
20.104000
20.086000
20.172000
20.382000
20.160000
20.243000
20.293000
20.534000
20.653000
20.219000
20.389000
20.336000
20.357000
20.218000
20.855000
20.627000
20.439000
20.313000
20.992000
20.515000
20.487000
20.713000
20.176000
20.387000
20.454000
20.330000
20.661000
20.565000
20.264000
20.432000
20.239000
20.257000
20.354000
20.262000
20.356000
20.255000
20.604000
20.299000
20.604000
20.853000
20.089000
20.268000
20.085000
19.985000
20.133000
20.219000
20.214000
20.491000
20.288000
20.249000
20.300000
20.348000
20.329000
20.297000
20.140000
20.275000
20.209000
20.147000
20.154000
20.173000
20.220000
20.188000
20.067000
20.079000
20.432000
20.229000
20.148000
20.284000
20.109000
20.099000
20.227000
20.249000
20.032000
20.310000
20.150000
20.029000
20.270000
20.232000
20.225000
19.995000
20.357000
20.510000
20.036000
20.018000
20.188000
20.160000
20.180000
20.148000
20.058000
20.267000
20.315000
20.151000
20.280000
20.119000
20.258000
20.175000
20.139000
20.233000
20.185000
20.216000
20.208000
20.185000
20.226000
20.237000
20.321000
20.142000
20.398000
20.183000
20.198000
20.201000
20.221000
20.066000
20.213000
20.226000
20.262000
20.155000
20.757000
20.242000
20.153000
20.146000
20.147000
20.431000
20.215000
20.244000
20.349000
19.968000
19.908000
20.349000
20.157000
20.184000
20.301000
20.255000
20.152000
20.207000
20.365000
20.086000
20.165000
20.218000
20.357000
20.133000
20.265000
20.308000
20.161000
20.236000
20.246000
20.214000
20.082000
20.154000
20.179000
20.172000
20.107000
20.108000
20.317000
20.131000
20.334000
20.259000
20.216000
20.258000
20.022000
20.248000
20.342000
20.124000
20.175000
20.238000
20.132000
20.067000
20.281000
20.363000
20.423000
20.081000
20.186000
20.045000
20.282000
20.287000
20.333000
20.440000
20.171000
20.231000
20.120000
19.989000
20.156000
20.281000
20.274000
20.263000
20.120000
20.007000
20.220000
20.066000
20.246000
20.033000
20.200000
20.045000
19.895000
20.435000
20.160000
20.150000
20.174000
20.127000
20.284000
20.230000
20.405000
20.261000
20.083000
20.101000
20.191000
20.155000
20.451000
20.230000
20.274000
20.211000
20.035000
19.882000
20.049000
19.872000
19.864000
19.871000
20.021000
19.788000
19.977000
19.742000
19.974000
19.845000
19.851000
19.906000
19.977000
19.905000
19.737000
19.910000
19.894000
19.742000
19.870000
19.846000
19.954000
19.860000
20.089000
19.943000
20.053000
20.054000
19.838000
19.939000
19.752000
19.879000
19.999000
20.073000
19.963000
20.293000
20.005000
19.911000
20.065000
20.075000
20.133000
19.955000
19.897000
19.939000
20.194000
19.883000
30.408000
20.718000
20.263000
20.094000
20.109000
19.883000
20.109000
19.928000
20.141000
20.530000
20.829000
20.564000
20.641000
20.693000
20.638000
20.494000
20.705000
20.705000
20.580000
20.558000
20.671000
20.501000
20.367000
20.569000
20.962000
20.609000
20.362000
20.166000
20.150000
20.257000
20.100000
20.160000
20.225000
20.379000
20.356000
20.185000
20.352000
20.185000
20.192000
20.245000
20.439000
20.527000
20.142000
20.380000
20.147000
20.197000
20.292000
20.356000
20.324000
20.309000
20.231000
20.290000
20.466000
20.240000
20.328000
20.405000
20.308000
20.356000
20.368000
20.344000
20.150000
20.430000
20.296000
20.318000
20.202000
20.290000
20.341000
20.365000
20.158000
20.309000
20.252000
20.231000
20.396000
20.198000
20.210000
20.025000
20.337000
20.400000
20.038000
20.309000
20.170000
20.305000
20.265000
20.362000
20.197000
20.353000
20.318000
20.249000
20.260000
20.360000
20.465000
20.194000
20.169000
20.284000
20.241000
20.420000
20.273000
20.371000
20.588000
20.002000
20.123000
20.085000
20.073000
20.099000
20.003000
19.940000
20.010000
19.849000
19.991000
19.946000
19.963000
20.047000
20.155000
20.315000
20.172000
20.202000
20.449000
20.168000
20.159000
20.283000
20.278000
20.216000
20.293000
20.008000
19.989000
20.092000
20.074000
20.127000
20.293000
19.984000
20.050000
20.339000
20.182000
20.211000
20.340000
20.269000
20.225000
20.214000
20.201000
20.207000
20.370000
266.197000
21.585000
20.189000
20.398000
20.223000
20.235000
20.337000
20.122000
20.286000
20.323000
20.255000
20.256000
20.253000
20.199000
20.235000
19.850000
20.141000
20.046000
20.159000
19.956000
20.092000
20.209000
20.162000
20.148000
20.092000
19.894000
19.801000
20.010000
20.521000
20.223000
20.223000
20.283000
20.283000
20.295000
20.360000
20.068000
20.221000
20.044000
20.135000
20.318000
20.211000
20.178000
20.462000
20.261000
20.296000
20.063000
20.403000
20.168000
20.336000
20.378000
20.127000
20.068000
20.416000
20.215000
20.131000
20.493000
20.448000
20.215000
20.411000
20.258000
20.348000
20.260000
20.105000
20.351000
20.307000
20.221000
20.203000
20.114000
20.159000
20.327000
20.174000
20.149000
20.230000
20.599000
20.368000
20.447000
20.512000
20.443000
20.309000
20.446000
20.325000
20.722000
20.479000
20.332000
20.495000
20.409000
20.416000
20.313000
20.446000
20.263000
20.236000
20.529000
20.431000
20.484000
20.295000
20.511000
20.287000
20.336000
20.233000
20.196000
20.270000
20.324000
20.151000
20.321000
20.256000
20.303000
20.313000
20.352000
20.015000
20.201000
20.248000
20.271000
20.286000
20.277000
20.251000
20.355000
20.300000
20.275000
20.363000
20.206000
20.420000
20.263000
20.323000
20.309000
20.376000
20.327000
20.245000
20.329000
20.367000
20.223000
20.230000
20.263000
20.335000
20.325000
20.487000
20.338000
20.377000
20.380000
20.802000
20.518000
20.402000
20.317000
20.440000
20.500000
20.117000
20.113000
20.201000
20.271000
20.166000
20.054000
20.099000
20.064000
20.058000
20.170000
20.020000
19.988000
20.102000
20.032000
20.210000
20.089000
20.211000
19.996000
20.337000
19.960000
20.205000
20.177000
20.208000
20.069000
20.024000
19.987000
20.108000
20.119000
20.092000
20.131000
20.348000
20.153000
20.083000
20.029000
20.045000
20.051000
20.334000
20.223000
20.094000
20.076000
20.238000
19.978000
20.296000
20.109000
20.250000
20.105000
20.303000
20.096000
20.080000
20.298000
20.099000
20.092000
20.130000
20.268000
20.318000
20.370000
19.971000
19.865000
19.879000
19.843000
19.823000
19.745000
19.837000
19.743000
19.955000
19.792000
20.058000
19.951000
19.832000
19.804000
19.843000
19.753000
19.884000
19.723000
19.739000
19.668000
20.084000
19.887000
19.943000
19.797000
20.035000
19.727000
19.848000
19.806000
19.899000
19.764000
19.937000
19.798000
19.956000
19.788000
19.847000
19.847000
19.907000
19.861000
19.982000
19.916000
19.838000
19.753000
20.010000
19.883000
19.900000
19.727000
20.013000
19.714000
19.922000
19.911000
19.772000
19.940000
19.749000
19.771000
19.858000
19.930000
19.872000
19.898000
19.939000
19.838000
19.954000
19.896000
19.921000
19.729000
19.822000
19.786000
19.924000
19.742000
19.993000
19.844000
19.801000
19.862000
19.799000
19.703000
19.934000
19.748000
19.678000
19.708000
19.921000
19.790000
21.277000
20.109000
19.956000
19.779000
19.883000
19.883000
19.898000
19.767000
19.764000
19.793000
19.866000
19.778000
19.963000
19.786000
19.934000
20.360000
20.104000
20.114000
20.008000
20.050000
20.184000
20.052000
20.009000
20.247000
20.328000
20.083000
20.024000
19.984000
20.265000
20.063000
20.103000
19.954000
20.061000
19.767000
19.817000
19.992000
19.932000
19.731000
20.040000
19.803000
19.879000
20.033000
19.882000
19.847000
20.036000
19.789000
19.852000
19.814000
20.046000
19.814000
19.866000
19.824000
19.927000
19.768000
19.973000
19.795000
20.015000
19.820000
19.796000
19.724000
19.859000
19.934000
19.934000
19.981000
19.928000
19.835000
19.924000
19.807000
20.023000
19.895000
19.723000
19.733000
19.864000
19.991000
20.026000
20.233000
20.167000
20.205000
20.199000
20.109000
20.143000
20.015000
20.129000
20.182000
20.089000
19.971000
20.198000
19.779000
19.963000
19.957000
19.943000
19.784000
20.059000
19.757000
19.819000
19.808000
20.015000
19.883000
19.828000
19.876000
19.882000
19.895000
19.862000
19.758000
20.092000
19.824000
19.821000
19.920000
19.856000
19.899000
19.953000
19.751000
20.080000
19.729000
19.770000
19.745000
20.128000
19.792000
19.875000
19.870000
19.869000
19.851000
19.852000
19.755000
19.819000
19.815000
19.908000
19.834000
19.831000
19.654000
20.156000
19.957000
20.032000
20.011000
19.785000
19.924000
19.972000
19.839000
20.057000
20.170000
20.378000
19.975000
20.052000
20.049000
19.970000
19.932000
20.087000
19.913000
19.954000
19.924000
19.854000
19.894000
19.785000
19.721000
19.892000
19.872000
19.908000
19.882000
19.959000
19.885000
19.775000
19.828000
19.966000
19.966000
20.074000
19.820000
19.933000
19.891000
19.759000
19.811000
19.912000
19.862000
19.868000
19.818000
19.868000
19.841000
19.968000
19.836000
19.955000
19.709000
20.018000
19.847000
19.943000
20.010000
19.836000
19.902000
19.893000
20.067000
20.202000
20.138000
20.098000
20.127000
20.143000
19.940000
20.164000
20.170000
19.968000
20.045000
20.070000
20.035000
20.184000
19.861000
20.090000
19.711000
19.836000
19.891000
19.768000
19.755000
20.025000
19.771000
19.935000
19.888000
19.897000
19.819000
19.964000
19.853000
20.058000
19.966000
19.981000
19.934000
19.891000
19.948000
19.971000
19.883000
19.980000
19.795000
19.849000
19.865000
19.885000
19.849000
19.972000
19.758000
20.000000
19.934000
19.940000
19.788000
19.965000
19.828000
19.864000
19.696000
19.958000
19.830000
19.793000
19.768000
19.960000
20.253000
19.980000
19.981000
19.905000
19.780000
19.893000
20.094000
19.970000
20.006000
19.847000
20.319000
20.049000
20.182000
20.091000
19.906000
19.830000
19.914000
19.861000
19.772000
19.803000
19.708000
20.052000
19.824000
19.981000
19.860000
20.016000
19.783000
19.903000
19.789000
19.870000
19.822000
19.912000
19.702000
19.932000
19.877000
19.958000
94.298000
20.475000
19.869000
19.820000
20.227000
20.077000
20.009000
19.964000
19.992000
19.773000
19.781000
19.821000
19.859000
19.924000
19.839000
20.060000
19.825000
20.157000
19.893000
20.090000
20.229000
20.267000
20.140000
20.180000
