0.321000
0.261000
0.258000
0.239000
0.258000
0.239000
0.257000
0.239000
0.258000
0.240000
0.258000
0.239000
0.261000
0.239000
0.257000
0.239000
0.259000
0.239000
0.258000
0.239000
0.258000
0.239000
0.258000
0.239000
0.258000
0.239000
0.257000
0.239000
0.263000
0.239000
0.257000
0.239000
0.258000
0.239000
0.257000
0.242000
0.258000
0.247000
0.258000
0.242000
0.258000
0.242000
0.257000
0.242000
0.258000
0.239000
0.257000
0.239000
0.258000
0.239000
0.257000
0.239000
0.258000
0.239000
0.257000
0.243000
0.261000
0.242000
0.258000
0.242000
0.258000
0.242000
0.257000
0.242000
0.258000
0.242000
0.257000
0.242000
0.261000
0.239000
0.257000
0.239000
0.258000
0.239000
0.257000
0.239000
0.258000
0.239000
0.258000
0.239000
0.258000
0.240000
0.257000
0.239000
0.258000
0.239000
0.257000
0.239000
0.258000
0.239000
0.257000
0.239000
0.261000
0.239000
0.257000
0.239000
0.258000
0.239000
0.257000
0.239000
0.258000
0.239000
0.258000
0.239000
0.261000
0.239000
0.257000
0.239000
0.258000
0.239000
0.257000
0.239000
0.258000
0.239000
0.257000
0.239000
0.258000
0.239000
0.257000
0.239000
0.258000
0.239000
0.264000
0.239000
0.258000
0.239000
0.257000
0.242000
0.258000
0.242000
0.257000
0.242000
0.258000
0.242000
0.258000
0.242000
0.258000
0.242000
0.257000
0.242000
0.258000
0.242000
0.257000
0.242000
0.258000
0.239000
0.257000
0.257000
0.258000
0.239000
0.257000
0.239000
0.279000
0.404000
0.257000
0.239000
0.258000
0.239000
0.256000
0.239000
0.258000
0.242000
0.257000
0.242000
0.258000
0.242000
0.257000
0.242000
0.261000
0.242000
0.257000
0.242000
0.258000
0.242000
0.257000
0.242000
0.258000
0.244000
0.258000
0.239000
0.260000
0.239000
0.257000
0.239000
0.258000
0.239000
0.257000
0.239000
0.258000
0.239000
0.257000
0.239000
0.258000
0.239000
0.257000
0.239000
0.258000
0.239000
0.257000
0.239000
0.258000
0.239000
0.257000
0.239000
0.258000
0.239000
0.257000
0.250000
0.258000
0.242000
0.257000
0.239000
0.258000
0.239000
0.257000
0.239000
0.258000
0.239000
0.257000
0.240000
0.259000
0.242000
0.450000
0.242000
0.258000
0.242000
0.257000
0.242000
0.258000
0.242000
0.257000
0.242000
0.258000
0.242000
0.257000
0.242000
0.258000
0.242000
0.257000
0.241000
0.258000
0.242000
0.257000
0.242000
0.258000
0.242000
0.257000
0.243000
0.258000
0.242000
0.257000
0.242000
0.258000
0.242000
0.257000
0.242000
0.258000
0.494000
0.442000
0.242000
0.260000
0.242000
0.258000
0.242000
0.257000
0.242000
0.258000
0.242000
0.257000
0.242000
0.258000
0.242000
0.257000
0.242000
0.258000
0.242000
0.257000
0.242000
0.258000
0.242000
0.257000
0.242000
0.258000
0.243000
0.258000
0.242000
0.261000
0.242000
0.257000
0.242000
0.258000
0.242000
0.257000
0.245000
0.258000
0.240000
0.257000
0.240000
0.261000
0.266000
0.257000
0.239000
0.258000
0.239000
0.257000
0.239000
0.258000
0.239000
0.438000
0.242000
0.258000
0.239000
0.257000
0.238000
0.258000
0.242000
0.257000
0.241000
0.258000
0.242000
0.257000
0.242000
0.258000
0.242000
0.257000
0.242000
0.258000
0.242000
0.257000
0.242000
0.258000
0.242000
0.257000
0.239000
0.258000
0.242000
0.258000
0.242000
0.258000
0.242000
0.257000
0.242000
0.258000
0.242000
0.257000
0.242000
0.258000
0.242000
0.257000
0.242000
0.258000
0.242000
0.257000
0.242000
0.258000
0.242000
0.257000
0.242000
0.258000
0.242000
0.259000
0.242000
0.258000
0.242000
0.257000
0.242000
0.258000
0.242000
0.257000
0.242000
0.258000
0.242000
0.258000
0.242000
0.261000
0.243000
0.257000
0.242000
0.265000
0.239000
0.257000
0.239000
0.258000
0.239000
0.257000
0.239000
0.258000
0.239000
0.257000
0.239000
0.258000
0.239000
0.257000
0.239000
0.258000
0.239000
0.257000
0.239000
0.258000
0.239000
0.257000
0.239000
0.258000
0.239000
0.257000
0.239000
0.258000
0.239000
0.257000
0.239000
0.261000
0.239000
0.257000
0.239000
0.258000
0.239000
0.257000
0.239000
0.258000
0.239000
0.257000
0.239000
0.258000
0.239000
0.257000
0.239000
0.258000
0.239000
0.257000
0.440000
0.258000
0.242000
0.257000
0.242000
0.258000
0.239000
0.257000
0.239000
0.261000
0.242000
0.257000
0.242000
0.258000
0.242000
0.257000
0.242000
0.258000
0.242000
0.258000
0.242000
0.258000
0.242000
0.257000
0.242000
0.258000
0.242000
0.257000
0.242000
0.258000
0.242000
0.257000
0.242000
0.258000
0.244000
0.257000
0.239000
0.258000
0.239000
0.257000
0.239000
0.258000
0.239000
0.257000
0.239000
0.258000
0.239000
0.257000
0.239000
0.258000
0.239000
0.257000
0.239000
0.258000
0.239000
0.257000
0.239000
0.459000
0.239000
0.258000
0.242000
0.261000
0.239000
0.257000
0.242000
0.261000
0.242000
0.258000
0.264000
0.259000
0.242000
0.257000
0.242000
0.259000
0.242000
0.257000
0.242000
0.258000
0.242000
0.257000
0.242000
0.258000
0.242000
0.257000
0.242000
0.259000
0.239000
0.258000
0.240000
0.258000
0.242000
0.257000
0.242000
0.258000
0.242000
0.257000
0.241000
0.258000
0.242000
0.257000
0.242000
0.258000
0.242000
0.257000
0.242000
0.258000
0.242000
0.257000
0.242000
0.258000
0.242000
0.262000
0.240000
0.259000
0.242000
0.257000
0.242000
0.258000
0.242000
0.257000
0.248000
0.258000
0.239000
0.257000
0.239000
0.261000
0.442000
0.257000
0.242000
0.258000
0.239000
0.257000
0.239000
0.258000
0.239000
0.257000
0.239000
0.281000
0.238000
0.257000
0.239000
0.258000
0.239000
0.257000
0.242000
0.258000
0.242000
0.257000
0.242000
0.258000
0.242000
0.257000
0.242000
0.258000
0.242000
0.259000
0.242000
0.258000
0.242000
0.257000
0.242000
0.258000
0.242000
0.257000
0.239000
0.258000
0.242000
0.257000
0.242000
0.258000
0.242000
0.257000
0.242000
0.258000
0.243000
0.257000
0.242000
0.261000
0.242000
0.259000
0.242000
0.258000
0.244000
0.257000
0.242000
0.258000
0.239000
0.257000
0.239000
0.258000
0.239000
0.257000
0.239000
0.258000
0.239000
0.438000
0.240000
0.258000
0.444000
0.258000
0.239000
0.258000
0.239000
0.257000
0.239000
0.264000
0.243000
0.258000
0.239000
0.258000
0.239000
0.257000
0.239000
0.258000
0.239000
0.257000
0.239000
0.258000
0.239000
0.257000
0.239000
0.258000
0.239000
0.257000
0.239000
0.258000
0.239000
0.257000
0.239000
0.258000
0.239000
0.257000
0.239000
0.258000
0.239000
0.257000
0.239000
0.258000
0.239000
0.257000
0.242000
0.258000
0.239000
0.258000
0.239000
0.261000
0.238000
0.257000
0.239000
0.258000
0.239000
0.258000
0.239000
0.258000
0.239000
0.257000
0.239000
0.258000
0.239000
0.257000
0.239000
0.258000
0.239000
0.257000
0.239000
0.258000
0.239000
0.416000
0.239000
0.258000
0.239000
0.257000
0.239000
0.258000
0.239000
0.257000
0.239000
0.258000
0.239000
0.257000
0.239000
0.258000
0.239000
0.257000
0.239000
0.258000
0.239000
0.257000
0.239000
0.258000
0.246000
0.258000
0.239000
0.258000
0.242000
0.257000
0.242000
0.258000
0.242000
0.257000
0.242000
0.258000
0.242000
0.257000
0.242000
0.258000
0.242000
0.257000
0.242000
0.258000
0.242000
0.257000
0.242000
0.258000
0.243000
0.258000
0.242000
0.261000
0.242000
0.257000
0.242000
0.258000
0.242000
0.257000
0.242000
0.258000
0.242000
0.257000
0.242000
0.258000
0.243000
0.257000
0.242000
0.258000
0.242000
0.257000
0.242000
0.258000
0.239000
0.257000
0.242000
0.258000
0.239000
0.257000
0.242000
0.258000
0.239000
0.257000
0.239000
0.258000
0.239000
0.258000
0.239000
0.258000
0.239000
0.257000
0.242000
0.258000
0.239000
0.257000
0.239000
0.258000
0.239000
0.257000
0.239000
0.258000
0.239000
0.257000
0.239000
0.258000
0.239000
0.257000
0.239000
0.258000
0.239000
0.257000
0.252000
0.260000
0.239000
0.257000
0.239000
0.258000
0.239000
0.257000
0.239000
0.688000
0.239000
0.257000
0.239000
0.258000
0.239000
0.257000
0.239000
0.258000
0.239000
0.257000
0.239000
0.258000
0.239000
0.257000
0.239000
0.258000
0.242000
0.257000
0.242000
0.258000
0.243000
0.258000
0.242000
0.259000
0.242000
0.257000
0.242000
0.258000
0.243000
0.257000
0.242000
0.258000
0.242000
0.257000
0.242000
0.258000
0.260000
0.257000
0.242000
0.260000
0.242000
0.257000
0.240000
0.260000
0.242000
0.257000
0.242000
0.258000
0.242000
0.257000
0.242000
0.258000
0.242000
0.257000
0.242000
0.261000
0.242000
0.257000
0.242000
0.258000
0.242000
0.257000
0.242000
0.258000
0.242000
0.257000
0.242000
0.261000
0.242000
0.257000
0.242000
0.258000
0.242000
0.257000
0.242000
0.343000
0.239000
0.257000
0.239000
0.258000
0.239000
0.257000
0.239000
0.258000
0.239000
0.280000
0.239000
0.258000
0.239000
0.257000
0.240000
0.261000
0.242000
0.257000
0.240000
0.261000
0.240000
0.260000
0.240000
0.261000
0.242000
0.260000
0.239000
0.258000
0.242000
0.258000
0.243000
0.258000
0.242000
0.257000
0.242000
0.258000
0.239000
0.257000
0.242000
0.258000
0.242000
0.257000
0.239000
0.258000
0.242000
0.257000
0.239000
0.258000
0.239000
0.257000
0.239000
0.261000
0.240000
0.257000
0.239000
0.258000
0.239000
0.258000
0.239000
0.258000
0.239000
0.257000
0.239000
0.258000
0.239000
0.257000
0.239000
0.258000
0.239000
0.258000
0.239000
0.258000
0.239000
0.257000
0.239000
0.258000
0.239000
0.257000
0.239000
0.258000
0.240000
0.257000
0.239000
0.258000
0.245000
0.257000
0.242000
0.261000
0.239000
0.258000
0.242000
0.258000
0.239000
0.258000
0.241000
0.258000
0.242000
0.257000
0.242000
0.258000
0.242000
0.257000
0.242000
0.258000
0.242000
0.276000
0.242000
0.258000
0.242000
