310.317000
318.335000
311.852000
310.138000
312.031000
311.165000
312.488000
313.221999
309.041999
307.802999
310.940000
315.406000
308.137001
311.881999
310.893000
310.401000
313.281000
308.648000
308.544000
310.683999
309.447000
309.733000
312.153000
310.874000
312.729000
312.121000
309.742000
310.754000
312.117000
311.672000
310.993000
307.951000
311.307000
311.325001
307.539999
311.691000
309.386000
311.683000
311.323999
312.545000
313.928000
313.386000
310.573000
312.270000
310.218999
309.597000
311.234999
310.479000
312.414000
306.926000
313.242000
308.325000
309.027000
308.606000
312.853000
314.244000
311.770000
312.577000
308.438000
309.089000
308.822000
309.971000
313.223000
309.883000
310.201000
311.550000
310.300000
311.001000
309.176001
311.961001
309.728000
309.661000
311.710999
312.216001
310.729000
309.641000
308.503000
313.666999
314.374000
312.565001
309.157000
309.511000
307.404000
312.047999
309.198000
312.580000
316.604001
311.344000
311.903001
307.623001
313.314999
310.090999
311.261000
309.506999
310.711000
317.977000
308.927000
308.059000
310.555000
311.171000
309.596000
311.229000
309.358000
311.032000
316.087999
312.451000
307.991000
310.058000
311.086000
315.753000
310.769000
309.990000
310.616000
321.536000
311.311000
310.355000
312.483001
310.004001
311.427999
311.159000
312.736001
310.828000
316.724000
311.519000
313.103001
309.633999
309.993000
310.750000
312.349000
311.342999
312.647001
309.520001
313.145000
310.788000
310.107000
312.866000
310.359000
310.323000
309.820999
312.604000
311.527001
313.574000
311.596000
309.440000
311.663000
312.354000
309.423000
308.916000
308.075001
308.270999
311.533000
310.239000
311.861000
309.412001
313.757000
310.788999
310.189000
309.951000
311.712001
310.753000
310.714000
311.283999
310.343999
310.103000
310.637000
311.984000
312.077000
310.888000
312.347000
310.941000
311.165000
307.243000
309.835000
312.348001
309.295000
309.900000
310.025999
310.333000
309.719999
312.041000
308.145000
311.309000
307.239001
312.052000
310.700000
312.080000
309.301999
311.083000
310.319000
310.849001
311.484001
309.061000
313.441000
312.347000
310.000001
310.171000
310.034000
308.550000
311.342000
314.083000
309.559000
308.466000
310.197000
310.207000
312.189000
310.974000
310.306001
310.992001
308.770000
309.067000
308.790999
310.137000
309.352000
310.036000
310.786000
313.821999
312.262000
314.397001
313.548000
309.917000
310.764000
313.088001
308.434000
310.694000
310.496000
310.068000
301.282001
310.777999
310.459000
311.218000
309.606000
311.149000
311.388000
311.097000
310.422000
338.675000
309.188000
310.112000
310.496001
310.264000
308.281000
312.760000
307.955001
312.160000
319.987000
309.578000
307.678000
312.054000
311.047000
311.648000
311.922000
310.325000
310.551000
340.018000
314.032000
313.450000
310.546000
311.079000
310.924000
310.896001
310.820000
312.516000
320.837000
310.257000
311.178000
312.950000
306.537000
313.631000
313.814000
311.139001
312.605000
338.727000
311.930999
307.801000
310.093000
312.136999
309.551001
309.297000
308.575000
309.640000
313.673000
309.889000
316.039000
308.755000
309.832000
312.117000
310.540999
312.278000
311.284999
310.258000
310.480000
309.296001
311.219000
310.255000
311.272999
310.653000
312.177000
311.964000
309.140000
309.638000
311.551000
311.964000
310.368001
310.063000
309.052000
311.072000
307.581000
312.110000
310.082001
310.260000
309.283000
310.020000
311.941000
312.107000
310.605000
310.651000
311.826000
314.180000
311.841001
311.552000
309.515000
311.894001
309.806000
307.063000
314.645001
312.158000
308.332000
309.842000
311.900999
312.227000
312.781001
310.326000
308.807000
311.984000
309.402000
314.763000
311.156000
308.346000
309.160000
310.576000
311.227000
310.668000
311.194000
309.119000
311.960000
311.051000
311.248001
312.670999
310.176000
307.757000
310.278000
310.491000
308.667000
310.753000
312.777000
309.010000
310.636000
309.533000
309.969000
312.091000
311.252000
313.360000
312.229000
309.540000
311.771001
315.806000
307.765000
311.833000
309.316000
313.265000
313.442999
313.029000
309.605000
310.555000
312.441000
312.901000
312.922000
306.617000
311.185000
312.439000
308.445000
313.948001
309.974001
309.479999
292.079001
311.342000
309.237001
311.782001
311.476000
310.517000
311.296999
313.063000
310.702000
320.441999
311.607000
312.828000
316.675999
313.150001
309.432999
309.296000
309.375000
308.828999
318.394001
311.809001
311.105000
314.019000
310.338000
313.038001
312.295000
313.138000
309.999000
317.028000
308.362000
309.672000
312.009000
308.371999
311.304000
312.243001
314.480000
311.233000
317.546000
311.890000
311.325000
311.414000
310.242000
313.492000
313.030000
310.060999
313.595000
306.946000
312.805000
309.847000
312.341000
309.810000
311.826000
309.820000
312.509000
313.146000
311.476000
312.899000
309.753000
306.594000
312.020999
312.215000
309.307001
310.641999
309.890999
309.529000
313.801000
307.709999
310.770000
311.832000
311.658000
309.236000
309.719000
309.134000
313.673000
311.268000
310.027000
309.925000
313.455001
314.030000
313.348000
308.136000
313.968000
310.952000
313.576000
310.107000
310.507000
314.524001
312.115001
312.496000
310.686001
311.550000
310.826000
309.360000
310.905000
312.560000
313.507000
312.302000
309.884001
311.971000
312.211000
309.351000
312.950000
307.114000
311.840000
310.934000
312.305001
307.959000
312.498000
309.830000
310.576000
313.554999
311.333000
308.817999
311.030000
309.520000
311.241000
309.880001
310.167000
308.459000
311.636000
308.592999
308.790000
310.956000
311.687000
310.157999
310.719000
309.996000
311.331000
312.355001
310.866999
312.816001
313.581000
309.522000
308.905000
314.420000
314.582000
314.232000
312.871000
311.436000
309.526000
314.073000
310.381000
311.710000
309.204000
310.933000
311.487000
312.005999
307.406000
312.078999
310.676000
311.922000
310.663001
311.504000
311.793000
312.681001
311.715000
312.279000
309.126000
312.669001
308.043000
310.500001
313.348000
311.834000
309.542000
312.832001
310.055000
311.079000
310.164000
318.829000
314.704000
308.979000
310.181000
310.565000
312.953000
310.895000
308.750000
310.563000
338.370000
311.183000
311.745000
310.075000
312.090000
309.769000
308.094000
310.683000
309.693000
318.125000
310.196000
312.259000
311.105000
313.895999
307.649000
309.607000
311.033000
308.823000
341.756000
310.181000
313.015000
310.858999
311.544000
311.973000
310.742999
312.749000
313.530000
311.768999
309.745001
311.241000
309.871000
308.456000
308.041000
314.008000
312.131000
312.994000
310.231000
312.770001
310.505000
309.462000
311.345000
311.450000
316.494999
312.632000
315.097000
311.456000
311.010000
310.459999
309.951000
306.976000
310.699000
310.659000
308.847000
310.464000
311.081000
312.713000
309.384000
308.797000
309.742000
311.382000
307.087000
312.673001
309.797000
312.659000
309.682000
311.036000
309.118000
311.450000
314.406999
308.971000
311.783999
309.161000
311.574999
313.981000
310.999000
311.645000
311.723000
308.632000
310.567000
309.165999
312.679000
307.947000
313.203000
310.798000
310.451999
313.217000
312.810000
312.156999
312.614000
309.202000
311.148999
310.556000
312.040000
310.302000
308.535000
312.197001
312.581000
313.586000
312.682000
310.454000
314.157000
307.229000
311.420000
308.843000
311.329000
310.752000
310.777000
312.555999
312.274000
310.254000
313.444000
309.030999
311.787000
311.707000
311.559000
313.095000
309.311000
309.898000
311.418000
310.280999
310.967000
308.991000
310.801000
310.536000
311.066001
309.180000
307.603000
311.260000
310.604000
313.258001
314.249001
310.544999
311.185000
310.482000
310.989000
307.159999
315.350000
311.083000
312.616000
309.785999
316.720000
310.875000
311.050001
310.509999
311.026000
312.701999
309.547001
310.620001
311.474999
324.526001
314.428000
310.373999
308.155000
314.130999
312.795999
310.628001
309.423001
312.330000
315.161000
310.110000
312.132000
310.123000
310.188000
312.813001
309.097000
310.467999
307.969000
316.134000
309.030999
308.465000
310.142000
309.803000
313.107001
313.008000
312.127001
309.856000
311.686000
312.341000
311.579000
310.042000
311.910000
309.409000
309.839000
309.694000
309.993000
311.991000
309.902000
309.781999
311.733000
310.590999
314.069000
310.300000
309.173000
311.966000
309.836000
313.172000
312.398000
309.977001
309.404000
310.134999
311.058001
309.485000
309.694001
310.622000
312.537001
312.840000
310.670001
309.983999
311.926000
311.710000
308.991999
311.919000
310.470001
311.238000
309.443000
311.132000
311.995001
312.797001
312.128000
308.292001
312.631000
310.051000
310.679001
309.513000
309.465000
309.980000
310.993000
311.248001
311.225000
311.499000
311.504000
310.204000
311.200000
314.945000
312.351000
309.463000
309.738000
310.807000
307.860000
309.965000
312.996000
310.058000
312.196000
312.429000
308.711000
313.722000
310.942000
311.166000
308.475000
311.050000
308.751000
309.413000
310.357000
312.443000
311.938000
310.159000
312.789001
313.419000
310.353000
310.370000
311.312000
310.807999
309.908000
311.265999
312.639000
310.293000
319.584000
310.627000
310.027000
308.833000
311.036000
310.725000
311.238000
311.447999
311.396000
311.087999
311.954000
311.481000
309.564999
312.013000
310.556000
312.699000
311.445000
311.693000
308.321999
312.783000
311.632000
310.884000
313.268000
339.078000
310.258999
310.817000
312.708001
309.056000
309.949000
308.941999
310.452000
309.205000
315.888001
311.199000
308.480000
306.959000
312.117999
310.539000
314.482001
310.289000
309.717000
338.935000
310.469001
313.306000
309.746000
311.611000
311.876999
309.640000
312.427000
312.683000
317.853000
313.641000
309.920000
311.231000
308.968999
317.262000
312.525000
313.182999
311.860000
336.890999
310.066001
311.685000
310.599000
309.286000
308.641000
312.298000
313.100001
312.453000
314.127999
311.342000
309.580999
312.517000
309.950000
311.970000
308.437000
309.593000
310.369001
310.001000
311.848001
308.785000
310.745999
310.385000
309.675001
310.365000
308.606000
309.494000
310.455000
311.062001
311.059000
310.402000
310.533000
309.045000
309.874000
310.266000
308.523000
309.603000
309.286000
312.518000
310.401000
312.452000
310.864000
311.502000
313.754000
310.803000
310.962000
311.310001
312.052000
309.848000
309.152000
312.449001
311.842000
312.527999
308.447000
311.752000
313.696000
307.748999
310.746000
312.797000
307.669000
309.607000
311.512000
311.748001
311.079000
312.696000
309.711000
312.626000
311.107000
310.744000
310.724000
309.061999
308.635000
311.321000
310.595999
309.928000
311.190000
309.952999
308.385000
312.276000
309.663000
307.604000
309.284001
312.612000
307.321000
309.041999
309.348000
310.569000
308.584000
312.259000
308.977000
311.352000
308.792000
310.047000
309.063000
312.651000
309.250000
307.988000
309.472000
314.385000
311.137999
312.185001
311.454000
310.417000
312.666000
287.722999
312.328000
313.012999
307.399000
314.966000
311.903000
311.757000
311.962000
313.327000
319.792000
310.335000
