1.806000
1.819001
1.786000
1.821999
1.790000
1.788001
1.788000
1.812001
1.782000
1.800000
1.782999
1.785999
2.015000
1.809000
1.782000
1.790000
1.791000
1.784000
1.790999
1.787000
1.788001
1.792001
1.785000
1.793000
1.784001
1.803000
1.793000
1.786999
1.783000
1.802000
1.808000
1.793000
1.782000
1.804001
1.780000
1.792000
1.785000
1.812000
1.790000
1.809000
1.786000
1.789001
1.785000
1.781000
1.786000
1.780000
1.790000
1.789000
1.785000
1.788000
1.785000
1.786999
1.783000
1.803000
1.795000
1.801000
1.790000
1.797000
1.787000
1.791000
1.787000
1.790999
1.786000
1.788001
1.788000
1.793000
1.777001
1.789000
1.786000
1.805000
1.777000
1.784000
1.787000
1.782000
1.792001
1.809000
1.793999
1.790000
1.791000
1.791000
1.784000
1.791000
1.786000
1.787000
1.788000
1.778000
1.787000
1.807000
1.792000
1.783000
1.790999
1.784001
1.791000
1.787000
1.792000
1.793000
1.784000
1.776000
1.792000
1.805000
1.785001
1.785000
1.792000
1.805000
1.806000
1.805000
1.788000
1.801000
1.785001
1.786000
1.791000
1.789000
1.785000
1.793000
1.793000
1.791000
1.783000
1.796000
1.784001
1.786000
1.786999
1.792000
1.784000
1.806000
1.798999
1.780000
1.781000
1.786000
1.785000
1.793999
1.790000
1.790000
1.792001
1.790999
1.781000
1.784000
1.784000
1.805000
1.804000
1.790000
1.786999
1.789999
1.792001
1.785000
1.811000
1.792000
1.782000
1.789000
1.804000
1.799000
1.782000
1.788001
1.809000
1.810000
1.804001
1.806000
1.786999
1.781000
1.786999
1.781999
1.792001
1.781000
1.781000
1.801000
1.805000
1.791000
1.785000
1.793000
1.789000
1.789000
1.785000
1.790000
1.792000
1.800000
1.786999
1.791000
1.809000
1.789000
1.785000
1.794999
1.783000
1.789000
1.792001
1.787000
1.793000
1.781001
1.787000
1.789000
1.789000
1.793000
1.791000
1.790000
1.781000
1.815000
1.791000
1.786000
1.781000
1.787000
1.786999
1.782999
1.786999
1.786000
1.790000
1.789999
1.792001
1.789999
1.786999
1.789000
1.788001
1.786000
1.783000
1.787000
1.787000
1.815000
1.794000
1.794000
1.787000
1.785000
1.790999
1.790000
1.786999
1.790999
1.783000
1.783000
1.785000
1.786000
1.815000
1.788000
1.784001
1.796000
1.790000
1.812000
1.788000
1.787000
1.778999
1.789999
1.781000
1.786000
1.787000
1.787000
1.782000
1.785000
1.785000
1.779000
1.789999
1.782000
1.784000
1.788000
1.787000
1.789000
1.778000
1.782000
1.792000
1.792001
1.780000
1.786000
1.791000
1.788001
1.797000
1.816999
1.782000
1.781000
1.785000
1.787000
1.787000
1.790000
1.785000
1.808000
1.781000
1.811001
1.780001
1.803000
1.814000
1.789999
1.796000
1.800000
1.782000
1.801000
1.790999
1.786999
1.785000
1.799000
1.808001
1.794000
1.792001
1.796000
1.785000
1.790999
1.785001
1.794999
1.792000
1.785000
1.786000
1.786000
1.790999
1.784000
1.781000
1.790000
1.790999
1.797000
1.784001
1.787000
1.789000
1.801000
1.786999
1.786000
1.792001
1.790000
1.798000
1.788000
1.787000
1.786000
1.830000
1.805000
1.781000
1.794999
1.786000
1.794000
1.777000
1.805000
1.798000
1.785000
1.784001
1.793000
1.784000
1.785999
1.787000
1.792001
1.791000
1.793000
1.782000
1.792000
1.788000
1.785000
1.784001
1.788000
1.783000
1.786000
1.786999
1.790000
1.781000
1.785001
1.789000
1.793000
1.792001
1.791000
1.790999
1.784000
1.803000
1.782000
1.793000
1.786000
1.781000
1.786000
1.789000
1.793001
1.776000
1.787000
1.783000
1.794000
1.787000
1.793000
1.784000
1.782000
1.788000
1.786000
1.792000
1.781000
1.784000
1.787000
1.789000
1.787000
1.808000
1.783000
1.785000
1.790000
1.809000
1.786000
1.785000
1.794000
1.790000
1.782999
1.778000
1.804000
1.785000
1.784000
1.793000
1.787000
1.781001
1.793000
1.788000
1.793000
1.792000
1.783000
1.788000
1.792000
1.804001
1.814000
1.790999
1.787000
1.792001
1.787000
1.790000
1.782999
1.796001
1.793000
1.780000
1.785000
1.785000
1.792001
1.785000
1.790999
1.781000
1.782000
1.785999
1.791000
1.781000
1.785000
1.786000
1.790000
1.792000
1.794000
1.779000
1.779000
1.788000
1.788000
1.788001
1.780000
1.788000
1.781000
1.789000
1.793000
1.786000
1.810000
1.781000
1.792000
1.786000
1.793001
1.788000
1.781000
1.791000
1.806000
1.788001
1.809000
1.784000
1.789001
1.785999
1.780000
1.787000
1.796000
1.783000
1.778999
1.781000
1.786999
1.788000
1.789000
1.789000
1.780000
1.781000
1.789000
1.782999
1.783000
1.789999
1.791000
1.784001
1.791000
1.780000
1.781000
1.786999
1.783000
1.792000
1.786000
1.791000
1.782000
1.780001
1.793999
1.782000
1.816000
1.791000
1.786999
1.788000
1.790000
1.784000
1.791000
1.787000
1.785001
1.776000
1.794999
1.782999
1.790999
1.782000
1.781000
1.790000
1.791000
1.784000
1.782000
1.784000
1.782000
1.789000
1.787000
1.784001
1.790000
1.780000
1.785000
1.785000
1.782999
1.808000
1.809000
1.780001
1.794000
1.781000
1.784000
1.793000
1.805000
1.793000
1.789000
1.782000
1.792000
1.782000
1.789000
1.780001
1.789000
1.783000
1.791000
1.787000
1.779000
1.782000
1.793001
1.791000
1.787000
1.788000
1.777000
1.796001
1.789000
1.780001
1.809000
1.782000
1.785000
1.780000
1.813000
1.789000
1.780000
1.780001
1.790999
1.798999
1.792000
1.788000
1.791000
1.791000
1.786999
1.784000
1.791000
1.785999
1.790000
1.791000
1.790000
1.784001
1.790000
1.792000
1.789000
1.780000
1.788001
1.778000
1.781000
1.787000
1.786000
1.782000
1.792000
1.783000
1.799000
1.784001
1.809000
1.791000
1.789000
1.792000
1.809000
1.801999
1.782000
1.784000
1.793000
1.781000
1.780000
1.794000
1.789000
1.784001
1.797000
1.786999
1.791000
1.789000
1.786000
1.808000
1.781000
1.806000
1.810000
1.800000
1.791000
1.788000
1.785000
1.791000
1.784000
1.789001
1.790000
1.786000
1.789000
1.782000
1.789001
1.786000
1.785000
1.792000
1.791000
1.791000
1.786000
1.787000
1.808000
1.788001
1.787000
1.802000
1.803000
1.800000
1.800001
1.790999
1.824000
1.797001
1.801999
1.792000
1.793000
1.782000
1.809000
1.793000
1.785001
1.791000
1.805000
1.785001
1.784000
1.805000
1.808999
1.789000
1.799000
1.786000
1.794000
1.784001
1.792000
1.784000
1.803000
1.781000
1.787000
1.785999
1.802000
1.806000
1.785000
1.795000
1.796001
1.785999
1.802000
1.786000
1.787000
1.809000
1.785000
1.774000
1.782000
1.782000
1.782000
1.782999
1.801999
1.804999
1.790999
1.788001
1.790000
1.784000
1.786000
1.783000
1.788000
1.804000
1.793000
1.785999
1.812000
1.781000
1.794000
1.783000
1.784000
1.785000
1.788001
1.785000
1.790999
1.793000
1.792001
1.804000
1.782000
1.797000
1.809000
1.789000
1.789999
1.784001
1.805000
1.790000
1.792000
1.782999
1.790000
1.789000
1.786000
1.781000
1.786000
1.789000
1.789001
1.786000
1.785000
1.784000
1.784000
1.782000
1.790000
1.784000
1.784000
1.791000
1.790000
1.781000
1.788000
1.801000
1.792001
1.785000
1.796000
1.790999
1.789000
1.782999
1.786000
1.785000
1.789000
1.782000
1.789000
1.792000
1.787000
1.791000
1.786000
1.781000
1.789000
1.792001
1.793000
1.784000
1.789001
1.787000
1.793000
1.791000
1.787000
1.785000
1.789000
1.789000
1.784000
1.788000
1.790000
1.807000
1.791000
1.792000
1.785000
1.790999
1.786000
1.781001
1.784001
1.778000
1.790000
1.785000
1.782000
1.789000
1.800000
1.787000
1.787000
1.777000
1.787000
1.787000
1.789000
1.788000
1.785001
1.785000
1.789000
1.786000
1.792000
1.790000
1.789000
1.793000
1.782999
1.784000
1.788001
1.785000
1.787000
1.791000
1.788001
1.801000
1.785000
1.783000
1.791000
1.780001
1.792001
1.780000
1.788000
1.800000
1.792001
1.786000
1.807000
1.794000
1.783000
1.791000
1.801000
1.801000
1.801000
1.785001
1.803000
1.780001
1.805000
1.783000
1.801000
1.789000
1.785000
1.805000
1.791000
1.787000
1.803000
1.808000
1.787000
1.778999
1.800000
1.789001
1.786999
1.791000
1.803000
1.792000
1.782000
1.790999
1.787000
1.785000
1.784001
1.791000
1.791000
1.793000
1.787000
1.789000
1.785000
1.809999
1.792001
1.786999
1.788001
1.790999
1.792001
1.791000
1.786999
1.792001
1.794999
1.785001
1.790999
1.786000
1.791000
1.780001
1.781001
1.789000
1.784001
1.790999
1.795000
1.785001
1.786000
1.791000
1.800001
1.809000
1.783000
1.783000
1.785000
1.784000
1.788001
1.791000
1.792000
1.778999
1.796001
1.789000
1.790000
1.786999
1.808000
1.802000
1.801000
1.800000
1.787000
1.790999
1.789000
1.789000
1.791000
1.791000
1.788000
1.784001
1.793000
1.782000
1.790999
1.780001
1.789000
1.791000
1.787000
1.826000
1.787000
1.791000
1.784000
1.784000
1.785000
1.781001
1.792001
1.794000
1.785000
1.792000
1.793001
1.789000
1.794000
1.787000
1.791000
1.780001
1.811001
1.809000
1.789001
1.782000
1.789000
1.781000
1.784000
1.782000
1.785001
1.790000
1.780000
1.781000
1.801000
1.796000
1.780001
1.810000
1.786000
1.786000
1.792001
1.792000
1.815000
1.781999
1.813000
1.802000
1.778000
1.786999
1.805999
1.792000
1.782000
1.791000
1.804001
1.786000
1.797999
1.784000
1.800000
1.802000
1.807000
1.792001
1.796000
1.781000
1.804000
1.786000
1.802000
1.792000
1.792001
1.790999
1.789001
1.781000
1.785000
1.790000
1.791000
1.788000
1.786000
1.780000
1.797000
1.784000
1.786000
1.804001
1.802000
1.782999
1.789000
1.784001
1.792001
1.785000
1.790000
1.804000
1.791000
1.780001
1.786000
1.791000
1.792001
1.784001
1.787000
1.782000
1.782000
1.782000
1.788000
1.790000
1.783000
1.792001
1.786000
1.789000
1.786999
1.785000
1.798000
1.790000
1.789999
1.802000
1.806000
1.800000
1.807000
1.781000
1.794999
