533.935000
565.924999
555.659000
541.038000
559.791000
534.297001
556.839000
558.962000
540.154999
522.232000
564.345000
554.103000
557.041001
554.471999
557.222000
538.660000
533.660000
557.047000
527.550000
544.965000
537.606000
555.848000
538.042000
534.498001
534.051000
536.236000
546.453000
542.147000
546.418000
547.989000
524.537000
554.398000
521.902000
535.223000
532.929000
525.313000
539.864000
554.983000
516.702000
538.060000
548.412000
545.097000
535.226000
559.729001
538.782001
521.547000
557.810999
541.388000
541.047000
552.102000
536.440999
516.881000
541.617000
536.670000
557.460001
521.565001
554.238000
558.050000
537.064999
532.643000
534.252000
544.218000
558.608000
522.887000
535.379000
524.202000
538.332000
540.685000
556.111000
540.192000
555.608000
538.172000
526.589000
530.893000
520.083000
554.381000
516.674999
554.225001
531.641999
519.616000
518.707000
558.479000
540.021000
546.589999
554.929000
533.737999
556.287999
557.558000
524.082000
538.082000
532.857999
520.653999
554.601000
547.334000
521.382000
557.265000
519.489000
557.528000
534.152000
539.619000
541.805000
561.427999
538.325000
530.835000
556.537000
556.849000
540.185000
555.451000
560.021000
555.557000
538.641000
555.990000
539.327000
540.674000
555.439000
553.905000
525.868000
556.076000
533.025000
517.669000
557.205001
537.607000
558.284000
555.007000
556.077000
538.005000
542.675000
554.997000
550.688000
545.717000
556.297000
537.380000
557.395000
541.266000
555.197001
535.642999
531.632000
537.997000
542.372000
540.759000
540.968000
528.400000
542.100000
554.847000
555.048000
516.889000
555.029999
542.350000
531.935001
600.499000
557.538000
520.663001
557.337999
538.669000
554.980000
556.852000
553.805000
551.752000
556.220000
521.527000
538.771001
544.303000
555.770000
554.143000
530.370000
548.380001
543.287001
522.786000
561.279999
535.320000
540.008000
555.750000
540.953000
534.179999
558.120000
540.286000
534.457000
545.513000
543.460000
542.049000
528.966000
539.246000
544.701000
555.501999
548.250000
528.447000
538.083000
554.732000
554.417000
555.021000
534.620000
557.247000
554.307000
520.442001
541.239000
538.341001
541.955000
558.716000
556.726000
540.934000
548.651000
555.907999
551.263000
539.350000
533.230999
559.501000
545.794999
518.263000
533.975000
555.392000
537.322000
538.206999
536.777000
556.370000
554.885000
536.592999
541.155000
534.481000
524.871000
539.069001
554.136001
536.250000
553.979000
535.971000
535.968000
535.260000
554.909000
535.766000
554.285000
530.858000
533.516000
537.260001
546.645000
537.961000
538.581000
559.487000
542.032000
556.208000
548.741000
543.212000
557.446999
559.100000
516.569001
550.523000
527.950000
510.493999
558.474001
540.117000
547.076000
541.362000
541.014000
537.022000
541.217000
534.992000
554.924999
535.160000
552.879999
541.576999
537.872000
544.504000
556.401000
555.472001
554.794000
557.739000
554.193000
536.707000
524.293001
555.728001
556.574000
544.001000
537.585001
547.780001
535.983000
535.342000
523.438999
543.694001
519.146000
534.609000
539.740000
554.896000
519.156001
519.730000
533.251000
549.693001
538.995000
532.592000
531.741000
539.564000
558.012000
525.385000
554.218000
536.272000
547.141000
535.435000
538.441000
531.997000
543.167000
537.176000
542.690000
552.115000
518.870000
555.583000
555.940000
560.155000
543.444999
558.567000
540.717000
535.555000
517.978000
532.392001
557.445000
517.668000
534.124000
556.980000
538.283000
555.717001
561.361000
555.477000
537.051001
554.878999
557.043999
535.860000
561.176999
556.386000
552.153000
537.668999
557.158001
550.377000
538.083000
555.515000
545.073000
559.363000
554.366000
541.889001
541.167000
526.458000
556.053001
552.100000
533.778000
525.578001
536.200000
536.254000
550.758000
538.532999
541.475000
551.161001
554.326000
543.141000
537.568000
549.765000
558.656000
516.286000
527.729000
565.934000
521.118000
544.177000
516.764999
544.257999
561.254000
522.634000
548.226000
562.733000
534.717000
539.062000
539.847001
557.715001
564.064000
536.031000
554.622000
544.039000
542.401000
557.176000
552.340000
559.299001
532.830000
569.089000
528.950000
565.188000
567.137000
520.601001
529.759000
570.924000
568.649000
546.196001
562.263000
548.792999
565.485000
571.745000
544.873999
569.379000
571.102000
546.981000
565.007000
567.473000
561.480000
563.885000
549.222000
544.167000
543.525000
563.642001
551.941000
583.613000
585.975000
549.135000
561.293000
546.012999
542.058000
556.349000
556.888000
556.687000
546.021000
542.827000
559.463999
541.294999
533.640000
522.943000
540.719000
522.403000
556.243000
518.015000
556.299999
535.850000
527.999000
546.572001
553.550000
532.575000
534.186000
520.780000
530.615000
548.768001
556.060000
536.763000
556.085000
558.967000
540.956999
557.264999
536.328000
527.666000
556.702000
539.124000
535.984000
543.870000
523.505000
556.859000
535.730000
524.411000
543.867000
544.336000
556.743000
556.720001
554.500001
557.468000
533.091000
545.191000
554.487000
554.715000
555.264000
559.092000
553.863000
562.075000
535.439000
540.789001
553.508000
556.624000
535.922999
533.674000
540.325000
528.140999
530.081999
538.987000
537.927000
557.417000
558.954000
556.942000
552.743000
537.927000
535.867999
545.402000
550.878000
535.339000
560.544000
554.710000
524.890000
540.771000
555.194000
539.427000
516.180000
543.483000
557.141000
554.618999
510.833000
555.045000
556.277000
557.096000
533.654000
519.052000
537.213000
534.745000
557.749000
553.423000
539.937000
516.043001
527.833000
537.688000
521.203000
539.901000
523.460000
540.705000
515.537000
548.774000
516.737999
548.688000
532.388000
532.672000
538.934000
534.322999
532.925000
549.030000
520.468000
537.198001
536.002000
557.386000
557.831000
544.033000
553.281001
537.562000
531.831000
539.067000
533.573000
530.013001
552.470000
535.661000
522.593000
552.216001
524.952000
548.327000
556.454000
547.573000
554.547001
556.427999
514.562001
534.734000
558.248000
556.172000
557.928001
530.130000
521.965000
531.468000
556.365000
555.009000
538.539000
539.057000
538.235000
532.737000
557.988000
533.664000
555.122000
557.014000
515.006000
562.177000
555.445001
559.043000
555.580000
554.711999
530.676000
553.137001
554.329000
536.799000
545.157000
548.803000
518.580999
535.704000
553.808000
557.559000
535.678999
558.160000
522.898001
541.281000
556.830000
548.704000
557.765000
538.898000
555.459000
537.315000
535.928000
554.970000
556.376000
557.271000
522.840000
520.931000
539.714999
536.506000
536.195001
551.140000
529.206000
556.462000
553.487000
543.351000
559.173000
534.805001
551.899000
537.078000
558.125000
557.431000
523.520000
546.293000
551.903000
559.580000
539.707000
536.893000
555.219000
523.904000
563.319000
555.423001
555.053000
517.960000
552.366001
533.791000
536.451000
527.342999
542.116000
555.480001
556.736000
554.592000
557.027000
537.353001
558.564000
536.024000
540.836999
558.623000
522.944001
554.248000
538.424000
534.230000
539.900000
556.820000
558.909000
556.352000
551.815000
559.672000
554.779001
537.075001
539.062000
540.925000
556.175999
543.253000
539.300000
557.243001
542.068000
535.863000
539.933000
538.285000
510.295000
537.547000
556.085001
559.462001
538.828000
538.252000
554.026000
562.897000
554.615000
543.760000
539.857000
544.735000
518.835000
554.410000
538.489999
558.362000
544.134000
530.243000
536.537999
540.098000
537.981000
548.882999
535.375000
538.273000
555.325000
556.083000
541.963000
540.484000
533.907000
546.178000
529.651000
554.423000
557.971000
554.860000
555.435999
557.003001
549.790000
548.873000
555.070000
520.287000
534.267000
556.353000
519.303000
526.261000
556.860000
558.560000
557.436000
556.967000
554.175001
532.840000
556.473000
553.770000
557.709999
558.412000
537.130000
550.384000
556.575000
540.658000
523.371000
556.446000
545.954000
556.140999
556.590000
556.668000
549.357000
529.833000
557.182000
526.795001
516.347000
539.319000
555.774000
556.629000
554.641999
554.918000
556.051000
541.631000
526.107999
551.208000
533.750000
532.155001
524.173000
530.022000
536.700000
557.575000
542.501000
539.538001
539.664000
552.477000
554.547000
517.163000
525.721000
557.196000
556.903000
553.824000
527.024000
534.491001
553.613000
553.991000
528.774000
542.370000
538.562000
556.121999
550.164999
552.235000
537.147000
535.146000
555.086000
545.502000
536.394000
516.586999
556.706000
517.849000
538.860001
556.463000
557.059000
543.009000
555.047001
542.361001
557.762000
557.357000
518.718000
561.212000
536.277000
553.472999
553.777999
549.869000
553.616000
556.260000
516.249000
552.387000
544.330000
541.428001
556.338999
539.110000
536.905000
558.215000
557.405001
546.713000
522.120000
523.518000
555.047000
554.248000
557.474000
557.225999
555.936000
553.906000
539.044000
519.148000
521.753000
553.099000
533.678001
558.899000
527.080000
551.280000
540.712000
517.299000
547.230001
538.452000
529.987000
517.243000
559.168000
554.529000
538.683000
527.684000
553.370001
536.897000
531.316000
535.968000
560.122000
539.216001
548.163000
555.780000
549.041000
531.980000
557.062000
558.235001
554.907000
518.736000
531.102000
557.084001
557.022001
521.881000
546.219001
536.189000
521.883000
541.483000
535.122001
558.062000
553.171000
557.561000
534.223000
558.107000
526.192999
557.315000
521.536999
547.254999
556.394000
554.057000
556.958000
536.951999
561.575000
537.627000
551.002000
557.035000
555.901000
527.312000
558.885001
556.068000
531.035000
557.800001
521.895001
558.565000
556.802000
532.858999
557.508000
555.790000
523.327000
553.819000
558.952000
549.926001
557.868999
536.705000
538.573000
554.448999
524.315001
540.061001
543.872001
555.454999
551.055000
558.432001
537.295001
538.422000
529.654000
539.322000
556.431000
542.433999
525.726001
554.144000
527.509999
554.973000
519.363999
550.280999
545.405000
554.488000
560.565000
555.176999
557.274000
531.868001
554.654000
519.596000
539.684000
538.857000
536.741001
519.232000
538.664000
539.535000
557.101000
551.538000
519.548001
541.541000
510.607000
556.541000
541.162000
534.871001
550.179000
557.143000
539.951000
532.652000
535.885000
547.392000
557.763000
533.107000
518.274000
542.216999
556.657000
556.185000
557.597000
536.312999
552.540000
559.113001
530.615000
554.696999
537.284000
538.193000
547.490000
553.746000
557.180000
554.325000
536.872000
555.103000
550.865999
515.710000
540.618001
554.723000
560.967000
530.375000
556.745000
531.599999
545.393000
542.095999
538.570001
556.558000
556.531001
552.817999
538.223000
557.492000
537.296001
534.537000
553.740000
538.354000
522.621000
542.442000
556.060000
555.714000
538.152000
544.370000
533.433000
554.339000
551.685000
560.028000
538.267001
553.993001
537.560000
543.925000
533.477000
557.717000
518.626000
544.015000
554.188000
554.365000
553.046999
517.434999
544.400000
556.575000
561.897000
538.049000
562.909001
557.479001
538.680000
549.729999
531.963000
539.060000
557.530000
540.650999
555.639001
537.211000
557.229000
540.270000
