0.140999
0.156000
0.132000
0.134001
0.132000
0.134000
0.123000
0.125000
0.123001
0.123000
0.123000
0.124000
0.124000
0.124000
0.123001
0.123000
0.123000
0.123000
0.123000
0.123000
0.123000
0.123000
0.123000
0.127000
0.122000
0.123000
0.123000
0.123000
0.123001
0.123000
0.124000
0.123000
0.123000
0.122000
0.155000
0.123000
0.123000
0.123000
0.123000
0.123000
0.127000
0.127001
0.122000
0.127000
0.124000
0.125000
0.123001
0.123000
0.123000
0.123000
0.123000
0.123000
0.123000
0.143000
0.124999
0.127000
0.124000
0.127000
0.124000
0.123001
0.123000
0.124000
0.123001
0.156000
0.136999
0.127000
0.138000
0.148000
0.140000
0.138001
0.123000
0.124000
0.123000
0.144000
0.123000
0.127000
0.123000
0.124000
0.122000
0.149000
0.150000
0.144999
0.145000
0.149000
0.145000
0.145000
0.144000
0.146000
0.124999
0.123000
0.145000
0.144000
0.145000
0.143999
0.143999
0.123000
0.122000
0.127001
0.139000
0.124000
0.145000
0.150000
0.144000
0.144999
0.144000
0.149000
0.150001
0.147999
0.124000
0.148000
0.144999
0.127000
0.145000
0.149000
0.147000
0.149000
0.147000
0.124000
0.123000
0.123000
0.145000
0.145000
0.123000
0.123000
0.144000
0.127000
0.122000
0.149000
0.123001
0.127000
0.145000
0.149000
0.126000
0.123000
0.123001
0.124000
0.123001
0.127000
0.123000
0.149000
0.122000
0.122000
0.127000
0.123000
0.123000
0.123001
0.145000
0.127000
0.138001
0.147001
0.145000
0.145000
0.144999
0.145000
0.145000
0.145000
0.150001
0.144000
0.123000
0.124000
0.123001
0.122000
0.146000
0.124000
0.123000
0.127001
0.127000
0.127000
0.127001
0.148000
0.123000
0.124000
0.123000
0.127000
0.122000
0.126000
0.144000
0.127001
0.123000
0.122000
0.123000
0.124999
0.123000
0.149000
0.124000
0.124000
0.123000
0.123000
0.123000
0.123001
0.123001
0.147001
0.123000
0.144999
0.123001
0.127000
0.123000
0.129000
0.123000
0.122000
0.123001
0.124000
0.123000
0.123001
0.123000
0.149000
0.123000
0.123000
0.123000
0.148000
0.144000
0.145000
0.145000
0.147999
0.145000
0.127001
0.123001
0.149000
0.123000
0.124000
0.123000
0.127000
0.123001
0.127000
0.123000
0.127000
0.127001
0.123001
0.138000
0.125000
0.123001
0.144000
0.143999
0.123000
0.123999
0.127001
0.145000
0.127000
0.123000
0.127000
0.144000
0.148000
0.144000
0.127000
0.123000
0.148000
0.124000
0.127000
0.144000
0.124000
0.123001
0.127000
0.123000
0.127000
0.123000
0.123000
0.122000
0.125000
0.122000
0.123001
0.124000
0.123001
0.138001
0.124000
0.123000
0.123001
0.124999
0.123001
0.123000
0.147999
0.144999
0.146000
0.123000
0.124000
0.124000
0.123001
0.124000
0.122000
0.123000
0.127000
0.123001
0.127001
0.123000
0.124000
0.124000
0.124999
0.123001
0.128000
0.123001
0.144999
0.146001
0.145000
0.123000
0.124000
0.124000
0.123001
0.122000
0.123000
0.144000
0.123000
0.123000
0.123001
0.123000
0.123000
0.124000
0.124000
0.122000
0.124000
0.123000
0.126000
0.123001
0.127000
0.123000
0.127000
0.123000
0.142001
0.123000
0.130001
0.123000
0.137000
0.144000
0.148000
0.144000
0.143999
0.146000
0.145000
0.150000
0.145000
0.144000
0.125000
0.145000
0.123000
0.144999
0.124000
0.123001
0.124000
0.122000
0.123000
0.145000
0.123000
0.123000
0.144000
0.146000
0.144999
0.144000
0.144999
0.145000
0.144999
0.146001
0.145000
0.150000
0.145000
0.144000
0.144000
0.150000
0.140999
0.146001
0.124000
0.144999
0.124000
0.123000
0.144000
0.123001
0.123000
0.145000
0.148000
0.145000
0.127001
0.123001
0.124000
0.122000
0.123000
0.123000
0.123000
0.124000
0.123000
0.123000
0.145000
0.147000
0.127000
0.138001
0.127001
0.144999
0.124000
0.123000
0.127000
0.123001
0.127000
0.123000
0.127000
0.123001
0.124000
0.145000
0.127000
0.123000
0.127000
0.122000
0.124000
0.138001
0.123000
0.122000
0.127000
0.123001
0.142000
0.123000
0.127000
0.123000
0.123000
0.123001
0.149000
0.125000
0.123000
0.123000
0.127001
0.123000
0.124000
0.145000
0.125000
0.138000
0.123000
0.144999
0.123000
0.123000
0.123001
0.150001
0.123000
0.122000
0.144000
0.122000
0.127000
0.123000
0.123000
0.123001
0.127000
0.138000
0.127000
0.123001
0.127001
0.123001
0.123000
0.123000
0.123001
0.123000
0.124999
0.127000
0.122000
0.123000
0.123000
0.122000
0.123001
0.122000
0.123000
0.146000
0.123000
0.123000
0.123000
0.126000
0.123000
0.123001
0.149000
0.123001
0.127000
0.124000
0.145000
0.123000
0.123000
0.123000
0.123000
0.122000
0.123000
0.123001
0.124000
0.144999
0.146000
0.145000
0.124000
0.122000
0.127000
0.123000
0.125000
0.123000
0.124999
0.146000
0.123000
0.123001
0.127001
0.123000
0.148000
0.123001
0.127000
0.123000
0.124000
0.124000
0.124000
0.127001
0.123000
0.122000
0.124000
0.123000
0.123000
0.124000
0.127000
0.123000
0.122000
0.123000
0.127000
0.124999
0.147000
0.123000
0.149000
0.147000
0.127000
0.123000
0.127001
0.149000
0.126000
0.144999
0.123000
0.123000
0.124000
0.146000
0.147000
0.123000
0.140000
0.145000
0.127000
0.123000
0.127000
0.123001
0.123000
0.123000
0.127000
0.124999
0.124000
0.123000
0.124000
0.123000
0.144000
0.124000
0.122000
0.123000
0.147000
0.122000
0.143999
0.123000
0.127000
0.153000
0.123001
0.123001
0.127000
0.123000
0.127000
0.150001
0.149000
0.123000
0.124000
0.123000
0.127000
0.123000
0.127001
0.123000
0.123001
0.123000
0.127000
0.123000
0.123000
0.123000
0.127000
0.123001
0.149000
0.122000
0.127000
0.123000
0.127000
0.122000
0.127000
0.123001
0.124000
0.124000
0.123000
0.123000
0.138000
0.123001
0.123001
0.122000
0.128000
0.146000
0.147000
0.144999
0.149000
0.123000
0.124000
0.123000
0.127000
0.126000
0.141000
0.122000
0.123001
0.123000
0.123000
0.123001
0.123001
0.123000
0.124000
0.123000
0.123000
0.123000
0.124000
0.125000
0.123000
0.134000
0.146000
0.123000
0.127000
0.123001
0.149000
0.123000
0.127000
0.123000
0.127001
0.122000
0.127000
0.124999
0.127000
0.123000
0.127001
0.123001
0.127000
0.123001
0.127000
0.123000
0.127000
0.123000
0.124000
0.123001
0.123000
0.123000
0.127000
0.127000
0.127000
0.123000
0.127000
0.122000
0.127000
0.122000
0.127000
0.123000
0.123000
0.124999
0.125000
0.123000
0.127000
0.122000
0.125000
0.122000
0.125000
0.123001
0.124999
0.123000
0.124000
0.123000
0.127000
0.122000
0.123000
0.123000
0.128999
0.123000
0.123000
0.123000
0.122000
0.123001
0.127000
0.122000
0.127000
0.124000
0.124000
0.123000
0.123000
0.122000
0.127001
0.123000
0.127000
0.123000
0.127001
0.123001
0.128000
0.123000
0.127001
0.124000
0.127000
0.139000
0.137000
0.128999
0.143999
0.145000
0.144000
0.145000
0.143999
0.145000
0.124000
0.123000
0.123000
0.123000
0.125000
0.123000
0.124000
0.122000
0.123001
0.123001
0.124000
0.123000
0.123000
0.125000
0.123000
0.123001
0.144000
0.123000
0.123000
0.144000
0.145000
0.123001
0.124000
0.123000
0.124000
0.123001
0.122000
0.123000
0.127000
0.122000
0.127000
0.124000
0.128000
0.123000
0.127001
0.124000
0.127001
0.123000
0.127000
0.138000
0.144999
0.123000
0.123000
0.151000
0.124000
0.123001
0.122000
0.122000
0.124000
0.123000
0.124000
0.123000
0.123000
0.123001
0.124000
0.123000
0.123001
0.123001
0.123001
0.123000
0.149000
0.138000
0.128000
0.123000
0.124999
0.123000
0.124000
0.123000
0.127000
0.122000
0.127000
0.125000
0.127001
0.123001
0.149000
0.122000
0.123000
0.124000
0.124000
0.124000
0.124000
0.124000
0.148000
0.122000
0.126000
0.123000
0.124999
0.144000
0.123000
0.123000
0.127000
0.124000
0.145000
0.123000
0.127000
0.123000
0.123000
0.145000
0.125000
0.144999
0.123001
0.124000
0.124000
0.147999
0.123000
0.123000
0.123001
0.123000
0.128000
0.123000
0.123000
0.127000
0.127000
0.123000
0.146000
0.147000
0.145000
0.145000
0.146000
0.144999
0.147999
0.143999
0.143999
0.144000
0.146000
0.143999
0.148000
0.145000
0.149000
0.123000
0.148000
0.123000
0.123000
0.149000
0.123000
0.123000
0.148000
0.122000
0.123000
0.123001
0.127000
0.146000
0.148000
0.145000
0.127000
0.123000
0.136999
0.123000
0.123000
0.122000
0.123001
0.123000
0.124000
0.123001
0.124000
0.123001
0.123000
0.124000
0.123000
0.123000
0.123000
0.123000
0.123001
0.122000
0.127000
0.123000
0.123001
0.137000
0.144000
0.123000
0.139000
0.123000
0.123000
0.123001
0.123001
0.138000
0.126000
0.124000
0.122000
0.144999
0.124000
0.123000
0.123000
0.124000
0.144999
0.123000
0.123000
0.124000
0.123000
0.122000
0.124000
0.123001
0.124000
0.148000
0.127001
0.122000
0.123000
0.123000
0.124000
0.123000
0.124000
0.124000
0.123000
0.123000
0.124000
0.123000
0.123000
0.138000
0.123001
0.123000
0.123000
0.123000
0.123000
0.125000
0.124000
0.144000
0.127000
0.123001
0.123000
0.144999
0.123000
0.123000
0.148000
0.124000
0.149000
0.122000
0.127000
0.124000
0.138001
0.146000
0.144000
0.126000
0.145000
0.144000
0.146000
0.145000
0.148000
0.145000
0.149000
0.144000
0.148000
0.144000
0.127000
0.145000
0.127001
0.124000
0.127000
0.124000
0.127000
0.122000
0.123000
0.122000
0.127000
0.123000
0.123000
0.136999
0.123000
0.123001
0.124000
0.146000
0.125000
0.122000
0.125000
0.123001
0.127000
0.123000
0.127000
0.123000
0.124000
0.123000
0.146000
0.145000
0.146000
0.150001
0.148000
0.146000
0.146000
0.144999
0.124000
0.125000
0.124000
0.123000
0.122000
0.122000
0.149000
0.123001
0.127000
0.123000
0.127000
0.122000
0.123000
0.123000
0.127000
0.144999
0.148000
0.148000
0.145000
0.145000
0.144999
0.144000
0.146000
