0.204001
0.169002
0.169000
0.162000
0.170000
0.162000
0.170000
0.157000
0.164000
0.156999
0.164000
0.156000
0.164000
0.157000
0.163998
0.157000
0.164000
0.157000
0.164000
0.156000
0.165001
0.157000
0.163998
0.157000
0.164000
0.157000
0.165001
0.156000
0.165001
0.156999
0.164000
0.157000
0.165001
0.157000
0.164000
0.156000
0.164000
0.157000
0.164999
0.156999
0.165001
0.157000
0.164000
0.156000
0.164000
0.157000
0.164000
0.156999
0.164000
0.157000
0.164000
0.156000
0.164000
0.156999
0.164000
0.157000
0.164000
0.157000
0.165001
0.156000
0.165001
0.156999
0.163998
0.157000
0.165001
0.157000
0.164000
0.156000
0.164999
0.156999
0.165001
0.157000
0.164000
0.157000
0.164000
0.156000
0.164999
0.157000
0.165001
0.157000
0.164000
0.157000
0.164000
0.156000
0.174999
0.157000
0.165001
0.156999
0.163998
0.157000
0.163998
0.157000
0.164999
0.157000
0.164000
0.157000
0.164000
0.157000
0.164000
0.157000
0.165001
0.157000
0.164999
0.157000
0.164000
0.157000
0.165001
0.157000
0.164000
0.156999
0.165001
0.157000
0.164000
0.157000
0.164000
0.157000
0.165001
0.157000
0.164000
0.157000
0.165001
0.157000
0.165001
0.156999
0.165001
0.157000
0.164000
0.156999
0.163998
0.157000
0.164000
0.157000
0.164000
0.156999
0.164000
0.157000
0.163998
0.157000
0.165001
0.157000
0.164000
0.157000
0.165001
0.157000
0.164000
0.157000
0.164999
0.156999
0.164000
0.156999
0.166999
0.158001
0.164999
0.157000
0.164000
0.156999
0.165001
0.156999
0.164999
0.157000
0.164000
0.156999
0.164000
0.157000
0.164999
0.156999
0.165001
0.157000
0.164000
0.164000
0.164000
0.157000
0.165001
0.157000
0.163998
0.156000
0.164999
0.156000
0.165001
0.156999
0.164000
0.156999
0.164999
0.156000
0.163998
0.157000
0.165001
0.157000
0.164000
0.157000
0.165001
0.156000
0.164000
0.156999
0.163998
0.156999
0.164000
0.157000
0.164000
0.156000
0.164000
0.157000
0.164000
0.157000
0.164000
0.157000
0.165001
0.156000
0.165001
0.157000
0.164999
0.157000
0.164000
0.156999
0.164000
0.156000
0.165001
0.156999
0.164000
0.157000
0.164999
0.157000
0.164000
0.156000
0.164000
0.156999
0.165001
0.157000
0.165001
0.157000
0.164999
0.156000
0.164000
0.157000
0.164000
0.156999
0.163998
0.157000
0.164000
0.156000
0.164000
0.156999
0.165001
0.157000
0.163998
0.156999
0.164000
0.156000
0.164999
0.157000
0.164000
0.157000
0.165001
0.157000
0.164999
0.164000
0.165001
0.155000
0.164999
0.156000
0.164000
0.155000
0.164000
0.156000
0.163998
0.155000
0.164000
0.155000
0.164000
0.156000
0.165001
0.156000
0.164999
0.193000
0.164000
0.156000
0.164000
0.156000
0.164000
0.155998
0.164000
0.156000
0.164000
0.156000
0.164000
0.156000
0.164000
0.156000
0.163998
0.156000
0.165001
0.155000
0.165001
0.155000
0.164999
0.156000
0.164000
0.155000
0.164000
0.155000
0.163998
0.156000
0.165001
0.156000
0.164000
0.155998
0.165001
0.156000
0.165001
0.155000
0.165001
0.156000
0.165001
0.155000
0.164000
0.155000
0.165001
0.155000
0.163998
0.156000
0.165001
0.155000
0.163998
0.155000
0.164000
0.156000
0.165001
0.156000
0.165001
0.155000
0.165001
0.155000
0.163998
0.155000
0.164000
0.156000
0.164999
0.155000
0.164000
0.155000
0.173999
0.156000
0.164000
0.156000
0.164000
0.156000
0.164000
0.156000
0.165001
0.156000
0.164000
0.156000
0.165001
0.155998
0.165001
0.156000
0.164000
0.156000
0.164000
0.156000
0.164000
0.156000
0.165001
0.156000
0.164999
0.156000
0.163998
0.156000
0.164000
0.156000
0.164000
0.156000
0.164000
0.156000
0.164999
0.156000
0.165001
0.156000
0.163998
0.156000
0.164000
0.156000
0.165001
0.156000
0.164000
0.156000
0.164000
0.156000
0.164000
0.193000
0.164000
0.156000
0.164000
0.155998
0.165001
0.156000
0.164000
0.156000
0.164000
0.156000
0.164000
0.156000
0.165001
0.156000
0.165001
0.156000
0.164000
0.156000
0.164000
0.156000
0.164000
0.156000
0.164000
0.156000
0.164000
0.156000
0.164000
0.156000
0.164000
0.155998
0.164000
0.156000
0.165001
0.156000
0.164000
0.163998
0.163998
0.155000
0.165001
0.155000
0.165001
0.156000
0.164000
0.155000
0.164000
0.155000
0.164999
0.155000
0.165001
0.155998
0.164000
0.155000
0.165001
0.155000
0.163998
0.155000
0.165001
0.155998
0.164000
0.155000
0.165001
0.155000
0.164000
0.155000
0.163998
0.156000
0.164000
0.155000
0.165001
0.155000
0.165001
0.156000
0.164000
0.156000
0.164000
0.156000
0.164000
0.156000
0.164000
0.155000
0.164000
0.155998
0.165001
0.155000
0.165001
0.155000
0.165001
0.155000
0.165001
0.156000
0.164000
0.155000
0.164000
0.156000
0.164000
0.155000
0.164000
0.156000
0.164000
0.155000
0.165001
0.155000
0.164000
0.155000
0.164999
0.156000
0.164000
0.155000
0.164999
0.155000
0.165001
0.155000
0.164000
0.155998
0.165001
0.155000
0.164000
0.155000
0.164999
0.155000
0.164000
0.165001
0.164000
0.155000
0.165001
0.156000
0.164000
0.155000
0.164000
0.155000
0.164000
0.155000
0.164000
0.155000
0.164000
0.155000
0.163998
0.155000
0.164000
0.155000
0.164000
0.155000
0.165001
0.155000
0.165001
0.155000
0.165001
0.155000
0.163998
0.155000
0.164000
0.155000
0.164999
0.155000
0.165001
0.155000
0.164000
0.155000
0.165001
0.155000
0.164000
0.155998
0.165001
0.155000
0.164000
0.156000
0.165001
0.156000
0.164000
0.155000
0.163998
0.155000
0.164000
0.155000
0.164000
0.155000
0.163998
0.156000
0.165001
0.155000
0.164000
0.155998
0.163998
0.155000
0.164000
0.155000
0.163998
0.155000
0.164999
0.155000
0.165001
0.155000
0.165001
0.155000
0.164000
0.156000
0.165001
0.156000
0.163998
0.156000
0.164000
0.155000
0.165001
0.155000
0.164000
0.155000
0.175001
0.156000
0.164999
0.156000
0.164000
0.155000
0.164000
0.155000
0.165001
0.155000
0.164000
0.156000
0.165001
0.155000
0.164999
0.155000
0.164000
0.156000
0.165001
0.156000
0.164000
0.155000
0.164000
0.155000
0.164999
0.155000
0.164000
0.156000
0.164999
0.155000
0.164000
0.155000
0.163998
0.155000
0.165001
0.156000
0.164000
0.155000
0.164000
0.155000
0.164000
0.155000
0.163998
0.156000
0.164999
0.156000
0.165001
0.156000
0.165001
0.156000
0.165001
0.156000
0.163998
0.155000
0.165001
0.155000
0.165001
0.156000
0.164999
0.156000
0.163998
0.155000
0.164000
0.155000
0.163998
0.155000
0.165001
0.156000
0.164999
0.155000
0.165001
0.155000
0.164000
0.155000
0.163998
0.156000
0.164999
0.155000
0.164000
0.155000
0.165001
0.155000
0.164000
0.156000
0.164000
0.188001
0.164000
0.155000
0.164000
0.156000
0.164999
0.156000
0.165001
0.155000
0.163998
0.156000
0.164000
0.155000
0.164000
0.156000
0.163998
0.156000
0.163998
0.155000
0.165001
0.155000
0.164000
0.156000
0.165001
0.155000
0.165001
0.155000
0.164000
0.156000
0.165001
0.156000
0.165001
0.155000
0.164000
0.155000
0.163998
0.155998
0.165001
0.156000
0.164000
0.155000
0.165001
0.155000
0.164000
0.155000
0.165001
0.156000
0.164000
0.155998
0.164999
0.155000
0.164000
0.156000
0.165001
0.156000
0.165001
0.155000
0.165001
0.155000
0.165001
0.155000
0.164000
0.156000
0.165001
0.155000
0.164000
0.155000
0.165001
0.155000
0.163998
0.155998
0.164000
0.156000
0.164000
0.155000
0.165001
0.155000
0.164000
0.156000
0.163998
0.156000
0.164000
0.155000
0.164000
0.155000
0.164000
0.165001
0.165001
0.156000
0.164000
0.155000
0.164000
0.155000
0.163998
0.156000
0.165001
0.155000
0.163998
0.155000
0.164000
0.155000
0.164999
0.155998
0.165001
0.155000
0.163998
0.155000
0.164999
0.155000
0.164000
0.156000
0.164000
0.155998
0.164000
0.155000
0.164000
0.155000
0.164000
0.155998
0.163998
0.155000
0.165001
0.156000
0.164000
0.155000
0.165001
0.156000
0.164000
0.155000
0.165001
0.155000
0.164000
0.155000
0.164000
0.156000
0.164000
0.155000
0.165001
0.155000
0.164000
0.155000
0.163998
0.156000
0.164000
0.155000
0.164000
0.155000
0.165001
0.155000
0.164000
0.155998
0.164000
0.155000
0.165001
0.155000
0.164999
0.155000
0.164000
0.156000
0.164999
0.155000
0.164000
0.155000
0.165001
0.155000
0.164000
0.156000
0.163998
0.155000
0.164999
0.155000
0.181999
0.155000
0.164000
0.156000
0.164000
0.155000
0.164000
0.155000
0.164000
0.155000
0.164000
0.155000
0.163998
0.154998
0.165001
0.156000
0.165001
0.155000
0.165001
0.156000
0.164000
0.155000
0.164000
0.156000
0.164999
0.155000
0.164000
0.155000
0.165001
0.155000
0.164000
0.155000
0.164000
0.156000
0.164000
0.155000
0.164000
0.155000
0.164000
0.155000
0.164000
0.155000
0.164000
0.155000
0.163998
0.155000
0.164000
0.155000
0.164999
0.155000
0.165001
0.155000
0.164999
0.155000
0.163998
0.155000
0.165001
0.155000
0.164999
0.154998
0.163998
0.155000
0.164000
0.155000
0.164000
0.155000
0.164999
0.155000
0.165001
0.155000
0.165001
0.155000
0.164000
0.156000
0.165001
0.156000
0.164000
0.155000
0.165001
0.155000
0.165001
0.155000
0.164000
0.155000
0.165001
0.164000
0.164000
0.155000
0.164000
0.155000
0.164000
0.156000
0.165001
0.156000
0.164000
0.155000
0.165001
0.155000
0.165001
0.156000
0.164000
0.156000
0.164000
0.155000
0.163998
0.155000
0.165001
0.155998
0.163998
0.156000
0.165001
0.155000
0.164000
0.156000
0.164000
0.156000
0.165001
0.155000
0.163998
0.155000
0.165001
0.156000
0.165001
0.156000
0.164000
0.155000
0.164000
0.155000
0.164000
0.156000
0.165001
0.156000
0.164999
0.155000
0.164000
0.156000
0.164000
0.155000
0.163998
0.156000
0.165001
0.155000
0.165001
0.155000
0.165001
0.155000
0.164000
0.156000
