0.786001
0.586001
0.582000
0.565000
0.577001
0.565000
0.576001
0.565000
0.573000
0.567000
0.577999
0.567000
0.577001
0.567000
0.572000
0.565000
0.570999
0.567000
0.576001
0.567000
0.573000
0.565998
0.574000
0.565002
0.574000
0.568001
0.579000
0.565000
0.573000
0.568001
0.576999
0.567999
0.572000
0.567000
0.574000
0.589000
0.576001
0.567000
0.573000
0.566000
0.574999
0.566000
0.577001
0.993000
0.576999
0.567000
0.574000
0.566000
0.573000
0.569999
0.576001
0.565998
0.574000
0.566000
0.572002
0.565000
0.573000
0.567000
0.574000
0.566000
0.575999
0.567000
0.574999
0.565000
0.574000
0.567000
0.581000
0.565000
0.575999
0.567000
0.574000
0.565000
0.577001
0.566000
0.576001
0.565000
0.577001
0.566000
0.580002
0.566000
0.573998
0.566000
0.575000
0.570999
0.574000
0.574000
0.594001
0.565000
0.574999
0.566000
0.574999
0.568001
0.575000
0.572000
0.576001
0.564002
0.577001
0.567000
0.575000
0.566000
0.579000
0.567000
0.574000
0.565000
0.574000
0.577999
0.577999
0.565002
0.575000
0.566000
0.581000
0.565002
0.575999
0.567000
0.576001
0.565000
0.577999
0.565000
0.577999
0.565000
0.577999
0.573000
0.576999
0.565000
0.577999
0.566000
0.577999
0.567000
0.599999
0.567000
0.579000
0.565000
0.576001
0.566000
0.573000
0.565000
0.573000
0.567000
0.574000
0.568001
0.577999
0.567000
0.576001
0.567999
0.578001
0.566998
0.576001
0.565000
0.573000
0.567000
0.577999
0.565000
0.577001
0.567000
0.575999
0.565000
0.573000
0.567999
0.623999
0.562999
0.574000
0.565000
0.570999
0.564002
0.576001
0.564000
0.574000
0.562999
0.575000
0.562001
0.577999
0.581000
0.575000
0.565000
0.575000
0.567000
0.576001
0.566000
0.574000
0.565000
0.579000
0.567000
0.575999
0.568001
0.576999
0.569001
0.576999
0.568001
0.574999
0.566000
0.574000
0.566000
0.577001
0.567000
0.575999
0.566000
0.575000
0.565000
0.578001
0.569999
0.575999
0.565000
0.575999
0.566000
0.574999
0.566000
0.574000
0.567000
0.577001
0.565000
0.577001
0.567000
0.580000
0.570999
0.577999
0.566000
0.580000
0.565998
0.579000
0.566000
0.577001
0.571001
0.575000
0.566000
0.575999
0.566000
0.575000
0.563001
0.577001
0.567000
0.576001
0.568001
0.577001
0.563001
0.577001
0.562999
0.576999
0.562999
0.577001
0.564000
0.575999
0.563001
0.576001
0.563001
0.576999
0.562999
0.577999
0.564000
0.576001
0.563001
0.576001
0.564000
0.576999
0.567000
0.573000
0.564000
0.584999
0.566000
0.574999
0.569001
0.575000
0.566000
0.577999
0.567000
0.575000
0.567000
0.579000
0.567000
0.576001
0.566000
0.575000
0.570001
0.574999
0.566998
0.576001
0.569001
0.576001
0.567000
0.575000
0.569001
0.577001
0.566000
0.575000
0.566000
0.576001
0.565000
0.575000
0.567000
0.576999
0.565000
0.578001
0.567000
0.577001
0.568001
0.576999
0.569001
0.576999
0.565000
0.576001
0.570999
0.576001
0.567000
0.576001
0.565000
0.576001
0.564002
0.577001
0.577001
0.574999
0.562999
0.577001
0.565000
0.577999
0.565998
0.577999
0.565000
0.575999
0.565000
0.575999
0.565000
0.575000
0.564000
0.577001
0.565000
0.576999
0.565998
0.575999
0.566998
0.575000
0.566000
0.577999
0.567000
0.574999
0.570001
0.575000
0.568001
0.574999
0.564002
0.575000
0.565000
0.575000
0.589000
0.576999
0.566000
0.576001
0.562999
0.572000
0.564000
0.575000
0.562999
0.573000
0.565000
0.573000
0.564000
0.573000
0.566000
0.574000
0.564000
0.576999
0.565000
0.575999
0.563001
0.573000
0.565000
0.573000
0.564000
0.572000
0.566000
0.574999
0.563001
0.574000
0.564002
0.575999
0.565000
0.570999
0.565000
0.574000
0.564002
0.575000
0.566000
0.572000
0.565002
0.573000
0.565000
0.598000
0.567999
0.579000
0.565000
0.576001
0.564000
0.576999
0.568001
0.576001
0.564000
0.578001
0.565000
0.580000
0.564000
0.579001
0.565000
0.574000
0.568001
0.580000
0.565000
0.576001
0.564002
0.575999
0.567999
0.575999
0.564000
0.574999
0.565000
0.575000
0.562999
0.576999
0.568999
0.574999
0.564000
0.574000
0.567000
0.579001
0.565000
0.577001
0.566000
0.577999
0.566000
0.575999
0.566998
0.573000
0.562999
0.573000
0.565000
0.574999
0.564000
0.577001
0.567000
0.574999
0.564000
0.573000
0.566000
0.578001
0.565000
0.573000
0.564000
0.577001
0.564000
0.572000
0.566000
0.575999
0.566000
0.572000
0.566998
0.574000
0.564002
0.576001
0.565998
0.574000
0.563001
0.575000
0.565000
0.572000
0.562999
0.573000
0.566000
0.575000
0.567000
0.575000
0.566000
0.574000
0.568001
0.590000
0.562001
0.573000
0.562001
0.579000
0.562001
0.573000
0.561999
0.582000
0.562001
0.577001
0.562001
0.576001
0.561999
0.574000
0.561001
0.576001
0.563001
0.577001
0.561999
0.577001
0.562999
0.575000
0.562999
0.576001
0.562001
0.573000
0.562001
0.574000
0.564000
0.577001
0.562001
0.574999
0.566000
0.577001
0.562999
0.576001
0.561999
0.575000
0.561001
0.577001
0.564000
0.598000
0.561999
0.570999
0.561999
0.571001
0.566000
0.573000
0.567000
0.572000
0.565000
0.572002
0.562999
0.572002
0.565000
0.573000
0.562999
0.574000
0.565000
0.570999
0.562999
0.570999
0.562001
0.573002
0.564000
0.572000
0.562999
0.572000
0.564000
0.576001
0.564000
0.573002
0.566000
0.573000
0.562001
0.572000
0.564000
0.573000
0.561999
0.573998
0.562001
0.573998
0.566000
0.573000
0.562001
0.576001
0.561999
0.574000
0.563001
0.574000
0.561999
0.613000
0.566000
0.575999
0.561001
0.575000
0.566000
0.573000
0.564000
0.574000
0.565000
0.575999
0.562999
0.574000
0.566000
0.573998
0.565000
0.576001
0.565000
0.576999
0.563001
0.572000
0.566000
0.577999
0.564000
0.574999
0.565000
0.578001
0.562999
0.579000
0.566000
0.573000
0.563001
0.575999
0.567000
0.574999
0.588000
0.574000
0.567000
0.577001
0.566000
0.576001
0.567999
0.576999
0.566000
0.577001
0.567000
0.577001
0.567000
0.574999
0.567000
0.575000
0.564000
0.573000
0.567000
0.573002
0.565000
0.575999
0.568001
0.579000
0.566000
0.573998
0.567000
0.575000
0.567000
0.574000
0.584999
0.577001
0.566000
0.575000
0.569001
0.576001
0.566998
0.574999
0.567000
0.576001
0.565000
0.573000
0.569001
0.576999
0.562999
0.575999
0.566998
0.576999
0.565000
0.576999
0.566000
0.577001
0.564002
0.575000
0.565000
0.575999
0.562999
0.573000
0.564002
0.575000
0.566000
0.573000
0.564000
0.573000
0.565000
0.574000
0.564002
0.572000
0.562001
0.574000
0.567000
0.574000
0.565000
0.572000
0.567000
0.573000
0.564000
0.574000
0.564000
0.573000
0.565002
0.573000
0.565000
0.573000
0.564000
0.575000
0.568999
0.575000
0.566000
0.575000
0.567000
0.629000
0.567000
0.574000
0.568999
0.577001
0.566000
0.573000
0.895001
0.576001
0.567999
0.577999
0.566000
0.574999
0.566000
0.575000
0.566000
0.574000
0.566000
0.576999
0.565000
0.574000
0.568999
0.576001
0.566000
0.576999
0.567000
0.576001
0.565000
0.576999
0.567000
0.578001
0.565000
0.574999
0.566000
0.575000
0.566000
0.576999
0.585001
0.575000
0.564000
0.575000
0.565000
0.577999
0.565000
0.572000
0.566000
0.574000
0.564002
0.574000
0.565000
0.574000
0.566998
0.575000
0.566000
0.574999
0.565002
0.576001
0.566000
0.574999
0.565000
0.572002
0.566998
0.574999
0.566000
0.574000
0.565002
0.577001
0.566998
0.577001
0.567000
0.578001
0.567000
0.573000
0.566000
0.574000
0.565000
0.581000
0.583000
0.576001
0.566000
0.844000
0.565000
0.574000
0.567000
0.573000
0.566000
0.574000
0.566000
0.574000
0.565000
0.574999
0.566000
0.575000
0.567000
0.577001
0.566000
0.578001
0.569999
0.577999
0.565000
0.576999
0.566000
0.573000
0.564000
0.576999
0.565000
0.575999
0.564000
0.574000
0.565000
0.576001
0.565000
0.578001
0.566000
0.576001
0.564000
0.574000
0.569001
0.576001
0.565000
0.573000
0.566000
0.580000
0.570999
0.573000
0.565000
0.573000
0.565000
0.574999
0.566000
0.575000
0.565000
0.572002
0.566000
0.574000
0.566000
0.573002
0.566000
0.574000
0.564000
0.573000
0.565000
0.574000
0.565002
0.572000
0.566000
0.579000
0.567000
0.575999
0.566000
0.576001
0.564000
0.575000
0.566000
0.574000
0.565002
0.573998
0.568001
0.576001
0.564002
0.574000
0.565000
0.573998
0.565000
0.575000
0.569999
0.573998
0.565000
0.575000
0.564000
0.575000
0.566000
0.574999
0.565000
0.575000
0.565000
0.591001
0.566000
0.574000
0.565000
0.575999
0.562001
0.574000
0.560001
0.578001
0.565000
0.574999
0.565000
0.573000
0.567000
0.581000
0.565000
0.574000
0.567000
0.581000
0.567999
0.577001
0.567000
0.580002
0.569001
0.574999
0.569001
0.577001
0.566000
0.576999
0.568001
0.577999
0.566000
0.581998
0.565002
0.572000
0.565000
0.575000
0.566000
0.576001
0.566000
0.575000
0.567999
0.577999
0.569001
0.574000
0.567999
0.576001
0.566000
0.579000
0.567000
0.574999
0.567000
0.578001
0.562999
0.576999
0.567000
0.576001
0.565000
0.573000
0.565000
0.579001
0.567000
0.574999
0.566000
0.576999
0.568999
0.576999
0.565000
0.576001
0.567000
0.576001
0.565000
0.576999
0.568999
0.576999
0.585001
0.574000
0.565000
0.572000
0.583000
0.574000
0.564000
0.576001
0.563001
0.578001
0.565000
0.574000
0.565000
0.575000
0.565000
0.574999
0.564000
0.573000
0.567000
0.577999
0.565000
0.575999
0.566000
0.574000
0.566000
0.574000
0.566000
0.575999
0.566000
0.574000
0.565000
0.574000
0.565000
0.574000
0.564000
0.574000
0.567000
0.574000
0.565000
0.576001
0.566000
0.574000
0.724999
0.572000
0.563001
0.573998
0.576001
0.575000
0.565000
0.573000
0.565000
0.578001
0.566000
0.574999
0.565000
0.573000
0.563001
0.575000
0.565000
0.575999
0.568999
