6.634000
6.769001
6.656000
6.732000
6.654000
6.649000
6.761000
6.716000
6.805000
6.645000
6.645000
6.626000
6.647999
6.636000
6.668000
6.667000
6.713000
6.644000
6.666000
6.643999
6.647000
6.666000
6.723000
6.667000
6.688000
6.664000
6.664000
6.685999
6.685000
6.695000
6.651000
6.687000
6.661000
6.697000
6.650000
6.649000
6.664000
6.645001
6.712000
6.666000
6.667000
6.663000
6.693000
6.681999
6.665001
6.642000
6.645000
6.667000
6.682999
6.684000
6.662000
6.684000
6.687000
6.682000
6.686000
6.664000
6.665001
6.664000
6.682000
6.685000
6.694000
6.682000
6.785000
6.758000
6.714000
6.810999
6.770000
6.796001
6.698000
6.742001
6.698000
6.720000
6.681999
6.683000
6.702000
6.684000
6.684000
6.713999
6.686999
6.681000
6.717000
6.683000
6.736000
6.691000
6.695000
6.692000
6.667000
6.700000
6.684000
6.667000
6.704000
6.670000
6.673000
6.684000
6.666000
6.674000
6.666999
6.665000
6.705000
6.677999
6.684001
6.667000
6.684001
6.699000
6.701000
6.705000
6.700999
6.673000
6.682000
6.686000
6.695000
6.681000
6.801000
6.740000
6.665000
6.644000
6.642000
6.666000
6.629000
6.702000
6.683000
6.661000
6.659999
6.651999
6.664000
6.685000
6.628999
6.612999
6.610000
6.670000
6.628999
6.613000
6.611001
6.611000
6.610000
6.628999
6.645000
6.628999
6.610001
6.623000
6.628000
6.611001
6.610001
6.645001
6.610001
6.625000
6.611001
6.611000
6.623000
6.627000
6.636000
6.626000
6.612000
6.634000
6.626001
6.628999
6.657000
6.711000
6.666999
6.649001
6.648000
6.631000
6.628000
6.612000
6.662000
6.628000
6.629000
6.655000
6.819000
6.658000
6.647999
6.662999
6.689000
6.684000
6.695000
6.665001
6.698000
6.680000
6.636000
6.676000
6.651000
6.636000
6.645001
6.646000
6.651000
6.628999
6.644000
6.633000
6.656000
6.649000
6.628000
6.632000
6.638000
6.651999
6.645000
6.646000
6.630000
6.628999
6.651000
6.628999
6.639000
6.653000
6.628000
6.647000
6.669000
6.645000
6.639000
6.640000
6.712000
6.650000
6.640000
6.628999
6.629000
6.629000
6.669000
6.654001
6.677000
6.661000
6.648000
6.693000
6.648000
6.651000
6.647000
6.665000
6.646000
6.628000
6.670000
6.669000
6.646000
6.665000
6.726000
6.664000
6.650001
6.631000
6.628999
6.628999
6.646000
6.651000
6.662000
6.662000
6.648000
6.648000
6.692001
6.647000
6.655000
6.646000
6.650000
6.647999
6.668000
6.631000
6.666000
6.647999
6.650000
6.744999
6.651000
6.670000
6.664000
6.669000
6.667000
6.669999
6.646000
6.648000
6.650000
6.646000
6.645001
6.633000
6.643000
6.653001
6.855000
6.643000
6.649000
6.692000
6.647000
6.651000
6.646000
6.663000
6.644000
6.645001
6.639000
6.660000
6.646001
6.645000
6.638001
6.646000
6.652000
6.641000
6.661000
6.643999
6.645000
6.628000
6.631000
6.645000
6.628999
6.648000
6.628999
6.633000
6.650999
6.631000
6.610000
6.651000
6.627999
6.628000
6.628000
6.630000
6.646000
6.631000
6.645001
6.640000
6.642000
6.642001
6.620000
6.631000
6.631000
6.651999
6.627000
6.640000
6.628000
6.757000
6.690000
6.680000
6.647000
6.674999
6.647000
6.649001
6.644000
6.688001
6.648000
6.655999
6.647000
6.680000
6.646000
6.645000
6.679000
6.649001
6.662000
6.666000
6.654000
6.645001
6.776000
6.679000
6.678000
6.670999
6.658000
6.662999
6.678999
6.664000
6.672000
6.665000
6.660000
6.676001
6.646000
6.664000
6.659000
6.668000
6.662000
6.680000
6.647000
6.662999
6.661000
6.650000
6.669001
6.647000
6.661000
6.649001
6.680000
6.647000
6.690000
6.666000
6.693000
6.676001
6.660000
6.669001
6.670000
6.664000
6.649001
6.662001
6.666000
6.647999
6.647000
6.667000
6.645001
6.662000
6.666000
6.668000
6.651000
6.646000
6.650001
6.647999
6.647000
6.664000
6.647000
6.649000
6.657000
6.647000
6.649000
6.671000
6.647000
6.663000
6.711000
6.630000
6.629000
6.628000
6.672001
6.665000
6.630001
6.648000
6.661000
6.629000
6.645001
6.652000
6.649000
6.663000
6.649001
6.647000
6.638000
6.648000
6.646999
6.700001
6.649000
6.647000
6.650000
6.692000
6.647999
6.683000
6.722000
6.732999
6.647999
6.665000
6.647999
6.649001
6.670999
6.645001
6.636000
6.631000
6.637000
6.644000
6.628999
6.667000
6.664000
6.650000
6.649000
6.647000
6.657000
6.650000
6.664000
6.666000
6.654000
6.665001
6.649000
6.658000
6.688001
6.665001
6.650000
6.628999
6.628000
6.628000
6.627000
6.630001
6.628000
6.663000
6.627999
6.628999
6.627999
6.627000
6.629000
6.630000
6.630000
6.628000
6.630000
6.629000
6.627999
6.628999
6.630001
6.631001
6.662000
6.656000
6.659000
6.660000
6.647000
6.647999
6.646001
6.645000
6.644000
6.646000
6.647000
6.647999
6.660000
6.660000
6.646999
6.648000
6.647000
6.681999
6.646000
6.646001
6.646000
6.646000
6.695000
6.647000
6.654000
6.648000
6.645001
6.657001
6.647000
6.648000
6.647000
6.646000
6.667000
6.648000
6.647000
6.742000
6.685000
6.645000
6.641001
6.642000
6.641000
6.665000
6.642001
6.644000
6.640000
6.637000
6.628999
6.648000
6.768000
6.672000
6.630000
6.680001
6.631000
6.634001
6.628999
6.632000
6.632000
6.655000
6.651000
6.630001
6.630001
6.632000
6.630000
6.675000
6.631000
6.635000
6.630000
6.641001
6.664000
6.647000
6.611000
6.629000
6.639000
6.630000
6.642000
6.651000
6.632000
6.628000
6.631000
6.644000
6.634000
6.630001
6.628999
6.629000
6.630000
6.634000
6.629000
6.630000
6.635000
6.637000
6.630000
6.634000
6.636000
6.630001
6.629000
6.630001
6.652000
6.631000
6.630000
6.631000
6.631000
6.652000
6.628999
6.628000
6.632000
6.643000
6.642000
6.654000
6.629000
6.644000
6.630001
6.629000
6.630000
6.649000
6.632000
6.628999
6.630000
6.647000
6.630000
6.629000
6.781000
6.694000
6.647999
6.674000
6.647000
6.628999
6.628000
6.655999
6.630000
6.669000
6.628999
6.646000
6.628000
6.649001
6.628000
6.633000
6.641000
6.661001
6.675000
6.710000
6.666000
6.666000
6.648000
6.678000
6.677000
6.668000
6.649000
6.697000
6.684000
6.664000
6.659000
6.654000
6.646000
6.651000
6.645000
6.650000
6.681001
6.669000
6.661000
6.670000
6.628999
6.646000
6.631000
6.629000
6.628999
6.631000
6.661000
6.676001
6.678000
6.674000
6.645001
6.636000
6.629000
6.628999
6.647999
6.632000
6.628000
6.630001
6.637000
6.678000
6.629000
6.642999
6.630000
6.665000
6.629000
6.644000
6.630001
6.628000
6.628999
6.629000
6.629000
6.631999
6.630000
6.628000
6.629000
6.632000
6.664000
6.630001
6.635999
6.628000
6.630001
6.648000
6.629000
6.634001
6.630000
6.642000
6.722000
6.712000
6.669001
6.638000
6.629000
6.674000
6.667000
6.668000
6.661000
6.649000
6.658000
6.645001
6.645000
6.649001
6.669000
6.651000
6.630000
6.628999
6.630000
6.628999
6.630000
6.630000
6.628000
6.631000
6.642000
6.651000
6.666000
6.647000
6.650000
6.668000
6.661001
6.646000
6.649000
6.674999
6.647000
6.680001
6.687000
6.682000
6.640000
6.642000
6.642001
6.647000
6.641001
6.643000
6.641000
6.649001
6.641000
6.738000
6.674999
6.663000
6.646000
6.628999
6.646000
6.628000
6.627000
6.661001
6.630000
6.628000
6.628000
6.631000
6.689000
6.645001
6.664000
6.658999
6.640000
6.647000
6.659999
6.639000
6.674999
6.654001
6.642000
6.685000
6.666000
6.637000
6.659999
6.639000
6.665001
6.662000
6.645001
6.622001
6.612000
6.642000
6.663000
6.646000
6.642000
6.747999
6.650999
6.650999
6.647000
6.631000
6.647000
6.630000
6.656000
6.648000
6.647000
6.631000
6.628000
6.664000
6.658000
6.686000
6.641000
6.645000
6.661001
6.632000
6.630001
6.666000
6.627999
6.628000
6.641001
6.630000
6.642000
6.643000
6.662999
6.630000
6.624999
6.647000
6.665000
6.629000
6.643000
6.631000
6.627000
6.628000
6.659999
6.663000
6.694000
6.662000
6.647000
6.611000
6.610000
6.611000
6.631000
6.626000
6.610001
6.643000
6.643000
6.664000
6.610000
6.626001
6.629000
6.640000
6.662000
6.648000
6.662999
6.677000
6.707000
6.646000
6.647000
6.648000
6.662000
6.665000
6.681000
6.647000
6.682000
6.661000
6.705000
6.646000
6.646000
6.646000
6.648000
6.659999
6.645000
6.655999
6.662000
6.680001
6.657000
6.659999
6.646000
6.682999
6.645001
6.648000
6.744999
6.662000
6.659999
6.649001
6.651000
6.682000
6.680000
6.641000
6.661000
6.630000
6.642000
6.645001
6.610001
6.611000
6.628999
6.642000
6.642000
6.661000
6.635000
6.629000
6.610001
6.633000
6.633000
6.613000
6.623000
6.638000
6.623000
6.626000
6.624999
6.664000
6.628000
6.686000
6.635000
6.658999
6.639000
6.654999
6.638000
6.645001
6.635999
6.646000
6.636000
6.646001
6.652000
6.645000
6.618000
6.627000
6.651000
6.648000
6.635000
6.645001
6.645000
6.641000
6.656000
6.627999
6.627000
6.642000
6.640000
6.644000
6.643000
6.631000
6.631000
6.626001
6.612000
6.668000
6.628000
6.643000
6.630000
6.645000
6.628999
6.630001
6.612000
6.625000
6.610001
6.626001
6.625000
6.612000
6.626001
6.630001
6.623000
6.624999
6.610000
6.810000
6.691000
6.611000
6.655000
6.624000
6.653000
6.641001
6.654000
6.625000
6.619000
6.624000
6.628000
6.626001
6.611000
6.636000
6.630001
6.647000
6.632000
6.640000
6.665001
6.631000
6.610001
6.610000
6.645001
6.629000
6.643000
6.639000
6.638000
6.657000
6.632000
6.626000
6.624999
6.624000
6.641001
6.623999
6.639000
6.640000
6.623001
6.626001
6.630000
6.692000
6.647000
6.663000
6.661000
6.662999
6.646000
6.662000
6.662000
6.637000
6.647999
6.670999
6.661000
6.646000
6.677000
6.647000
6.646000
6.664000
6.647999
6.650000
6.664000
6.648000
6.647000
6.630001
6.645000
6.661000
6.648000
6.657001
6.662000
6.646000
