2.000000
2.120000
2.020000
2.120000
2.000000
2.080000
2.000000
2.100000
1.960000
2.100000
1.960000
2.100000
1.960000
2.100000
1.980000
2.100000
1.980000
2.100000
1.980000
2.260000
1.980000
2.160000
1.960000
2.120000
1.980000
2.100000
1.960000
2.080000
1.960000
2.080000
1.940000
2.120000
2.020000
2.080000
1.960000
2.180000
1.980000
2.080000
1.960000
2.080000
2.020000
2.080000
1.980000
2.100000
2.000000
2.100000
1.980000
2.120000
2.000000
2.120000
2.000000
2.080000
1.940000
2.100000
2.040000
2.080000
2.020000
2.100000
2.000000
2.120000
1.960000
2.080000
2.060000
2.280000
1.960000
2.080000
1.940000
2.100000
1.960000
2.080000
2.000000
2.080000
1.980000
2.080000
1.980000
2.080000
1.980000
2.040000
1.960000
2.080000
1.960000
2.100000
2.020000
2.080000
1.980000
2.060000
1.980000
2.100000
1.980000
2.100000
1.960000
2.100000
1.980000
2.120000
1.960000
2.060000
1.980000
2.080000
2.000000
2.100000
2.020000
2.080000
1.980000
2.080000
2.000000
2.040000
1.980000
2.120000
1.980000
2.060000
1.980000
2.060000
1.960000
2.080000
1.960000
2.100000
1.980000
2.100000
1.960000
2.100000
1.980000
2.080000
1.980000
2.060000
1.980000
2.080000
1.980000
2.100000
1.980000
2.100000
1.980000
2.100000
1.980000
2.120000
2.000000
2.120000
1.980000
2.100000
1.940000
2.120000
1.960000
2.100000
1.960000
2.120000
1.960000
2.060000
1.980000
2.100000
2.000000
2.100000
2.020000
2.080000
1.980000
2.060000
1.960000
2.100000
1.980000
2.100000
1.980000
2.100000
1.940000
2.100000
1.980000
2.080000
2.000000
2.140000
1.980000
2.100000
1.980000
2.100000
1.960000
2.080000
1.960000
2.080000
1.960000
2.080000
1.960000
2.120000
1.960000
2.100000
1.960000
2.060000
1.980000
2.160000
1.960000
2.120000
1.980000
2.100000
2.000000
2.100000
1.960000
2.120000
1.940000
2.100000
1.960000
2.120000
2.040000
2.080000
2.000000
2.120000
1.980000
2.120000
1.960000
2.080000
2.000000
2.120000
1.980000
2.100000
1.980000
2.100000
2.000000
2.100000
2.000000
2.100000
1.940000
2.120000
1.960000
2.100000
1.940000
2.080000
1.980000
2.120000
1.980000
2.100000
1.980000
2.120000
2.000000
2.100000
2.000000
2.080000
2.000000
2.100000
1.980000
2.100000
1.980000
2.120000
2.020000
2.100000
1.960000
2.100000
2.080000
2.100000
1.980000
2.140000
1.980000
2.080000
1.940000
2.080000
1.980000
2.080000
1.980000
2.100000
1.980000
2.100000
2.000000
2.100000
1.980000
2.100000
1.980000
2.100000
2.000000
2.100000
1.960000
2.140000
1.980000
2.100000
1.980000
2.100000
1.960000
2.120000
1.980000
2.080000
1.980000
2.160000
1.960000
2.100000
2.000000
2.080000
1.960000
2.100000
1.980000
2.080000
1.960000
2.120000
1.960000
2.060000
1.980000
2.120000
1.980000
2.080000
1.960000
2.080000
2.000000
2.100000
1.960000
2.100000
2.000000
2.100000
1.980000
2.080000
1.940000
2.060000
2.020000
2.100000
1.960000
2.100000
1.980000
2.100000
2.000000
2.100000
1.980000
2.120000
1.980000
2.100000
1.960000
2.100000
1.980000
2.120000
1.960000
2.120000
1.980000
2.100000
1.980000
2.060000
1.980000
2.100000
2.000000
2.120000
1.980000
2.100000
2.060000
2.120000
2.000000
2.080000
1.960000
2.100000
1.980000
2.080000
2.000000
2.080000
1.980000
2.100000
1.980000
2.040000
1.980000
2.100000
1.980000
2.120000
2.000000
2.100000
2.140000
2.080000
1.980000
2.180000
1.980000
2.060000
1.960000
2.100000
2.000000
2.100000
1.960000
2.100000
1.980000
2.140000
1.960000
2.080000
2.000000
2.080000
1.960000
2.100000
2.140000
2.100000
1.960000
2.120000
1.980000
2.080000
1.960000
2.160000
1.960000
2.140000
1.980000
2.160000
2.000000
2.140000
2.000000
2.120000
2.000000
2.080000
2.000000
2.080000
1.980000
2.180000
2.000000
2.140000
2.000000
2.120000
2.020000
2.080000
1.980000
2.120000
1.960000
2.120000
1.960000
2.140000
1.940000
2.080000
1.960000
2.080000
2.020000
2.100000
1.960000
2.100000
1.980000
2.120000
1.980000
2.080000
2.000000
2.100000
2.000000
2.100000
2.080000
2.080000
1.980000
2.180000
1.960000
2.100000
1.980000
2.080000
2.000000
2.080000
1.980000
2.080000
1.940000
2.120000
1.960000
2.100000
2.040000
2.080000
1.940000
2.100000
1.980000
2.120000
1.980000
2.080000
1.960000
2.100000
2.020000
2.120000
1.980000
2.100000
1.980000
2.100000
1.980000
2.100000
2.000000
2.080000
2.000000
2.100000
1.980000
2.120000
2.000000
2.100000
2.000000
2.100000
1.980000
2.900000
1.960000
2.080000
1.980000
2.080000
1.980000
2.100000
1.980000
2.120000
1.960000
2.120000
2.020000
2.120000
1.980000
2.140000
1.980000
2.100000
1.980000
2.080000
2.000000
2.100000
1.980000
2.100000
1.980000
2.080000
2.000000
2.080000
2.000000
2.100000
1.980000
2.100000
2.000000
2.080000
1.980000
2.100000
1.940000
2.100000
1.980000
2.100000
2.060000
2.100000
1.980000
2.100000
1.980000
2.080000
2.000000
2.120000
1.960000
2.120000
1.980000
2.140000
1.980000
2.080000
2.000000
2.120000
1.980000
2.100000
1.980000
2.140000
2.020000
2.140000
1.960000
2.100000
1.960000
2.100000
1.980000
2.140000
1.980000
2.100000
1.980000
2.100000
1.980000
2.120000
2.200000
2.100000
2.000000
2.100000
2.000000
2.080000
1.980000
2.100000
1.980000
2.120000
1.980000
2.180000
1.980000
2.140000
1.960000
2.100000
2.000000
2.080000
1.980000
2.080000
1.980000
2.080000
1.980000
2.080000
1.980000
2.120000
2.000000
2.100000
2.000000
2.120000
2.000000
2.100000
1.960000
2.100000
1.980000
2.120000
2.000000
2.080000
2.000000
2.100000
1.960000
2.100000
1.980000
2.100000
2.000000
2.120000
1.960000
2.100000
2.020000
2.120000
1.980000
2.120000
1.980000
2.100000
2.020000
2.120000
1.940000
2.100000
2.000000
2.100000
1.980000
2.120000
1.980000
2.100000
1.960000
2.080000
1.940000
2.080000
2.000000
2.120000
1.960000
2.080000
1.980000
2.100000
1.960000
2.120000
1.980000
2.080000
2.000000
2.100000
2.020000
2.120000
1.960000
2.080000
1.960000
2.080000
1.960000
2.120000
1.960000
2.100000
1.980000
2.120000
1.980000
2.140000
1.980000
2.080000
1.940000
2.080000
1.980000
2.100000
1.960000
2.160000
1.980000
2.060000
1.980000
2.140000
1.960000
2.100000
2.020000
2.140000
1.980000
2.120000
1.960000
2.100000
1.960000
2.100000
2.000000
2.080000
1.980000
2.120000
1.960000
2.100000
1.960000
2.120000
1.940000
2.060000
2.220000
2.100000
1.960000
2.120000
1.960000
2.100000
2.020000
2.080000
2.000000
2.080000
2.000000
2.100000
2.000000
2.120000
1.980000
2.080000
1.980000
2.260000
1.960000
2.100000
2.300000
2.160000
1.960000
2.100000
1.960000
2.120000
2.020000
2.100000
2.000000
2.100000
1.980000
2.140000
1.980000
2.200000
2.120000
2.220000
2.000000
2.100000
2.000000
2.080000
1.960000
2.080000
1.960000
2.080000
1.980000
2.120000
1.980000
2.080000
2.000000
2.100000
2.000000
2.100000
1.980000
2.120000
1.980000
2.100000
1.900000
2.100000
2.000000
2.080000
2.000000
2.040000
1.960000
2.100000
1.980000
2.120000
2.020000
2.120000
1.980000
2.140000
1.960000
2.080000
1.920000
2.100000
1.980000
2.100000
1.980000
2.120000
1.960000
2.120000
2.020000
2.120000
1.960000
2.100000
1.980000
2.100000
2.000000
2.140000
1.960000
2.080000
2.040000
2.120000
2.000000
2.120000
1.980000
2.120000
2.000000
2.100000
2.000000
2.100000
1.960000
2.120000
1.980000
2.120000
1.980000
2.100000
2.060000
2.120000
1.980000
2.100000
1.980000
2.080000
1.960000
2.100000
1.980000
2.100000
1.980000
2.080000
1.960000
2.120000
1.960000
2.080000
1.980000
2.100000
1.960000
2.120000
1.980000
2.100000
2.000000
2.100000
1.980000
2.100000
2.000000
2.100000
1.980000
2.080000
1.980000
2.100000
1.980000
2.120000
1.980000
2.080000
2.000000
2.100000
1.960000
2.080000
2.000000
2.120000
1.960000
2.120000
1.980000
2.060000
1.980000
2.080000
1.980000
2.120000
1.980000
2.100000
1.960000
2.120000
1.980000
2.120000
2.000000
2.080000
1.960000
2.120000
1.960000
2.100000
1.960000
2.140000
2.000000
2.120000
2.000000
2.100000
2.000000
2.080000
1.980000
2.100000
1.980000
2.100000
1.960000
2.100000
1.980000
2.120000
2.000000
2.100000
2.100000
2.180000
1.980000
2.100000
1.980000
2.080000
1.980000
2.120000
2.000000
2.160000
2.060000
2.120000
1.980000
2.120000
1.960000
2.100000
1.980000
2.120000
2.060000
2.100000
1.980000
2.100000
2.000000
2.100000
1.960000
2.140000
2.000000
2.100000
1.980000
2.080000
1.980000
2.100000
2.060000
2.080000
1.980000
2.080000
2.020000
2.160000
2.000000
2.100000
2.120000
2.140000
1.980000
2.140000
1.980000
2.100000
1.960000
2.080000
1.980000
2.100000
1.980000
2.120000
1.960000
2.100000
1.960000
2.040000
1.980000
2.100000
1.980000
2.060000
1.980000
2.100000
1.960000
2.060000
1.980000
2.100000
2.000000
2.120000
1.980000
2.100000
1.960000
2.100000
1.980000
2.120000
1.980000
2.120000
2.060000
2.100000
2.000000
2.100000
1.980000
2.120000
1.980000
2.100000
1.980000
2.080000
2.020000
2.080000
1.960000
2.100000
1.960000
2.080000
1.980000
2.080000
1.960000
2.100000
1.940000
2.100000
1.980000
2.120000
1.960000
2.140000
1.960000
2.080000
1.980000
2.120000
1.980000
2.120000
2.000000
2.100000
1.980000
2.080000
2.000000
2.140000
1.980000
2.080000
1.980000
2.140000
1.980000
2.100000
1.980000
2.100000
2.000000
2.100000
1.980000
2.080000
1.940000
2.080000
1.980000
2.140000
1.980000
2.100000
1.980000
2.120000
1.960000
2.080000
1.960000
2.080000
1.960000
2.100000
1.980000
2.120000
2.000000
2.140000
1.960000
2.280000
2.000000
2.120000
1.960000
2.140000
