470.959000
465.968000
472.965000
462.006000
473.827000
470.132000
483.622000
469.613000
471.277000
471.065000
469.695000
467.960000
472.535000
469.458000
471.365000
472.389000
472.978000
467.667000
471.178000
470.981000
471.488000
463.760000
470.611000
471.184000
471.290000
469.626000
467.896000
470.193000
462.483000
453.416000
462.179000
472.633000
471.489000
472.188000
458.975000
468.733000
469.838000
470.108000
469.864000
470.558000
479.127000
469.842000
467.762000
472.079000
470.178000
470.060000
469.742000
462.502000
464.758000
464.417000
471.041000
470.775000
474.207000
462.242000
468.930000
470.800000
469.713000
472.476000
471.209000
469.751000
455.397000
472.509000
469.276000
469.596000
466.892000
470.109000
472.223000
471.567000
469.311000
470.997000
470.149000
463.426000
469.785000
469.347000
471.266000
472.274000
473.061000
470.988000
470.797000
471.127000
473.105000
470.779000
470.236000
474.199000
472.437000
473.006000
464.512000
469.146000
464.335000
471.457000
471.129000
473.154000
471.592000
468.714000
470.847000
472.307000
469.403000
464.207000
463.857000
472.727000
472.250000
472.108000
471.836000
472.297000
470.538000
462.797000
472.957000
471.192000
471.357000
470.514000
472.311000
467.947000
465.388000
463.342000
470.104000
464.640000
470.518000
470.927000
472.397000
464.157000
469.650000
461.760000
470.679000
477.566000
457.567000
470.252000
478.114000
468.733000
468.904000
462.490000
468.094000
464.465000
469.330000
472.023000
464.591000
469.672000
471.884000
463.421000
463.080000
463.556000
472.175000
472.418000
471.443000
460.876000
470.468000
465.119000
469.852000
466.274000
470.450000
463.497000
470.139000
469.828000
471.111000
470.390000
464.212000
463.817000
472.473000
468.950000
471.428000
471.191000
477.149000
470.325000
468.715000
463.255000
469.983000
471.637000
465.615000
467.853000
464.716000
472.356000
463.184000
469.059000
459.690000
470.870000
470.571000
469.979000
471.437000
469.610000
471.453000
472.085000
470.279000
466.055000
472.796000
468.480000
472.143000
470.916000
481.371000
468.821000
469.459000
468.133000
471.840000
469.580000
463.903000
469.607000
471.718000
471.793000
470.291000
472.265000
472.567000
464.471000
470.593000
471.758000
471.286000
472.489000
473.500000
470.141000
463.732000
463.206000
469.157000
463.116000
469.221000
472.498000
471.346000
470.527000
472.407000
470.435000
470.237000
461.342000
470.359000
471.030000
471.009000
462.730000
463.463000
471.347000
469.289000
462.031000
471.105000
469.900000
461.635000
472.965000
470.629000
470.474000
472.352000
470.303000
466.864000
472.703000
463.621000
464.864000
471.290000
473.139000
466.080000
471.344000
468.932000
462.626000
462.157000
470.377000
471.568000
462.831000
469.109000
471.140000
471.772000
469.878000
464.122000
469.948000
455.051000
469.162000
472.745000
469.838000
469.806000
468.873000
472.724000
469.818000
467.957000
465.001000
471.770000
463.584000
471.875000
462.943000
469.263000
469.219000
470.238000
469.911000
471.713000
466.545000
471.522000
472.953000
469.526000
463.182000
465.014000
471.635000
471.333000
472.480000
470.303000
472.086000
471.197000
465.333000
460.967000
467.608000
468.165000
469.987000
470.909000
469.339000
464.646000
472.012000
469.847000
473.056000
472.483000
471.800000
470.418000
461.116000
468.711000
470.486000
470.013000
471.257000
471.226000
462.704000
471.440000
470.828000
470.207000
470.225000
473.392000
470.916000
466.004000
470.997000
471.280000
470.986000
469.950000
469.966000
464.121000
469.769000
470.455000
472.534000
471.488000
469.824000
467.755000
469.375000
464.903000
467.090000
472.598000
472.134000
472.115000
472.046000
464.069000
468.496000
469.586000
471.645000
471.292000
468.901000
471.524000
473.021000
471.524000
469.843000
462.373000
470.610000
472.338000
469.248000
463.274000
466.029000
470.531000
469.493000
472.121000
470.365000
469.363000
471.838000
461.225000
470.154000
462.925000
470.368000
470.494000
467.945000
469.465000
462.846000
472.894000
464.725000
472.387000
470.512000
470.117000
465.523000
470.912000
467.619000
470.167000
471.584000
471.513000
463.659000
463.581000
472.225000
469.382000
470.117000
469.351000
471.763000
470.709000
463.568000
469.435000
470.637000
472.183000
464.675000
470.804000
472.702000
469.428000
462.915000
470.686000
462.102000
468.924000
469.163000
470.336000
469.368000
469.915000
470.923000
471.067000
470.940000
468.689000
471.717000
470.840000
472.172000
469.920000
468.594000
469.921000
471.259000
462.344000
470.691000
470.225000
472.369000
466.118000
464.928000
463.342000
469.843000
470.646000
470.222000
470.445000
470.050000
468.464000
473.186000
463.224000
468.067000
472.576000
470.578000
463.693000
472.428000
468.963000
471.555000
468.705000
469.121000
469.984000
468.879000
473.081000
470.878000
472.715000
470.682000
469.811000
470.831000
465.455000
470.128000
473.364000
471.548000
471.644000
468.938000
472.023000
471.835000
470.309000
469.480000
469.873000
471.234000
471.324000
470.415000
470.945000
470.212000
469.986000
471.024000
469.635000
471.533000
463.699000
472.237000
469.307000
473.480000
469.158000
469.488000
472.355000
469.089000
470.338000
469.577000
472.241000
469.195000
470.686000
465.548000
464.944000
474.286000
471.546000
456.759000
471.725000
462.881000
471.995000
464.695000
464.424000
473.538000
473.455000
471.580000
469.035000
472.296000
468.912000
469.716000
464.952000
461.035000
472.398000
461.851000
463.164000
464.898000
472.249000
464.927000
465.282000
461.127000
463.019000
465.577000
468.363000
471.488000
472.931000
469.520000
470.499000
472.097000
474.839000
465.870000
471.794000
466.401000
465.723000
462.522000
464.645000
465.488000
466.710000
464.469000
469.544000
472.170000
467.412000
470.023000
468.769000
469.495000
473.586000
468.193000
463.107000
464.414000
470.950000
471.085000
459.714000
463.111000
465.452000
464.465000
470.354000
470.828000
468.896000
471.047000
462.629000
464.542000
467.899000
465.916000
469.987000
469.036000
469.508000
461.707000
470.055000
471.477000
470.231000
469.737000
472.209000
462.745000
461.947000
471.475000
462.665000
471.421000
465.932000
471.088000
468.244000
472.271000
464.097000
469.393000
459.061000
470.699000
477.717000
463.303000
471.764000
471.092000
470.131000
464.647000
473.721000
469.354000
468.456000
473.675000
472.464000
471.160000
462.828000
469.933000
471.965000
470.529000
469.742000
471.875000
471.296000
469.088000
464.309000
465.242000
470.625000
469.704000
464.433000
469.349000
471.144000
468.896000
464.605000
469.984000
469.382000
469.707000
471.805000
470.166000
469.177000
466.280000
463.743000
469.566000
464.836000
470.425000
457.680000
471.940000
470.119000
470.621000
469.893000
463.639000
472.366000
470.080000
464.326000
470.857000
470.200000
477.831000
463.970000
463.137000
469.136000
470.775000
471.117000
470.643000
466.366000
462.267000
471.072000
470.576000
469.793000
465.235000
468.481000
463.657000
472.362000
469.176000
472.816000
469.889000
471.313000
464.246000
471.170000
471.864000
467.061000
464.297000
463.446000
462.918000
463.187000
469.408000
470.644000
471.747000
469.028000
473.356000
470.214000
470.601000
472.468000
471.997000
471.819000
470.031000
471.987000
473.441000
472.226000
471.705000
465.736000
472.151000
469.999000
470.296000
469.499000
456.755000
468.276000
471.709000
470.928000
470.914000
463.477000
460.561000
468.626000
471.665000
472.079000
461.427000
469.961000
467.209000
469.287000
470.491000
474.597000
468.296000
461.452000
471.137000
466.738000
472.547000
473.408000
469.286000
470.898000
470.632000
470.058000
463.447000
462.569000
470.979000
470.283000
468.798000
469.717000
470.924000
470.392000
472.297000
477.936000
476.324000
473.271000
472.103000
472.352000
468.963000
470.729000
469.911000
469.119000
462.181000
470.179000
468.721000
468.910000
472.013000
469.512000
472.076000
470.736000
472.090000
472.401000
468.614000
461.984000
466.530000
470.416000
473.659000
465.317000
472.772000
471.835000
470.788000
471.507000
464.927000
465.351000
467.638000
471.031000
470.618000
474.085000
466.753000
465.745000
474.422000
472.473000
469.515000
470.610000
470.851000
471.713000
465.752000
472.368000
463.403000
465.620000
472.583000
472.670000
473.509000
480.771000
470.280000
473.762000
467.115000
476.411000
481.159000
484.640000
481.217000
479.758000
482.280000
476.189000
473.222000
478.000000
477.908000
475.956000
466.314000
480.242000
475.986000
479.810000
467.282000
470.238000
474.011000
478.393000
472.650000
474.869000
478.832000
478.406000
469.334000
474.636000
479.039000
469.588000
465.999000
467.993000
462.961000
477.764000
472.565000
471.295000
471.088000
473.947000
474.564000
474.671000
477.381000
472.269000
472.055000
465.917000
467.052000
473.962000
470.952000
462.946000
471.860000
463.641000
469.320000
465.994000
462.626000
469.843000
471.980000
470.123000
470.540000
470.492000
472.528000
481.412000
470.491000
467.586000
473.720000
471.753000
463.233000
461.430000
468.032000
472.719000
472.262000
470.771000
471.758000
470.918000
467.879000
470.107000
470.299000
472.148000
470.103000
462.729000
469.161000
471.709000
464.815000
469.420000
470.810000
470.436000
471.671000
456.584000
470.075000
469.143000
463.880000
463.672000
469.190000
472.831000
466.464000
469.694000
472.861000
471.246000
464.115000
466.019000
465.599000
471.950000
464.790000
470.952000
469.813000
470.100000
463.578000
463.383000
472.110000
469.135000
464.665000
471.644000
466.320000
469.221000
469.658000
450.012000
470.898000
470.417000
466.772000
469.871000
472.348000
467.971000
469.580000
461.737000
470.689000
469.434000
479.557000
470.759000
470.297000
462.256000
471.644000
472.101000
471.589000
462.967000
470.293000
472.033000
464.639000
470.505000
470.876000
463.491000
473.729000
475.074000
470.738000
469.550000
463.569000
472.268000
471.050000
469.651000
471.259000
473.253000
461.224000
468.640000
472.159000
472.660000
469.003000
471.636000
461.701000
470.833000
471.197000
468.949000
470.834000
472.083000
469.403000
469.087000
469.858000
470.830000
470.243000
465.192000
468.353000
472.047000
472.801000
472.865000
463.791000
469.735000
473.183000
473.752000
471.306000
470.894000
470.968000
471.403000
472.839000
471.432000
470.069000
462.909000
464.933000
472.498000
467.661000
471.856000
473.140000
464.505000
471.874000
462.233000
471.390000
472.623000
472.305000
471.864000
469.889000
463.196000
463.639000
470.743000
472.227000
470.269000
470.409000
471.359000
471.455000
469.524000
472.007000
470.090000
467.849000
471.079000
471.070000
470.753000
472.365000
472.083000
464.057000
472.806000
470.250000
470.356000
471.291000
469.614000
472.986000
471.309000
470.597000
464.468000
471.575000
469.854000
471.958000
472.106000
465.746000
474.300000
471.330000
462.689000
471.589000
469.587000
461.504000
469.630000
468.658000
471.236000
471.506000
470.185000
474.669000
473.149000
472.570000
472.631000
470.609000
463.372000
470.639000
471.868000
463.522000
472.582000
473.964000
469.994000
471.115000
