317.720000
178.420000
121.100000
106.320000
100.700000
101.580000
99.560000
98.300000
95.340000
95.020000
95.120000
95.340000
95.380000
95.900000
95.060000
95.580000
94.420000
94.300000
93.960000
95.220000
94.360000
94.740000
94.740000
94.940000
94.980000
95.620000
96.560000
95.920000
96.740000
97.200000
96.280000
96.280000
94.940000
96.700000
107.620000
156.420000
122.240000
137.100000
128.080000
109.640000
125.980000
145.500000
157.160000
157.960000
154.880000
134.020000
138.920000
109.580000
101.900000
103.360000
104.280000
101.680000
98.320000
96.360000
96.360000
94.600000
94.260000
94.780000
94.420000
94.520000
94.880000
94.700000
94.240000
94.180000
94.080000
93.280000
94.000000
93.960000
94.440000
93.960000
94.060000
107.240000
96.200000
94.880000
94.060000
94.640000
94.240000
93.980000
94.220000
94.180000
94.300000
94.720000
94.100000
93.940000
93.920000
93.900000
93.740000
93.460000
94.100000
93.980000
94.140000
94.060000
94.200000
94.320000
94.260000
93.640000
94.180000
94.240000
94.000000
93.800000
94.040000
94.020000
94.240000
92.740000
94.080000
94.040000
93.420000
94.440000
93.300000
94.020000
93.560000
94.020000
94.200000
98.920000
94.660000
94.500000
94.160000
94.380000
94.500000
94.100000
93.980000
94.000000
94.080000
94.320000
94.180000
94.160000
93.980000
94.220000
94.100000
93.940000
94.020000
94.260000
94.500000
94.360000
93.960000
94.080000
93.460000
93.880000
94.000000
93.980000
94.200000
93.980000
94.080000
93.260000
94.000000
94.200000
94.300000
94.220000
93.940000
94.360000
94.460000
94.480000
94.020000
93.860000
94.420000
100.720000
95.000000
94.340000
94.080000
94.120000
94.140000
94.080000
93.800000
93.120000
94.080000
94.220000
94.040000
94.140000
94.300000
93.900000
94.220000
94.220000
94.140000
94.200000
94.220000
94.140000
94.260000
93.640000
94.200000
94.380000
94.100000
94.080000
93.960000
94.160000
94.020000
94.360000
94.140000
93.600000
94.080000
92.900000
93.840000
93.320000
94.200000
94.460000
93.900000
94.060000
94.140000
94.260000
97.780000
94.580000
93.800000
94.100000
94.100000
94.180000
94.000000
94.100000
93.800000
93.900000
94.580000
94.340000
94.100000
93.840000
94.100000
93.880000
94.300000
94.300000
94.020000
94.240000
94.200000
93.880000
94.400000
93.920000
94.040000
94.080000
93.260000
94.220000
94.140000
94.300000
94.080000
93.960000
94.280000
94.040000
94.000000
94.180000
94.140000
94.660000
98.000000
93.280000
93.480000
93.440000
98.940000
93.440000
93.540000
93.600000
93.560000
93.440000
92.500000
93.620000
93.460000
93.580000
93.100000
93.360000
93.300000
93.760000
93.900000
93.980000
94.500000
95.040000
95.380000
96.760000
96.560000
96.600000
99.060000
96.560000
95.520000
96.000000
95.700000
95.440000
95.920000
95.620000
95.260000
95.800000
95.660000
95.860000
95.780000
95.820000
95.120000
95.740000
95.760000
94.500000
95.120000
96.040000
100.420000
96.100000
95.680000
95.740000
95.600000
95.980000
95.580000
96.200000
95.200000
95.780000
95.660000
95.460000
94.600000
94.480000
93.940000
94.220000
93.980000
94.400000
94.360000
93.880000
94.820000
94.040000
94.200000
94.200000
94.400000
93.780000
94.000000
93.360000
94.240000
94.280000
94.580000
94.080000
94.280000
94.500000
94.180000
93.600000
94.220000
94.280000
94.280000
94.100000
94.020000
93.980000
94.140000
98.580000
93.920000
94.580000
94.120000
94.080000
93.920000
93.840000
93.860000
94.100000
93.860000
94.260000
94.500000
94.140000
94.380000
94.100000
93.840000
93.760000
93.340000
94.340000
93.840000
94.120000
94.240000
93.900000
93.580000
93.820000
94.080000
94.240000
94.000000
94.160000
94.180000
94.080000
94.100000
94.120000
94.060000
94.020000
93.820000
93.940000
93.980000
94.440000
93.820000
93.260000
93.780000
98.380000
94.240000
94.320000
94.080000
94.280000
94.320000
94.100000
94.120000
93.780000
93.840000
94.160000
94.160000
94.060000
93.700000
94.200000
94.140000
94.040000
94.120000
93.720000
94.120000
94.300000
94.400000
94.180000
94.140000
94.060000
94.060000
94.100000
94.040000
94.140000
94.040000
94.040000
94.100000
94.080000
93.660000
94.240000
94.160000
94.120000
93.880000
93.920000
94.260000
93.960000
94.260000
98.300000
93.180000
94.020000
94.040000
93.480000
94.340000
94.000000
93.920000
94.000000
94.280000
94.180000
94.100000
93.980000
94.100000
93.640000
94.200000
94.300000
94.060000
94.140000
94.140000
94.420000
94.100000
93.420000
94.300000
94.180000
94.020000
93.960000
94.300000
93.680000
94.120000
94.000000
94.100000
94.060000
94.280000
94.120000
94.360000
94.100000
94.000000
94.260000
93.880000
94.240000
94.160000
94.180000
98.500000
93.780000
94.140000
93.080000
93.960000
94.140000
94.040000
94.200000
93.800000
94.140000
94.140000
94.080000
94.060000
93.980000
93.700000
94.260000
93.640000
93.760000
94.080000
94.040000
94.280000
94.220000
92.980000
94.080000
93.920000
94.180000
94.060000
94.200000
93.960000
94.400000
94.360000
93.000000
94.440000
94.060000
93.960000
94.140000
93.700000
94.260000
94.020000
94.280000
93.880000
93.880000
98.780000
94.240000
93.740000
94.120000
94.180000
94.060000
94.240000
92.000000
94.140000
94.000000
94.220000
94.080000
94.380000
94.200000
94.160000
94.180000
94.020000
94.040000
94.080000
94.280000
94.240000
94.080000
94.340000
94.240000
93.980000
94.160000
94.080000
94.120000
94.200000
94.120000
94.160000
94.020000
93.860000
94.180000
94.140000
93.940000
94.300000
94.020000
94.000000
94.120000
93.140000
93.920000
94.240000
98.580000
93.860000
93.020000
94.200000
92.440000
94.100000
94.160000
94.060000
94.060000
92.720000
94.060000
93.880000
94.200000
94.320000
94.120000
93.880000
93.280000
94.300000
94.220000
93.800000
93.700000
94.120000
94.120000
94.300000
94.220000
94.360000
94.120000
93.720000
94.440000
94.080000
94.120000
94.220000
93.900000
94.040000
94.140000
93.840000
93.320000
93.920000
94.100000
94.420000
93.720000
94.140000
98.300000
94.160000
93.900000
93.860000
94.380000
94.000000
93.780000
94.300000
92.980000
93.760000
94.140000
94.000000
94.100000
94.080000
94.340000
94.120000
93.960000
94.200000
93.940000
93.960000
94.260000
94.320000
94.000000
93.980000
94.200000
94.080000
94.140000
93.840000
94.260000
93.840000
94.040000
94.100000
94.220000
93.980000
94.100000
94.040000
94.560000
94.080000
93.400000
94.180000
94.080000
94.000000
93.620000
98.340000
94.020000
94.140000
94.120000
94.040000
93.860000
93.960000
93.840000
93.800000
93.900000
93.860000
94.140000
93.740000
94.060000
94.120000
93.620000
93.740000
94.140000
94.020000
94.220000
94.100000
94.100000
93.920000
93.840000
93.760000
94.020000
94.240000
93.780000
94.020000
93.880000
93.640000
93.880000
93.820000
94.100000
93.720000
93.860000
94.160000
93.980000
93.960000
93.900000
93.960000
94.040000
98.120000
94.080000
94.100000
93.900000
93.960000
93.800000
93.540000
94.120000
94.260000
94.060000
94.200000
94.000000
93.800000
94.340000
94.100000
94.240000
93.940000
93.980000
94.140000
94.020000
94.060000
94.040000
94.100000
94.040000
94.280000
93.000000
94.000000
94.120000
94.060000
93.880000
93.440000
94.060000
94.100000
93.980000
93.840000
93.800000
94.000000
93.780000
94.460000
94.120000
94.400000
94.060000
94.380000
98.280000
93.860000
94.140000
93.440000
94.260000
94.240000
94.100000
94.140000
94.020000
93.820000
94.340000
94.200000
94.100000
93.200000
93.940000
94.020000
94.080000
93.680000
94.160000
93.680000
94.040000
93.940000
94.200000
94.220000
94.380000
94.580000
93.660000
92.420000
94.040000
94.240000
93.920000
93.860000
94.220000
94.020000
93.860000
93.940000
94.100000
94.100000
94.220000
94.280000
94.240000
94.120000
98.120000
93.960000
94.200000
94.440000
94.080000
94.240000
94.300000
94.020000
94.100000
94.160000
94.080000
93.980000
93.660000
94.040000
94.200000
93.900000
94.100000
94.040000
94.160000
94.060000
93.400000
94.060000
93.800000
94.140000
93.960000
94.120000
93.900000
93.960000
93.860000
94.080000
94.260000
93.720000
93.800000
94.180000
94.160000
94.200000
94.080000
93.660000
94.660000
94.080000
94.200000
94.380000
94.100000
98.360000
93.920000
93.960000
94.280000
94.260000
94.020000
94.140000
94.040000
94.020000
94.000000
94.480000
94.200000
92.440000
94.420000
94.180000
94.340000
94.280000
94.020000
94.120000
93.280000
93.980000
94.180000
94.100000
94.140000
94.400000
93.880000
94.080000
93.820000
94.300000
93.960000
94.220000
93.300000
94.100000
93.840000
94.280000
93.260000
94.360000
94.240000
93.960000
92.920000
94.300000
94.300000
98.140000
93.800000
93.540000
93.960000
94.040000
93.880000
94.020000
94.180000
94.120000
94.100000
93.320000
93.960000
93.940000
94.260000
94.260000
94.480000
94.120000
94.260000
94.180000
94.380000
93.960000
94.020000
93.940000
94.060000
94.260000
94.280000
93.660000
93.220000
94.100000
93.800000
94.000000
94.200000
94.120000
94.120000
93.700000
94.120000
94.220000
92.940000
93.860000
94.180000
94.340000
94.280000
94.380000
97.720000
93.440000
94.040000
94.320000
94.040000
94.000000
93.880000
94.020000
94.060000
94.120000
94.100000
94.100000
94.060000
94.240000
93.920000
93.980000
93.300000
94.080000
93.920000
94.040000
94.020000
93.860000
94.280000
93.840000
93.100000
93.200000
93.500000
94.000000
94.180000
94.020000
94.320000
93.820000
94.000000
94.000000
94.260000
94.180000
94.120000
94.120000
94.000000
93.760000
93.960000
93.980000
98.260000
93.440000
94.040000
92.860000
93.860000
93.780000
93.980000
94.020000
93.760000
94.120000
93.820000
94.000000
94.000000
93.880000
94.200000
94.140000
93.980000
94.160000
94.000000
94.080000
93.500000
94.040000
93.720000
93.980000
94.280000
93.980000
93.860000
94.260000
93.900000
93.960000
94.280000
94.100000
94.020000
93.620000
93.860000
94.280000
94.260000
93.920000
93.800000
93.880000
94.000000
94.000000
93.980000
98.120000
93.760000
93.840000
93.920000
94.340000
94.180000
93.340000
93.340000
94.140000
94.120000
93.880000
94.100000
93.460000
94.020000
93.980000
94.040000
92.960000
94.100000
93.960000
93.760000
93.820000
93.640000
93.560000
93.260000
93.900000
93.640000
93.620000
94.060000
93.640000
93.580000
93.480000
92.820000
93.620000
93.780000
93.820000
93.920000
93.800000
93.760000
