4.499998
3.920000
3.740001
3.739998
3.780000
3.700003
3.920000
3.800001
7.640000
3.940001
3.740001
3.959998
3.760003
3.759999
3.819998
3.780000
4.220001
3.759999
3.800001
3.800001
3.839999
3.780000
3.759999
3.759999
3.839999
3.819998
3.740001
3.860001
3.760003
3.719997
3.700003
3.860001
3.759999
3.800001
3.739998
3.800001
3.800001
3.759999
3.740001
3.739998
3.720000
3.759999
4.200000
3.839999
3.780004
3.760003
3.920000
3.719997
3.839999
3.740001
3.800001
3.800001
3.780000
3.780000
3.820002
3.860001
3.899999
3.839999
3.699999
3.839999
4.080001
3.759999
4.700001
3.800001
3.800001
3.940001
3.899999
3.680002
3.800001
3.980000
3.720000
3.980000
4.120003
3.740001
3.879998
3.739998
3.780000
3.740001
3.819998
3.959998
3.720000
3.760003
3.720000
3.720000
3.720000
3.759999
3.759999
3.699999
3.740001
3.699999
3.720000
3.760003
3.720000
3.759999
3.720000
3.719997
3.920000
3.820002
3.959998
3.700003
3.960002
3.759999
3.760003
3.459997
3.879998
3.740001
3.780000
3.780000
3.760003
3.660001
3.739998
3.800001
3.800001
3.759999
3.740001
3.800001
3.699999
3.720000
3.679998
3.720000
3.740001
3.759999
3.739998
3.760003
3.739998
3.959998
3.679998
3.759999
3.739998
3.800001
3.760003
3.759999
3.720000
3.760003
3.700003
3.759999
3.699999
3.720000
3.780000
3.740001
3.720000
3.740001
3.679998
3.759999
3.740001
3.980000
3.819998
3.720000
3.679998
3.780000
4.060000
3.739998
6.140001
3.819998
3.679998
3.760003
3.760003
3.720000
3.980000
3.840003
3.800001
3.699999
3.679998
3.780000
3.820002
3.819998
3.740001
3.820002
3.800001
3.679998
3.860001
3.879998
3.720000
3.840003
3.760003
3.739998
3.720000
3.860001
3.740001
3.720000
3.700003
3.759999
3.839999
3.800001
4.059996
4.159998
3.839999
3.740001
3.719997
3.740001
3.840003
3.860001
3.739998
3.720000
3.699999
3.679998
3.759999
3.720000
4.019998
3.780000
3.760003
3.940001
3.699999
3.780000
3.699999
3.720000
3.780000
3.760003
3.780000
3.720000
3.819998
3.760003
3.740001
3.720000
3.860001
3.679998
3.699999
3.759999
3.739998
3.740001
4.039999
3.740001
4.019998
3.759999
3.839999
3.899999
3.759999
3.760003
3.839999
3.740001
3.700003
3.740001
3.720000
3.759999
3.759999
3.739998
3.760003
3.699999
3.720000
3.759999
3.780000
3.760003
3.839999
3.760003
4.540000
3.720000
3.740001
3.699999
3.759999
3.759999
3.740001
3.740001
3.700003
3.780000
3.780000
3.759999
3.819998
3.780000
3.840003
3.660001
3.720000
3.860001
3.739998
3.900003
3.679998
3.720000
3.720000
3.699999
3.959998
3.760003
3.759999
3.759999
3.760003
3.819998
3.799997
3.679998
3.759999
3.680002
3.760003
3.699999
3.780000
4.079998
3.699999
3.699999
3.740001
3.860001
3.740001
3.839999
3.720000
3.780000
3.800001
3.860001
3.699999
3.699999
3.740001
3.800001
3.720000
3.740001
3.739998
3.719997
3.740001
3.739998
3.699999
3.699999
3.980000
3.680002
3.679998
3.740001
3.759999
3.699999
3.720000
3.720000
3.720000
3.780000
3.739998
3.680002
3.720000
3.780000
3.740001
3.719997
3.699999
3.959998
3.780000
3.660001
3.700003
3.720000
3.720000
3.740001
3.760003
3.720000
3.760003
3.700003
3.819998
3.759999
3.720000
3.800001
3.780000
3.780000
3.700003
3.699999
3.740001
3.739998
3.780000
3.820002
3.680002
3.780000
3.700003
3.760003
3.959998
3.740001
3.780000
3.940001
3.780000
3.720000
3.959998
3.799997
3.759999
3.780000
3.959998
3.759999
3.780000
3.760003
3.780000
3.780000
3.720000
3.780000
3.759999
3.780000
3.720000
3.820002
3.760003
3.759999
3.720000
3.740001
3.720000
3.720000
3.759999
3.760003
3.699999
3.699999
3.680002
3.699999
4.099999
3.699999
3.679998
3.759999
3.800001
3.800001
3.739998
3.739998
3.699999
3.780000
3.759999
3.740001
3.699999
3.780000
3.680002
3.759999
3.759999
3.720000
3.800001
3.739998
3.780000
3.920000
3.659997
3.640004
3.740001
3.680002
4.000001
3.819998
3.740001
3.920000
3.800001
3.780000
3.699999
3.759999
3.720000
3.739998
3.940001
3.800001
3.720000
3.739998
3.699999
3.680002
3.780000
3.780000
3.739998
3.780000
3.780000
3.819998
3.740001
3.699999
3.719997
3.699999
3.759999
3.739998
3.720000
3.720000
3.740001
3.739998
3.940001
4.740000
3.740001
3.740001
3.720000
3.760003
3.780000
3.679998
3.800001
3.760003
3.760003
3.780000
3.720000
3.720000
3.760003
3.719997
3.699999
3.740001
3.800001
3.700003
3.780000
3.780000
3.700003
3.719997
3.759999
3.800001
3.680002
3.680002
3.719997
3.740001
3.799997
3.720000
3.739998
3.720000
4.159998
3.819998
3.699999
3.860001
3.759999
3.720000
3.739998
3.720000
3.759999
3.679998
3.739998
3.819998
3.699999
3.679998
3.780000
3.699999
3.720000
3.740001
3.720000
3.740001
3.699999
3.980000
3.740001
3.720000
3.740001
3.720000
3.740001
3.740001
3.719997
3.699999
3.740001
3.740001
3.759999
3.759999
3.740001
3.759999
3.739998
3.740001
3.660001
3.740001
3.940001
3.740001
3.720000
3.759999
3.800001
3.739998
3.739998
3.760003
3.739998
3.780000
3.839999
3.780000
3.760003
3.939997
3.720000
3.699999
3.720000
3.759999
3.679998
3.759999
3.759999
3.740001
3.679998
3.800001
3.739998
3.740001
3.759999
3.780000
3.760003
3.720000
3.780000
3.740001
3.720000
3.720000
3.720000
3.739998
3.520001
3.719997
3.780000
3.680002
3.740001
3.699999
3.740001
3.780000
3.739998
3.740001
3.720000
3.760003
3.960002
3.780000
3.660001
3.759999
3.699999
4.319999
3.760003
3.800001
3.780000
3.940001
3.780000
3.920000
3.780000
3.780000
3.959998
3.740001
3.740001
3.699999
3.760003
3.759999
3.759999
3.720000
3.740001
3.759999
3.739998
3.720000
3.740001
3.939997
3.780000
3.679998
3.699999
3.780000
3.740001
3.760003
3.680002
3.760003
3.719997
3.739998
3.720000
3.880002
3.740001
3.720000
3.780000
3.780000
3.759999
3.799997
3.759999
3.720000
3.739998
3.699999
3.739998
3.759999
4.040003
3.880002
3.959998
3.800001
3.720000
3.780000
3.759999
3.739998
3.940001
3.759999
3.780000
3.760003
3.759999
3.859997
3.760003
3.780000
3.680002
3.699999
3.720000
3.780000
3.760003
3.780000
3.920000
3.699999
3.679998
3.800001
3.780000
3.740001
3.740001
3.760003
3.760003
3.740001
3.699999
3.679998
3.799997
3.760003
3.780000
3.759999
3.760003
3.759999
3.899999
3.719997
3.740001
3.700003
3.739998
3.800001
4.020002
3.680002
3.800001
3.740001
3.819998
3.780000
3.680002
3.739998
3.759999
3.660001
3.720000
3.960002
3.760003
3.760003
3.800001
3.679998
3.760003
3.760003
3.780000
3.740001
3.780000
3.720000
3.740001
3.699999
3.679998
3.739998
3.759999
3.720000
3.699999
3.780000
3.720000
3.740001
3.780000
3.740001
3.720000
3.939997
3.739998
3.619999
3.699999
3.740001
3.740001
3.839999
3.940001
3.699999
3.679998
3.680002
3.879998
3.760003
3.759999
3.680002
3.699999
3.739998
3.780000
3.679998
3.759999
3.739998
3.760003
3.740001
3.759999
3.760003
3.720000
3.760003
3.780000
3.699999
3.740001
3.740001
3.780000
3.740001
3.759999
3.720000
3.760003
3.759999
3.720000
80.520000
3.940001
3.720000
3.739998
3.739998
3.739998
3.780000
3.759999
3.720000
3.800001
3.780000
3.759999
3.699999
3.720000
3.720000
3.759999
3.740001
3.699999
3.739998
3.700003
3.760003
3.680002
3.759999
3.780000
3.780000
3.739998
3.699999
3.759999
3.720000
3.720000
3.920000
3.760003
3.920000
3.680002
3.740001
3.799997
3.720000
3.619999
3.780000
3.759999
3.699999
3.740001
3.740001
3.679998
3.739998
3.740001
3.720000
3.780000
3.780000
3.759999
3.739998
3.680002
3.719997
3.740001
3.940001
3.700003
3.759999
3.780000
3.699999
3.699999
3.720000
3.739998
3.819998
3.780000
3.700003
4.360002
3.799997
3.760003
3.920000
3.959998
3.739998
3.780000
3.759999
3.960002
3.759999
3.660001
3.780000
3.700003
3.780000
3.679998
3.740001
3.740001
3.759999
3.759999
3.780000
3.720000
3.760003
3.739998
3.759999
3.780000
3.739998
3.759999
3.720000
3.760003
3.679998
3.740001
3.920000
3.699999
3.780000
3.759999
3.699999
3.759999
3.740001
3.940001
3.720000
3.800001
3.720000
3.680002
3.740001
3.720000
4.340000
3.879998
3.940001
3.740001
3.680002
3.720000
3.740001
3.780000
3.699999
3.720000
3.760003
3.680002
3.760003
3.720000
3.760003
3.759999
3.959998
3.720000
3.720000
3.720000
3.759999
3.759999
3.720000
3.760003
3.720000
3.679998
3.780000
3.739998
3.759999
3.799997
3.720000
3.740001
3.759999
4.000001
3.800001
3.780000
3.739998
3.940001
3.679998
3.759999
3.699999
3.799997
3.720000
3.740001
3.780000
3.799997
3.759999
4.400000
3.660001
3.699999
3.739998
3.719997
3.740001
3.960002
3.760003
3.759999
3.759999
3.780000
3.739998
3.799997
3.799997
3.699999
3.759999
3.719997
3.720000
3.780000
3.699999
3.699999
3.740001
3.760003
3.920000
3.740001
9.339999
3.699999
3.720000
3.739998
3.940001
3.720000
3.699999
3.759999
3.760003
3.739998
3.719997
3.740001
3.759999
3.780000
3.759999
3.759999
3.759999
3.760003
3.699999
3.660001
3.740001
3.760003
3.780000
3.720000
3.740001
3.759999
3.780000
3.739998
3.740001
3.740001
3.720000
3.699999
3.699999
3.740001
3.780000
3.740001
3.739998
3.679998
3.780000
3.759999
3.739998
3.759999
3.760003
3.699999
3.539998
3.760003
3.740001
3.720000
3.740001
3.680002
3.760003
3.699999
3.780000
3.759999
3.800001
3.759999
3.719997
3.720000
3.760003
3.720000
3.799997
3.699999
3.740001
3.819998
3.759999
3.720000
3.760003
3.720000
4.060000
3.780000
3.759999
3.780000
3.739998
3.800001
3.679998
3.699999
3.720000
3.759999
3.699999
3.720000
3.720000
3.720000
3.759999
3.720000
3.759999
