663.860000
759.640000
754.020000
723.920000
687.440000
693.040000
673.880000
644.500000
628.200000
612.880000
597.020000
601.920000
602.080000
846.080000
735.680000
723.680000
710.760000
670.420000
615.800000
585.140000
576.780000
586.360000
708.600000
632.500000
620.820000
589.240000
574.560000
579.900000
577.460000
638.280000
763.580000
595.600000
564.400000
554.920000
546.940000
534.760000
528.580000
539.060000
613.720000
641.700000
655.260000
655.180000
678.300000
870.980000
813.220000
633.840000
563.120000
545.120000
529.900000
530.460000
527.620000
516.040000
504.320000
499.780000
501.820000
490.480000
486.960000
503.460000
504.160000
506.580000
491.080000
487.680000
485.160000
477.920000
481.160000
485.220000
489.380000
486.300000
480.020000
602.460000
736.840000
652.120000
669.740000
666.440000
677.300000
670.320000
677.040000
666.880000
690.360000
680.240000
662.880000
596.140000
567.620000
560.380000
541.660000
554.000000
537.360000
522.640000
512.840000
511.760000
498.180000
493.660000
504.740000
510.860000
500.380000
499.640000
488.880000
490.440000
479.640000
481.720000
474.160000
500.260000
488.500000
487.680000
482.800000
477.300000
469.160000
473.820000
475.000000
493.780000
485.160000
485.900000
479.020000
472.440000
472.660000
473.980000
465.240000
497.680000
508.680000
503.940000
495.780000
485.640000
471.820000
477.520000
473.100000
468.500000
487.860000
480.600000
482.740000
474.160000
465.700000
466.700000
464.640000
458.360000
486.020000
489.820000
477.800000
478.020000
474.860000
467.520000
464.660000
467.640000
475.380000
483.320000
478.140000
477.240000
467.860000
471.140000
463.560000
459.920000
464.380000
491.400000
488.960000
479.100000
468.300000
468.640000
465.160000
465.500000
453.480000
466.160000
479.220000
467.020000
465.520000
458.060000
458.620000
461.700000
461.680000
454.400000
485.680000
485.820000
478.320000
472.300000
471.560000
475.120000
467.820000
459.500000
466.320000
484.520000
478.340000
476.760000
469.580000
470.220000
462.500000
463.780000
460.840000
481.580000
480.180000
474.380000
475.480000
468.580000
468.560000
463.200000
458.900000
474.680000
484.200000
478.180000
472.020000
467.260000
469.080000
462.200000
460.620000
462.520000
479.380000
474.940000
472.980000
473.440000
466.000000
461.640000
464.820000
458.040000
468.900000
478.740000
470.600000
470.040000
467.560000
467.480000
459.920000
455.260000
454.480000
475.340000
481.840000
476.440000
469.600000
465.360000
455.020000
461.000000
454.320000
449.440000
488.420000
476.020000
473.660000
463.580000
462.680000
455.740000
457.740000
464.360000
471.180000
479.500000
472.220000
474.280000
465.640000
458.040000
457.860000
458.540000
456.040000
482.080000
481.960000
471.280000
467.720000
462.300000
460.320000
456.920000
449.860000
470.900000
476.860000
471.940000
470.960000
466.200000
466.920000
460.860000
457.800000
454.520000
475.180000
480.100000
475.460000
472.280000
470.020000
465.860000
459.920000
460.040000
464.720000
480.400000
472.220000
468.960000
464.960000
465.560000
459.980000
458.180000
456.000000
477.900000
479.280000
469.560000
461.900000
461.600000
461.060000
449.620000
457.000000
453.420000
489.980000
476.180000
474.980000
466.740000
467.400000
460.020000
458.260000
456.640000
474.660000
482.960000
477.120000
469.100000
463.120000
470.140000
464.820000
453.020000
456.940000
489.580000
477.440000
469.340000
471.700000
463.140000
457.220000
456.720000
450.400000
466.620000
477.860000
472.120000
466.340000
466.500000
462.660000
456.160000
454.680000
454.640000
465.400000
468.420000
464.640000
462.140000
455.120000
458.400000
449.780000
451.980000
451.800000
489.300000
480.700000
473.080000
467.160000
465.160000
463.840000
460.420000
457.020000
491.320000
491.700000
476.540000
482.600000
471.680000
469.020000
463.100000
461.540000
471.500000
488.760000
486.680000
478.080000
476.260000
471.360000
464.520000
462.840000
460.320000
482.360000
481.500000
474.540000
470.780000
463.680000
460.020000
457.820000
453.120000
465.280000
482.660000
476.880000
476.360000
467.600000
467.260000
459.800000
459.900000
451.820000
473.160000
477.120000
470.780000
470.880000
466.200000
462.120000
457.080000
459.860000
451.060000
483.960000
482.360000
474.080000
470.100000
471.580000
460.580000
460.440000
460.880000
473.600000
480.280000
473.160000
471.080000
472.900000
465.380000
460.920000
463.360000
460.040000
489.100000
486.640000
473.000000
470.600000
467.940000
459.520000
460.280000
456.460000
466.940000
476.560000
474.720000
467.140000
458.240000
464.120000
458.620000
454.060000
456.660000
483.800000
481.020000
474.100000
473.160000
465.940000
464.500000
462.100000
456.860000
470.200000
479.100000
477.060000
472.180000
462.720000
462.920000
467.360000
455.860000
460.500000
470.960000
472.300000
468.200000
468.040000
459.020000
460.020000
454.140000
462.240000
460.760000
477.840000
471.360000
470.720000
463.080000
461.860000
458.120000
460.900000
455.200000
471.180000
480.760000
474.960000
470.760000
466.540000
467.100000
462.760000
454.140000
456.140000
483.200000
471.100000
468.520000
465.720000
462.860000
456.580000
457.060000
450.640000
467.540000
476.220000
480.300000
468.940000
463.080000
467.160000
463.440000
456.520000
453.820000
476.180000
477.560000
469.820000
464.080000
463.460000
458.640000
458.760000
457.020000
461.920000
475.360000
476.380000
470.460000
466.020000
462.780000
459.740000
452.700000
456.860000
467.700000
484.580000
469.400000
467.860000
467.640000
463.600000
464.120000
459.080000
455.040000
489.400000
478.880000
471.780000
470.600000
462.320000
459.440000
454.600000
454.240000
478.800000
501.340000
497.020000
491.020000
477.860000
480.440000
472.720000
469.060000
474.940000
492.660000
489.280000
482.020000
481.040000
472.320000
472.120000
468.740000
463.720000
487.340000
484.600000
475.320000
476.060000
472.180000
465.240000
466.880000
461.420000
478.120000
483.120000
474.920000
472.180000
465.460000
471.840000
459.200000
461.940000
456.740000
482.260000
500.500000
508.660000
503.380000
491.700000
491.160000
483.480000
478.460000
489.980000
495.980000
490.680000
481.380000
473.420000
468.380000
470.200000
467.420000
488.280000
500.540000
493.260000
484.420000
477.900000
472.020000
476.140000
472.040000
470.220000
507.700000
493.060000
490.600000
478.620000
472.800000
468.540000
464.900000
465.000000
477.720000
475.160000
471.300000
466.620000
466.260000
461.580000
457.000000
458.040000
463.280000
484.420000
482.860000
470.160000
472.960000
469.240000
458.480000
459.220000
458.300000
477.480000
486.860000
477.760000
471.160000
472.020000
463.360000
460.720000
471.920000
519.160000
506.900000
503.540000
492.860000
489.420000
479.460000
472.680000
477.580000
469.040000
496.940000
485.700000
486.060000
481.660000
472.580000
471.480000
464.600000
465.040000
479.960000
483.380000
478.500000
467.720000
467.460000
465.460000
460.980000
452.520000
469.700000
481.700000
479.620000
472.420000
470.020000
463.440000
463.600000
459.680000
459.100000
477.580000
480.080000
471.540000
468.920000
468.020000
460.400000
458.900000
454.840000
454.660000
492.940000
479.600000
472.160000
471.960000
464.220000
463.040000
459.160000
458.380000
471.880000
488.600000
475.240000
472.180000
467.500000
462.860000
455.880000
454.680000
456.120000
487.640000
487.880000
478.260000
474.440000
467.500000
462.200000
459.260000
462.100000
482.400000
485.120000
477.780000
471.280000
469.440000
467.080000
462.320000
459.140000
457.480000
484.160000
473.620000
474.560000
469.040000
460.540000
463.860000
459.360000
452.100000
468.300000
487.260000
480.860000
472.200000
472.200000
460.540000
463.240000
457.940000
457.780000
480.220000
477.960000
475.680000
463.480000
463.000000
455.360000
458.380000
457.060000
470.060000
490.400000
483.660000
473.200000
470.460000
473.880000
461.500000
462.220000
458.440000
487.580000
486.620000
473.860000
474.340000
467.340000
464.540000
461.320000
464.040000
473.500000
478.920000
477.200000
468.840000
461.200000
465.700000
455.800000
459.780000
458.500000
479.940000
472.600000
480.060000
466.540000
467.440000
460.000000
463.300000
459.420000
466.120000
482.800000
484.920000
469.560000
467.440000
467.620000
462.460000
456.440000
460.000000
476.400000
478.300000
473.260000
467.620000
463.440000
463.840000
454.700000
455.440000
468.440000
484.820000
475.720000
466.660000
470.800000
463.040000
457.820000
461.100000
455.080000
477.200000
481.780000
474.520000
475.740000
459.980000
462.840000
458.860000
458.220000
451.140000
490.460000
483.620000
469.460000
464.800000
464.020000
461.060000
462.740000
449.660000
482.660000
490.320000
484.600000
478.420000
472.860000
467.900000
464.980000
464.000000
456.800000
495.360000
475.900000
481.340000
470.880000
472.680000
468.120000
467.520000
455.620000
479.520000
485.660000
474.700000
474.960000
463.960000
460.360000
452.400000
456.280000
451.380000
486.020000
482.240000
472.020000
468.240000
469.180000
464.540000
456.720000
454.780000
471.900000
490.000000
476.880000
464.460000
465.320000
466.340000
464.300000
463.960000
455.560000
486.820000
479.460000
473.020000
471.040000
466.240000
466.560000
459.220000
457.920000
466.560000
479.020000
473.480000
464.160000
462.520000
458.160000
456.220000
452.800000
451.360000
479.980000
479.160000
474.300000
465.580000
464.600000
457.800000
457.320000
451.100000
461.020000
481.140000
480.940000
473.380000
467.900000
466.800000
458.600000
457.220000
449.200000
467.980000
481.000000
470.780000
467.980000
460.600000
458.540000
459.740000
455.640000
452.100000
484.240000
476.040000
473.300000
467.640000
459.900000
461.320000
455.460000
456.800000
472.220000
477.460000
476.240000
464.380000
462.320000
463.240000
456.480000
460.300000
453.900000
474.660000
476.000000
465.740000
466.020000
464.160000
460.980000
462.100000
457.260000
467.120000
479.400000
477.420000
471.260000
468.540000
464.420000
455.180000
459.500000
455.040000
472.100000
479.120000
475.280000
467.400000
460.820000
468.800000
456.600000
455.420000
462.020000
476.580000
473.000000
467.580000
462.000000
465.320000
453.720000
456.080000
451.960000
484.960000
507.660000
496.760000
487.480000
481.080000
469.820000
467.520000
470.260000
481.780000
505.620000
495.160000
493.400000
487.300000
474.220000
470.180000
466.520000
465.360000
492.760000
489.500000
480.560000
473.800000
469.680000
463.920000
457.800000
455.680000
479.460000
482.700000
483.800000
473.080000
468.700000
467.240000
460.940000
458.880000
459.580000
486.380000
476.760000
473.320000
466.100000
462.720000
463.740000
461.260000
460.200000
467.820000
481.300000
476.860000
474.600000
468.660000
461.980000
463.780000
458.320000
456.900000
480.580000
481.900000
471.860000
464.080000
465.660000
464.860000
461.720000
456.040000
475.540000
484.240000
483.540000
477.320000
474.820000
467.840000
469.880000
461.760000
458.060000
489.580000
487.340000
480.160000
477.880000
470.360000
464.260000
462.480000
453.300000
471.480000
486.240000
476.020000
472.480000
471.540000
461.980000
