9.847000
9.684999
10.108002
9.684000
9.638000
9.663999
9.832002
9.767000
9.916000
9.567000
9.826001
9.755999
9.690002
9.606998
9.826999
9.570997
9.765003
9.606998
9.746000
9.571001
9.630997
9.508003
9.682998
9.771001
9.651002
9.599000
9.649001
9.486999
9.661000
9.525001
9.654999
9.691000
9.780001
10.221001
9.999998
9.957999
9.834003
10.381002
9.693999
9.787001
9.786002
9.964000
10.271002
10.728002
9.931002
9.943001
10.007001
10.501999
10.754999
10.598999
10.136001
9.620998
9.763002
9.702001
9.599000
9.585999
9.691000
9.753000
9.829998
9.611998
9.604000
9.690002
9.610999
9.764001
9.745002
9.624001
9.685997
9.590998
9.591002
9.702999
9.569000
9.597000
9.666000
9.757001
9.594001
9.585001
9.635001
9.861000
9.888001
9.846002
9.962000
10.010000
9.955999
10.022998
10.237001
9.858999
9.610001
9.594999
9.624001
9.832002
9.913001
9.753998
9.640001
9.619001
9.741001
9.790998
9.725999
9.564001
9.835001
9.581998
9.737998
9.747997
9.742998
9.606000
9.746000
9.781003
9.928998
9.601999
9.753998
9.592000
9.747002
9.581000
9.737998
9.585999
9.675000
9.567998
9.716999
9.562999
9.718999
9.560000
9.746999
9.599000
9.725001
9.578001
9.729002
9.585001
9.718001
9.571999
9.735998
9.583000
9.891000
9.753998
9.930000
9.744000
9.927001
9.760000
9.932000
9.751000
9.917997
9.725001
19.343000
9.872999
9.653002
9.604000
9.577997
9.597998
9.591002
9.498999
9.502999
9.596001
9.491999
9.567000
9.583998
9.739000
9.521998
9.762000
9.772003
9.606000
9.594999
9.764001
9.768002
9.767000
9.592999
9.771999
9.772997
9.606000
9.760000
9.807996
9.777002
9.790998
9.783998
9.777997
9.799000
9.640999
9.610001
9.691998
9.587999
9.591002
9.571999
9.824000
9.610999
9.741999
9.772997
9.585999
9.572998
9.610999
9.902999
9.628002
9.623002
9.574000
9.562001
9.738002
9.780001
9.622000
9.764001
9.617001
9.797998
9.679999
9.666000
9.489000
9.590000
9.743001
9.764001
9.601999
9.512000
9.518001
9.592000
9.535000
9.670999
9.569000
9.512004
9.496000
9.498000
9.509999
9.494003
9.512000
9.507000
9.493001
9.500999
9.521998
9.677000
9.661000
9.519000
9.519000
9.506002
9.505998
9.520002
9.527002
9.548999
9.528000
9.515002
9.516001
9.507999
9.502999
9.494998
9.516001
9.513002
9.524003
9.512000
9.517998
9.521000
9.509001
9.516001
9.532999
9.491000
9.507999
9.534001
9.519000
9.524997
9.512000
9.571999
9.516999
9.516001
9.719998
9.505000
9.571999
9.576000
9.581998
9.739000
9.597998
9.778999
9.592000
9.571001
9.798001
9.782001
9.765003
9.623002
9.732001
9.679999
9.764999
9.756003
9.760998
9.762000
9.824999
9.707998
9.801999
9.675000
9.775002
9.682000
9.767998
9.769000
9.793002
9.805001
9.625997
9.785999
9.790998
9.815000
9.678997
9.695001
9.535000
9.682998
9.516001
9.764999
9.608001
9.612001
9.624001
9.585999
9.601001
9.652000
9.590000
9.581998
9.575002
9.578999
9.658001
9.583998
9.755999
9.755999
9.737000
9.744998
9.752002
9.744000
9.756997
9.768002
9.757999
9.737000
9.741001
9.677999
9.751998
9.734001
9.789001
9.767000
9.753998
9.738002
9.751000
9.767998
9.783000
9.783998
9.766001
9.758998
9.768002
9.769000
9.773999
9.587001
9.606000
9.617001
9.608001
9.615000
9.613998
9.623002
9.592000
9.610001
9.625997
9.549998
9.592999
9.516001
9.578999
9.593002
9.594999
9.585999
9.588998
9.585001
9.728998
9.590000
9.604000
9.590998
9.539001
9.535998
9.621002
9.768002
9.589002
9.750001
9.622999
9.741001
9.596001
9.748001
9.575002
9.736001
9.595998
9.770997
9.603001
9.793997
9.604998
9.801000
9.604000
9.797003
9.604998
9.794999
9.601999
9.795997
9.606000
9.780999
9.698000
9.795997
9.599999
9.788997
9.614002
9.962000
9.636000
9.786002
9.607002
9.964999
9.762999
9.953998
9.789001
10.085002
9.766001
9.768002
9.631999
9.790998
9.843998
9.766001
9.617001
9.783998
9.626999
9.771001
9.624999
9.792000
9.626999
9.775002
9.635001
9.771999
9.626001
9.780999
9.627003
9.777002
9.610999
9.767998
9.618998
9.776000
9.610999
9.763997
9.615000
9.769998
9.623002
9.767000
9.620000
9.773001
9.618998
9.771001
9.620998
9.776000
9.574000
9.734001
9.733997
9.729002
9.732999
9.744000
9.739000
9.734001
9.735998
9.734999
9.739999
9.738002
9.743001
9.727001
9.742998
9.749003
9.735998
9.654999
9.733997
9.698998
9.719998
9.725001
9.734001
9.746000
9.738002
9.663999
9.734999
9.670001
9.722002
9.724997
9.664003
9.737000
9.491999
9.686999
9.512000
9.652998
9.486999
9.654999
9.497002
9.654000
9.502999
9.655003
9.502001
9.734001
9.491999
9.666000
9.521000
9.682000
9.578001
9.659998
9.514000
9.700000
9.509001
9.675004
9.524003
9.675000
9.515002
9.734999
9.501997
9.728003
9.574998
9.748999
9.463001
9.656001
9.470999
9.654999
9.564001
9.741999
9.552002
9.769998
9.606998
9.751998
9.553000
9.746999
9.579003
9.769000
9.577002
9.732001
9.570003
9.768002
9.567000
9.764999
9.578999
9.762999
9.583998
9.748001
9.565003
9.733997
9.643998
9.794001
9.567000
9.766001
9.638999
9.684999
9.574998
9.769998
9.569000
9.748001
9.592000
9.749997
9.585999
9.758998
9.592000
9.679999
9.588003
9.762999
9.580001
9.769000
9.576999
9.765998
9.553999
9.760000
9.564001
9.764001
9.576000
9.776000
9.595998
9.763002
9.589002
9.496000
9.592000
9.590000
9.591997
9.598002
9.590000
9.615999
9.622000
9.622000
9.597998
9.585999
9.600997
9.604000
9.614002
9.651002
9.601001
9.591997
9.567000
9.773999
9.737998
9.778000
9.718999
9.779003
9.730000
9.780001
9.751000
9.772997
9.712998
9.759001
9.726997
9.675000
9.757999
9.832002
9.716999
9.776000
9.700999
9.779997
9.575002
9.666000
9.571001
9.753998
9.607002
9.753998
9.566002
9.776998
9.564999
9.755000
9.475000
9.624999
9.465002
9.667002
9.583000
9.638999
9.673998
9.720001
9.574000
9.808000
9.684999
9.620000
9.590000
9.754002
9.567000
9.721998
9.574004
9.727001
9.555999
9.766001
9.549998
9.769000
9.542000
9.618003
9.537999
9.757999
9.583998
9.764999
9.640999
9.647001
9.576000
9.759001
9.582002
9.727001
9.585999
9.635001
9.578001
9.767000
9.590000
9.771001
9.584997
9.741001
9.563997
9.764001
9.599999
9.732001
9.523001
9.741001
9.553000
9.737000
9.558000
9.734999
9.555001
9.741001
9.553999
9.872999
9.765003
9.757999
9.758998
9.920999
9.611998
15.296999
9.608001
9.747997
9.568002
9.950001
9.790000
9.746000
9.616002
9.779003
9.631000
9.779997
9.622000
9.824999
9.649999
9.839002
9.615999
9.778999
9.620000
9.772003
9.636000
9.780001
9.624999
9.773999
9.652998
9.775002
9.617001
9.769000
9.583998
9.673998
9.619001
9.689000
9.608001
9.755000
9.626001
9.672001
9.627998
9.769000
9.621002
9.767000
9.631999
9.769000
9.636000
9.711999
9.617001
9.751000
9.621002
9.801999
9.652000
9.762999
9.637002
9.776000
9.641003
9.773999
9.787001
9.799000
9.573001
9.744000
9.592000
9.751003
9.607002
9.748001
9.617001
9.766001
9.592999
9.751998
9.600002
9.745002
28.533999
9.753000
9.640999
9.752002
9.666998
9.900998
9.601999
9.769998
9.596001
9.706002
9.530000
9.781003
9.674001
9.888999
9.575002
10.006998
9.647999
9.868000
9.651002
9.730000
9.581000
9.761997
9.609997
9.791002
9.630002
9.687997
9.519003
9.666000
9.569000
9.700000
9.636998
9.770002
9.620998
9.762000
9.612001
9.771001
9.608999
10.097001
9.659998
9.762000
9.592999
9.907998
9.608001
9.755999
9.610001
9.762000
9.612001
9.769998
9.610999
9.792000
9.649999
9.787999
9.613000
9.754002
9.615000
9.861998
9.604000
9.762999
9.657003
9.672999
9.520002
9.668000
9.544000
9.681001
9.514999
9.669002
9.512000
9.690002
9.516001
9.692002
9.535000
9.687997
9.507999
9.670999
9.523999
9.665001
9.529002
9.698998
9.637002
9.656999
9.498000
9.665001
9.530999
9.679001
9.530000
9.666003
9.511001
9.715002
9.564001
9.730998
9.524997
9.678002
9.521998
9.677000
9.528004
9.677000
9.558998
9.689998
9.523001
9.679001
9.631000
10.357000
9.982999
9.927001
9.889003
9.730998
9.725001
9.682000
9.626999
10.418002
9.849001
10.446001
9.994999
9.937000
9.626999
10.244001
10.031000
10.258000
9.854000
9.737998
9.722002
9.915002
9.678997
9.924002
9.680003
9.819999
9.716000
9.827998
9.543002
9.873997
9.658001
9.874001
9.730000
9.831000
9.677999
9.819999
9.668998
9.822000
9.502001
9.661999
9.502001
9.696998
9.584002
9.653002
9.567000
9.879000
9.613000
9.682000
9.728000
9.961002
9.900000
9.840999
9.773999
9.705000
9.684000
9.834003
9.718999
9.837002
9.713002
9.907003
9.661999
9.875998
9.778000
9.828001
9.748001
9.827998
9.510998
9.672999
9.533003
9.730000
9.636998
9.716000
9.512998
9.691000
9.536002
9.667002
9.738002
9.829000
9.672001
9.816002
9.682000
9.824000
9.673003
9.727001
9.686001
9.813000
9.649999
9.838998
9.633001
9.712998
9.677999
9.949997
9.656999
9.667002
9.646997
9.835999
9.467002
9.647999
9.643000
9.671003
9.644002
9.827998
9.666998
9.847000
9.649999
9.834003
9.640999
9.652998
9.482000
9.661000
9.480998
9.670001
9.487003
9.657003
9.505998
9.684999
9.478997
9.661999
9.475000
9.661000
9.484999
9.657998
9.475000
9.689998
9.488001
9.778000
9.472001
9.643998
9.479001
9.663999
9.493999
9.648003
9.484999
9.654000
9.488001
9.713002
9.461999
9.651002
9.486001
9.651002
9.620003
9.649001
9.638999
9.645000
9.643000
9.702999
9.583000
9.670001
9.630002
9.662002
9.631000
9.652998
9.625997
9.661000
9.692002
9.778000
9.633999
9.784002
9.746000
9.764999
9.734001
9.817999
9.583000
9.767000
9.587001
9.770002
9.583998
9.773999
9.583000
9.765998
9.596001
9.766001
9.587999
9.783998
9.578999
