30.030000
29.864999
29.886000
29.886000
29.886000
29.887000
29.883000
29.893001
29.883000
29.886000
29.890000
29.890000
29.930000
29.890000
29.883000
29.882000
29.881001
29.882999
29.883000
29.883000
30.003000
29.883000
29.893000
29.883000
29.882000
29.890000
29.888000
29.890000
29.893000
29.889001
29.888000
29.890001
29.868000
29.891999
29.889001
29.890000
29.890000
29.899000
29.898000
29.898000
29.898001
29.897001
29.895000
29.898999
29.898000
29.899000
29.898000
29.898000
29.898000
29.898000
29.902999
29.902000
29.898000
29.898000
29.898000
29.903000
29.899000
29.899000
29.904000
29.904000
29.887000
29.888000
29.889001
29.890000
29.888000
29.894000
29.889000
29.890000
29.892000
29.889000
29.890000
29.893000
29.890000
29.889001
29.889000
29.890000
29.887000
29.883000
29.882000
29.890000
29.889001
29.893000
29.899000
29.903000
29.899999
29.896000
29.895000
29.895000
29.984000
29.902000
29.902000
29.902999
29.900000
29.899000
29.905000
29.901000
29.898001
29.897001
29.898000
29.898000
29.894000
29.897001
29.903000
29.899999
29.898000
29.902000
29.900000
29.902999
29.904000
29.895000
29.900000
29.898999
29.903000
29.899000
37.118000
29.885001
29.892000
29.890000
29.873000
29.872000
29.899000
29.886999
29.890000
29.887999
29.886001
29.890000
29.888000
29.888000
29.882000
29.887999
29.882000
29.881001
29.889000
29.869000
29.866001
29.869000
29.870001
29.882001
29.888000
29.890001
29.890001
29.882000
29.882000
29.894000
29.893001
29.894000
29.894000
29.890000
29.890000
29.894001
29.892000
29.896000
29.889000
29.884000
29.939000
29.893000
29.899999
29.894000
29.898000
29.891000
29.899000
29.895000
29.894000
29.891999
29.890000
29.894000
29.892000
29.891999
29.895999
29.894000
29.893001
29.990000
29.884000
29.868000
29.895000
29.869000
29.884000
29.885000
29.888000
29.882001
29.871000
29.870000
29.887000
29.889000
29.890000
29.891999
29.895000
29.894000
29.888000
29.871000
29.891000
29.870001
29.897000
29.893000
29.893000
29.895000
29.893000
29.891999
29.893001
29.894000
29.891999
29.892000
29.895000
29.891999
29.925000
29.900000
29.891000
29.891000
29.901000
29.899999
29.905000
29.902000
29.901000
29.900000
29.898999
29.898000
29.898000
29.870000
29.901001
29.901000
29.901001
29.898000
29.898000
29.899000
29.905001
29.904000
29.900000
29.898999
29.898000
29.898999
29.899000
29.899999
29.899999
29.898999
29.901000
29.898000
29.898000
29.898000
29.894000
29.899000
29.899000
29.900000
29.898000
29.898000
29.894000
29.898000
29.896000
29.899000
29.902000
29.895999
29.889000
29.893000
29.893001
29.882000
29.883000
29.882000
29.909000
29.881001
29.888000
29.892000
33.714999
29.884000
29.892000
29.892000
29.893001
29.890999
29.893000
29.881001
29.893000
29.883999
29.867000
29.894000
29.898000
29.898000
29.903000
29.898000
29.902000
29.895000
29.898999
29.895999
29.898000
29.896000
29.894000
29.894000
29.898000
29.897000
29.891999
29.898000
29.904000
29.897001
29.897000
29.898001
29.898000
29.898000
29.898000
29.897000
29.894000
29.898000
29.904000
29.895000
29.895000
29.904000
29.898000
29.898000
29.898000
29.904000
29.898000
29.898000
29.903000
29.898000
29.904000
29.898000
29.904000
29.895000
29.901001
29.904000
29.894000
29.894001
29.897000
29.886000
29.887000
29.894000
29.893000
29.895000
29.893000
29.871000
29.884000
29.881000
29.891000
29.889000
29.894000
29.894000
29.905001
29.900000
29.898000
29.890000
29.887000
29.890000
29.891000
29.890000
29.889000
30.044000
29.890999
29.891000
29.896000
29.895000
29.894000
29.896000
29.897001
29.899000
29.896000
29.896000
29.922999
29.901000
29.895999
29.897000
29.895000
29.896000
29.903000
29.893000
29.887999
29.904000
29.897000
29.895000
29.896000
29.895999
29.897000
29.896000
29.895000
29.894999
29.901000
29.895999
29.897001
29.898000
29.899000
29.899999
29.898000
29.899000
29.899999
29.898999
29.895000
29.897000
29.897000
29.898000
29.898000
29.898000
29.898000
29.898000
29.898000
29.898000
29.898000
29.898000
29.898000
29.899000
29.897000
29.904000
29.898000
29.899000
29.899000
29.898000
29.895000
29.894000
29.898000
29.898000
29.899000
29.894000
29.898999
30.073000
29.898999
29.902000
29.977000
29.898000
29.895000
29.898000
29.899000
29.898000
29.898000
29.898000
29.899999
29.895000
29.897001
29.894000
29.890000
29.882001
29.886001
29.886999
29.869000
29.890000
29.894001
29.887000
29.887000
29.890000
29.894000
29.885000
29.889000
29.883000
29.886000
29.864999
29.872000
29.884000
29.891000
29.892000
29.891000
29.869000
29.888000
29.887999
29.878000
29.888000
29.889000
29.893001
29.887999
29.902000
29.872000
29.891000
29.892000
29.877000
29.892000
29.899000
29.885001
29.877000
29.877000
29.897001
29.891000
29.884000
29.890000
29.875000
29.891000
29.890000
29.895000
29.885001
29.889001
29.887999
29.886000
29.886000
29.899000
29.890000
29.890000
29.889000
29.891000
29.886000
29.902000
29.883000
29.889001
29.895000
29.898000
29.899999
29.888000
29.904000
29.891999
29.891000
29.891000
29.902000
29.891000
29.895999
29.894001
29.903000
29.888000
29.902000
29.884000
29.892000
29.870000
29.889000
29.883000
29.886999
29.883999
29.899999
29.894000
29.905000
29.895000
29.891999
29.890000
29.895999
29.905000
29.885000
29.880000
29.885000
29.884000
29.890000
29.886000
29.868999
29.890000
29.881000
29.891000
29.886000
29.881000
29.891000
29.885000
29.878001
29.885000
29.882000
29.883000
29.864999
29.883000
29.882000
29.882000
29.883999
29.865000
29.890000
29.875000
29.889000
29.883000
29.886999
29.882000
29.883000
29.884000
29.882000
29.882000
29.888000
29.947001
29.882000
29.902999
29.882000
29.898000
30.080000
29.894000
29.901000
29.898999
29.899999
29.897000
29.897000
29.882000
29.882999
29.896000
29.891000
29.882000
29.897000
29.893000
29.890001
29.882000
29.883999
29.891000
29.894001
29.898000
29.887000
29.893000
29.889001
29.882000
29.893000
29.898000
29.894000
29.894000
29.898000
29.898999
29.898000
29.895000
29.898000
29.898000
29.901000
29.898000
29.900000
29.898000
29.957000
29.895000
29.894000
29.887000
29.882000
29.891000
29.882000
29.899999
29.877000
29.875999
29.894000
29.882000
29.885001
29.886999
29.891000
29.887000
29.882000
29.883000
29.882000
29.892000
29.882000
29.882000
29.936000
29.867999
29.868000
29.868999
29.870000
29.868999
29.868999
29.882999
29.889000
29.883000
29.883000
29.890000
29.869000
29.888000
29.880000
29.864999
29.890000
29.892000
29.887999
29.884000
29.883000
29.899000
29.899000
29.894000
29.894000
29.894000
29.902000
29.898000
29.895000
29.895000
29.898000
29.898000
29.898000
29.898000
29.899999
29.894000
29.895000
29.894000
29.894000
29.897000
29.899000
29.904000
29.904000
29.895000
29.897000
29.898000
29.898000
29.899000
29.882000
29.898000
29.897000
29.898000
29.903000
29.899000
29.895000
29.898000
29.898999
29.899000
29.898000
29.898000
29.899000
29.894999
29.898000
29.882000
29.865000
29.884000
29.888000
29.890000
29.882000
29.882000
29.893000
29.882000
29.882000
29.888000
29.889000
29.878000
29.881001
29.882000
29.887000
29.882000
29.882001
29.887000
29.882000
29.882001
29.882000
29.882000
35.052000
29.901000
29.899000
29.898000
29.904000
29.882000
29.890000
29.895000
29.898000
29.895000
29.898000
29.898000
29.895000
29.899000
29.898000
29.897000
29.898000
29.894000
29.895000
29.896000
29.895000
29.895000
29.895000
29.894000
29.895000
29.898001
29.895000
29.898000
29.898000
29.898001
29.895000
29.897000
29.897000
29.898999
29.898000
29.902000
29.898999
29.897000
29.897001
29.898000
29.898000
29.895000
29.900000
29.895000
29.895000
29.898000
29.897001
29.898000
29.898000
29.898000
29.903000
29.900000
29.895000
29.897001
29.898000
29.904000
29.897001
29.895000
29.895000
29.898000
29.898000
29.895000
29.895999
29.889000
29.882000
29.883000
29.893000
29.893001
29.893001
29.893000
29.893000
29.889000
29.893000
29.887000
29.889001
29.881001
29.883000
29.869000
29.902000
29.882000
29.883000
29.890001
29.895999
29.898999
29.895000
29.895999
29.897000
29.968000
29.894999
29.895000
29.896000
29.895999
29.896000
29.897001
29.940000
29.901000
29.901000
29.895999
29.901000
29.894999
29.897000
29.895999
29.896000
29.895000
29.895000
29.895999
29.970000
29.898000
29.897001
29.896000
29.896000
29.896000
29.898001
29.897001
29.899000
29.899000
29.897000
29.898000
29.896000
29.895000
29.895000
29.899000
29.896000
29.875000
29.889000
29.899000
29.902000
29.904000
29.902000
29.897001
29.895000
29.899000
29.901001
29.898000
29.898000
29.898000
29.896000
29.894000
29.898000
29.899000
29.898000
29.903000
29.897000
29.900000
29.906000
29.898000
29.898000
30.142000
29.929000
29.880000
29.888000
29.890000
29.868999
29.868999
29.884000
29.890999
29.883000
29.869000
29.882000
29.882000
29.882000
29.883000
29.882000
29.882001
29.878001
29.869000
29.885001
29.894000
29.873000
29.873000
29.897000
29.882000
29.883000
29.886999
29.873000
29.894000
29.897001
29.890000
29.898000
29.890000
29.887000
29.890000
29.890000
29.922999
29.882000
29.890000
29.885000
29.902000
29.890000
29.893000
29.895000
29.895000
29.903000
29.897000
29.897000
29.898000
29.898000
29.898000
29.904000
29.898001
29.898000
29.898000
29.898000
29.903000
29.895000
29.895000
29.975000
29.902000
29.898999
29.898000
29.897000
29.898000
29.903000
29.895000
29.897000
29.895000
29.922000
29.902001
29.898000
29.898000
29.898000
29.899000
29.898000
29.898000
29.898000
29.895000
29.897000
29.894000
29.897001
29.882000
29.884000
29.883000
29.898000
29.882000
29.885001
29.882000
29.878000
29.869000
29.883000
29.933000
29.869000
29.881001
29.884000
29.890000
29.884000
29.882000
29.883999
29.885000
29.886000
29.886001
29.888000
29.887000
29.890000
29.893000
29.888000
29.887000
29.868000
29.890000
29.882000
29.882000
29.886000
29.893000
29.890000
29.888000
29.885000
29.889000
29.890000
29.880000
29.891000
29.886000
29.886000
29.886999
29.887999
29.887999
29.893000
29.882000
29.892000
29.891000
29.890000
29.885001
29.893001
29.889001
29.890000
29.890000
29.868000
29.869000
29.870001
29.883999
29.888000
29.886000
29.886000
29.883999
29.894000
29.886000
34.844000
29.885001
29.881001
29.893000
29.882001
29.891000
29.882000
