0.534000
0.524000
0.517000
0.539999
0.537000
0.538000
0.515000
0.540000
0.542000
0.539999
0.534000
0.537000
0.536000
0.513000
0.539000
0.514000
0.515000
0.515000
0.537001
0.518001
0.535000
0.538000
0.539000
0.538000
0.539999
0.540000
0.535999
0.515000
0.538000
0.541000
0.537000
0.517000
0.515000
0.519000
0.511999
0.517000
0.518001
0.518000
0.517000
0.518001
0.517000
0.519000
0.518001
0.521000
0.514000
0.519000
0.517000
0.518000
0.518000
0.515000
0.517000
0.520000
0.515000
0.515001
0.517000
0.522000
0.515000
0.534000
0.512000
0.515000
0.517000
0.519000
0.517000
0.516000
0.515000
0.515999
0.515000
0.518001
0.517000
0.519000
0.535999
0.515000
0.517000
0.519000
0.515000
0.519000
0.518000
0.517000
0.515000
0.515000
0.517000
0.518000
0.517000
0.520000
0.517000
0.516000
0.517000
0.516000
0.514000
0.516000
0.517000
0.521000
0.518000
0.515000
0.517000
0.521000
0.513000
0.516000
0.517000
0.518000
0.517000
0.516000
0.518000
0.512999
0.517000
0.517000
0.517000
0.519000
0.512000
0.512000
0.517000
0.516000
0.517000
0.527000
0.512000
0.519000
0.518001
0.515000
0.517000
0.519000
0.517000
0.513000
0.517000
0.519000
0.517000
0.517000
0.515000
0.519000
0.517000
0.517000
0.517000
0.519000
0.513000
0.516000
0.518000
0.519000
0.515000
0.517000
0.515000
0.518000
0.518000
0.518000
0.524000
0.519000
0.514001
0.519000
0.515000
0.515999
0.517000
0.518000
0.517000
0.518000
0.515000
0.517000
0.517000
0.517000
0.515000
0.519000
0.517000
0.521000
0.517000
0.519000
0.515000
0.518000
0.517000
0.516000
0.515000
0.518000
0.515000
0.515999
0.517000
0.518000
0.517000
0.518000
0.517000
0.518000
0.517000
0.515000
0.512000
0.519000
0.517000
0.519000
0.517000
0.523000
0.517000
0.517000
0.514000
0.518000
0.517000
0.518000
0.517000
0.520000
0.517000
0.518000
0.517000
0.518000
0.515000
0.517000
0.517000
0.516000
0.515000
0.517000
0.515000
0.515999
0.516000
0.518000
0.532000
0.516000
0.517000
0.519000
0.517000
0.521000
0.513000
0.518001
0.517000
0.519999
0.517000
0.519000
0.517000
0.517000
0.517000
0.517000
0.514000
0.520000
0.526000
0.531000
0.521000
0.515000
0.517000
0.517000
0.518000
0.518000
0.515000
0.517000
0.512000
0.514001
0.518000
0.518000
0.518000
0.519000
0.515000
0.515000
0.515000
0.519000
0.517000
0.517000
0.512999
0.514000
0.517000
0.517000
0.517000
0.519000
0.514001
0.512999
0.518000
0.519000
0.517000
0.515000
0.519000
0.516000
0.515000
0.515000
0.515000
0.519000
0.517000
0.515000
0.518000
0.513000
0.516000
0.519000
0.517000
0.520000
0.517000
0.513000
0.516000
0.518000
0.514001
0.519000
0.518000
0.517000
0.515000
0.519000
0.515000
0.516000
0.517000
0.517000
0.515000
0.515999
0.515000
0.518001
0.515000
0.518000
0.517000
0.518000
0.515000
0.516000
0.517000
0.519000
0.512000
0.518000
0.515001
0.518000
0.515000
0.520000
0.517000
0.517000
0.515000
0.518000
0.517000
0.516000
0.517000
0.522000
0.519000
0.515000
0.517000
0.521000
0.518000
0.516000
0.517000
0.519999
0.518001
0.516000
0.517000
0.518000
0.518000
0.516000
0.518000
0.521000
0.517000
0.514000
0.518000
0.518000
0.517000
0.519000
0.517000
0.517000
0.515000
0.516000
0.517000
0.515000
0.517000
0.517000
0.517000
0.519000
0.515000
0.515000
0.517000
0.519000
0.517000
0.514001
0.517000
0.515999
0.515000
0.515000
0.517000
0.518000
0.514000
0.517000
0.517000
0.520000
0.517000
0.515000
0.517000
0.518000
0.517000
0.513000
0.517000
0.519000
0.518001
0.518000
0.517000
0.516000
0.517000
0.517000
0.515000
0.518000
0.517000
0.517000
0.512000
0.516000
0.515000
0.516000
0.512999
0.519000
0.517000
0.515001
0.515001
0.519000
0.514000
0.517000
0.517000
0.520000
0.517000
0.515000
0.516000
0.514001
0.519000
0.517000
0.518000
0.514000
0.517000
0.516000
0.517000
0.515000
0.517000
0.519000
0.515000
0.514000
0.515000
0.517000
0.515000
0.518000
0.515000
0.517000
0.518000
0.521000
0.515000
0.517000
0.519000
0.518000
0.515000
0.518001
0.517000
0.519000
0.518001
0.516000
0.517000
0.516000
0.517000
0.514000
0.517000
0.516000
0.517000
0.519000
0.517000
0.518000
0.518000
0.517000
0.518001
0.520000
0.515000
0.520000
0.540000
0.518001
0.518000
0.519000
0.521000
0.517000
0.517000
0.514000
0.518001
0.518001
0.517000
0.519000
0.517000
0.521000
0.518000
0.514000
0.515000
0.515000
0.515000
0.516000
0.517000
0.518001
0.517000
0.515999
0.517000
0.847001
0.514000
0.512999
0.517000
0.518000
0.515000
0.515000
0.518001
0.515000
0.515001
0.518000
0.513000
0.514001
0.514000
0.512000
0.558000
0.532000
0.515000
0.520000
0.512000
0.533001
0.515000
0.518001
0.513000
0.518000
0.515000
0.517000
0.511999
0.514001
0.533000
0.519000
0.512000
0.516000
0.513000
0.514000
0.512999
0.514000
0.514001
0.517000
0.514000
0.519999
0.514000
0.517000
0.513000
0.517000
0.515999
0.519000
0.513000
0.518000
0.515000
0.515999
0.528000
0.514000
0.519000
0.519000
0.512999
0.518000
0.524000
0.517000
0.512000
0.517000
0.513000
0.517000
0.513000
0.515000
0.514000
0.514000
0.514000
0.515000
0.515000
0.515000
0.513000
0.530000
0.514000
0.515000
0.517000
0.518000
0.515000
0.517000
0.514000
0.513000
0.523000
0.517000
0.518000
0.512999
0.516000
0.517000
0.512999
0.515000
0.518000
0.514000
0.517000
0.518001
0.518000
0.515999
0.516000
0.517000
0.514000
0.512999
0.521000
0.556001
0.516000
0.512000
0.517000
0.517000
0.518001
0.512999
0.519000
0.517000
0.515001
0.515000
0.512999
0.518000
0.518000
0.512999
0.518000
0.517000
0.517000
0.517000
0.538000
0.517000
0.518000
0.517000
0.531000
0.517000
0.517000
0.517000
0.516000
0.518000
0.517000
0.515000
0.515000
0.517000
0.514000
0.534000
0.514000
0.518001
0.533001
0.517000
0.518000
0.517000
0.520000
0.517000
0.552000
0.517000
0.514001
0.519000
0.512999
0.517000
0.515000
0.517000
0.516000
0.517000
0.515000
0.518000
0.517000
0.517000
0.515000
0.515000
0.515000
0.518000
0.514001
0.518000
0.512000
0.517000
0.518000
0.519000
0.514000
0.518000
0.516000
0.518001
0.512000
0.517000
0.514000
0.517000
0.514000
0.519000
0.516000
0.518001
0.512000
0.517000
0.514000
0.517000
0.517000
0.517000
0.585000
0.517000
0.512000
0.515000
0.516000
0.517000
0.514000
0.518000
0.514000
0.517000
0.512000
0.540000
0.515000
0.514001
0.517000
0.512000
0.518001
0.518000
0.517000
0.515000
0.514000
0.517000
0.511999
0.515000
0.516000
0.515000
0.515001
0.517000
0.516000
0.514001
0.515000
0.514000
0.514000
0.512000
0.514000
0.515000
0.515000
0.512999
0.512000
0.512000
0.517000
0.515000
0.513000
0.542000
0.538000
0.517000
0.512000
0.511999
0.515999
0.515000
0.515000
0.515000
0.516000
0.515000
0.514001
0.515000
0.515000
0.517000
0.512000
0.515999
0.515000
0.517000
0.514000
0.515000
0.515000
0.513000
0.517000
0.514000
0.514000
0.514001
0.514001
0.514000
0.517000
0.517000
0.514000
0.515000
0.520000
0.512000
0.515000
0.513000
0.520000
0.515000
0.514001
0.514001
0.515000
0.515000
0.537001
0.514000
0.518000
0.518000
0.512999
0.519000
0.515000
0.517000
0.515000
0.518000
0.515000
0.519000
0.513000
0.518000
0.514000
0.518000
0.512000
0.515999
0.515000
0.519000
0.515999
0.514000
0.519000
0.519000
0.513000
0.516000
0.516000
0.515000
0.518001
0.519000
0.515000
0.538000
0.519000
0.519000
0.515000
0.519000
0.512000
0.518000
0.515000
0.516000
0.514000
0.519000
0.523000
0.512000
0.518000
0.517000
0.518000
0.517000
0.516000
0.516000
0.518000
0.515000
0.512000
0.515000
0.517000
0.517000
0.516000
0.513000
0.518000
0.518000
0.518001
0.512999
0.519000
0.512000
0.518000
0.517000
0.517000
0.517000
0.514001
0.517000
0.517000
0.515000
0.514000
0.517000
0.516000
0.517000
0.516000
0.517000
0.515000
0.515000
0.511000
0.515000
0.517000
0.518000
0.516000
0.520000
0.517000
0.517000
0.518000
0.512999
0.519000
0.514001
0.534000
0.518000
0.514001
0.512999
0.519001
0.518000
0.518000
0.518000
0.513000
0.517000
0.512999
0.517000
0.517000
0.516000
0.515000
0.516000
0.513000
0.517000
0.517000
0.516000
0.518000
0.513000
0.517000
0.516000
0.516000
0.519000
0.518000
0.515000
0.514000
0.515000
0.514000
0.518000
0.514000
0.515000
0.517000
0.515000
0.535999
0.517000
0.514001
0.517000
0.514001
0.517000
0.515000
0.514000
0.517000
0.517000
0.516000
0.515000
0.513000
0.519000
0.514001
0.516000
0.514000
0.519000
0.514000
0.519000
0.512000
0.516000
0.514001
0.517000
0.512999
0.519000
0.519000
0.517000
0.512000
0.515001
0.514000
0.519000
0.512999
0.517000
0.514000
0.514001
0.517000
0.518001
0.515000
0.517000
0.512000
0.515000
0.522000
0.518000
0.512000
0.514000
0.517000
0.517000
0.514001
0.514000
0.515999
0.518000
0.513000
0.518000
0.515000
0.516000
0.514000
0.518000
0.515000
0.514000
0.530001
0.512000
0.518000
0.517000
0.515000
0.515000
0.515000
0.515000
0.514001
0.514000
0.515000
0.514000
0.514000
0.515000
0.514001
0.517000
0.514001
0.514000
0.515000
0.515000
0.518001
0.517000
0.516000
0.517000
0.514000
0.520000
0.514001
0.516000
0.512999
0.515000
0.537000
0.534000
0.529001
0.535000
0.530999
0.534000
0.513000
0.513000
0.537000
0.531000
0.531000
0.530001
0.534000
0.515000
0.527000
0.530000
0.516000
0.515000
0.531000
0.526000
0.515999
0.514000
0.514001
0.517000
0.515000
0.517000
0.518001
0.515000
0.516000
0.517000
0.512999
0.515000
0.515999
0.517000
0.515000
0.517000
0.515000
0.516000
0.520000
0.534000
0.519000
0.519000
0.529000
0.518001
