551.800000
538.300000
536.880000
553.660000
537.020002
537.120000
537.540000
536.540000
547.100000
536.820000
536.799999
539.379999
536.739999
535.820000
536.040001
536.920000
536.280001
535.760000
535.260001
546.300000
537.179999
536.900001
536.960000
536.160000
546.680000
536.000000
536.179999
536.979999
537.040001
544.660000
536.300000
535.380000
535.559999
536.140000
535.860000
537.460001
538.600000
534.879999
535.540001
535.100000
542.620001
535.000000
536.040001
537.659999
535.519999
543.360000
536.100000
535.020001
535.979999
535.220001
540.719999
536.480000
536.340000
536.499999
537.100000
536.939999
535.399999
534.979999
538.400000
536.979999
535.739999
543.900000
535.380000
535.380000
534.960000
534.939999
548.139999
538.060000
536.619999
537.100000
536.640000
536.300000
535.979999
536.300000
536.200000
538.220000
537.280001
550.419999
535.700001
534.500001
536.720000
535.839999
542.540001
538.479999
537.560001
536.760001
536.500001
547.040001
537.180001
537.880000
537.880000
535.920000
536.480000
535.680002
535.400001
535.399999
536.180001
536.419999
550.800001
536.320001
537.560001
536.979999
535.760000
542.180000
536.700001
536.340000
536.259999
539.680000
545.779999
536.620000
535.519999
536.060000
535.760000
536.220001
535.460001
539.660001
536.540002
537.240000
536.860000
543.080000
536.239998
537.519999
536.980001
539.120000
547.560001
535.200000
537.400000
536.160000
536.559999
535.320001
536.720000
538.980000
536.340000
535.860000
535.040000
547.620000
534.380000
535.739999
534.960000
538.500000
543.840000
536.620000
537.960000
536.459999
537.140001
546.459999
536.440000
539.240001
535.939999
536.060000
535.900000
536.880000
536.960000
536.139999
536.420001
537.780000
547.459999
535.259999
535.720000
536.380000
536.240000
541.580001
535.220001
539.479999
536.140000
536.160000
545.779999
534.820002
535.680000
535.240000
535.879999
539.320000
536.079999
535.699999
535.220001
536.340000
536.400000
548.039999
536.220001
539.180001
535.680000
537.240000
542.940000
536.179999
536.160000
536.200002
538.040001
538.240001
536.640000
535.920000
536.999999
536.079999
535.680002
536.060002
539.579999
538.360002
537.160000
535.639999
546.100000
536.420001
536.340000
535.279999
537.700001
549.219999
536.720000
537.799999
536.599999
535.860000
535.960000
536.160000
535.879999
539.479999
537.980000
537.060000
548.780000
535.660001
537.160000
536.180001
538.559999
544.100001
536.440000
535.219999
534.080001
536.180001
545.839999
534.580000
534.779999
538.139999
535.860000
536.060000
536.079999
535.840001
535.720000
535.119999
534.840001
550.079999
537.599999
536.580000
536.760001
535.180001
542.160001
535.660001
538.220000
537.400000
536.240000
547.100000
534.900000
535.660001
534.380000
534.399999
537.300000
537.740000
536.340000
536.440000
535.160000
536.180001
543.380000
535.780000
538.920000
536.340000
536.499999
547.840001
537.200000
537.060000
536.839999
536.380000
536.839999
536.999999
537.160000
536.079999
536.020001
535.879999
547.860000
538.400000
538.600000
536.140000
535.620000
542.800000
536.540000
537.480000
536.180001
537.020002
548.719998
536.540000
536.820000
535.380000
535.860000
535.699999
536.520001
536.340000
538.039999
536.279999
535.879999
547.739999
535.519999
536.400001
536.380000
539.500000
543.719999
536.340000
536.020000
536.680000
537.360001
547.259999
536.080001
539.099999
536.820000
536.960000
536.800001
536.640000
536.599999
535.920002
535.740001
539.800001
549.160000
536.659999
536.660001
534.700001
535.860000
546.520000
537.599999
538.099999
536.000000
535.840001
535.999998
534.920000
535.680000
535.420001
537.320001
536.540002
542.600000
536.620000
536.359999
536.259999
536.079999
543.300001
535.680000
539.480001
535.800001
536.379999
544.440001
536.599999
535.739999
536.040001
535.519999
539.519999
536.599999
537.280001
537.079999
537.720000
536.039999
541.759999
537.860001
536.659999
535.799999
537.080001
548.200000
536.080001
535.139998
535.760000
537.540000
543.940000
536.200000
535.599999
535.760000
536.560001
534.940001
535.380000
540.039999
536.340000
536.680000
535.499999
543.420000
535.179999
534.739999
534.740001
539.200000
547.379998
535.559999
536.880000
536.720000
535.440000
543.180000
536.640000
538.960001
537.260000
535.660001
535.680000
535.760000
535.839999
536.219999
536.739999
538.199998
543.620000
535.020001
535.659999
536.580000
535.060000
546.300000
536.600001
539.640000
536.799999
536.040001
535.239998
535.380000
535.260001
536.359999
539.540000
536.520001
547.320001
537.220001
536.179999
536.020000
536.179999
544.020001
536.060000
539.320001
537.380001
537.000000
546.240000
536.720000
536.960000
535.120001
535.920000
538.920000
537.759999
536.119999
536.140000
536.480000
535.799999
547.699999
536.860000
538.200000
537.520001
536.780000
542.740000
535.179999
535.360001
536.140000
536.920000
548.080001
536.139999
537.060000
535.499999
535.680000
537.020000
536.480000
538.220000
536.420001
534.960000
535.680002
547.900001
535.720000
536.100000
535.080001
539.859999
542.880001
536.340000
535.359999
536.820000
535.780000
536.219999
536.780000
540.320002
536.080001
536.240000
535.740001
545.999998
536.780000
536.560001
536.880000
538.020000
543.500001
535.940001
536.900001
537.020000
536.400000
546.839999
538.040001
536.640000
536.340000
536.200000
536.999999
535.399999
536.180001
537.780000
539.780000
536.419999
548.899999
536.420001
536.920000
537.560001
535.700001
546.720000
536.800001
536.480000
535.500001
536.960000
547.259999
536.440000
536.120001
539.320000
536.540000
536.560001
535.200000
536.259999
536.699999
535.380000
534.640001
550.200000
537.160000
536.340000
537.320001
536.839999
542.960001
537.040001
537.260000
538.699999
536.979999
546.879999
535.460001
535.320001
535.900000
536.960000
536.840001
539.080000
535.279999
535.499999
537.240000
536.080001
545.280000
535.720000
535.639999
539.360000
536.359999
546.680000
535.580000
536.739999
535.219999
535.499999
539.540000
536.600001
535.599999
537.699999
536.440000
535.219999
549.200000
537.120001
538.039999
537.440000
535.860000
541.940000
536.280001
536.599999
535.760000
536.280001
548.780000
537.480000
536.459999
537.020000
536.920000
537.160000
537.620001
536.540000
536.619999
538.820000
536.699999
544.160001
536.740001
536.499999
535.639999
536.440000
543.439999
538.740000
537.360001
536.599999
535.000000
547.040001
536.739999
535.820000
537.459999
537.860001
536.119999
536.359999
536.519999
535.440000
536.340000
535.680002
546.580000
539.320000
536.900001
536.960000
535.860000
542.940000
536.000000
536.440000
535.380000
538.360000
535.540000
536.320001
536.440000
535.220001
536.840001
535.520000
536.920000
539.640000
535.180001
535.980001
535.879999
545.500001
536.060000
535.860000
537.039999
538.640000
547.880000
536.980001
536.240000
536.699999
535.700001
536.000000
539.820001
537.200000
536.179999
536.780000
536.060000
548.820000
534.939999
536.540000
538.719999
537.160000
542.640001
536.100000
536.540000
536.279999
536.340000
542.380000
540.180000
536.540000
535.860000
535.520000
535.739999
535.979999
536.860000
536.440000
538.799999
536.660001
547.900001
536.820000
535.780000
535.939999
536.080001
542.820001
538.620001
536.800001
537.380001
538.120000
550.720001
536.420001
536.620000
535.900000
538.860001
537.100000
536.560001
538.200000
535.540000
535.799999
535.420001
568.580000
541.000001
536.760001
537.280001
536.640000
552.000001
535.220001
535.620000
537.280001
539.780000
544.280000
538.140001
536.680000
536.060000
536.739999
536.300000
537.120000
539.540000
536.720000
536.320001
536.120001
543.420000
535.340000
534.840001
535.940001
538.160000
548.200000
536.000000
536.119999
536.379999
537.179999
537.759999
538.140001
537.020000
535.960000
536.940001
533.679999
546.000000
534.940001
536.040001
535.740001
538.419999
544.620000
537.060000
535.179999
535.580000
535.640001
546.520000
535.160000
538.699999
537.000000
536.100000
535.600001
536.160000
536.840001
536.000000
536.320001
538.059998
543.480000
536.599999
535.799999
535.700001
536.839999
547.200002
536.760001
537.820000
537.300000
536.119999
546.180001
535.060000
536.040001
535.580000
536.700001
537.100000
546.040000
537.659999
536.799999
537.959998
536.680000
542.359998
536.420001
538.980000
535.960000
535.560001
550.319999
537.360001
537.540000
536.259999
540.100001
544.380000
536.260001
536.039999
536.420001
536.680000
536.939999
535.839999
538.100000
537.020000
536.780000
537.579998
541.880000
535.500001
535.720000
536.799999
538.780000
546.760000
536.920000
535.900000
536.820000
536.400000
536.820000
537.240000
537.620001
536.499999
535.739999
535.340000
548.920000
536.899999
536.760001
538.480001
536.080001
543.320000
535.639999
534.899998
536.520001
537.079999
547.320001
538.299998
535.900000
536.660001
537.280001
537.620001
536.920000
536.080001
536.760001
537.200000
536.219999
547.340000
536.440000
536.359999
536.440000
536.160000
545.159999
536.979999
534.879999
533.879999
536.559999
543.779999
535.720000
535.660001
535.660001
538.020000
536.640000
536.380000
535.839999
536.060000
536.040001
536.620000
545.639999
538.920000
536.620000
536.400000
536.040001
544.160001
535.720000
535.219999
537.400000
538.620001
536.860000
536.300000
536.100000
536.619999
536.540000
535.620000
541.180000
539.160000
535.920000
536.699999
536.960000
551.300000
536.780000
535.740001
536.179999
538.600000
543.800000
536.080001
536.480000
535.459999
536.620000
535.960000
535.960000
539.540000
537.219999
536.359999
535.900000
546.879999
536.820000
535.440000
535.440000
538.640000
548.680000
536.020001
537.379999
534.860000
535.580000
544.919999
535.240000
538.400000
537.500000
536.359999
536.179999
535.879999
536.840001
536.459999
538.320001
538.140001
550.759999
536.279999
536.280001
536.300002
535.800001
546.639999
537.820000
548.920000
538.519999
536.840001
549.199998
535.680000
536.140000
536.180001
536.540000
539.380001
538.080001
537.760001
535.700001
537.200000
536.100000
547.860000
536.440000
539.980000
536.600001
535.540001
542.320000
535.760000
536.240000
536.940001
536.380000
538.160000
536.960000
536.540000
537.200000
536.259999
536.320001
537.080001
535.760000
538.100000
537.060000
536.760001
545.760000
535.860000
536.440000
536.219999
537.999999
547.920000
536.780002
536.160000
536.320001
535.160001
536.660001
535.700001
538.680000
538.720001
536.500001
535.520000
547.079999
536.160002
535.520000
537.000000
536.480000
542.380000
536.800001
536.720000
536.300000
536.880001
546.140000
538.480001
537.600001
536.599999
535.979999
536.100000
535.100000
535.840001
535.920000
540.600000
537.360001
548.540000
537.540000
537.260000
536.160000
537.020000
543.920001
539.759999
537.320001
535.000000
536.480000
546.939999
536.480000
536.480000
535.520000
540.380001
536.980001
536.780000
536.300000
536.060000
536.279999
537.659999
546.560001
538.320001
536.119999
535.359999
536.620000
546.879999
535.519999
536.040001
536.640001
539.560001
536.960000
537.380001
536.100000
535.979999
535.720000
536.620000
543.760000
