20.274000
20.311000
20.382000
20.046000
20.316000
20.514000
20.323000
20.306000
20.271000
20.318000
20.563000
20.514000
20.065000
20.134000
19.999000
20.041000
20.326000
20.529000
20.326000
20.322000
20.515000
20.312000
20.030000
20.518000
20.312000
20.059000
20.280000
20.577000
20.329000
20.283000
20.045000
20.321000
20.270000
20.329000
20.331000
20.529000
20.574000
20.568000
20.021000
20.048000
20.313000
20.290000
20.189000
20.466000
20.273000
20.585000
20.327000
20.272000
20.319000
20.569000
20.527000
20.043000
20.116000
19.982000
20.022000
20.323000
20.287000
20.330000
20.320000
19.996000
20.309000
20.201000
20.528000
20.307000
20.122000
20.514000
20.301000
20.303000
20.262000
20.024000
20.313000
20.514000
20.559000
20.049000
20.514000
20.027000
20.554000
19.976000
20.347000
20.331000
20.528000
20.346000
20.570000
20.277000
20.574000
20.152000
20.588000
20.030000
20.326000
20.522000
20.050000
20.306000
20.537000
20.344000
20.329000
20.305000
20.329000
20.326000
20.003000
20.321000
20.323000
20.273000
20.309000
20.433000
20.518000
20.549000
20.321000
20.512000
20.463000
20.306000
19.982000
20.170000
20.339000
20.518000
20.321000
20.042000
20.282000
20.045000
20.323000
20.308000
20.037000
20.312000
20.515000
20.335000
20.320000
20.258000
20.341000
20.443000
20.275000
20.563000
20.058000
20.344000
20.338000
20.576000
20.252000
20.571000
20.325000
20.003000
20.037000
20.062000
20.279000
20.592000
20.316000
20.280000
20.330000
20.306000
20.278000
20.320000
20.600000
20.531000
20.043000
20.039000
20.526000
20.575000
20.329000
20.284000
20.331000
20.315000
20.010000
20.450000
20.310000
20.280000
20.348000
20.350000
20.016000
20.041000
20.330000
20.032000
20.046000
20.575000
20.001000
20.573000
20.320000
20.029000
20.347000
20.573000
20.267000
20.044000
20.569000
20.530000
20.324000
20.354000
20.284000
20.026000
20.055000
20.266000
20.324000
20.564000
20.281000
20.559000
20.562000
20.282000
20.566000
20.306000
19.996000
20.564000
20.308000
20.281000
20.549000
20.002000
20.514000
20.287000
20.428000
19.983000
19.423000
20.020000
20.265000
20.307000
20.301000
20.531000
20.020000
20.303000
20.282000
20.401000
20.309000
19.982000
20.043000
172.034000
20.528000
20.596000
20.572000
20.559000
20.332000
20.333000
20.530000
20.331000
20.323000
20.529000
20.049000
20.561000
20.281000
20.576000
20.311000
20.304000
20.331000
20.350000
20.514000
20.570000
20.553000
20.306000
20.041000
20.313000
20.526000
20.437000
20.323000
19.989000
20.039000
20.058000
19.994000
20.545000
20.295000
20.276000
20.034000
20.565000
20.285000
20.303000
20.305000
20.300000
20.587000
20.287000
20.304000
20.027000
20.520000
20.267000
20.520000
20.550000
20.512000
20.288000
20.046000
20.501000
19.988000
19.982000
20.297000
20.286000
20.001000
20.283000
20.532000
20.537000
20.279000
20.535000
20.280000
20.290000
20.285000
20.013000
20.522000
20.011000
20.533000
20.528000
20.283000
19.999000
20.274000
20.283000
20.278000
20.275000
20.065000
20.535000
20.300000
20.284000
20.534000
19.999000
20.538000
20.031000
20.281000
20.524000
20.011000
20.006000
20.310000
20.005000
19.990000
20.022000
20.006000
20.300000
20.536000
20.009000
20.520000
20.292000
20.282000
20.277000
20.292000
20.562000
19.990000
20.294000
20.281000
20.524000
20.305000
20.430000
20.274000
20.007000
20.537000
19.996000
20.535000
20.045000
20.529000
20.282000
20.295000
20.533000
20.312000
20.416000
20.278000
20.290000
20.383000
20.510000
20.276000
20.285000
20.283000
20.558000
20.535000
20.282000
20.292000
20.292000
20.015000
20.285000
20.302000
20.283000
20.541000
20.010000
19.995000
20.536000
20.008000
20.280000
20.294000
20.014000
20.527000
20.013000
20.290000
20.526000
20.276000
20.536000
20.269000
19.987000
20.275000
20.250000
20.296000
20.595000
20.274000
20.317000
20.530000
20.262000
20.285000
20.288000
20.265000
20.275000
20.281000
19.990000
20.007000
20.291000
20.286000
20.540000
20.275000
20.276000
20.003000
20.306000
19.996000
20.417000
20.057000
20.528000
20.562000
20.326000
20.403000
20.238000
20.344000
20.284000
20.311000
19.997000
20.542000
20.284000
20.292000
20.529000
20.265000
20.279000
20.276000
20.303000
19.996000
20.546000
20.265000
20.275000
20.511000
20.514000
20.384000
20.525000
20.010000
20.296000
20.003000
20.533000
20.300000
20.523000
20.317000
20.019000
19.999000
20.025000
20.538000
20.279000
20.008000
20.537000
20.013000
20.290000
20.313000
20.281000
20.035000
20.588000
20.281000
20.326000
20.567000
20.284000
20.039000
20.068000
20.523000
20.034000
20.062000
20.274000
20.321000
20.309000
20.283000
20.314000
20.043000
20.263000
20.560000
20.324000
20.214000
20.308000
20.050000
20.513000
20.307000
20.578000
20.271000
20.553000
20.562000
20.301000
20.345000
20.561000
20.532000
20.297000
20.547000
20.202000
20.319000
20.304000
19.994000
20.020000
20.276000
20.515000
20.420000
20.518000
20.548000
20.305000
20.312000
19.979000
20.038000
20.299000
20.322000
20.037000
20.307000
19.991000
20.022000
20.310000
20.548000
20.572000
20.316000
20.005000
20.046000
20.311000
20.274000
20.319000
20.040000
20.267000
20.031000
20.312000
20.276000
20.324000
20.040000
20.529000
20.321000
20.567000
19.996000
20.586000
20.323000
20.278000
20.323000
20.567000
20.279000
20.033000
20.035000
20.285000
20.567000
20.312000
20.291000
20.320000
20.042000
19.997000
20.315000
20.041000
19.993000
20.265000
20.315000
20.283000
20.036000
20.318000
20.521000
20.567000
20.565000
19.995000
20.258000
20.562000
20.272000
20.332000
20.571000
20.281000
20.073000
20.305000
20.277000
20.318000
20.042000
20.408000
20.323000
20.346000
20.525000
20.572000
20.357000
20.377000
20.575000
20.593000
20.281000
20.050000
20.303000
20.003000
20.293000
20.296000
20.273000
20.345000
20.563000
20.514000
87.530000
20.306000
20.283000
20.060000
20.035000
20.272000
20.320000
20.426000
20.291000
20.362000
20.347000
20.081000
20.579000
20.351000
20.311000
20.093000
20.311000
19.993000
20.027000
20.038000
20.286000
20.483000
20.333000
20.550000
20.022000
20.581000
20.275000
20.603000
20.574000
20.272000
20.321000
20.042000
20.279000
20.331000
20.570000
20.020000
20.318000
20.329000
20.280000
20.137000
20.558000
20.015000
20.353000
20.358000
23.473000
20.459000
20.068000
20.282000
20.306000
20.558000
20.399000
20.044000
20.563000
20.268000
20.328000
20.322000
20.287000
20.318000
20.039000
20.395000
20.032000
20.027000
20.052000
20.326000
20.328000
20.523000
20.032000
20.558000
20.283000
20.042000
20.592000
20.277000
20.345000
20.567000
20.277000
20.320000
20.328000
19.989000
20.317000
20.317000
20.267000
20.318000
20.324000
20.299000
20.042000
19.416000
19.989000
20.042000
20.348000
20.284000
20.045000
20.439000
20.306000
20.331000
20.350000
20.530000
20.323000
20.330000
20.278000
20.330000
20.303000
20.279000
20.329000
20.316000
20.256000
20.317000
20.033000
20.275000
20.038000
20.331000
20.525000
20.564000
20.440000
20.012000
20.082000
20.053000
20.406000
20.337000
20.316000
20.502000
20.313000
20.403000
20.525000
20.043000
20.314000
20.281000
20.307000
20.305000
20.521000
20.045000
20.316000
20.256000
20.039000
20.569000
20.277000
20.329000
20.044000
20.282000
20.315000
20.451000
20.271000
20.188000
20.044000
19.995000
20.065000
20.594000
20.000000
20.571000
20.324000
19.997000
20.041000
20.040000
19.996000
20.323000
20.299000
20.526000
20.319000
20.558000
20.278000
20.010000
20.292000
19.996000
20.563000
20.289000
20.006000
20.535000
20.295000
20.525000
20.006000
20.284000
20.525000
20.280000
20.276000
20.302000
20.296000
20.281000
19.988000
20.037000
20.051000
20.281000
20.304000
20.295000
19.993000
20.561000
20.023000
19.990000
20.307000
20.305000
20.511000
20.551000
20.311000
20.403000
20.030000
20.307000
20.404000
20.344000
20.323000
20.533000
20.032000
20.318000
20.268000
20.567000
20.294000
20.430000
20.557000
20.060000
20.003000
20.544000
20.548000
19.995000
20.447000
20.128000
19.994000
19.421000
20.298000
19.995000
20.304000
20.320000
20.300000
20.020000
20.305000
20.294000
20.296000
20.304000
19.996000
20.332000
20.572000
20.279000
20.065000
20.312000
20.278000
20.015000
20.358000
20.282000
20.322000
20.315000
20.000000
20.535000
20.564000
19.998000
20.046000
20.429000
19.997000
20.292000
20.038000
20.260000
20.037000
20.020000
20.540000
20.025000
20.052000
20.013000
20.342000
20.018000
20.527000
20.300000
20.309000
19.990000
20.002000
20.298000
20.264000
20.008000
20.283000
19.983000
20.007000
23.899000
20.288000
20.538000
20.539000
20.258000
20.280000
20.019000
20.284000
20.287000
20.283000
20.277000
20.005000
20.295000
20.264000
20.312000
20.540000
20.015000
20.534000
20.292000
20.279000
20.535000
20.565000
19.990000
20.329000
20.315000
20.277000
20.521000
20.520000
20.288000
20.534000
20.278000
19.987000
20.541000
20.283000
20.521000
20.001000
20.282000
20.277000
20.326000
20.006000
20.285000
20.029000
20.036000
20.401000
20.297000
20.576000
20.509000
20.265000
20.263000
20.532000
20.005000
20.057000
19.997000
20.345000
20.301000
20.529000
20.046000
20.044000
20.511000
20.323000
20.037000
20.276000
20.578000
20.332000
20.281000
20.363000
20.328000
19.996000
20.319000
20.050000
20.278000
20.317000
20.315000
20.282000
20.574000
20.324000
19.991000
20.580000
20.078000
20.281000
20.049000
20.602000
20.285000
20.334000
20.573000
19.999000
20.577000
20.589000
20.533000
20.078000
20.024000
20.266000
20.314000
20.313000
20.517000
20.320000
20.343000
20.530000
20.606000
20.567000
20.273000
20.037000
20.576000
19.995000
20.330000
20.343000
20.285000
20.054000
20.045000
20.273000
20.331000
20.057000
20.278000
20.060000
20.076000
20.526000
20.457000
20.046000
20.529000
20.572000
20.567000
20.119000
20.282000
20.451000
20.523000
20.006000
20.296000
20.300000
20.290000
20.283000
20.277000
20.288000
20.008000
20.005000
20.537000
20.533000
20.280000
20.294000
20.533000
20.268000
20.269000
20.293000
20.530000
20.003000
20.294000
20.526000
20.011000
20.293000
20.279000
20.003000
20.289000
20.036000
20.277000
20.283000
20.000000
20.009000
20.279000
20.268000
20.275000
20.004000
20.000000
20.003000
20.281000
20.523000
20.007000
