0.268999
0.205997
0.195000
0.199001
0.190001
0.206001
0.206001
0.190001
0.189003
0.188999
0.190001
0.190001
0.188999
0.293002
0.188999
0.189003
0.190001
0.188999
0.188999
0.188999
0.190001
0.188999
0.188999
0.188999
0.188999
0.188999
0.189003
0.190001
0.188999
0.188999
0.189003
0.188999
0.191003
0.188999
0.188999
0.189997
0.188001
0.188999
0.190001
0.190001
0.190999
0.188999
0.189003
0.190999
0.190001
0.188999
0.190001
0.189003
0.189997
0.189003
0.330001
0.190001
0.189003
0.189003
0.189003
0.190001
0.188999
0.188999
0.188001
0.190001
0.190999
0.190001
0.190001
0.190001
0.188999
0.188999
0.188999
0.188999
0.188001
0.188999
0.188999
0.190001
0.190001
0.189003
0.189003
0.188999
0.188999
0.193000
0.190999
0.188999
0.188999
0.188999
0.213001
0.188999
0.189003
0.189997
0.188999
0.188999
0.190001
0.188999
0.189003
0.188999
0.188999
0.189003
0.188999
0.190001
0.187997
0.188999
0.190001
0.190999
0.190001
0.190001
0.187997
0.188999
0.188999
0.188999
0.188001
0.188999
0.189003
0.188999
0.188999
0.188999
0.188999
0.189997
0.188999
0.188999
0.188999
0.187997
0.187997
0.190001
0.188999
0.188999
0.190001
0.188999
0.189997
0.188999
0.189003
0.190001
0.190001
0.190001
0.188999
0.188999
0.188999
0.189003
0.190999
0.188999
0.189997
0.189997
0.190999
0.188999
0.188999
0.192001
0.188999
0.188999
0.188999
0.189003
0.189997
0.188999
0.191003
0.188999
0.188999
0.188999
0.189003
0.188999
0.188001
0.189997
0.188001
0.192001
0.188999
0.190001
0.188999
0.190001
0.188999
0.188999
0.188999
0.190001
0.188999
0.188999
0.189003
0.188999
0.189003
0.189003
0.189003
0.189997
0.188999
0.190001
0.188999
0.189003
0.190999
0.192001
0.188999
0.189997
0.189003
0.190001
0.190001
0.188999
0.190001
0.188999
0.188999
0.188999
0.188999
0.188999
0.188999
0.188999
0.189003
0.188999
0.190999
0.190001
0.190001
0.190001
0.190001
0.190001
0.188999
0.188999
0.188999
0.191998
0.188001
0.190001
0.188999
0.189003
0.189997
0.188999
0.187997
0.189003
0.190999
0.188999
0.188999
0.189003
0.188001
0.190001
0.188001
0.188999
0.188999
0.189997
0.189003
0.189003
0.188999
0.190001
0.188999
0.189003
0.191003
0.188999
0.190001
0.189003
0.188999
0.190001
0.188001
0.190001
0.190001
0.189997
0.189003
0.189003
0.188999
0.188999
0.190001
0.188999
0.189003
0.188999
0.190001
0.188999
0.188999
0.190001
0.188999
0.189003
0.188999
0.188999
0.190001
0.188999
0.190999
0.188999
0.190999
0.191003
0.188001
0.189997
0.188999
0.189003
0.190001
0.189003
0.188001
0.192001
0.189003
0.190001
0.189997
0.189997
0.188999
0.190001
0.190001
0.188999
0.188999
0.188999
0.188001
0.188999
0.188001
0.189003
0.187997
0.189997
0.188999
0.190001
0.190001
0.188999
0.188999
0.189997
0.189997
0.188999
0.188999
0.188999
0.189003
0.188999
0.188999
0.188999
0.190001
0.189003
0.190001
0.188001
0.188999
0.188999
0.190999
0.189997
0.191003
0.188999
0.188999
0.190001
0.187997
0.188999
0.190001
0.189997
0.188001
0.188999
0.188999
0.188999
0.188999
0.189003
0.188999
0.190001
0.188999
0.188999
0.188999
0.190001
0.189003
0.190999
0.189003
0.190001
0.188999
0.216998
0.189003
0.189003
0.188001
0.189997
0.188999
0.190001
0.190001
0.189003
0.188999
0.190001
0.188999
0.190001
0.188001
0.189997
0.189003
0.188999
0.190001
0.189003
0.189003
0.188999
0.188001
0.214003
0.188999
0.188999
0.190999
0.190999
0.188001
0.189003
0.188999
0.189003
0.190001
0.190001
0.189003
0.190001
0.188999
0.189003
0.189003
0.188999
0.189997
0.189003
0.190999
0.190001
0.188999
0.190001
0.190999
0.188999
0.191003
0.188999
0.190999
0.190001
0.190999
0.190001
0.191003
0.188999
0.190999
0.189003
0.190999
0.188999
0.190999
0.188999
0.188001
0.189003
0.190999
0.192001
0.190001
0.188999
0.188001
0.326999
0.190999
0.189997
0.310998
0.188999
0.190999
0.190001
0.213001
0.188999
0.188999
0.189003
0.188999
0.188999
0.188001
0.188999
0.189003
0.190999
0.188999
0.189003
0.188999
0.188999
0.190001
0.188999
0.189003
0.189003
0.189003
0.190001
0.188999
0.192001
0.189997
0.188999
0.190001
0.188999
0.190001
0.188999
0.189003
0.188999
0.189003
0.190001
0.190999
0.189003
0.188999
0.188999
0.188999
0.190001
0.188999
0.190001
0.188999
0.189997
0.188999
0.190001
0.189997
0.188999
0.189003
0.188999
0.189003
0.188999
0.190999
0.189997
0.188001
0.191998
0.189003
0.189003
0.188999
0.190001
0.188999
0.190001
0.189003
0.190001
0.188999
0.189997
0.188999
0.213999
0.188999
0.190001
0.189997
0.190001
0.188999
0.190001
0.188999
0.188001
0.190999
0.190001
0.188999
0.189997
0.189003
0.188999
0.188999
0.188999
0.190999
0.189997
0.189003
0.188999
0.188999
0.189997
0.188999
0.188001
0.188999
0.188999
0.189003
0.190001
0.188001
0.214998
0.188999
0.189003
0.188999
0.188999
0.188999
0.190001
0.188999
0.189003
0.188999
0.190001
0.188001
0.190001
0.188999
0.189003
0.189003
0.190001
0.188999
0.190001
0.190001
0.190001
0.189997
0.190999
0.188999
0.188999
0.189003
0.189003
0.190001
0.188999
0.189003
0.189003
0.188999
0.188001
0.188999
0.190001
0.188999
0.188999
0.190001
0.188999
0.188001
0.190999
0.190999
0.189997
0.187997
0.189003
0.188999
0.190001
0.188001
0.188999
0.192001
0.188999
0.189997
0.189003
0.189997
0.188999
0.189003
0.190001
0.190001
0.190001
0.188999
0.188999
0.189003
0.190001
0.188001
0.188999
0.188999
0.189003
0.189003
0.189003
0.188999
0.189003
0.188999
0.188999
0.188999
0.188999
0.188999
0.190001
0.188999
0.190999
0.190999
0.190001
0.188001
0.189997
0.188999
0.190001
0.188001
0.192001
0.188999
0.190001
0.188999
0.190001
0.190999
0.189997
0.190001
0.216000
0.190999
0.188999
0.190999
0.188999
0.190001
0.190999
0.188999
0.189003
0.188001
0.215001
0.189003
0.188999
0.190001
0.190001
0.189003
0.188999
0.188999
0.189003
0.190999
0.188001
0.189003
0.189003
0.188999
0.188999
0.189003
0.190001
0.190999
0.190001
0.189997
0.189003
0.191003
0.190999
0.189003
0.188999
0.190999
0.188999
0.188999
0.190001
0.188999
0.190001
0.190001
0.189003
0.190001
0.190001
0.212997
0.189997
0.190999
0.188999
0.188999
0.190001
0.188999
0.190001
0.190001
0.189997
0.189997
0.192001
0.188001
0.189003
0.188999
0.190001
0.188999
0.215001
0.188999
0.189003
0.188999
0.189003
0.191003
0.190001
0.189003
0.189003
0.189997
0.188999
0.190999
0.188999
0.188999
0.188999
0.188999
0.192001
0.190001
0.188999
0.188999
0.188999
0.188999
0.190001
0.190001
0.188999
0.188999
0.188999
0.190999
0.188999
0.188999
0.188999
0.188999
0.190001
0.189003
0.190001
0.188999
0.190999
0.188999
0.189997
0.189003
0.189997
0.188999
0.188999
0.188999
0.189003
0.192001
0.188999
0.189003
0.190001
0.188999
0.189997
0.188999
0.188999
0.191998
0.190001
0.188999
0.188999
0.190999
0.192001
0.189003
0.189997
0.188999
0.190001
0.188999
0.189003
0.190999
0.190001
0.188999
0.190001
0.190001
0.189003
0.190001
0.190001
0.190001
0.190001
0.188999
0.188999
0.188999
0.190001
0.188001
0.188001
0.188999
0.189003
0.189003
0.189997
0.188999
0.190001
0.189997
0.189997
0.189997
0.190999
0.190001
0.190001
0.188001
0.189003
0.189003
0.188001
0.188001
0.189997
0.189003
0.189997
0.188999
0.190001
0.189997
0.188001
0.190001
0.188999
0.188999
0.189003
0.212997
0.188999
0.190001
0.188999
0.190999
0.189003
0.190999
0.190001
0.189003
0.188001
0.189003
0.188999
0.189003
0.191998
0.189003
0.188999
0.189003
0.190001
0.190001
0.190001
0.189003
0.189997
0.189997
0.190999
0.188999
0.190001
0.187997
0.188001
0.187997
0.188999
0.190001
0.188999
0.190999
0.188001
0.190001
0.189997
0.190001
0.188999
0.188999
0.190001
0.190999
0.188999
0.188999
0.189997
0.188999
0.190001
0.189997
0.188999
0.188999
0.190001
0.189003
0.190001
0.193000
0.189997
0.190001
0.188999
0.188999
0.188999
0.188001
0.190001
0.190999
0.190001
0.188999
0.190001
0.190999
0.216000
0.214003
0.188999
0.189997
0.188999
0.190001
0.188999
0.190001
0.188999
0.188999
0.189003
0.190001
0.192001
0.188999
0.189997
0.190001
0.188999
0.188999
0.190001
0.188999
0.188999
0.189003
0.189003
0.188999
0.190001
0.190001
0.188999
0.190999
0.188999
0.188999
0.188999
0.188999
0.188999
0.188999
0.190999
0.188001
0.190001
0.188001
0.188999
0.190001
0.188999
0.189003
0.190001
0.189003
0.188999
0.190999
0.188999
0.190001
0.190001
0.189003
0.189997
0.188999
0.190001
0.188999
0.191003
0.188999
0.188999
0.188999
0.190001
0.189003
0.189003
0.188999
0.189003
0.188001
0.188999
0.188999
0.188999
0.188999
0.188001
0.188999
0.190001
0.190001
0.188999
0.188999
0.189997
0.190001
0.213999
0.188999
0.216998
0.188999
0.189003
0.191998
0.190001
0.191003
0.188999
0.191003
0.189997
0.190999
0.189003
0.188999
0.190001
0.188999
0.188999
0.190999
0.188999
0.190001
0.190001
0.187997
0.188999
0.189003
0.188999
0.189997
0.188999
0.193000
0.189003
0.188999
0.188999
0.188999
0.190999
0.187997
0.190001
0.189003
0.190001
0.188001
0.189997
0.188999
0.189997
0.188999
0.190001
0.188999
0.188999
0.191003
0.189997
0.188999
0.188999
0.188999
0.190001
0.188999
0.188999
0.188999
0.190001
0.188999
0.189003
0.188001
0.188999
0.189003
0.188999
0.189003
0.190001
0.189003
0.192001
0.189997
0.188001
0.189997
0.189003
0.188999
0.190001
0.188999
0.190001
0.190999
0.190001
0.188999
0.188999
0.188999
0.189997
0.211000
0.191998
0.189003
0.190001
0.189003
0.188999
0.188999
0.190001
0.189003
0.189003
0.188999
0.190001
