0.872000
0.866000
0.874001
0.879999
0.874001
0.876999
0.867001
0.880000
0.875000
0.867000
0.877000
0.867000
0.880000
0.876000
0.867000
0.876999
0.867000
0.876000
0.868000
0.867000
0.876999
0.867001
0.875000
0.870000
0.875000
0.867001
0.872000
0.875000
0.870000
0.876999
0.867001
0.868999
0.875000
0.870000
0.877000
0.867000
0.869000
0.875000
0.866000
0.876999
0.867000
0.868999
0.875001
0.880000
0.867000
0.875999
0.876999
0.867001
0.876000
0.868000
0.876000
0.877000
0.867000
0.872000
0.869000
0.872000
0.876999
0.867000
0.872000
0.868999
0.872000
0.880000
0.880000
0.874000
0.872000
0.872000
0.880000
0.880000
0.874000
0.877000
0.867000
0.880000
0.875000
0.867001
0.876999
0.867000
0.879999
0.875000
0.867000
0.877000
0.867000
0.875000
0.868000
0.867001
0.876999
0.867000
0.875000
0.870000
0.875000
0.867000
0.871999
0.875000
0.870000
0.876999
0.867000
0.868999
0.875001
0.870001
0.876999
0.867000
0.869000
0.875000
0.866000
0.877000
0.867000
0.869000
0.875000
0.880000
0.867000
0.876000
0.877000
0.867000
0.876000
0.867000
0.876000
0.877000
0.867000
0.872000
0.869000
0.872000
0.877000
0.867000
0.872000
0.869000
0.872000
0.879999
0.880000
0.874000
0.871999
0.872000
0.880000
0.880000
0.874000
0.877000
0.867000
0.880000
0.875000
0.867000
0.876999
0.867001
0.880000
0.875001
0.867000
0.876999
0.867000
0.875000
0.868000
0.867000
0.877000
0.867000
0.875000
0.870000
0.875000
0.867000
0.872000
0.875000
0.870000
0.877000
0.867000
0.869000
0.875000
0.870001
0.876999
0.867001
0.868999
0.875000
0.866000
0.877000
0.867000
0.869000
0.875000
0.880000
0.867000
0.876000
0.877000
0.867000
0.876000
0.867000
0.876000
0.877000
0.867000
0.872000
0.869000
0.872000
0.876999
0.867000
0.872000
0.868999
0.871999
0.880000
0.880000
0.874000
0.872000
0.872000
0.880000
0.880000
0.874000
0.877000
0.867000
0.880000
0.875000
0.867000
0.877000
0.867000
0.880000
0.876000
0.867000
0.877000
0.867000
0.867000
0.874000
0.873000
0.879000
0.868000
0.881000
0.869000
0.877000
0.874000
0.867000
0.875001
0.870001
0.876999
0.867000
0.869000
0.875000
0.870000
0.877000
0.867000
0.869000
0.875000
0.866000
0.876999
0.867001
0.868999
0.875000
0.879999
0.867000
0.876000
0.876999
0.867001
0.875999
0.867000
0.876000
0.876999
0.867001
0.871999
0.868999
0.872000
0.877000
0.867000
0.872000
0.869000
0.872000
0.880000
0.879999
0.874001
0.872000
0.871999
0.879999
0.880000
0.874000
0.877000
0.867000
0.880000
0.875001
0.867000
0.876999
0.867000
0.880000
0.875000
0.867000
0.877000
0.867000
0.875000
0.868000
0.867000
0.876999
0.867001
0.875000
0.870000
0.875000
0.867001
0.872000
0.875000
0.870000
0.876999
0.867001
0.868999
0.875000
0.870000
0.877000
0.867000
0.869000
0.875000
0.866000
0.877000
0.867000
0.868999
0.875001
0.880000
0.867000
0.875999
0.876999
0.867000
0.876000
0.867000
0.875999
0.876999
0.867000
0.872000
0.869000
0.872000
0.877000
0.867000
0.872000
0.869000
0.872000
0.879999
0.880000
0.874000
0.872000
0.872000
0.880000
0.880000
0.874000
0.877000
0.867000
0.880000
0.875000
0.867001
0.876999
0.867001
0.879999
0.876000
0.867000
0.877000
0.867000
0.876000
0.868000
0.867000
0.877000
0.867000
0.875000
0.870000
0.875000
0.867000
0.872000
0.875000
0.870000
0.877000
0.867000
0.869000
0.875000
0.870001
0.877000
0.867000
0.868999
0.875001
0.866001
0.877000
0.867000
0.869000
0.875000
0.880000
0.867000
0.876000
0.877000
0.867000
0.876000
0.867000
0.876000
0.877000
0.867000
0.872000
0.869000
0.871999
0.876999
0.867001
0.872000
0.868999
0.872000
0.880000
0.880000
0.874000
0.872000
0.872000
0.880000
0.880000
0.874000
0.876999
0.867000
0.880000
0.875000
0.867000
0.877000
0.867000
0.880000
0.876000
0.867000
0.877000
0.867000
0.876000
0.868000
0.867000
0.876999
0.867000
0.875000
0.870001
0.875001
0.867000
0.872000
0.875000
0.870001
0.876999
0.867000
0.869000
0.875000
0.870000
0.877000
0.867000
0.869000
0.875000
0.866000
0.876999
0.867001
0.868999
0.875999
0.880000
0.867000
0.876000
0.876999
0.867001
0.875999
0.867000
0.876000
0.876999
0.867001
0.871999
0.868999
0.872000
0.877000
0.867000
0.872000
0.869000
0.872000
0.880000
0.879999
0.874001
0.872000
0.871999
0.879999
0.880000
0.874000
0.877000
0.867000
0.880000
0.875001
0.867000
0.876999
0.867000
0.880000
0.876000
0.867000
0.876999
0.867000
0.876000
0.868000
0.867000
0.876999
0.867000
0.875001
0.870000
0.875000
0.867000
0.872000
0.875001
0.870000
0.877000
0.867000
0.869000
0.875000
0.870001
0.876999
0.867001
0.868999
0.875000
0.866000
0.877000
0.867000
0.869000
0.875000
0.880000
0.867000
0.876000
0.877000
0.867000
0.876000
0.867000
0.876000
0.877000
0.867000
0.872000
0.869000
0.872000
0.876999
0.867000
0.872000
0.868999
0.871999
0.880000
0.880000
0.874000
0.872000
0.872000
0.880000
0.880000
0.874000
0.877000
0.867000
0.880000
0.875000
0.867000
0.877000
0.867000
0.880000
0.876000
0.867000
0.877000
0.867000
0.876000
0.868000
0.867000
0.877000
0.867001
0.875000
0.870000
0.875000
0.867000
0.872000
0.875000
0.870001
0.876999
0.867000
0.869000
0.875000
0.870000
0.877000
0.867000
0.869000
0.875000
0.866001
0.876999
0.867000
0.869000
0.875000
0.880000
0.867001
0.876000
0.876999
0.867000
0.876000
0.870001
0.876000
0.876999
0.867000
0.872000
0.868999
0.871999
0.877000
0.867000
0.872000
0.868999
0.872000
0.880000
0.880000
0.874000
0.872000
0.872000
0.879999
0.879999
0.874001
0.876999
0.867000
0.879999
0.875000
0.867000
0.877000
0.867000
0.880000
0.875999
0.867001
0.876999
0.867001
0.875999
0.868000
0.867001
0.877000
0.867000
0.875000
0.870000
0.875000
0.867000
0.871999
0.875000
0.870000
0.877000
0.867000
0.869000
0.875000
0.870001
0.876999
0.867000
0.869000
0.875000
0.866000
0.877000
0.867000
0.869000
0.875000
0.880000
0.867000
0.876000
0.877000
0.867000
0.876000
0.867000
0.876000
0.877000
0.867000
0.872000
0.869000
0.872000
0.877000
0.867000
0.872000
0.868999
0.872000
0.880000
0.880000
0.874000
0.872000
0.872000
0.880000
0.880000
0.874000
0.877000
0.867000
0.880000
0.875000
0.867000
0.876999
0.867000
0.880000
0.876000
0.867000
0.877000
0.867000
0.876000
0.868000
0.867000
0.877000
0.867000
0.875000
0.870001
0.875000
0.867000
0.872000
0.875000
0.870001
0.877000
0.867000
0.869000
0.875000
0.870000
0.877000
0.867000
0.869000
0.875000
0.866001
0.876999
0.867000
0.869000
0.875000
0.880000
0.867000
0.876000
0.877000
0.867000
0.876000
0.867000
0.876000
0.877000
0.867000
0.872000
0.869000
0.872000
0.876999
0.867000
0.871999
0.869000
0.872000
0.880000
0.880000
0.874000
0.872000
0.872000
0.880000
0.879999
0.874001
0.876999
0.867001
0.880000
0.875000
0.867000
0.877000
0.867000
0.880000
0.876000
0.867001
0.876999
0.867000
0.876000
0.868000
0.867000
0.876999
0.867001
0.875000
0.870000
0.875000
0.867001
0.872000
0.875000
0.870000
0.876999
0.867001
0.868999
0.875000
0.870000
0.876999
0.867000
0.869000
0.875000
0.866000
0.877000
0.867000
0.868999
0.875001
0.880000
0.867000
0.875999
0.876999
0.867000
0.876000
0.867000
0.875999
0.876999
0.867000
0.872000
0.869000
0.872000
0.877000
0.867000
0.872000
0.869000
0.872000
0.879999
0.880000
0.874000
0.871999
0.872000
0.880000
0.880000
0.874000
0.877000
0.867000
0.880000
0.875000
0.867001
0.876999
0.867001
0.879999
0.875000
0.867000
0.876999
0.867001
0.875000
0.868000
0.867000
0.877000
0.867000
0.875000
0.870000
0.875000
0.867000
0.871999
0.875000
0.870000
0.877000
0.867000
0.868999
0.875001
0.870001
0.876999
0.867000
0.869000
0.875000
0.866000
0.877000
0.867000
0.869000
0.875000
0.880000
0.867000
0.876000
0.877000
0.867000
0.875000
0.867000
0.876000
0.876999
0.867001
0.872000
0.868999
0.872000
0.877000
0.867000
0.872000
0.869000
0.872000
0.880000
0.880000
0.874000
0.872000
0.872000
0.880000
0.880000
0.874000
0.877000
0.867000
0.880000
0.875001
0.867000
0.876999
0.867000
0.880000
0.876000
0.867000
0.876999
0.867000
0.876000
0.868000
0.867000
0.877000
0.867000
0.875001
0.870000
0.875000
0.867000
0.872000
0.875001
0.870000
0.877000
0.867000
0.869000
0.875000
0.870001
0.876999
0.867001
0.868999
0.875000
0.866000
0.877000
0.867000
0.869000
0.875000
0.880000
0.867000
0.876000
0.877000
0.867000
0.876000
0.867000
0.876000
0.877000
0.867000
0.872000
0.869000
0.872000
0.876999
0.867000
0.872000
0.869000
0.872000
0.880000
0.880000
0.874000
0.872000
0.872000
0.880000
0.880000
0.874000
0.877000
0.867000
0.880000
0.875000
0.867000
0.877000
0.867000
0.880000
0.875000
0.867000
0.876999
0.867001
0.875000
0.868000
0.867000
0.877000
0.867000
0.875000
0.870000
0.875000
0.867000
0.872000
0.875000
0.870000
0.877000
0.867000
0.869000
0.875000
0.870001
0.877000
0.867000
0.868999
0.875000
0.866001
0.877000
0.867000
0.869000
0.875000
0.880000
0.867000
0.876000
0.877000
0.867000
0.875000
0.867000
0.876000
0.877000
0.867000
0.872000
0.869000
0.872000
0.876999
0.867000
0.872000
0.869000
0.872000
0.880000
0.880000
0.874000
0.872000
0.872000
0.880000
0.880000
0.874000
0.877000
0.867000
0.880000
0.875000
0.867000
0.876999
0.867001
0.879999
0.875000
0.867000
0.877000
0.867000
0.875000
0.868000
0.867000
0.877000
0.867000
0.875001
0.870000
0.875000
0.867000
0.872000
0.875001
0.870000
0.877000
0.867000
0.869000
0.875000
0.870001
0.876999
0.867001
0.868999
0.875000
0.866000
0.877000
