5.080001
4.980000
4.980000
4.980000
4.980000
4.980000
5.100001
4.980000
4.960001
4.980000
4.999999
4.999999
5.000001
5.020000
4.980000
4.980000
4.980000
4.959999
4.980000
5.020000
5.020000
5.020000
4.980000
4.980000
4.959999
4.980000
4.960001
4.960001
4.960001
4.960001
4.959999
5.000001
4.980000
4.980002
4.980000
4.999999
4.980000
5.000001
4.960001
4.980000
5.020000
4.980000
4.980000
5.200000
4.980000
4.980000
4.999999
4.980000
5.000001
4.980000
5.080000
4.980000
5.000001
4.999999
4.960001
4.980000
4.960001
4.980000
4.980000
4.960001
4.980002
4.980002
4.980000
4.980000
4.960001
4.980000
4.960001
4.980000
4.999999
4.999999
4.980000
5.020000
5.020000
4.980000
4.959999
4.960001
4.999999
4.980000
4.960001
4.960001
4.960001
5.100001
4.980000
4.960001
4.960001
4.980000
4.960001
4.980000
5.000001
4.960001
4.980000
4.980000
4.960001
4.980000
4.980000
4.959999
4.960001
4.980000
5.020000
4.999999
4.960001
4.980000
4.980000
5.000001
4.960001
4.980000
4.959999
4.980000
5.040001
5.020000
4.980000
4.959999
4.980000
4.999999
4.980000
4.960001
4.960001
4.980000
4.980000
4.959999
5.040001
4.980000
4.980002
4.980000
4.980002
4.999999
5.120000
5.000001
4.999999
4.960001
4.980000
5.020000
4.980000
4.960001
4.980000
4.980000
4.980000
5.060000
4.960001
4.980000
4.960001
4.960001
4.980000
4.980002
4.980000
5.099999
4.980000
4.980000
4.960001
4.959999
4.980000
4.980000
5.000001
4.980000
5.020000
4.980000
4.980002
4.959999
4.999999
4.999999
4.980000
4.980000
4.980000
4.980000
4.960001
4.980000
5.000001
4.980000
4.980002
4.960001
4.959999
4.980000
4.960001
5.000001
4.960001
4.960001
4.959999
5.080000
4.960001
4.980000
4.960001
4.980000
4.960001
4.980000
4.960001
4.980000
4.960001
4.980000
4.980000
5.000001
4.980000
4.959999
4.980000
5.020000
4.980000
4.980000
4.980000
38.600000
5.080000
5.020000
5.020000
5.020000
4.960001
4.960001
4.980000
4.980002
4.980000
4.960001
5.080000
4.980002
4.960001
4.980000
4.980000
5.000001
4.920000
4.980000
4.959999
5.020000
4.980000
4.980000
4.980000
4.980000
4.960001
4.980000
5.000001
4.960001
4.980000
5.020000
4.960001
4.980000
4.959999
5.000001
4.959999
4.980000
5.260000
5.000001
5.000001
4.999999
4.980000
5.020000
5.000001
4.980000
4.980000
4.980000
4.980000
5.020000
4.999999
5.060000
4.980000
4.980000
5.020000
4.980000
5.020000
4.960001
4.980000
4.980000
4.980000
4.980000
4.959999
4.980000
5.000001
4.999999
4.980000
5.000001
5.020000
5.020000
4.960001
4.980000
4.999999
4.980000
4.980000
4.960001
4.960001
4.960001
5.300000
5.020000
4.980000
5.120000
4.960001
4.980000
4.980000
4.980002
5.019998
4.999999
5.000001
4.999999
4.959999
4.980000
4.980000
5.020000
5.000001
5.020000
4.959999
5.000001
4.980000
4.980002
4.980002
4.980000
5.000001
4.980000
4.980000
4.980002
4.960001
4.980000
4.980000
4.980000
4.980000
4.980000
4.980000
4.980000
4.960001
4.960001
4.959999
4.960001
4.980000
5.120000
5.000001
4.980000
4.980000
4.980002
4.999999
5.020000
4.980000
4.980000
4.980000
4.980000
4.999999
4.960001
4.999999
4.980000
5.000001
4.980000
4.980000
5.000001
5.000001
4.980000
4.980000
5.000001
4.980000
4.959999
4.959999
4.980000
4.960001
4.980000
4.959999
5.040001
4.980000
4.999999
4.999999
5.000001
4.980002
5.080000
4.980000
4.960001
4.960001
4.960001
4.980000
4.980000
4.980000
4.960001
5.000001
4.980000
4.980000
5.000001
4.960001
4.960001
5.020000
4.980002
4.980000
5.060000
4.980000
5.020000
5.000001
4.980000
4.999999
4.980000
4.999999
4.980000
4.980000
4.960001
4.999999
4.980000
4.999999
4.980000
5.000001
5.000001
4.980000
4.980000
4.960001
4.980000
4.980000
4.980000
5.000001
4.980000
4.980000
4.980000
4.980000
4.980000
5.020000
4.980000
5.020000
4.980000
4.980000
4.980000
4.960001
4.960001
4.960001
5.000001
4.980000
5.000001
4.999999
4.980000
4.980000
4.980000
5.000001
4.980000
5.000001
4.980000
5.000001
4.980000
4.980000
4.980000
5.020000
4.980000
5.000001
4.980000
5.000001
4.980000
5.139999
4.960001
4.960001
4.980000
4.960001
5.000001
4.980000
4.980000
4.960001
4.980000
5.020000
4.980000
4.980000
4.999999
4.980000
4.980000
4.980000
4.980000
4.999999
4.980002
4.999999
5.039999
4.980000
4.980000
4.959999
4.960001
4.980000
5.000001
4.960001
4.960001
4.999999
4.980000
4.980000
5.000001
4.960001
4.980000
4.960001
5.000001
4.999999
4.980000
5.000001
4.980000
4.980000
5.000001
4.980000
4.999999
4.980000
4.980002
4.980000
5.020000
4.980000
4.960001
5.120000
4.980000
4.980000
5.000001
5.000001
4.959999
4.980000
4.980000
4.980000
4.980000
4.959999
4.980002
4.960001
4.980000
4.980000
4.980000
4.980000
4.980002
4.999999
4.960001
4.980000
4.980000
4.960001
4.980000
4.959999
5.340001
5.320000
4.999999
4.999999
5.020000
5.020000
4.959999
4.960001
4.960001
4.960001
4.980000
4.980002
4.980000
5.020000
4.980002
4.960001
4.920000
5.020000
4.980000
4.980000
4.960001
4.980000
4.959999
4.960001
5.000001
4.960001
4.959999
4.960001
4.960001
4.960001
4.960001
5.020000
4.980000
4.960001
4.999999
5.000001
4.980000
5.020000
4.980002
4.960001
5.000001
4.980000
5.080001
4.960001
4.980000
4.960001
4.980000
4.980002
4.960001
4.980002
4.980000
4.980000
5.000001
5.020000
5.039999
4.999999
4.980000
4.980000
4.959999
4.980000
4.980002
4.999999
4.980000
4.980000
4.980000
5.020000
4.980000
4.960001
4.960001
4.980000
4.980000
5.100001
4.980000
4.960001
5.000001
4.960001
4.959999
5.039999
4.960001
4.960001
4.980000
4.980000
4.980000
4.960001
4.960001
4.980000
5.000001
5.099999
4.960001
5.000001
4.999999
4.960001
4.980000
4.980000
4.980000
4.980000
4.959999
4.959999
4.959999
5.000001
4.959999
4.980002
4.960001
4.980000
4.980000
4.980000
4.999999
4.960001
4.980000
4.980000
4.980000
4.980000
4.960001
4.960001
4.960001
4.980000
4.960001
4.959999
5.000001
4.999999
4.980000
4.999999
4.980000
4.960001
4.980000
5.000001
4.960001
4.960001
5.000001
5.000001
5.080000
4.999999
4.980000
4.980000
4.980000
5.080000
5.080000
4.980000
4.980000
4.980000
4.959999
5.000001
4.999999
4.980000
4.980000
4.960001
4.980002
4.980000
4.980000
4.980000
4.980000
4.980000
4.980000
4.960001
5.080000
4.980000
4.980000
5.000001
4.980000
4.980000
4.960001
4.980000
4.980000
4.980000
4.980000
5.020000
4.980000
4.959999
4.980000
5.000001
5.000001
4.999999
4.980000
5.000001
4.960001
4.959999
4.980000
4.959999
4.959999
4.980000
4.980000
4.960001
4.980000
4.980000
4.980000
4.980000
4.980000
5.039999
5.020000
4.999999
4.980002
4.960001
4.959999
4.999999
4.999999
4.999999
4.959999
4.980000
4.999999
4.980000
4.960001
4.959999
4.960001
4.960001
4.980000
4.980000
4.980000
4.980000
4.980000
4.980000
4.980000
4.999999
4.980000
4.959999
5.000001
4.980000
4.980000
5.060000
5.020000
5.020000
4.980000
4.960001
4.960001
4.980000
4.980002
5.039999
4.980000
4.980000
4.999999
5.020000
4.959999
5.020000
4.960001
4.980000
4.960001
4.960001
4.980000
4.980000
4.959999
4.999999
4.980000
4.960001
4.980002
4.960001
4.960001
4.960001
4.980002
4.959999
4.960001
4.980002
4.960001
4.959999
5.099999
4.960001
4.959999
4.960001
4.980000
4.980002
4.960001
4.959999
4.980000
5.020000
4.960001
4.959999
4.980000
4.980000
5.000001
4.980000
4.980000
4.960001
4.960001
4.980000
4.980000
5.000001
4.980000
4.960001
4.999999
5.020000
4.980000
5.000001
4.980000
4.959999
5.020000
4.959999
4.960001
4.980000
4.920000
4.980000
4.959999
4.980002
4.980000
4.960001
4.960001
4.980000
4.980000
4.960001
4.980000
5.020000
4.980000
5.000001
4.980000
4.980002
4.980000
4.980000
4.980000
4.960001
4.980000
4.959999
5.080001
5.080000
4.980000
4.980000
4.959999
4.959999
4.999999
4.959999
4.999999
4.959999
4.980000
4.999999
4.980000
4.980000
4.980000
4.980000
4.959999
5.100001
4.980000
4.980000
4.960001
4.960001
4.960001
5.200000
4.980000
4.980000
4.980002
4.980000
4.980000
4.980000
4.959999
4.980000
4.980000
5.020000
5.000001
4.959999
4.980000
4.980000
4.980000
5.000001
4.999999
5.120000
4.980000
4.959999
5.000001
5.000001
4.980002
4.980000
4.960001
4.980000
4.980000
4.980000
4.959999
4.959999
4.980000
4.960001
4.980000
4.960001
5.000001
4.960001
4.980000
4.980000
5.000001
4.960001
4.980000
4.980000
4.959999
4.960001
4.980000
5.020000
4.980000
4.980000
4.980000
5.000001
4.960001
4.980000
4.959999
14.719998
5.039999
5.020000
5.000001
4.960001
4.980000
4.980000
5.000001
4.960001
4.960001
5.000001
4.999999
4.980002
4.959999
5.120000
5.099999
4.959999
4.980000
4.960001
5.000001
4.960001
5.000001
4.959999
4.980000
5.080000
4.980000
4.959999
4.960001
4.960001
4.960001
5.020000
5.000001
4.959999
4.980000
4.980000
4.980000
5.000001
4.999999
4.980000
4.980000
4.980000
4.999999
4.980000
4.980000
4.980000
4.999999
4.959999
4.959999
4.980000
4.980000
4.959999
5.020000
4.980002
4.980000
4.980000
4.980002
4.980002
5.020000
4.960001
4.980000
4.980000
4.980000
5.020000
4.980000
4.959999
4.980000
4.980000
4.960001
4.960001
4.960001
4.980000
5.000001
4.980002
4.980000
4.959999
4.960001
4.960001
11.960000
4.999999
5.020000
5.179999
4.999999
4.960001
4.980000
4.960001
4.980000
4.980000
4.960001
4.980000
4.980000
4.960001
4.960001
5.000001
4.960001
4.999999
4.980002
5.000001
4.960001
4.980000
4.999999
4.980000
4.980000
4.999999
4.960001
4.999999
4.980000
4.980000
4.980000
4.980000
4.980000
