1.173001
1.178000
1.172001
1.195000
1.201000
1.170999
1.172000
1.173000
1.171000
1.177001
1.149001
1.149000
1.149001
1.149000
1.178000
1.172000
1.200000
1.172001
1.178999
1.173000
1.172000
1.173000
1.172000
1.154999
1.173000
1.179000
1.172001
1.171000
1.173000
1.149000
1.196999
1.176000
1.177000
1.172001
1.170999
1.240000
1.174000
1.193000
1.159000
1.172000
1.172001
1.191000
1.193000
1.174000
1.172001
1.172000
1.172000
1.172000
1.172000
1.172001
1.172001
1.172000
1.170999
1.172001
1.172000
1.193000
1.171000
1.172000
1.171000
1.172001
1.177001
1.172001
1.148000
1.172000
1.172000
1.172001
1.173000
1.172001
1.177000
1.172001
1.170999
1.172001
1.177001
1.172000
1.171000
1.172000
1.170999
1.172001
1.174000
1.172000
1.171000
1.172000
1.171000
1.172001
1.170999
1.172001
3105.100000
1.284000
1.190000
1.200000
1.213000
1.190000
1.170999
1.172000
1.218000
1.194000
1.192000
1.173001
1.216999
1.174000
1.213000
1.194000
1.191000
1.193000
1.177000
1.193999
1.172001
1.172001
1.174999
1.195000
1.172001
1.173000
1.172000
1.194000
1.172001
1.172000
1.194000
1.173000
1.172001
1.172000
1.173000
1.193999
1.177999
1.172001
1.173000
1.173000
1.192001
1.173000
1.193000
1.173000
1.149000
1.150000
1.171000
1.191000
1.173000
1.173000
1.173999
1.173000
1.173000
1.172000
1.173000
1.192001
1.216000
1.172000
1.173000
1.173001
1.173000
1.172000
1.171000
1.173000
1.175000
1.172000
1.158000
1.172000
1.149001
1.154000
1.172000
1.155999
1.172000
1.172000
1.177000
1.149000
1.172001
1.172001
1.173000
1.172001
1.181001
1.172000
1.179000
1.179000
1.172001
1.172001
1.172000
1.171000
1.172000
1.172001
1.177000
1.195000
1.196000
1.192001
1.192001
1.177999
1.180001
1.176001
1.172000
1.172001
1.173000
1.172000
1.172000
1.236000
1.174000
1.172000
1.173000
1.172000
1.172001
1.147999
1.173000
1.172000
1.176000
1.172000
1.157001
1.173000
1.149001
1.149000
1.173000
1.149001
1.149000
1.149000
1.177000
1.172001
1.173000
1.172000
1.172001
1.172000
1.172000
1.171000
1.173000
1.174999
1.172001
1.172000
1.173999
1.173000
1.172001
1.173001
1.172001
1.191000
1.196000
1.192000
1.172000
1.172001
1.172000
1.154000
1.173000
1.177000
1.173000
1.219001
1.173000
1.172000
1.174000
1.172000
1.196000
1.172000
1.177000
1.152000
1.172001
1.149000
1.172000
1.173001
1.172000
1.172000
1.172000
1.171000
1.177000
1.173000
1.153001
1.172001
1.173000
1.172001
1.172001
1.194000
1.192001
1.172000
1.172001
1.172000
1.173000
1.173000
1.172001
1.172001
1.176001
1.172001
1.172001
1.172001
1.173000
1.177000
1.172000
1.171000
1.172001
1.172001
1.172000
1.172000
1.172001
1.172000
1.172000
1.177000
1.198000
1.148000
1.173001
1.172000
1.174000
1.178999
1.173000
1.172001
1.172001
1.173000
1.175000
1.172000
1.170999
1.172001
1.172000
1.172001
1.172000
1.172001
1.172000
1.199000
1.174999
1.172000
1.172000
1.147999
1.149001
1.172000
1.173000
1.192001
1.173000
1.172000
1.178000
1.171000
1.192000
1.175000
1.173000
1.171000
1.228999
1.172000
1.173000
1.192000
1.173000
1.172001
1.149001
1.172001
1.172000
1.178000
1.170999
1.172000
1.172001
1.172001
1.172001
1.214000
1.192000
1.176000
1.172001
1.213999
1.172001
1.172001
1.172001
1.178000
1.190000
1.173001
1.173000
1.173000
1.149000
1.174000
1.150000
1.171000
1.180001
1.176000
1.172001
1.149000
1.173000
1.231000
1.191000
1.170999
1.194000
1.228999
1.173001
1.149000
1.151000
1.215001
1.175000
1.172000
1.172000
1.171000
1.173001
1.172000
1.172000
1.172000
1.172001
1.176000
1.151999
1.149000
1.172001
1.171000
1.191000
1.172001
1.173001
1.172001
1.172001
1.173000
1.173001
1.230000
1.172000
1.173000
1.172000
1.176001
1.172001
1.176000
1.172000
1.172000
1.172000
1.172001
1.173001
1.172001
1.176000
1.148000
1.181999
1.200000
1.202000
1.173000
1.176001
1.218000
1.159000
1.160000
1.160000
1.149000
1.173000
1.172000
1.149000
1.170999
1.176000
1.172000
1.184001
1.172000
1.176000
1.182000
1.183000
1.179000
1.177000
1.172000
1.173000
1.172000
1.179000
1.181000
1.193000
1.172000
1.193000
1.194000
1.174000
1.158000
1.158999
1.159000
1.153000
1.149000
1.147999
1.158000
1.197999
1.173999
1.184000
1.180000
1.178999
1.176001
1.174000
1.149000
1.148000
1.154000
1.151000
1.149000
1.149000
1.148000
1.149000
1.177000
1.180000
1.180001
1.177000
1.176001
1.176000
1.201000
1.195000
1.180001
1.179000
1.171000
1.172000
1.177000
1.174000
1.176001
1.196000
1.191000
1.198000
1.175000
1.176001
1.174000
1.148000
1.150000
1.149001
1.149000
1.183000
1.178999
1.160000
1.172000
1.175000
1.172001
1.180000
1.180001
1.177001
1.172001
1.173000
1.172000
1.172000
1.178000
1.193000
1.180000
1.160000
1.172000
1.173000
1.172001
1.173000
1.172001
1.172001
1.196000
1.172000
1.172001
1.172001
1.172000
1.177000
1.172000
1.172001
1.172001
1.172001
1.172000
1.190000
1.428000
1.177000
1.173000
1.149000
1.149000
1.149000
1.173000
1.149000
1.161000
1.177000
1.173000
1.173000
1.191000
1.172000
1.149000
1.153001
1.148000
1.192000
1.172000
1.172001
1.172000
1.172000
1.149001
1.180000
1.149000
1.172001
1.149000
1.149000
1.149000
1.149000
1.197000
1.197000
1.194000
1.177000
1.149000
1.172000
1.148000
1.174000
1.147999
1.172000
1.172001
1.172000
1.172001
1.172001
1.172000
1.173001
1.152000
1.147999
1.172001
1.149000
1.149000
1.147999
1.149000
1.172000
1.172000
1.173000
1.171000
1.172000
1.150000
1.172001
1.172001
1.175000
1.150999
1.175000
1.154001
1.172001
1.195000
1.149001
1.172001
1.180000
1.176000
1.213000
1.172001
1.195000
1.199001
1.172000
1.177000
1.173000
1.173000
1.174000
1.172000
1.172000
1.154000
1.172000
1.172000
1.180000
1.208000
1.177000
1.177000
1.192001
1.172001
1.172000
1.170999
1.149001
1.178000
1.172001
1.171000
1.172000
1.192001
1.172000
1.176000
1.176001
1.179000
1.175000
1.147999
1.172000
1.173000
1.173000
1.172000
1.149001
1.172001
1.172000
1.170999
1.172000
1.173000
1.176001
1.172001
1.172001
1.173000
1.171000
1.173000
1.179000
1.173000
1.220000
1.193999
1.193000
1.176000
1.172001
1.172001
1.149000
1.173000
1.172000
1.173001
1.194000
1.172000
1.172001
1.172001
1.191000
1.172000
1.173000
1.172000
1.172001
1.172000
1.174000
1.172001
1.172001
1.172000
1.205000
1.173000
1.173000
1.205000
1.173000
1.172000
1.191000
1.173000
1.172000
1.172000
1.195000
1.192001
1.197000
1.172001
1.197000
1.172000
1.172000
1.172000
1.191000
1.198000
1.172001
1.195000
1.197999
1.172001
1.173999
1.172000
1.172000
1.173000
1.173001
1.173000
1.172000
1.173000
1.172001
1.170000
1.195000
1.173000
1.172001
1.172000
1.194000
1.206000
1.177001
1.172000
1.180000
1.192000
1.177000
1.155000
1.149001
1.173000
1.192000
1.171000
1.173000
1.173000
1.177000
1.172001
1.194000
1.194000
1.205999
1.176000
1.194000
1.194000
1.172000
1.172001
1.172001
1.173000
1.148000
1.171000
1.172000
1.172000
1.174000
1.172000
1.149000
1.173000
1.149000
1.180000
1.149001
1.150000
1.149000
1.172001
1.172000
1.150000
1.172001
1.149001
1.180001
1.194000
1.193000
1.204000
1.194000
1.179000
1.173000
1.172000
1.149001
1.204001
1.178999
1.149000
1.204001
1.173000
1.174999
1.172001
1.176001
1.170000
1.172001
1.172001
1.193000
1.147999
1.172001
1.149001
1.149001
1.172000
1.147999
1.172000
1.173000
1.173000
1.181000
1.178000
1.180000
1.149000
1.147999
1.178000
1.149001
1.149000
1.172000
1.172001
1.173000
1.173000
1.175000
1.200000
1.149000
1.172000
1.176001
1.173000
1.172000
1.174999
1.172000
1.171000
1.178999
1.172000
1.173000
1.172000
1.172000
1.173999
1.172000
1.192000
1.173000
1.172001
1.172001
1.195000
1.172000
1.192001
1.170999
1.171000
1.173000
1.198000
1.172000
1.176001
1.172000
1.195000
1.196001
1.201999
1.174999
1.178000
1.172000
1.172000
1.174999
1.172000
1.176000
1.170999
1.172001
1.174000
1.173000
1.173000
1.174000
1.173000
1.172000
1.173000
1.172001
1.173000
1.172001
1.173000
1.172000
1.173000
1.193000
1.176001
1.172001
1.174000
1.149000
1.172000
1.151000
1.172000
1.173000
1.172001
1.174000
1.176000
1.176000
1.180000
1.172000
1.172001
1.172000
1.173001
1.149000
1.172001
1.172000
1.173000
1.173000
1.174000
1.201000
1.180000
1.176000
1.176000
1.172000
1.193000
1.180000
1.172000
1.172000
1.180000
1.180000
1.197000
1.195000
1.147999
1.149000
1.172000
1.172000
1.172000
1.173000
1.149000
1.172000
1.172000
1.172001
1.172001
1.173000
1.172000
1.173001
1.172000
1.172001
1.172000
1.172000
1.172001
1.171000
1.172001
1.173001
1.172000
1.170999
1.172001
1.193000
1.172000
1.172001
1.193999
1.172001
1.173000
1.193000
1.149001
1.172000
1.173000
1.177000
1.173000
1.172001
1.178000
1.172000
1.172001
1.172001
1.173000
1.176001
1.172001
1.181000
1.173000
1.180000
1.172000
1.172000
1.173001
1.149001
1.178000
1.149000
1.149000
1.158000
1.149000
1.149000
1.173001
1.149000
1.149000
1.149000
1.149000
1.172001
1.149000
1.172000
1.149000
1.149000
1.169000
1.172001
1.149001
1.172001
1.149001
1.147999
1.149000
1.151000
1.150000
1.149001
1.149000
1.173000
1.172000
1.149000
1.150000
1.149000
1.149000
1.149000
1.152000
1.172001
1.147999
1.172000
1.172001
1.172000
1.149001
1.172001
1.173000
1.172000
1.173000
1.175000
1.154000
1.171000
1.170999
1.149000
1.149000
1.149000
1.149001
1.149000
1.150000
1.149000
1.147999
1.149000
1.173000
1.194000
1.172001
1.193000
1.194000
1.149000
1.172000
1.173000
1.194000
