0.620000
0.445001
0.469001
0.431001
0.440000
0.432000
0.437999
0.429999
0.437999
0.432000
0.440000
0.429999
0.439001
0.429999
0.438001
0.429999
0.440001
0.430999
0.437999
0.430999
0.440001
0.431001
0.438001
0.429001
0.437001
0.456000
0.438999
0.430001
0.437999
0.430999
0.438999
0.430001
0.437999
0.432000
0.438999
0.430001
0.438999
0.462001
0.439001
0.427999
0.440000
0.430999
0.437999
0.429001
0.440000
0.430999
0.437999
0.452999
0.462001
0.430999
0.437999
0.429001
0.438999
0.431001
0.437999
0.429001
0.437999
0.430999
0.438999
0.428000
0.440000
0.430999
0.440001
0.428000
0.440000
0.430999
0.463000
0.428999
0.438999
0.455001
0.476999
0.429001
0.440000
0.431001
0.440000
0.428999
0.438001
0.431001
0.438001
0.428000
0.440000
0.430999
0.440000
0.428000
0.440001
0.430999
0.440000
0.429001
0.437999
0.430999
0.437999
0.428000
0.440000
0.431001
0.440000
0.428999
0.437999
0.430999
0.440000
0.427000
0.440000
0.473000
0.441000
0.428000
0.440001
0.430999
0.440000
0.428000
0.438001
0.430999
0.438999
0.429001
0.440000
0.431001
0.438999
0.427999
0.440001
0.430999
0.438999
0.428000
0.457000
0.431001
0.440000
0.428000
0.438001
0.430999
0.440000
0.428000
0.440000
0.430999
0.440000
0.429001
0.438001
0.431001
0.437999
0.429001
0.440000
0.431001
0.441000
0.428000
0.437999
0.430999
0.437999
0.429001
0.440000
0.431001
0.440001
0.429001
0.440000
0.430999
0.440000
0.429001
0.438001
0.431001
0.439001
0.429001
0.438001
0.430999
0.440000
0.428000
0.437999
0.431001
0.438999
0.429001
0.440001
0.431001
0.437999
0.428000
0.438001
0.430999
0.439001
0.428000
0.439001
0.431001
0.438001
0.427999
0.437999
0.430999
0.438999
0.429001
0.438001
0.431001
0.438001
0.428000
0.438001
0.430999
0.438999
0.428000
0.438001
0.430999
0.438001
0.427999
0.438001
0.431001
0.437999
0.427999
0.440000
0.430999
0.440000
0.428999
0.438001
0.431001
0.438999
0.427999
0.438999
0.430999
0.438999
0.428000
0.438001
0.430999
0.437999
0.428000
0.437999
0.431001
0.438999
0.427999
0.437999
0.430999
0.439001
0.428999
0.441000
0.430999
0.440000
0.429001
0.440000
0.432000
0.440001
0.428999
0.440000
0.432000
0.438001
0.428000
0.440000
0.431001
0.438999
0.427999
0.440001
0.431001
0.441002
0.429001
0.439001
0.431001
0.440000
0.428000
0.440001
0.430999
0.440000
0.429001
0.440000
0.431001
0.438999
0.428000
0.438999
0.431001
0.438999
0.428000
0.438999
0.431001
0.439001
0.428000
0.440001
0.430999
0.440001
0.429001
0.438999
0.430999
0.440001
0.429001
0.441000
0.431001
0.439001
0.429001
0.437999
0.430999
0.440001
0.427999
0.438999
0.430999
0.438001
0.429001
0.438999
0.430999
0.438999
0.428000
0.440000
0.430999
0.438001
0.429001
0.438999
0.431001
0.440001
0.428000
0.440000
0.452999
0.438999
0.428000
0.440001
0.430999
0.440001
0.429001
0.440000
0.430999
0.438001
0.428999
0.437999
0.431001
0.439001
0.429001
0.438001
0.430999
0.438999
0.427999
0.440000
0.430999
0.440001
0.429001
0.440000
0.432000
0.440001
0.429001
0.437999
0.430999
0.437999
0.429001
0.440001
0.431001
0.440000
0.428000
0.438999
0.430001
0.437999
0.428999
0.437999
0.430999
0.440000
0.428000
0.440000
0.431001
0.437999
0.429001
0.438001
0.431001
0.437999
0.428999
0.441000
0.430999
0.440000
0.428999
0.438999
0.430999
0.440000
0.428000
0.440001
0.430999
0.437999
0.429001
0.440000
0.431001
0.440000
0.428000
0.440000
0.431001
0.438001
0.428000
0.438001
0.430999
0.439001
0.428000
0.440000
0.430999
0.438001
0.429001
0.437999
0.430999
0.440000
0.428999
0.437999
0.431001
0.438999
0.429001
0.439001
0.430999
0.437999
0.429001
0.437999
0.431001
0.438001
0.429001
0.441000
0.431001
0.440000
0.428000
0.440000
0.430999
0.440000
0.429001
0.440000
0.430999
0.438999
0.429001
0.438001
0.430999
0.437999
0.428000
0.438001
0.430999
0.440000
0.428999
0.437999
0.431001
0.437999
0.428000
0.440000
0.430999
0.440001
0.428000
0.440000
0.431001
0.437999
0.428999
0.440001
0.430999
0.440000
0.429001
0.438001
0.431001
0.440001
0.430001
0.438001
0.430999
0.440000
0.428000
0.438001
0.431001
0.437999
0.429001
0.440000
0.430999
0.440001
0.429001
0.440000
0.430999
0.441000
0.429001
0.441000
0.430999
0.440001
0.429001
0.440000
0.430999
0.437999
0.428999
0.440000
0.431001
0.440001
0.429999
0.437999
0.430999
0.438001
0.428999
0.440000
0.430999
0.440000
0.429001
0.440000
0.430999
0.440000
0.429001
0.439001
0.431001
0.440000
0.428000
0.438001
0.430999
0.438999
0.428999
0.438001
0.430999
0.440000
0.427999
0.440000
0.430999
0.438999
0.428000
0.441000
0.589000
0.437999
0.428000
0.438999
0.430999
0.438001
0.427999
0.437999
0.451000
0.438001
0.429001
0.461999
0.450999
0.462001
0.428000
0.438001
0.431001
0.438001
0.428000
0.438001
0.431001
0.440000
0.429001
0.441000
0.430999
0.437999
0.428000
0.440000
0.432000
0.440000
0.427999
0.440000
0.431001
0.440001
0.428000
0.440000
0.429999
0.440000
0.429001
0.440000
0.431001
0.440000
0.428000
0.440000
0.430999
0.440000
0.429001
0.440000
0.430001
0.440000
0.429001
0.440000
0.431001
0.440001
0.429001
0.437999
0.430999
0.437999
0.428000
0.438001
0.430999
0.438001
0.428000
0.439001
0.431001
0.438001
0.428000
0.437999
0.430999
0.438001
0.429001
0.438999
0.431001
0.439001
0.429001
0.438001
0.430999
0.438001
0.427999
0.438999
0.430999
0.437999
0.428000
0.439001
0.430999
0.437999
0.428000
0.439001
0.431001
0.437999
0.428000
0.437999
0.430999
0.437999
0.428000
0.438999
0.431001
0.438999
0.427999
0.438999
0.430999
0.438001
0.428000
0.439001
0.430001
0.439001
0.427000
0.438999
0.429999
0.437999
0.427999
0.437999
0.429999
0.437999
0.428000
0.438001
0.430001
0.438999
0.428000
0.437999
0.431001
0.439001
0.428000
0.438999
0.431001
0.438001
0.429001
0.438001
0.443000
0.438001
0.428999
0.438001
0.430999
0.438001
0.428000
0.437999
0.430999
0.438001
0.429001
0.439001
0.430999
0.438999
0.428999
0.437999
0.430999
0.438999
0.428000
0.437999
0.431001
0.438001
0.428000
0.438999
0.430999
0.442000
0.428000
0.437999
0.430999
0.438001
0.427999
0.437999
0.430999
0.438001
0.429001
0.437999
0.430999
0.438999
0.728000
0.464000
0.428000
0.438999
0.430001
0.440000
0.427000
0.440000
0.430001
0.440000
0.428000
0.438999
0.429999
0.439001
0.427999
0.438999
0.430999
0.438999
0.428000
0.440000
0.430999
0.438999
0.429001
0.438999
0.429001
0.440000
0.432000
0.441000
0.431001
0.440001
0.427999
0.441000
0.430001
0.441000
0.428999
0.441000
0.430001
0.439001
0.427999
0.441000
0.429999
0.438999
0.428999
0.438999
0.430999
0.439001
0.429001
0.440000
0.428999
0.440000
0.427000
0.440000
0.430001
0.441000
0.426998
0.441000
0.429999
0.440000
0.428999
0.438999
0.429001
0.440001
0.428999
0.440000
0.430001
0.442000
0.427999
0.440000
0.430999
0.441000
0.429001
0.441000
0.429999
0.438999
0.429001
0.440000
0.429999
0.441002
0.428000
0.440001
0.429999
0.441000
0.428000
0.441000
0.430001
0.441000
0.428000
0.440000
0.430999
0.438999
0.442000
0.438999
0.430999
0.438999
0.428000
0.440001
0.429001
0.440000
0.427000
0.440001
0.429001
0.440001
0.429001
0.438999
0.429999
0.438999
0.429001
0.438999
0.428999
0.440000
0.426998
0.438999
0.430001
0.440000
0.428000
0.438999
0.430999
0.439001
0.427999
0.440000
0.430001
0.440000
0.428000
0.440000
0.429999
0.440000
0.429001
0.439001
0.429999
0.440001
0.429001
0.440001
0.429999
0.439001
0.429001
0.438999
0.430001
0.440000
0.427000
0.438999
0.430999
0.439001
0.428000
0.439001
0.430001
0.439001
0.428000
0.439001
0.429999
0.440000
0.428000
0.438999
0.430001
0.440000
0.433002
0.441000
0.431001
0.440001
0.427000
0.440000
0.430999
0.440000
0.427999
0.440001
0.430999
0.438999
0.427000
0.440000
0.429001
0.440000
0.426998
0.440001
0.428999
0.440000
0.428000
0.441000
0.429999
0.441002
0.428999
0.440000
0.429001
0.441000
0.429001
0.441000
0.430999
0.441000
0.429999
0.438999
0.430999
0.438999
0.429001
0.438999
0.431001
0.439001
0.427000
0.440001
0.430999
0.440000
0.428999
0.438999
0.430999
0.440000
0.429001
0.441000
0.430999
0.439001
0.428999
0.441000
0.430999
0.441000
0.427999
0.440000
0.429999
0.441000
0.428000
0.440000
0.428999
0.441000
0.432000
0.440000
0.429001
0.439001
0.428000
0.438999
0.430001
0.440001
0.428000
0.440000
0.430001
0.441000
0.429001
0.441000
0.430999
0.445001
0.429001
0.441000
0.430001
0.440000
0.429999
0.441000
0.430999
0.441000
0.428999
0.440000
0.430999
0.441000
0.428999
0.441000
0.430999
0.441000
0.428000
0.441000
0.430999
0.440000
0.429001
0.442000
0.429999
0.440000
0.428999
0.441000
0.431001
0.441000
0.430001
0.440001
0.430001
0.438999
0.428000
0.439001
0.431001
0.440000
0.428000
0.440000
0.430001
0.439001
0.429001
0.441000
0.430001
0.440000
0.429999
0.441000
0.431001
0.441000
0.434000
0.440000
0.430999
0.441000
0.429001
0.440000
0.430999
0.440000
0.428999
0.439001
0.431001
0.438999
0.428999
0.440000
0.431001
0.438999
0.429001
0.440000
0.431001
0.441000
0.427999
0.438999
0.429999
0.441000
0.427999
0.438999
0.430999
0.441000
0.428999
0.440000
0.430001
0.441000
0.428000
0.438999
0.430999
0.440001
0.428999
0.438999
0.430999
0.438999
0.429001
0.441000
0.429001
0.440000
0.429001
0.439001
0.430001
0.440000
0.428999
0.440001
0.429999
0.440000
0.429001
0.441000
0.429001
0.441000
0.426998
0.440000
0.430001
0.440000
0.428999
0.438999
0.430999
0.439001
0.432000
0.438999
0.428999
