0.383999
0.195999
0.195000
0.190999
0.194002
0.195000
0.188001
0.190999
0.185002
0.186998
0.186998
0.186998
0.186998
0.186998
0.186000
0.184000
0.180997
0.184000
0.185002
0.181999
0.186000
0.186998
0.181001
0.190001
0.187002
0.186000
0.181001
0.187002
0.187002
0.186000
0.186998
0.185002
0.187002
0.189003
0.185002
0.184998
0.187002
0.188999
0.186998
0.187997
0.186000
0.188001
0.187002
0.186000
0.186000
0.186000
0.187002
0.186998
0.186000
0.184000
0.179999
0.186000
0.187002
0.188001
0.186000
0.184000
0.186998
0.186000
0.187002
0.183001
0.186000
0.185002
0.187002
0.186000
0.186998
0.188001
0.185002
0.186998
0.186000
0.186998
0.186000
0.186000
0.186000
0.182997
0.186000
0.184998
0.184998
0.186000
0.186998
0.186000
0.184998
0.186998
0.187002
0.184998
0.185002
0.186998
0.186998
0.186000
0.179000
0.185002
0.186000
0.186000
0.184998
0.186000
0.183001
0.187002
0.186998
0.187002
0.186000
0.184000
0.181999
0.186000
0.189003
0.188001
0.187002
0.187002
0.185002
0.186998
0.186000
0.187002
0.186000
0.186000
0.187002
0.186998
0.187002
0.186000
0.184998
0.179000
0.186000
0.187002
0.186998
0.186998
0.187002
0.186000
0.186000
0.186000
0.186998
0.184000
0.186998
0.185002
0.186998
0.187002
0.186998
0.186998
0.185002
0.186998
0.187002
0.188001
0.187002
0.186000
0.181999
0.188001
0.186998
0.187002
0.186000
0.183001
0.188001
0.184000
0.188001
0.182997
0.186998
0.184998
0.182003
0.186998
0.186000
0.187002
0.186998
0.186998
0.186000
0.186998
0.186000
0.184003
0.184998
0.186998
0.184000
0.187002
0.186998
0.184998
0.175998
0.181999
0.179000
0.180002
0.186000
0.187002
0.184000
0.179000
0.186998
0.184000
0.188001
0.186998
0.188001
0.188001
0.188001
0.186998
0.188001
0.186998
0.188001
0.182997
0.188001
0.187002
0.190001
0.186998
0.187997
0.186998
0.188001
0.186998
0.188001
0.188001
0.185002
0.188001
0.188001
0.186998
0.188001
0.188001
0.186000
0.188001
0.182003
0.187002
0.188001
0.188001
0.188001
0.184998
0.187002
0.186998
0.186000
0.188999
0.188001
0.188001
0.188001
0.186998
0.186000
0.186000
0.188999
0.186998
0.188001
0.186998
0.187997
0.186998
0.188001
0.187002
0.183001
0.186000
0.188999
0.186998
0.187002
0.186998
0.188001
0.187002
0.187997
0.180002
0.187997
0.187002
0.186000
0.186000
0.187002
0.186000
0.188001
0.186998
0.188001
0.187002
0.188001
0.187002
0.186000
0.179000
0.188001
0.186998
0.188001
0.187997
0.188001
0.205997
0.181999
0.181999
0.183001
0.183001
0.182997
0.187002
0.188001
0.181001
0.187997
0.187002
0.186998
0.181001
0.188001
0.187002
0.187997
0.187002
0.188001
0.187002
0.188001
0.187002
0.186000
0.186998
0.188001
0.188001
0.188001
0.185002
0.186000
0.180002
0.188999
0.181001
0.188001
0.187002
0.186000
0.186998
0.186000
0.185002
0.186000
0.187002
0.186000
0.185002
0.185002
0.186000
0.188001
0.187002
0.186000
0.188001
0.188001
0.188001
0.188001
0.186998
0.188001
0.187002
0.187997
0.187002
0.186000
0.187002
0.187002
0.187997
0.188001
0.184000
0.182997
0.188001
0.188999
0.187002
0.188001
0.182997
0.188001
0.188001
0.188001
0.180002
0.188001
0.187002
0.188001
0.188001
0.188001
0.186998
0.188001
0.188001
0.186998
0.186998
0.188001
0.187002
0.186000
0.179000
0.180002
0.186998
0.187997
0.184998
0.186000
0.190001
0.188001
0.186998
0.188001
0.186998
0.188001
0.186998
0.187002
0.186998
0.188001
0.186998
0.186998
0.186998
0.188001
0.187002
0.188001
0.186998
0.186000
0.187002
0.188001
0.186998
0.187002
0.187002
0.187002
0.187002
0.179999
0.186998
0.181999
0.186998
0.188001
0.187002
0.188001
0.187002
0.187997
0.184998
0.181999
0.186998
0.189997
0.183001
0.183001
0.179000
0.183001
0.182997
0.175998
0.188001
0.184003
0.186000
0.181001
0.186998
0.188001
0.178996
0.188999
0.186998
0.188001
0.179000
0.186000
0.187002
0.186000
0.184998
0.187002
0.187997
0.188001
0.188001
0.187002
0.186998
0.188001
0.187002
0.190001
0.187002
0.186998
0.186998
0.188001
0.186998
0.188001
0.186998
0.186998
0.188001
0.177000
0.179000
0.186000
0.188001
0.185002
0.182003
0.186998
0.186998
0.181001
0.187002
0.188001
0.188001
0.186000
0.188001
0.186998
0.185002
0.187002
0.186998
0.187002
0.186998
0.178002
0.186000
0.187002
0.187002
0.188001
0.187002
0.186000
0.186998
0.190001
0.182997
0.183001
0.184000
0.183001
0.179999
0.181999
0.188001
0.179000
0.188001
0.186998
0.188001
0.186998
0.186998
0.187002
0.181001
0.186998
0.187002
0.188001
0.187002
0.188001
0.187002
0.188001
0.186998
0.187997
0.179999
0.188001
0.186998
0.188001
0.187002
0.188001
0.186998
0.188001
0.186998
0.188001
0.187002
0.187997
0.186000
0.188001
0.187002
0.187997
0.186998
0.187997
0.182997
0.188999
0.187002
0.186000
0.189003
0.187002
0.186998
0.187002
0.186000
0.188001
0.186998
0.179000
0.188001
0.186998
0.187002
0.188001
0.184000
0.186000
0.436001
0.179999
0.183001
0.182997
0.181999
0.188001
0.187002
0.181999
0.187002
0.182997
0.186000
0.188999
0.188001
0.186998
0.179000
0.188001
0.213001
0.180002
0.176001
0.186000
0.186998
0.187002
0.187002
0.188001
0.215001
0.188001
0.188001
0.188001
0.186998
0.188001
0.188001
0.186000
0.181001
0.186998
0.187002
0.188001
0.214998
0.188001
0.187002
0.188001
0.187002
0.188001
0.187997
0.186000
0.187002
0.188001
0.186998
0.188001
0.187002
0.188001
0.186998
0.188999
0.187002
0.188001
0.186998
0.187002
0.186998
0.187002
0.186998
0.188001
0.188001
0.188001
0.188001
0.188001
0.184000
0.186998
0.187997
0.183001
0.186998
0.188001
0.186000
0.186000
0.186998
0.183001
0.186998
0.188001
0.188001
0.186000
0.186998
0.185002
0.186000
0.184998
0.184000
0.186000
0.188001
0.215001
0.188001
0.187002
0.185002
0.188001
0.187002
0.187997
0.187002
0.186000
0.188001
0.186998
0.181001
0.188001
0.186998
0.188001
0.185002
0.186998
0.186998
0.188001
0.187002
0.188001
0.187002
0.188001
0.188001
0.188001
0.188001
0.187002
0.186998
0.187997
0.187002
0.188001
0.188001
0.186998
0.187002
0.179000
0.186998
0.188001
0.186998
0.187997
0.186998
0.187002
0.186998
0.188001
0.179999
0.186000
0.186998
0.183001
0.187002
0.188001
0.186998
0.184000
0.188001
0.188001
0.188001
0.186000
0.185002
0.188001
0.187997
0.188001
0.188001
0.188001
0.179999
0.186000
0.188001
0.188001
0.184998
0.186998
0.184998
0.186998
0.186998
0.181999
0.187002
0.188001
0.179000
0.189997
0.187002
0.188001
0.187002
0.188001
0.183001
0.188001
0.190001
0.181999
0.181999
0.183001
0.179000
0.213001
0.184998
0.188001
0.187002
0.188001
0.186998
0.189003
0.193000
0.188999
0.186998
0.181001
0.186998
0.186000
0.179000
0.186000
0.186998
0.188001
0.180997
0.188001
0.186998
0.188001
0.186998
0.188999
0.187997
0.188001
0.188001
0.187997
0.188001
0.184998
0.186998
0.186000
0.186998
0.184000
0.179999
0.179000
0.186998
0.188001
0.184003
0.182003
0.186998
0.179000
0.184000
0.188001
0.186998
0.187002
0.186998
0.187997
0.186998
0.192001
0.186998
0.188001
0.186998
0.188001
0.187002
0.188001
0.188001
0.188001
0.186998
0.186000
0.187002
0.188001
0.186998
0.188001
0.179000
0.187997
0.186998
0.188001
0.186998
0.186000
0.187002
0.188001
0.186998
0.188001
0.180002
0.188001
0.188001
0.187997
0.184000
0.188001
0.186998
0.186998
0.188001
0.186998
0.186998
0.186000
0.184998
0.179000
0.188001
0.181001
0.184000
0.188001
0.187002
0.187997
0.187997
0.188001
0.182003
0.187997
0.186998
0.188001
0.187002
0.188001
0.186998
0.187997
0.188001
0.188001
0.186998
0.187997
0.186998
0.187002
0.184000
0.188001
0.187002
0.186998
0.185002
0.188001
0.186998
0.188001
0.187002
0.188001
0.186998
0.188001
0.187002
0.181999
0.187002
0.188001
0.186998
0.188001
0.188001
0.183001
0.187002
0.186000
0.187002
0.188001
0.187002
0.186998
0.187002
0.187997
0.187997
0.186998
0.184998
0.185002
0.187002
0.186000
0.186998
0.184000
0.188001
0.187002
0.187002
0.188001
0.188001
0.188001
0.186998
0.182997
0.184000
0.186000
0.183001
0.177998
0.188001
0.188001
0.188001
0.186000
0.186000
0.188001
0.188999
0.188001
0.187002
0.188001
0.188001
0.188001
0.186998
0.188001
0.443999
0.178996
0.186998
0.188001
0.187002
0.188001
0.184998
0.177998
0.188001
0.188999
0.187002
0.181001
0.181999
0.186000
0.186998
0.186000
0.186998
0.188001
0.186998
0.188001
0.187002
0.188001
0.187002
0.186000
0.179000
0.188001
0.186998
0.188001
0.187002
0.188001
0.187002
0.186000
0.188001
0.188001
0.177000
0.187997
0.188001
0.188001
0.185002
0.186000
0.187002
0.187002
0.187002
0.187002
0.187002
0.188001
0.187002
0.188001
0.186998
0.188001
0.188001
0.188001
0.181999
0.182003
0.184000
0.188001
0.180997
0.188001
0.185002
0.186000
0.189003
0.186998
0.188001
0.178002
0.186998
0.188001
0.186998
0.186998
0.188001
0.188001
0.186998
0.186000
0.186998
0.187002
0.187002
0.188001
0.187997
0.188001
0.186998
0.186998
0.188001
0.186998
0.187002
0.187002
0.186998
0.304002
0.188001
0.187002
0.187002
0.187002
0.186998
0.180997
0.190001
0.190999
0.188001
0.186000
0.179000
0.188001
0.188001
0.189003
0.186000
0.188001
0.188001
0.188001
0.186998
0.187997
0.186998
0.188001
0.188001
0.188001
0.188001
0.185002
0.187002
0.186998
0.181001
0.186000
0.186998
0.188001
0.185002
0.187002
0.187002
0.187002
0.185002
0.184998
0.186998
0.186000
0.188001
0.186000
0.186998
0.186998
0.188001
0.188001
0.187002
0.188999
0.186998
0.186000
0.188001
0.186000
0.186998
0.188001
0.186998
0.188001
0.188001
