0.116000
0.162000
0.108000
0.107000
0.101000
0.106000
0.099000
0.092000
0.098000
0.093000
0.098000
0.092000
0.099000
0.092000
0.099000
0.092000
0.098000
0.092000
0.098000
0.092000
0.098000
0.093000
0.099000
0.093000
0.098000
0.092000
0.097000
0.093000
0.098000
0.093000
0.099000
0.093000
0.098000
0.093000
0.097000
0.092000
0.099000
0.093000
0.099000
0.093000
0.098000
0.093000
0.098000
0.090000
0.098000
0.090000
0.099000
0.091000
0.098000
0.091000
0.097000
0.091000
0.107000
0.090000
0.099000
0.091000
0.098000
0.090000
0.099000
0.090000
0.098000
0.090000
0.097000
0.090000
0.098000
0.090000
0.099000
0.090000
0.098000
0.090000
0.098000
0.090000
0.098000
0.090000
0.099000
0.090000
0.098000
0.090000
0.099000
0.090000
0.098000
0.090000
0.098000
0.091000
0.097000
0.091000
0.098000
0.091000
0.097000
0.090000
0.098000
0.090000
0.098000
0.090000
0.098000
0.090000
0.098000
0.090000
0.098000
0.090000
0.097000
0.090000
0.099000
0.115000
0.098000
0.091000
0.099000
0.090000
0.098000
0.091000
0.099000
0.090000
0.098000
0.092000
0.099000
0.092000
0.098000
0.090000
0.099000
0.090000
0.098000
0.092000
0.098000
0.093000
0.098000
0.092000
0.099000
0.093000
0.098000
0.093000
0.098000
0.090000
0.098000
0.091000
0.098000
0.090000
0.099000
0.090000
0.098000
0.090000
0.098000
0.090000
0.099000
0.090000
0.098000
0.090000
0.098000
0.090000
0.098000
0.090000
0.099000
0.090000
0.098000
0.090000
0.108000
0.091000
0.097000
0.090000
0.098000
0.090000
0.097000
0.090000
0.099000
0.090000
0.098000
0.090000
0.098000
0.090000
0.097000
0.091000
0.098000
0.092000
0.098000
0.093000
0.098000
0.092000
0.098000
0.093000
0.098000
0.093000
0.098000
0.093000
0.098000
0.093000
0.097000
0.092000
0.098000
0.092000
0.098000
0.092000
0.099000
0.093000
0.098000
0.092000
0.099000
0.093000
0.098000
0.092000
0.098000
0.092000
0.097000
0.090000
0.099000
0.091000
0.098000
0.092000
0.099000
0.091000
0.098000
0.091000
0.100000
0.091000
0.099000
0.090000
0.099000
0.090000
0.099000
0.090000
0.099000
0.091000
0.098000
0.090000
0.099000
0.090000
0.098000
0.090000
0.099000
0.091000
0.098000
0.090000
0.099000
0.090000
0.098000
0.091000
0.098000
0.091000
0.099000
0.090000
0.098000
0.091000
0.099000
0.090000
0.099000
0.090000
0.098000
0.091000
0.099000
0.090000
0.098000
0.091000
0.100000
0.090000
0.099000
0.090000
0.099000
0.090000
0.098000
0.093000
0.098000
0.090000
0.098000
0.090000
0.098000
0.090000
0.098000
0.090000
0.099000
0.090000
0.098000
0.090000
0.098000
0.091000
0.098000
0.090000
0.098000
0.091000
0.097000
0.090000
0.099000
0.090000
0.098000
0.090000
0.099000
0.091000
0.098000
0.090000
0.098000
0.090000
0.097000
0.090000
0.098000
0.090000
0.098000
0.090000
0.098000
0.090000
0.098000
0.090000
0.098000
0.091000
0.097000
0.090000
0.098000
0.090000
0.097000
0.091000
0.098000
0.093000
0.108000
0.090000
0.099000
0.090000
0.098000
0.090000
0.099000
0.090000
0.098000
0.091000
0.099000
0.090000
0.097000
0.090000
0.099000
0.090000
0.098000
0.090000
0.099000
0.091000
0.099000
0.091000
0.099000
0.090000
0.098000
0.090000
0.099000
0.090000
0.099000
0.090000
0.099000
0.090000
0.098000
0.090000
0.099000
0.090000
0.098000
0.090000
0.099000
0.090000
0.098000
0.091000
0.098000
0.091000
0.099000
0.090000
0.099000
0.090000
0.098000
0.090000
0.099000
0.115000
0.098000
0.090000
0.098000
0.090000
0.098000
0.090000
0.098000
0.090000
0.098000
0.090000
0.098000
0.090000
0.097000
0.090000
0.098000
0.091000
0.097000
0.091000
0.098000
0.091000
0.098000
0.090000
0.099000
0.090000
0.098000
0.090000
0.098000
0.090000
0.098000
0.092000
0.099000
0.093000
0.098000
0.090000
0.099000
0.090000
0.098000
0.093000
0.098000
0.092000
0.098000
0.092000
0.098000
0.093000
0.098000
0.092000
0.099000
0.093000
0.098000
0.090000
0.191000
0.091000
0.098000
0.090000
0.098000
0.090000
0.098000
0.314000
0.098000
0.090000
0.097000
0.093000
0.099000
0.093000
0.098000
0.090000
0.099000
0.093000
0.098000
0.090000
0.099000
0.093000
0.097000
0.091000
0.099000
0.093000
0.098000
0.093000
0.099000
0.093000
0.097000
0.093000
0.099000
0.090000
0.098000
0.093000
0.100000
0.093000
0.097000
0.093000
0.100000
0.093000
0.098000
0.093000
0.099000
0.093000
0.098000
0.090000
0.099000
0.093000
0.098000
0.096000
0.098000
0.093000
0.097000
0.092000
0.098000
0.093000
0.097000
0.093000
0.098000
0.093000
0.098000
0.093000
0.098000
0.090000
0.097000
0.092000
0.098000
0.093000
0.098000
0.092000
0.098000
0.092000
0.098000
0.092000
0.098000
0.094000
0.097000
0.092000
0.097000
0.093000
0.097000
0.092000
0.097000
0.093000
0.097000
0.092000
0.098000
0.093000
0.098000
0.093000
0.098000
0.093000
0.098000
0.092000
0.098000
0.093000
0.098000
0.092000
0.098000
0.092000
0.098000
0.095000
0.099000
0.093000
0.098000
0.092000
0.099000
0.093000
0.098000
0.092000
0.099000
0.093000
0.098000
0.092000
0.099000
0.093000
0.097000
0.093000
0.099000
0.090000
0.098000
0.090000
0.099000
0.093000
0.097000
0.092000
0.099000
0.093000
0.097000
0.093000
0.099000
0.093000
0.097000
0.092000
0.099000
0.094000
0.097000
0.092000
0.099000
0.093000
0.098000
0.093000
0.099000
0.093000
0.097000
0.089000
0.099000
0.092000
0.098000
0.093000
0.099000
0.093000
0.106000
0.093000
0.098000
0.094000
0.098000
0.093000
0.098000
0.094000
0.097000
0.093000
0.098000
0.094000
0.098000
0.093000
0.098000
0.094000
0.097000
0.093000
0.098000
0.094000
0.097000
0.093000
0.098000
0.090000
0.098000
0.093000
0.098000
0.094000
0.098000
0.093000
0.098000
0.093000
0.098000
0.091000
0.097000
0.094000
0.098000
0.091000
0.098000
0.094000
0.098000
0.093000
0.098000
0.094000
0.098000
0.093000
0.098000
0.094000
0.098000
0.094000
0.098000
0.092000
0.098000
0.090000
0.099000
0.090000
0.098000
0.090000
0.099000
0.090000
0.097000
0.090000
0.099000
0.093000
0.098000
0.093000
0.099000
0.093000
0.098000
0.094000
0.100000
0.094000
0.097000
0.093000
0.099000
0.094000
0.097000
0.093000
0.099000
0.093000
0.098000
0.094000
0.099000
0.090000
0.098000
0.090000
0.098000
0.091000
0.098000
0.091000
0.098000
0.091000
0.097000
0.090000
0.098000
0.091000
0.098000
0.090000
0.099000
0.090000
0.098000
0.090000
0.108000
0.090000
0.098000
0.090000
0.097000
0.090000
0.098000
0.090000
0.098000
0.090000
0.098000
0.090000
0.098000
0.090000
0.097000
0.091000
0.098000
0.090000
0.098000
0.090000
0.098000
0.090000
0.097000
0.090000
0.098000
0.090000
0.098000
0.090000
0.098000
0.090000
0.098000
0.093000
0.098000
0.094000
0.098000
0.093000
0.098000
0.093000
0.098000
0.094000
0.098000
0.094000
0.098000
0.093000
0.097000
0.094000
0.097000
0.093000
0.098000
0.094000
0.097000
0.096000
0.099000
0.093000
0.098000
0.093000
0.099000
0.094000
0.097000
0.093000
0.099000
0.093000
0.098000
0.093000
0.099000
0.093000
0.097000
0.093000
0.100000
0.094000
0.097000
0.093000
0.100000
0.093000
0.098000
0.094000
0.099000
0.093000
0.098000
0.094000
0.099000
0.094000
0.098000
0.093000
0.099000
0.094000
0.097000
0.093000
0.099000
0.094000
0.098000
0.094000
0.099000
0.094000
0.098000
0.093000
0.099000
0.094000
0.098000
0.094000
0.099000
0.090000
0.098000
0.092000
0.098000
0.090000
0.097000
0.094000
0.098000
0.094000
0.098000
0.093000
0.097000
0.094000
0.097000
0.094000
0.098000
0.094000
0.097000
0.090000
0.097000
0.094000
0.097000
0.093000
0.097000
0.094000
0.098000
0.094000
0.098000
0.093000
0.097000
0.090000
0.098000
0.093000
0.098000
0.093000
0.097000
0.094000
0.098000
0.094000
0.098000
0.094000
0.097000
0.093000
0.097000
0.094000
0.098000
0.093000
0.098000
0.094000
0.098000
0.093000
0.098000
0.094000
0.107000
0.093000
0.099000
0.094000
0.098000
0.093000
0.099000
0.094000
0.097000
0.093000
0.099000
0.093000
0.098000
0.093000
0.099000
0.093000
0.098000
0.090000
0.099000
0.090000
0.098000
0.090000
0.099000
0.090000
0.098000
0.090000
0.099000
0.090000
0.097000
0.090000
0.099000
0.091000
0.097000
0.091000
0.099000
0.091000
0.097000
0.090000
0.099000
0.090000
0.098000
0.090000
0.099000
0.091000
0.098000
0.090000
0.099000
0.090000
0.097000
0.094000
0.098000
0.172000
0.098000
0.093000
0.098000
0.093000
0.098000
0.092000
0.099000
0.090000
0.097000
0.090000
0.098000
0.090000
0.098000
0.090000
0.099000
0.090000
0.098000
0.092000
0.097000
0.092000
0.097000
0.091000
0.097000
0.093000
0.098000
0.092000
0.098000
0.093000
0.097000
0.093000
0.098000
0.089000
0.098000
0.092000
0.099000
0.090000
0.098000
0.093000
0.098000
0.093000
0.098000
0.093000
0.099000
0.090000
0.098000
0.092000
0.098000
0.093000
0.097000
0.093000
0.106000
0.091000
0.097000
0.090000
0.099000
0.090000
0.097000
0.092000
0.097000
0.090000
0.098000
0.091000
0.098000
0.093000
0.098000
0.093000
0.098000
0.090000
0.097000
0.092000
0.098000
0.093000
0.098000
0.090000
0.098000
0.092000
0.098000
0.092000
0.098000
0.090000
0.098000
0.090000
0.098000
0.093000
0.098000
0.092000
0.098000
0.093000
0.098000
0.093000
0.097000
0.093000
0.098000
0.093000
0.098000
0.092000
0.098000
0.092000
0.098000
0.093000
0.098000
0.092000
0.099000
0.093000
0.097000
0.092000
0.099000
0.093000
0.098000
0.092000
0.099000
0.093000
0.098000
0.092000
0.100000
0.093000
0.098000
0.092000
0.099000
0.093000
0.098000
0.092000
0.099000
0.093000
0.098000
0.093000
0.099000
0.093000
