7.999998
6.900001
6.619997
6.780002
6.640002
6.620001
6.620001
6.620001
6.640002
6.620001
6.620001
6.640002
6.639998
6.620001
6.639998
6.619997
6.659999
6.619997
6.639998
6.600000
6.639998
6.639998
6.620001
6.619997
6.639998
6.640002
6.640002
6.619997
6.619997
6.639998
6.620001
6.640002
6.620001
6.639998
6.620001
6.620001
6.620001
6.639998
6.619997
6.919999
6.619997
6.620001
6.640002
6.620001
6.639998
6.620001
6.640002
6.619997
6.620001
6.640002
6.600000
6.620001
6.619997
6.639998
6.619997
6.639998
6.640002
6.600000
6.639998
6.620001
6.600000
6.640002
6.639998
6.639998
6.619997
6.640002
6.620001
6.620001
6.640002
6.620001
6.639998
6.640002
6.639998
6.620001
6.619997
6.620001
6.619997
6.639998
6.880000
6.619997
6.620001
6.620001
6.600000
6.620001
6.620001
6.640002
6.620001
6.620001
6.619997
6.620001
6.640002
6.620001
6.640002
6.620001
6.639998
6.619997
6.620001
6.639998
6.640002
6.600000
6.640002
6.639998
6.639998
6.620001
6.639998
6.639998
6.620001
6.640002
6.620001
6.640002
6.619997
6.640002
6.620001
6.620001
6.620001
6.559998
6.620001
6.619997
6.640002
6.620001
6.640002
6.619997
6.620001
6.640002
6.619997
6.640002
6.619997
6.640002
6.620001
6.619997
6.600000
6.619997
6.600000
6.639998
6.600000
6.620001
6.620001
6.620001
6.620001
6.640002
6.639998
6.639998
6.620001
6.640002
6.639998
6.619997
6.640002
6.620001
6.640002
6.620001
6.620001
6.620001
6.639998
6.620001
6.659999
6.639998
6.639998
6.620001
6.640002
6.620001
6.640002
6.619997
6.640002
6.639998
6.640002
6.640002
6.620001
6.619997
6.620001
6.620001
6.640002
6.619997
6.620001
6.620001
6.600000
6.639998
6.620001
6.619997
6.620001
6.619997
6.619997
6.640002
6.620001
6.639998
6.619997
6.640002
6.620001
6.640002
6.619997
6.740000
6.639998
6.620001
14.040001
6.639998
6.620001
6.620001
6.620001
6.620001
6.619997
6.620001
6.600000
6.640002
6.619997
6.619997
6.619997
6.640002
6.619997
6.620001
6.600000
6.639998
6.619997
6.640002
6.619997
6.640002
6.620001
6.620001
6.620001
6.620001
6.619997
6.620001
6.620001
6.639998
6.620001
6.620001
6.600000
6.640002
6.600000
6.719999
6.619997
6.620001
6.640002
6.860003
6.620001
6.699998
6.639998
6.620001
6.640002
6.699998
6.619997
6.620001
6.619997
6.620001
6.620001
6.620001
6.620001
6.640002
6.619997
6.620001
6.639998
6.620001
6.639998
6.620001
6.620001
6.620001
6.640002
6.620001
6.620001
6.640002
6.619997
6.640002
6.620001
6.640002
6.619997
6.700002
6.619997
6.639998
6.640002
6.620001
6.719999
6.800000
6.639998
6.620001
6.700002
6.620001
6.719999
6.700002
6.620001
6.619997
6.640002
6.700002
6.620001
6.620001
6.620001
6.620001
6.620001
6.620001
6.620001
6.620001
6.620001
6.640002
6.600000
6.640002
6.620001
6.639998
6.620001
6.619997
6.620001
6.620001
6.719999
6.619997
6.640002
6.619997
6.620001
6.620001
6.620001
6.619997
6.619997
6.620001
6.659999
6.620001
6.619997
6.620001
6.620001
6.639998
6.600000
6.620001
6.620001
6.620001
6.620001
6.639998
6.619997
6.620001
6.619997
6.639998
6.620001
6.620001
6.620001
6.620001
6.639998
6.639998
6.619997
6.619997
6.640002
6.620001
6.619997
6.640002
6.620001
6.640002
6.640002
6.600000
6.620001
6.620001
6.639998
6.619997
6.620001
6.620001
6.559998
6.639998
6.640002
6.640002
6.639998
6.619997
6.620001
6.640002
6.640002
6.600000
6.639998
6.640002
6.619997
6.640002
6.619997
6.619997
6.619997
6.619997
6.639998
6.620001
6.619997
6.640002
6.619997
6.619997
6.640002
6.620001
6.640002
6.639998
6.639998
6.619997
6.639998
6.639998
6.620001
6.620001
6.620001
6.620001
6.640002
6.600000
6.639998
6.680001
6.639998
6.640002
6.639998
6.620001
6.620001
6.639998
6.620001
6.639998
6.620001
6.639998
6.619997
6.620001
6.620001
6.620001
6.639998
6.639998
6.620001
6.640002
6.620001
6.620001
6.619997
6.639998
6.620001
6.640002
6.619997
6.620001
6.640002
6.620001
6.620001
6.620001
6.619997
6.640002
6.620001
6.620001
6.619997
6.639998
6.579999
6.619997
6.620001
6.620001
6.639998
6.639998
6.640002
6.639998
6.600000
6.639998
6.620001
6.620001
6.620001
6.640002
6.640002
6.619997
6.620001
6.640002
6.620001
6.639998
6.620001
6.639998
6.619997
6.620001
6.639998
6.640002
6.619997
6.620001
6.639998
6.620001
6.620001
6.619997
6.620001
6.619997
6.619997
6.620001
6.640002
6.639998
22.980001
6.620001
10.739997
6.639998
6.600000
6.619997
6.639998
6.619997
6.619997
6.620001
10.740001
10.700002
6.619997
6.640002
6.639998
6.619997
6.619997
6.619997
6.640002
10.680001
6.619997
6.619997
6.639998
6.600000
6.620001
6.619997
10.679998
6.640002
6.640002
6.619997
10.680001
6.620001
6.620001
6.640002
6.620001
6.620001
10.699999
6.639998
6.620001
6.759997
10.680001
6.620001
6.639998
6.620001
6.640002
6.620001
10.680001
6.620001
6.620001
6.620001
6.640002
6.620001
6.620001
10.679998
6.639998
6.620001
10.680001
6.619997
10.680001
6.620001
6.620001
10.699999
6.620001
6.639998
10.680001
6.639998
6.620001
6.640002
6.620001
10.699999
6.620001
6.640002
6.639998
6.620001
6.639998
10.680001
6.580003
6.640002
6.620001
6.619997
6.619997
6.640002
6.600000
6.620001
6.620001
6.619997
6.619997
6.620001
6.620001
6.640002
6.620001
6.619997
6.619997
6.639998
6.620001
6.620001
6.639998
6.620001
6.620001
6.640002
6.620001
6.620001
10.680001
6.640002
6.620001
10.680001
6.600000
6.620001
6.619997
6.620001
6.640002
6.639998
6.620001
10.680001
6.659999
6.619997
10.680001
6.640002
6.619997
6.619997
6.620001
6.620001
6.620001
6.640002
6.639998
6.620001
6.600000
6.639998
6.640002
6.619997
6.620001
6.619997
6.620001
10.680001
6.639998
6.640002
10.680001
6.639998
6.600000
6.620001
6.640002
6.640002
6.619997
6.620001
6.620001
6.640002
6.600000
6.620001
6.620001
6.620001
10.679998
6.640002
6.579999
6.620001
10.680001
6.620001
6.620001
6.620001
10.700002
6.639998
6.620001
10.680001
6.619997
6.639998
6.620001
6.639998
6.620001
6.640002
6.620001
6.620001
6.619997
6.620001
6.640002
6.619997
6.640002
6.639998
6.640002
6.620001
6.639998
6.620001
6.640002
6.639998
6.619997
6.640002
6.620001
10.680001
6.619997
6.639998
6.620001
6.619997
6.640002
6.620001
6.639998
6.619997
10.679998
6.639998
6.620001
6.620001
6.619997
6.640002
6.620001
6.640002
6.620001
6.640002
6.620001
6.620001
6.640002
6.620001
6.619997
6.640002
6.620001
6.620001
6.619997
6.640002
6.620001
6.639998
6.620001
6.639998
6.640002
6.620001
6.620001
6.640002
6.620001
6.639998
10.680001
6.620001
6.620001
6.639998
6.620001
6.559998
6.640002
6.620001
6.619997
6.639998
6.640002
6.620001
6.620001
6.619997
6.619997
6.620001
6.620001
6.620001
6.639998
6.619997
6.600000
6.620001
6.639998
6.620001
6.620001
6.620001
6.620001
6.620001
6.639998
6.640002
6.620001
6.639998
6.620001
6.620001
6.620001
6.639998
6.619997
6.620001
6.620001
6.620001
6.620001
6.620001
6.620001
6.659999
6.620001
10.679998
6.639998
6.640002
10.700002
6.620001
6.639998
6.620001
6.639998
6.639998
6.620001
6.619997
6.620001
6.639998
6.640002
6.620001
10.680001
6.620001
6.600000
6.619997
6.620001
10.700002
6.620001
6.620001
6.620001
6.620001
6.620001
6.620001
6.620001
10.699999
6.620001
6.620001
6.620001
6.640002
6.639998
6.639998
6.619997
6.560002
6.620001
6.639998
6.620001
6.620001
6.639998
6.620001
6.619997
6.639998
6.639998
6.620001
6.639998
6.620001
6.619997
6.620001
6.639998
6.640002
6.619997
6.640002
6.619997
6.639998
6.620001
6.619997
6.620001
6.620001
6.600000
6.640002
6.620001
6.620001
6.620001
6.639998
6.639998
6.620001
6.619997
6.639998
6.620001
6.640002
6.640002
6.620001
6.640002
6.620001
6.639998
6.619997
6.639998
6.639998
6.619997
6.620001
6.620001
6.619997
6.620001
6.620001
6.620001
6.640002
6.619997
6.619997
6.640002
6.620001
6.619997
6.639998
6.620001
6.619997
6.620001
6.620001
6.619997
6.620001
6.620001
6.620001
6.620001
6.640002
6.620001
6.620001
6.640002
6.619997
6.639998
6.619997
6.640002
6.640002
6.640002
6.639998
6.640002
6.620001
6.600000
6.600000
6.619997
6.620001
6.619997
6.639998
6.619997
6.620001
6.620001
6.640002
6.640002
6.620001
6.639998
6.619997
6.619997
6.640002
6.620001
6.620001
6.620001
6.620001
6.619997
6.640002
6.620001
6.620001
6.620001
6.639998
6.620001
6.640002
6.620001
6.640002
6.620001
6.620001
6.620001
6.620001
6.779999
6.620001
6.619997
6.620001
6.619997
6.639998
6.620001
6.620001
6.619997
6.620001
6.620001
6.619997
6.620001
6.620001
6.639998
6.620001
6.620001
6.619997
6.620001
6.639998
6.619997
6.620001
6.620001
6.620001
6.619997
6.620001
6.620001
6.639998
6.620001
6.639998
6.620001
6.620001
6.639998
6.620001
6.640002
6.620001
6.639998
6.620001
6.680001
6.639998
6.600000
6.620001
6.620001
6.639998
6.619997
6.639998
6.620001
6.639998
6.620001
6.639998
6.620001
6.620001
6.620001
6.639998
6.640002
6.639998
6.619997
6.640002
6.620001
6.620001
6.620001
6.639998
6.620001
6.640002
6.639998
6.639998
6.639998
6.620001
6.619997
6.619997
6.620001
6.600000
6.620001
6.619997
6.620001
6.639998
6.620001
7.439997
6.719999
6.779999
6.620001
6.620001
6.640002
6.639998
6.640002
6.620001
6.620001
6.620001
6.619997
6.639998
6.620001
6.620001
6.620001
6.619997
6.619997
6.620001
6.620001
6.620001
6.620001
6.620001
6.620001
6.620001
6.639998
6.639998
6.640002
6.640002
6.620001
6.620001
6.640002
6.620001
6.619997
6.620001
6.640002
6.619997
6.600000
6.820001
6.700002
6.619997
6.619997
6.639998
