0.772000
0.793000
0.741000
0.744000
0.743000
0.736000
0.735000
0.742000
0.736000
0.736000
0.741000
0.736000
0.739000
0.740000
0.741000
0.743000
0.740000
0.738000
0.734000
0.740000
0.737000
0.739000
0.736000
0.736000
0.738000
0.737000
0.740000
0.739000
0.742000
0.736000
0.747000
0.740000
0.740000
0.736000
0.734000
0.735000
0.738000
0.737000
0.740000
0.748000
0.746000
0.737000
0.736000
0.736000
0.740000
0.742000
0.736000
0.738000
0.740000
0.737000
0.735000
0.737000
0.736000
0.748000
0.736000
0.737000
0.738000
0.737000
0.739000
0.741000
0.742000
0.732000
0.741000
0.737000
0.738000
0.735000
0.736000
0.747000
0.737000
0.744000
0.743000
0.741000
0.738000
0.737000
0.738000
0.740000
0.735000
0.744000
0.737000
0.742000
0.737000
0.738000
0.739000
0.739000
0.740000
0.747000
0.737000
0.737000
0.738000
0.737000
0.736000
0.739000
0.740000
0.744000
0.734000
0.744000
0.742000
0.736000
0.740000
0.741000
0.737000
0.733000
0.733000
0.738000
0.737000
0.744000
0.740000
0.740000
0.745000
0.733000
0.732000
0.740000
0.739000
0.739000
0.735000
0.738000
0.738000
0.742000
0.736000
0.733000
0.734000
0.743000
0.739000
0.739000
0.743000
0.739000
0.740000
0.740000
0.741000
0.739000
0.733000
0.747000
0.744000
0.743000
0.735000
0.738000
0.738000
0.741000
0.744000
0.744000
0.745000
0.740000
0.738000
0.740000
0.742000
0.742000
0.740000
0.739000
0.734000
0.742000
0.733000
0.740000
0.740000
0.740000
0.740000
0.742000
0.748000
0.744000
0.742000
0.747000
0.741000
0.738000
0.734000
0.745000
0.737000
0.735000
0.742000
0.736000
0.741000
0.738000
0.740000
0.741000
0.743000
0.738000
0.738000
0.739000
0.740000
0.739000
0.740000
0.736000
0.741000
0.743000
0.744000
0.746000
0.743000
0.743000
0.741000
0.733000
0.734000
0.735000
0.739000
0.747000
0.742000
0.741000
0.739000
0.736000
0.738000
0.734000
0.737000
0.736000
0.951000
0.756000
0.738000
0.740000
0.746000
0.739000
0.744000
0.744000
0.734000
0.745000
0.741000
0.737000
0.737000
0.741000
0.738000
0.737000
0.734000
0.744000
0.736000
0.740000
0.742000
0.741000
0.742000
0.739000
0.739000
0.744000
0.736000
0.736000
0.736000
0.734000
0.743000
0.741000
0.741000
0.740000
0.738000
0.736000
0.744000
0.740000
0.744000
0.739000
0.739000
0.742000
0.734000
0.739000
0.738000
0.738000
0.742000
0.738000
0.734000
0.746000
0.736000
0.734000
0.739000
0.735000
0.743000
0.738000
0.742000
0.740000
0.737000
0.733000
0.739000
0.737000
0.737000
0.738000
0.737000
0.737000
0.738000
0.741000
0.738000
0.738000
0.741000
0.736000
0.741000
0.736000
0.732000
0.745000
0.741000
0.737000
0.737000
0.733000
0.734000
0.743000
0.743000
0.739000
0.732000
0.740000
0.734000
0.738000
0.735000
0.743000
0.739000
0.741000
0.739000
0.738000
0.739000
0.746000
0.735000
0.738000
0.743000
0.742000
0.734000
0.736000
0.735000
0.734000
0.739000
0.744000
0.745000
0.741000
0.737000
0.732000
0.743000
0.734000
0.738000
0.738000
0.741000
0.742000
0.742000
0.736000
0.738000
0.734000
0.739000
0.741000
0.742000
0.742000
0.734000
0.736000
0.739000
0.738000
0.741000
0.733000
0.738000
0.733000
0.739000
0.744000
0.742000
0.741000
0.742000
0.736000
0.747000
0.742000
0.734000
0.739000
0.739000
0.738000
0.738000
0.737000
0.740000
0.747000
0.745000
0.738000
0.732000
0.743000
0.735000
0.739000
0.739000
0.736000
0.741000
0.741000
0.744000
0.755000
0.739000
0.741000
0.754000
0.739000
0.737000
0.742000
0.740000
0.737000
0.734000
0.741000
0.736000
0.739000
0.736000
0.735000
0.740000
0.739000
0.744000
0.741000
0.743000
0.740000
0.745000
0.737000
0.745000
0.738000
0.742000
0.738000
0.738000
0.739000
0.737000
0.739000
0.732000
0.736000
0.736000
0.732000
0.737000
0.742000
0.736000
0.736000
0.736000
0.735000
0.735000
0.736000
0.743000
0.741000
0.736000
0.739000
0.740000
0.735000
0.736000
0.740000
0.740000
0.743000
0.740000
0.739000
0.742000
0.741000
0.741000
0.734000
0.740000
0.734000
0.745000
0.738000
0.741000
0.742000
0.740000
0.743000
0.738000
0.741000
0.742000
0.742000
0.734000
0.739000
0.741000
0.741000
0.741000
0.743000
0.743000
0.740000
0.739000
0.734000
0.740000
0.737000
0.737000
0.739000
0.740000
0.739000
0.740000
0.738000
0.741000
0.732000
0.743000
0.737000
0.742000
0.742000
0.739000
0.734000
0.735000
0.737000
0.740000
0.744000
0.742000
0.743000
0.737000
0.744000
0.745000
0.743000
0.737000
0.735000
0.734000
0.736000
0.738000
0.741000
0.739000
0.740000
0.738000
0.740000
0.735000
0.738000
0.738000
0.741000
0.741000
0.739000
0.741000
0.749000
0.736000
0.734000
0.740000
0.744000
0.734000
0.736000
0.740000
0.740000
0.745000
0.742000
0.736000
0.735000
0.736000
0.740000
0.744000
0.740000
0.739000
0.738000
0.733000
0.735000
0.739000
0.741000
0.738000
0.741000
0.734000
0.739000
0.740000
0.734000
0.734000
0.738000
0.738000
0.740000
0.744000
0.741000
0.738000
0.742000
0.739000
0.737000
0.742000
0.733000
0.740000
0.742000
0.739000
0.742000
0.744000
0.739000
0.737000
0.742000
0.742000
0.739000
0.745000
0.739000
0.736000
0.740000
0.738000
0.738000
0.736000
0.745000
0.743000
0.743000
0.740000
0.740000
0.737000
0.740000
0.761000
0.738000
0.745000
0.734000
0.739000
0.739000
0.744000
0.736000
0.737000
0.737000
0.740000
0.742000
0.742000
0.739000
0.744000
0.736000
0.739000
0.738000
0.740000
0.743000
0.743000
0.733000
0.735000
0.740000
0.742000
0.740000
0.739000
0.737000
0.740000
0.736000
0.736000
0.742000
0.736000
0.740000
0.739000
0.737000
0.736000
0.741000
0.734000
0.741000
0.737000
0.740000
0.740000
0.739000
0.742000
0.741000
0.737000
0.736000
0.799000
0.737000
0.736000
0.736000
0.746000
0.737000
0.738000
0.743000
0.739000
0.736000
0.736000
0.740000
0.736000
0.740000
0.738000
0.741000
0.744000
0.733000
0.736000
0.734000
0.739000
0.737000
0.738000
0.740000
0.735000
0.737000
0.741000
0.737000
0.742000
0.743000
0.741000
0.743000
0.743000
0.739000
0.736000
0.741000
0.741000
0.737000
0.739000
0.740000
0.733000
0.741000
0.738000
0.740000
0.736000
0.744000
0.739000
0.736000
0.736000
0.744000
0.738000
0.737000
0.736000
0.743000
0.741000
0.758000
0.738000
0.740000
0.735000
0.741000
0.739000
0.740000
0.744000
0.741000
0.746000
0.741000
0.738000
0.735000
0.737000
0.738000
0.738000
0.759000
0.743000
0.740000
0.740000
0.740000
0.745000
0.743000
0.741000
0.741000
0.745000
0.738000
0.734000
0.736000
0.743000
0.740000
0.762000
0.740000
0.736000
0.735000
0.742000
0.736000
0.737000
0.744000
0.736000
0.737000
0.740000
0.738000
0.739000
0.743000
0.737000
0.745000
0.738000
0.737000
0.740000
0.737000
0.738000
0.736000
0.736000
0.734000
0.742000
0.740000
0.741000
0.740000
0.740000
0.742000
0.740000
0.732000
0.740000
0.738000
0.744000
0.737000
0.743000
0.740000
0.741000
0.755000
0.740000
0.735000
0.743000
0.741000
0.744000
0.742000
0.741000
0.740000
0.736000
0.744000
0.740000
0.745000
0.738000
0.740000
0.738000
0.743000
0.744000
0.736000
0.739000
0.745000
0.747000
0.742000
0.740000
0.743000
0.745000
0.742000
0.738000
0.744000
0.736000
0.736000
0.740000
0.736000
0.741000
0.741000
0.737000
0.743000
0.739000
0.743000
0.736000
0.740000
0.744000
0.738000
0.739000
0.732000
0.745000
0.742000
0.744000
0.742000
0.741000
0.735000
0.740000
0.732000
0.740000
0.738000
0.744000
0.735000
0.741000
0.744000
0.734000
0.742000
0.742000
0.735000
0.741000
0.742000
0.742000
0.740000
0.746000
0.737000
0.736000
0.738000
0.744000
0.740000
0.742000
0.740000
0.739000
0.734000
0.741000
0.742000
0.743000
0.738000
0.736000
0.739000
0.742000
0.739000
0.742000
0.739000
0.737000
0.742000
0.739000
0.737000
0.735000
0.732000
0.733000
0.740000
0.739000
0.734000
0.746000
0.738000
0.738000
0.737000
0.743000
0.738000
0.745000
0.739000
0.737000
0.740000
0.736000
0.739000
0.738000
0.740000
0.742000
0.736000
0.740000
0.739000
0.735000
0.741000
0.740000
0.758000
0.736000
0.741000
0.740000
0.741000
0.735000
0.736000
0.740000
0.741000
0.734000
0.748000
0.743000
0.744000
0.732000
0.736000
0.733000
0.748000
0.740000
0.738000
0.739000
0.735000
0.736000
0.746000
0.736000
0.740000
0.737000
0.739000
0.738000
0.741000
0.747000
0.749000
0.739000
0.756000
0.743000
0.734000
0.740000
0.739000
0.739000
0.733000
0.736000
0.736000
0.737000
0.741000
0.740000
0.742000
0.734000
0.737000
0.736000
0.737000
0.766000
0.742000
0.740000
0.745000
0.736000
0.738000
0.736000
0.743000
0.738000
0.736000
0.740000
0.736000
0.741000
0.768000
0.738000
0.742000
0.744000
0.743000
0.736000
0.738000
0.741000
0.735000
0.738000
0.740000
0.741000
0.740000
0.739000
0.737000
0.742000
0.741000
0.738000
0.740000
0.741000
0.742000
0.744000
0.742000
0.745000
0.739000
0.743000
0.738000
0.743000
0.741000
0.739000
0.740000
0.737000
0.742000
0.748000
0.736000
0.737000
0.740000
0.742000
0.743000
0.739000
0.744000
0.740000
0.738000
0.740000
0.739000
0.742000
0.741000
0.739000
0.740000
0.741000
0.741000
0.732000
0.741000
0.740000
0.738000
0.741000
0.741000
0.739000
0.738000
0.740000
0.740000
0.738000
0.739000
0.743000
0.738000
0.741000
0.737000
0.741000
0.736000
0.740000
0.741000
0.741000
0.736000
0.740000
0.738000
0.739000
0.735000
0.735000
0.739000
0.738000
0.740000
0.738000
0.738000
0.739000
0.744000
0.740000
0.743000
0.743000
0.743000
0.745000
0.743000
0.740000
0.737000
0.737000
0.738000
0.739000
0.739000
0.742000
0.739000
