135.299999
123.539999
116.760001
116.379999
113.500003
113.260001
111.319996
110.999998
110.520002
110.879999
123.780001
111.540001
111.120000
111.180000
110.360000
110.879999
110.560000
110.720001
110.860001
113.200001
112.400003
111.079998
110.700000
110.760003
110.700000
111.520000
111.120000
111.320000
110.500000
110.420000
110.680003
110.780001
110.440001
110.659998
110.780001
110.760000
110.519998
110.760000
110.619999
110.619999
110.519998
116.939999
110.940002
110.520002
110.600002
110.560000
110.520002
110.580001
110.580001
110.800002
110.860001
110.619999
110.580001
110.360000
110.379998
110.420000
110.259999
110.940002
110.679999
110.700000
110.360000
110.520002
110.399999
110.300001
110.600002
110.640001
110.760000
110.619999
110.500000
110.340003
110.440001
110.320002
110.320002
110.760000
110.560000
110.300001
110.780001
110.280000
110.860001
110.520002
110.599998
110.859998
110.619999
110.199999
110.700000
110.560000
110.399999
110.660002
117.980000
110.320002
110.399999
110.440001
110.660002
110.300001
110.679999
110.259999
110.459998
110.399999
110.500000
110.280000
110.259999
110.420000
110.300001
110.319998
111.740001
111.599997
111.579999
110.640001
110.519998
110.859998
110.520002
110.340003
110.879999
110.560000
110.700000
110.580001
110.619999
110.499997
110.339999
110.539999
111.320000
110.479999
110.920001
110.640001
110.379998
110.539999
110.519998
110.640001
110.359997
110.460002
110.500000
110.399999
110.619999
110.619999
110.420000
117.959999
111.200001
110.499997
110.500000
110.560000
110.800002
110.239998
110.300001
110.520002
110.599998
110.799998
110.500000
110.739999
110.659998
110.599998
110.380001
110.479999
110.339999
110.180002
110.140000
110.399999
110.459998
110.280000
110.440001
110.380001
110.539999
110.459998
110.360000
110.420000
110.739999
110.460002
110.280000
110.399999
110.479999
110.700000
110.499997
110.439997
110.440001
110.480003
110.100001
110.339999
110.520002
110.500000
110.260002
110.339999
110.500000
110.399999
110.500000
110.500000
110.560000
110.220000
110.640001
110.420000
110.380001
112.020001
119.080000
110.879999
111.380000
110.460002
110.879999
110.920001
110.239998
110.619999
111.240000
111.079998
110.560000
110.659998
110.799998
110.739999
110.519998
110.439997
110.579997
110.619999
111.439999
110.920001
110.480003
110.519998
110.500000
110.400002
110.320002
110.519998
110.719997
110.520002
110.360000
110.819999
110.420000
110.360000
110.599998
110.479999
110.700000
110.459998
110.700000
110.399999
110.640001
118.359998
110.440001
110.540003
110.539999
110.660002
110.339999
110.420000
110.280000
116.719998
110.460002
110.479999
110.580001
110.560000
110.560000
110.400002
110.619999
110.900000
110.479999
110.660002
110.580001
110.360000
110.299997
110.599998
110.499997
110.619999
110.360000
110.140000
110.420000
110.360000
110.960003
110.619999
110.459998
110.399999
110.500000
110.379998
110.359997
110.440001
110.520002
110.380001
110.420000
110.619999
110.440001
110.500000
110.479999
110.500000
110.539999
111.540001
120.060001
111.159999
110.860001
110.919997
110.900000
110.700000
110.700000
110.380001
110.840000
111.019999
110.900000
110.579997
111.019999
110.539999
110.459998
110.540003
110.520002
110.479999
110.720001
110.740002
110.679999
110.499997
110.619999
110.500000
110.259999
110.540003
110.380001
110.539999
110.640001
110.339999
110.399999
110.580001
110.640001
110.399999
110.519998
110.660002
110.380001
110.659998
110.360000
110.619999
110.360000
110.500000
110.760000
110.239998
110.319998
110.520002
110.500000
117.619999
110.560000
110.840000
110.360000
110.280003
110.520002
110.479999
110.260002
116.740000
110.259999
110.460002
110.339999
110.280000
110.360000
110.220000
110.240001
110.420000
110.199999
110.339999
110.659998
110.619999
110.360000
110.299997
110.360000
110.599998
110.560000
110.360000
110.580001
110.520002
110.379998
110.240001
110.720001
111.159999
110.500000
110.479999
110.560000
110.400002
112.119999
110.920001
110.959999
110.719997
110.479999
110.760000
110.939998
110.339999
110.599998
110.380001
110.360000
110.740002
110.400002
110.619999
110.580001
110.260002
110.579997
110.460002
117.360000
110.620003
110.580001
110.500000
110.319998
110.440001
110.460002
110.380001
110.679999
111.000001
110.960003
110.700000
111.380000
110.539999
110.519998
110.720001
110.339999
110.539999
110.959999
111.019999
110.400002
110.519998
110.639997
110.400002
110.539999
110.619999
110.840000
110.380001
110.300001
110.399999
110.420000
110.460002
111.260001
110.600002
110.380001
110.399999
110.739999
110.459998
110.420000
110.719997
110.580001
110.400002
110.700000
110.420000
110.440001
110.560000
110.780001
116.860002
110.859998
110.500000
110.399999
110.619999
110.639997
110.679999
110.539999
117.960002
110.360000
110.679999
110.539999
110.720001
110.339999
110.160001
110.259999
110.440001
110.900000
110.399999
110.379998
112.080000
111.620001
111.460000
110.679999
110.980000
110.980000
111.139998
110.540003
110.619999
110.640001
110.400002
110.580001
110.780001
110.640001
110.259999
110.719997
110.519998
110.379998
110.719997
110.560000
110.539999
110.860001
110.780001
110.420000
110.380001
110.420000
110.280000
115.860000
110.739999
110.880002
110.259999
110.740002
110.860001
110.420000
110.519998
118.000001
110.240001
110.479999
110.880002
110.399999
110.380001
110.360000
110.319998
110.880002
110.540003
110.520002
110.519998
110.240001
110.760000
110.440001
110.380001
110.819999
110.779997
110.619999
110.679999
110.440001
110.440001
110.320002
110.119998
110.640001
110.619999
110.760000
110.300001
110.239998
110.300001
110.539999
110.240001
110.500000
110.340003
110.360000
110.619999
110.420004
110.319998
110.520002
110.199999
110.360000
110.760000
110.160001
110.379998
110.640001
110.460002
110.580001
116.060000
110.540003
110.500000
110.199999
111.740001
111.419998
111.120000
110.700000
110.959999
110.539999
110.539999
110.500000
110.939998
111.279998
110.599998
110.540003
110.479999
110.619999
110.459998
110.799998
111.099999
110.840000
110.679999
110.380001
110.519998
110.440001
110.560000
110.619999
110.440001
110.640001
110.600002
110.360000
110.539999
110.360000
110.780001
110.660002
110.460002
110.420000
110.679999
110.580001
110.660002
110.619999
110.500000
110.500000
110.399999
110.400002
110.539999
118.319999
110.579997
110.880002
110.420000
110.599998
110.739999
110.720001
110.599998
117.240001
110.460002
110.619999
110.580001
110.479999
110.660002
110.640001
110.600002
110.440001
110.640001
110.720001
110.560000
110.380001
110.599998
110.339999
110.360000
110.900000
110.679999
110.599998
110.460002
110.320002
110.620003
110.320002
111.140002
110.920001
110.619999
110.580001
110.780001
110.540003
110.339999
110.479999
110.480003
110.980000
110.700000
112.319998
110.980000
110.479999
110.920001
110.560000
110.440001
110.860001
110.819999
110.819999
110.319998
110.440001
110.679999
110.460002
117.800001
110.579997
110.399999
110.840000
110.479999
110.619999
111.180000
110.119998
110.580001
110.100001
110.220000
110.500000
109.859999
109.880000
110.420000
110.460002
110.740002
111.040000
110.259999
110.059999
110.059999
109.980002
109.960001
110.500000
110.220000
110.579997
109.840002
110.219996
110.460002
109.880000
110.100001
110.080000
110.440001
110.160001
110.020000
110.580001
109.940000
110.519998
118.039999
110.300001
110.380001
110.260002
109.940000
109.859999
110.220000
110.220000
110.420000
110.579997
110.059999
110.080000
110.320002
110.320002
110.319998
109.920003
110.260002
110.560000
109.920003
110.519998
110.439997
109.920003
109.840002
115.780000
110.399999
110.400002
109.960001
110.360000
110.760000
109.920003
110.280000
110.720001
110.560000
110.300001
111.820001
111.699998
110.339999
110.420000
110.179998
110.640001
110.100001
110.839996
110.180002
110.679999
110.520002
110.520002
110.360000
110.380001
110.640001
110.220000
112.819999
111.420002
111.299999
110.660002
118.720002
110.619999
110.700000
110.640001
110.799998
110.599998
110.360000
111.539997
111.680001
111.759998
111.019999
110.600002
110.700000
110.819999
110.539999
110.540003
111.120000
110.679999
110.760000
110.560000
110.539999
111.040000
110.679999
110.400002
110.819999
110.779997
110.660002
110.280000
110.700000
110.320002
110.459998
110.400002
110.539999
110.659998
121.700000
116.920002
114.580002
112.540003
112.180002
113.619998
112.560000
111.540001
110.880002
110.959999
110.660002
110.619999
110.560000
111.460000
110.900000
110.420004
110.880002
110.580001
110.660002
110.459998
110.399999
110.739999
110.979997
110.640001
110.619999
110.480003
110.640001
110.300001
115.860000
110.919997
110.860001
110.299997
112.799998
111.720003
111.079998
110.760000
111.520000
111.000001
111.040000
110.659998
110.479999
110.640001
110.680003
110.579997
110.900000
111.059997
110.640001
110.520002
110.640001
110.420000
110.519998
110.539999
110.739999
110.539999
110.360000
110.420000
110.719997
110.160001
110.519998
110.360000
110.720001
110.719997
110.380001
110.440001
110.520002
110.540003
110.760000
110.140000
110.619999
110.660002
110.500000
110.339999
110.760003
110.719997
110.440001
115.899999
110.739999
110.360000
110.980000
110.539999
110.360000
110.380001
110.459998
110.799998
110.519998
110.539999
110.479999
110.460002
110.479999
110.420000
110.380001
110.580001
110.479999
110.300001
110.520002
110.259999
110.420000
110.680003
110.520002
110.379998
110.380001
110.380001
110.360000
110.399999
110.380001
110.259999
110.660002
110.259999
110.479999
110.640001
110.440001
110.959999
110.540003
110.620003
110.320002
110.599998
110.240001
113.240000
111.480001
110.900003
110.679999
110.680003
117.020000
110.700000
110.640001
110.760000
110.739999
110.540003
110.539999
110.520002
111.120000
111.020003
110.520002
110.700000
110.240001
111.320000
110.660002
110.580001
111.040000
110.340003
110.460002
110.700000
110.520002
110.520002
110.399999
110.619999
110.680003
110.420000
110.500000
110.619999
110.520002
110.500000
110.379998
110.440001
110.700000
110.640001
110.459998
110.500000
110.900000
110.560000
110.640001
110.339999
110.520002
110.519998
110.379998
110.460002
110.440001
110.740002
110.600002
115.839999
110.440001
110.760000
111.060001
110.420000
110.519998
110.619999
110.420004
115.979999
111.060001
110.539999
110.600002
110.420000
110.500000
110.519998
110.520002
110.900000
110.479999
110.760000
110.140000
110.459998
110.399999
110.660002
110.379998
110.599998
110.560000
110.760000
110.520002
110.579997
110.420000
110.440001
110.420004
111.240000
112.120003
111.040000
111.140002
111.160003
110.640001
110.399999
110.560000
111.240003
111.019999
110.879999
110.780001
110.700000
110.739999
111.019999
118.340001
110.420000
110.980000
110.520002
110.399999
110.539999
110.379998
110.520002
110.540003
110.840000
110.600002
110.540003
110.399999
110.519998
110.879999
110.720001
110.879999
110.520002
110.599998
110.760000
110.780001
110.360000
110.940002
110.560000
110.619999
110.799998
110.780001
110.859998
110.600002
