9.919999
9.560000
9.560000
9.520000
9.440001
9.480000
9.360000
9.540001
9.460000
9.580001
9.380000
9.499999
9.880001
9.560000
9.380000
9.540001
9.520000
9.439999
9.560000
9.460000
9.480000
9.480001
9.359999
9.480000
9.359999
9.540001
9.460000
18.500000
9.520000
9.380000
9.560000
9.560000
9.579999
9.480000
9.339999
9.539999
9.360000
9.380000
9.380000
9.460000
9.460000
9.560000
9.520000
9.400001
9.439999
9.339999
9.400001
9.440001
9.339999
9.580001
9.520000
9.339999
9.600000
9.600000
10.320000
9.940000
9.560000
9.499999
9.580001
9.520000
9.480000
9.520000
9.400001
9.579999
9.439999
9.440001
9.579999
9.340001
9.420000
9.600000
9.580001
9.480001
9.460000
9.420000
9.620000
9.500001
9.460000
9.580001
9.480000
9.480001
9.620000
9.520000
9.399999
9.459998
9.480000
9.640001
9.539999
9.579999
9.360000
9.480000
9.520000
9.360000
9.560000
9.500001
9.380002
9.640001
9.520000
9.940000
9.620000
9.720001
9.459998
9.660002
9.500001
9.579999
9.340001
9.380000
9.579999
9.460000
9.520000
9.520002
9.359999
9.459998
9.520000
9.600000
9.579999
9.640001
9.560000
9.460000
9.620000
9.400001
9.380000
9.499999
9.480000
9.579999
9.380000
9.480000
9.439999
9.540001
9.320000
9.380000
9.420000
9.420000
9.299999
9.420000
9.339999
9.359999
9.339999
9.380002
9.420000
9.400001
9.360000
9.500001
9.400001
9.520000
9.520000
9.460000
9.500001
9.400001
9.319998
9.500001
9.480000
9.420000
9.320000
9.560000
9.539999
9.520000
9.460000
9.420000
9.560000
9.620000
9.380000
9.620000
9.500001
9.320000
9.500001
9.520000
9.520000
9.380000
9.599999
9.460000
9.380000
9.540001
9.520000
9.339999
9.460000
9.500001
9.380000
9.380000
9.460000
9.360000
9.399999
9.339999
9.700000
9.500001
9.620000
9.600000
9.339999
9.579999
9.540001
9.520000
9.420000
9.600000
9.360000
9.520000
9.500001
9.380000
9.520000
9.500001
9.440001
9.520000
9.640001
9.480000
9.539999
9.720000
9.540001
9.620000
9.480000
9.559998
9.579999
9.439999
9.380000
9.660000
9.539999
9.740001
9.339999
9.460000
9.539999
9.539999
9.360000
9.700000
9.300001
9.579999
9.320000
9.480000
9.480001
9.539999
9.380000
9.480000
9.579999
9.480000
9.399999
9.500001
9.340001
9.560000
9.460000
9.480000
9.440001
9.380000
9.480001
9.520000
9.460000
9.439999
9.520000
9.560000
9.439999
9.560000
9.400001
9.540001
9.560000
9.439999
9.439999
9.500001
9.360000
9.520000
9.360000
9.499999
9.459998
9.580001
9.460000
9.539999
9.460000
9.480001
9.280000
9.540001
9.380000
9.560000
9.320000
9.579999
9.320000
9.560000
9.560000
9.480000
9.400001
9.240000
9.500001
9.460000
9.399999
9.360000
9.439999
9.420000
9.539999
9.420000
9.459998
9.420000
9.560000
9.620000
9.540001
9.600000
9.360000
9.360000
9.459998
9.480000
9.499999
9.460000
9.439999
9.500001
9.539999
9.400001
9.499999
9.480000
9.520000
9.460000
9.340001
9.499999
9.520000
9.500001
9.380000
9.380000
9.399999
9.480001
9.760000
9.679999
9.720000
9.400001
9.560000
9.500001
9.439999
9.359999
9.359999
9.699998
9.520000
9.499999
9.540001
9.499999
9.299999
9.520000
9.299999
9.420000
9.520000
9.500001
9.579999
9.460000
9.359999
9.339999
9.460000
9.480000
9.439999
9.400001
9.420000
9.560000
9.680001
9.460000
9.560000
9.420000
9.580001
9.420000
9.540001
9.420000
9.560000
9.480000
9.380000
9.679999
9.380000
9.499999
9.460000
9.579999
9.380000
9.579999
9.339999
9.420000
9.439999
9.579999
9.380000
9.520002
9.459998
9.380000
9.400001
9.600000
9.700000
9.380000
9.420000
9.520000
9.540001
9.460000
9.600000
9.500001
9.539999
9.560000
9.380000
9.579999
9.480000
9.540001
9.620000
9.599999
9.360000
9.339999
9.339999
9.380000
9.500001
9.520000
9.460000
9.520000
9.580001
9.399999
9.460000
9.460000
9.420000
9.579999
9.539999
9.560000
9.320000
9.320000
9.339999
9.520000
9.320000
9.400001
9.440001
9.320000
9.380000
9.300001
9.540001
9.440001
9.320000
9.240000
9.420000
9.499999
9.320000
9.460000
9.420000
9.520000
9.500001
9.420000
9.380000
9.520002
9.399999
9.480000
9.380002
9.440001
9.420000
9.440001
9.459998
9.539999
9.360000
9.539999
9.539999
9.540001
9.459998
9.439999
10.059999
9.440001
9.420000
9.540001
9.320000
9.639999
9.339999
9.579999
9.480000
9.660000
9.640001
9.520000
9.339999
9.580001
9.480000
9.559998
9.700000
9.679999
9.620000
9.460000
9.500001
9.560000
9.399999
9.520000
9.560000
9.579999
9.540001
9.640001
9.560000
9.640001
9.360000
9.480000
9.480001
9.380000
9.480001
9.560000
9.339999
9.420000
9.540001
9.420000
9.420000
9.500001
9.480000
9.600000
9.440001
9.539999
9.480000
9.500001
9.420000
9.599999
9.460000
9.480001
9.480000
9.660000
9.339999
9.420000
9.560000
9.439999
9.520000
9.439999
9.339999
9.480000
9.320000
9.460000
9.439999
9.420000
9.480000
9.700000
9.420000
9.599999
9.360000
9.559998
9.440001
9.439999
9.520000
9.579999
9.360000
9.500001
9.520000
9.680001
9.380000
9.340001
9.560000
9.439999
9.420000
9.480001
9.580001
9.500001
9.360000
9.600000
9.600000
9.460000
9.500001
9.439999
9.360000
9.439999
9.520000
9.540001
9.520000
9.559998
9.400001
9.480000
9.320000
9.380000
9.380000
9.520000
9.500001
9.600000
9.500001
9.440001
9.459998
9.520000
9.500001
9.540001
9.420000
9.520000
9.399999
9.600000
9.520000
9.400001
9.560000
9.360000
9.440001
9.540001
9.500001
9.480000
9.400001
9.480001
10.020001
9.439999
9.520000
9.320000
9.840000
9.499999
9.420000
9.439999
9.380002
9.580001
9.600000
9.499999
9.520000
9.520000
9.559998
9.439999
9.560000
9.360000
9.420000
9.540001
9.440001
9.480000
9.600000
9.360000
9.380000
9.460000
9.540001
9.560000
10.000000
9.540001
9.439999
9.420000
9.459998
9.520000
9.580001
9.580001
9.500001
9.499999
9.420000
9.380000
9.400001
9.600000
9.380002
9.560000
9.499999
9.580001
9.439999
9.579999
9.440001
9.460000
9.520000
9.439999
9.320000
9.539999
9.420000
9.600000
15.860001
9.600000
9.359999
9.600000
9.400001
9.560000
9.380000
9.579999
9.600000
9.420000
9.360000
9.439999
9.340001
9.499999
9.480001
9.400001
9.380000
9.539999
9.400001
9.420000
9.339999
9.539999
9.520000
9.420000
9.539999
9.600000
9.459998
9.579999
9.459998
9.399999
9.339999
9.539999
9.420000
9.599999
9.459998
9.439999
9.579999
9.560000
9.320000
9.480001
9.520000
9.480000
9.460000
9.499999
9.520000
9.420000
9.439999
9.360000
9.380000
9.440001
9.460000
9.440001
9.380000
9.340001
9.360000
9.460000
9.439999
9.500001
9.460000
9.320000
9.540001
9.560000
9.360000
9.420000
9.600000
9.380000
9.499999
9.499999
9.480000
9.460000
9.500001
9.520000
10.040000
9.560000
9.460000
9.460000
9.339999
9.579999
9.800000
9.700000
9.380000
9.400001
9.440001
9.439999
9.440001
9.500001
9.579999
9.720000
9.520000
9.540001
9.460000
9.840000
9.660000
9.420000
9.539999
9.579999
9.460000
9.600000
9.299999
9.480000
9.660000
9.579999
9.499999
9.760000
9.460000
9.420000
9.580001
9.460000
9.540001
9.600000
9.339999
9.620000
9.520000
9.400001
9.460000
9.360000
9.539999
9.499999
9.440001
9.420000
9.459998
9.460000
9.599999
9.540001
9.439999
9.579999
9.620000
9.500001
9.439999
9.500001
9.400001
9.560000
9.480001
9.460000
9.539999
9.359999
9.480001
9.440001
9.520000
9.480000
9.560000
9.420000
9.420000
9.520000
9.439999
9.579999
9.380000
9.439999
9.440001
9.400001
9.560000
9.620002
9.339999
9.439999
9.539999
9.339999
9.580001
9.360000
9.339999
9.520000
9.500001
9.520000
9.560000
9.500001
9.420000
9.560000
9.339999
9.560000
9.520000
9.579999
9.380000
9.399999
9.460000
9.339999
9.420000
9.359999
9.500001
9.579999
9.500001
9.360000
9.559998
9.400001
9.460000
9.539999
9.520000
9.580001
9.579999
9.559998
9.459998
9.480001
9.539999
9.480000
9.539999
9.380000
9.560000
9.459998
9.439999
9.400001
9.480000
9.399999
10.380000
9.660000
9.520002
9.520000
9.520000
9.560000
9.520000
9.660000
9.420000
9.580001
9.580001
9.539999
9.819999
9.640001
9.520000
9.420000
9.460000
9.560000
9.520000
9.600000
9.500001
9.460000
9.520000
9.559998
9.560000
9.539999
9.720000
9.539999
9.499999
9.420000
9.420000
9.580001
9.420000
9.339999
9.460000
9.499999
9.360000
9.400001
9.439999
9.460000
9.440001
9.439999
9.480001
9.340001
9.359999
9.520000
9.359999
9.520002
9.520002
9.579999
9.399999
9.520000
9.420000
9.480000
9.359999
9.560000
9.480001
9.520000
9.480000
9.339999
9.460000
9.520000
9.560000
9.439999
9.440001
9.360000
9.380000
9.360000
9.480001
9.620002
9.460000
9.420000
9.560000
9.360000
9.520000
9.520000
9.460000
9.560000
9.560000
9.600000
9.560000
9.500001
9.360000
9.579999
9.420000
9.400001
9.499999
9.460000
9.520000
9.400001
9.560000
9.539999
9.360000
9.380002
9.500001
9.560000
9.499999
9.480001
9.440001
9.380000
9.480000
9.580001
9.380000
9.520000
9.299999
9.620000
9.439999
9.480000
9.360000
9.380000
9.360000
9.600000
9.439999
9.520000
9.480000
9.299999
9.299999
16.840000
9.420000
9.380002
9.360000
9.439999
9.300001
9.319998
9.599999
9.439999
9.339999
9.580001
10.220001
9.399999
9.520000
9.500001
9.420000
9.560000
9.640001
9.579999
9.439999
9.499999
9.380000
9.660000
9.380000
9.560000
9.400001
9.499999
9.360000
9.339999
9.660000
9.500001
9.520000
9.480001
9.620000
9.399999
9.439999
9.599999
9.480000
9.440001
9.399999
9.460000
9.499999
9.480000
9.360000
9.579999
9.420000
9.539999
9.460000
9.380000
9.440001
9.360000
9.700000
9.380000
9.480000
9.600000
9.440001
9.600000
9.500001
9.860002
9.660000
9.360000
