242.600001
258.700000
261.480000
255.140001
252.739999
255.700001
250.939999
249.440001
251.080001
249.539999
247.020001
248.900000
249.680001
249.180000
249.460001
250.760000
249.880001
248.219999
248.679999
250.259999
248.840000
249.000000
249.040000
248.339999
249.000000
248.220000
248.280000
247.980000
246.780001
245.680001
246.800000
244.759999
252.680000
248.819999
250.640001
250.380000
249.559999
251.399999
251.880001
246.820001
249.900000
264.700001
247.740000
250.140000
252.220001
249.460001
249.740001
247.420000
246.520000
249.040000
247.719999
262.019999
245.380001
248.920001
246.159999
246.919999
248.000000
248.560000
247.099999
247.920001
248.259999
264.500001
247.479999
246.460000
247.380000
247.560000
248.380000
248.780001
244.999999
247.360000
244.279999
265.880000
243.880000
248.340001
247.140000
250.420000
249.140000
245.880000
246.360000
246.619999
247.520000
262.980001
247.120000
248.620000
245.080000
248.600001
247.560000
248.280000
248.199999
247.439999
249.420000
247.420000
248.080000
247.400001
245.039999
245.759999
247.959999
246.600000
247.000000
249.259999
244.600000
246.859999
249.660000
247.800000
244.780000
249.320000
247.739999
245.800002
248.040000
245.339999
246.140001
248.140000
248.499999
246.500000
248.380000
250.180000
250.240000
249.019999
246.620001
247.800000
247.640001
243.200000
249.240000
246.980000
244.840000
247.679999
245.020000
247.420000
248.960000
251.200000
248.360001
249.900000
250.260001
248.720000
248.979999
247.639999
251.100000
247.879999
247.500001
248.799998
245.800000
250.900000
251.399999
247.540001
246.080000
248.839999
248.620000
247.560000
245.159999
250.040000
249.560000
265.480001
246.239999
249.280000
248.700000
248.380002
246.900002
244.700000
246.539999
250.160001
249.900000
261.360001
250.860000
248.560000
245.020000
248.620000
248.000000
248.760000
251.799999
247.420002
246.719999
264.800001
248.100000
246.959999
245.959999
247.180000
248.780001
247.560000
247.819999
244.820001
244.619999
261.500001
246.420002
247.300001
249.720000
249.919999
248.060001
251.499999
246.420000
249.720000
248.640001
267.419999
245.880000
245.940000
245.540000
247.180000
246.059999
244.820001
246.360000
252.120001
250.960000
266.840000
251.780000
247.720001
246.859999
246.820001
247.159999
247.800000
248.960001
248.660000
244.480001
266.220000
247.660000
249.640001
248.439999
250.040000
249.400001
248.779999
248.720000
246.560000
246.320000
260.340000
248.060001
246.980000
246.220000
245.720001
244.580001
247.680001
248.140000
246.920001
246.780001
265.559999
248.940000
245.519999
248.140000
246.779999
249.939999
245.880000
245.900001
244.700002
245.420001
247.320000
248.860000
243.660001
246.099999
246.099999
244.540000
248.480001
246.940000
247.580001
243.600000
249.900000
248.200001
245.220000
246.379999
247.720001
246.139999
245.400000
244.100001
249.580000
245.900000
248.040000
246.520000
246.099999
245.540000
249.120001
248.399999
246.120000
246.260000
247.380001
247.300001
245.220000
245.920001
248.860000
246.580001
247.640001
245.619999
245.380001
265.240001
247.040000
248.359999
244.000001
253.039999
248.480000
246.660000
248.359999
247.880001
247.020001
260.980001
247.740000
246.100001
247.260001
247.339999
246.340001
247.600000
248.779999
247.599998
246.760001
265.440000
247.700000
247.239999
249.520000
250.440000
246.520001
248.260001
247.719999
248.700000
248.380000
247.439999
247.360000
251.160000
245.840000
246.220000
250.680000
247.860000
246.719999
248.640001
246.140001
249.259999
250.019999
249.420000
244.640000
247.800000
248.460000
246.139999
246.700000
247.320000
248.880001
262.880001
246.760000
247.320000
247.560000
249.000000
249.400001
244.660001
249.380000
250.980001
247.940000
246.139999
247.420000
245.840000
246.780001
248.260001
249.279998
247.080000
249.420000
244.540000
247.860000
248.000000
250.160001
247.380000
246.340001
248.480000
249.439999
248.560000
248.140000
248.680001
247.959999
246.100001
249.560000
244.740000
247.099999
246.420000
250.620000
246.040000
248.400001
249.940000
249.180000
248.599999
253.219999
249.620000
249.940000
249.740001
251.460001
247.300001
247.200001
248.620000
247.020001
246.080000
246.619999
249.639999
245.240001
247.579999
247.380000
251.399999
248.960001
248.579999
247.640001
250.939999
247.259999
245.660000
249.639999
247.620000
246.600000
244.840000
244.620001
244.940002
244.440001
243.600000
248.100001
245.819999
245.840000
246.499998
249.360001
245.800002
246.379999
244.240001
247.220000
247.579999
245.120000
249.679999
243.740000
248.620002
247.739999
246.700000
246.600000
247.299999
245.039999
264.840001
248.220000
243.479999
245.180000
246.700000
245.280001
247.400001
248.520000
248.800000
242.799999
261.399999
247.180000
246.560000
244.179999
247.700000
247.579999
248.299999
245.999999
246.959999
244.120000
257.200001
244.840000
245.919999
247.500001
245.740000
246.980000
246.379999
248.740001
247.860000
245.120000
260.620000
250.240000
250.739999
250.880001
250.279998
247.220000
246.800002
247.000000
249.380000
248.140000
262.340000
243.380001
246.660000
243.480001
247.239999
246.080002
246.800000
246.199999
246.120000
248.579999
261.960000
249.919999
248.860000
246.800000
248.760000
250.620000
246.800000
249.159999
248.799998
250.259999
262.960000
246.719999
248.780001
252.079999
254.500000
253.960000
251.240000
251.040000
250.300001
249.000000
262.120001
248.980001
247.860000
248.060001
248.559998
248.380000
247.679999
247.900000
251.080001
246.840000
263.620000
248.160001
249.420000
244.040001
246.560000
249.539999
248.760000
248.059999
249.680001
249.240000
263.480000
248.319998
248.059999
248.040000
250.879999
251.960000
249.620002
250.340000
251.900000
248.399999
249.919999
248.540001
249.499999
248.660000
248.100000
247.200001
247.919999
249.100000
247.540001
248.180000
247.920001
249.760000
246.500000
248.740001
248.019999
241.100000
237.360001
255.280001
256.640000
254.719999
252.720000
254.160000
249.880001
249.120001
249.659998
249.140000
250.500001
249.340000
244.400000
249.060001
248.259999
250.520000
246.099999
248.419998
248.819999
246.819999
246.360000
246.780001
250.139998
247.860000
250.660000
247.120000
249.620000
246.719999
247.239999
245.160000
247.680001
244.999999
248.380002
245.380001
247.500001
251.100000
244.700000
244.579999
245.280001
246.320000
248.560000
247.180000
245.819999
247.420000
247.560000
249.260001
247.059999
244.479999
247.819999
248.460000
246.320000
245.600000
247.239999
247.819999
245.859999
247.120000
249.800000
243.740000
248.180000
250.960000
246.040000
246.299999
247.520000
247.920001
264.140001
247.980000
247.900002
247.460000
246.800000
247.700000
246.819999
248.540001
248.000000
250.920000
260.540001
249.100000
245.619999
245.540000
246.780001
249.580000
246.520000
248.200001
247.579999
246.500000
263.380000
250.680000
249.040000
246.820001
245.300001
246.780001
247.479999
247.680001
249.620002
248.580001
259.160001
246.539999
245.800000
245.920001
249.499999
246.619999
249.240002
246.700000
247.920001
248.960000
261.920001
252.400000
249.320000
247.620000
249.700001
249.760000
248.880001
250.419999
248.280000
249.019999
262.740001
251.620000
249.040000
249.599999
247.180000
246.880000
251.879999
249.340000
250.920000
249.320000
267.140001
247.739999
248.140000
249.480000
248.119999
247.120000
249.260001
251.820000
246.780001
248.640001
266.179999
247.320000
248.460000
249.500001
249.760000
249.580001
248.440001
248.520000
249.200001
249.900000
264.660001
247.020001
249.199999
249.600001
248.700000
249.320000
250.660000
249.039998
247.180000
249.860002
259.640001
248.760000
247.199999
249.879999
249.000000
246.920001
251.279999
248.679999
250.740001
247.520000
267.519999
249.760000
248.920001
247.620001
250.200002
247.339999
246.139999
247.800000
246.540001
249.320000
262.580000
247.040002
246.360000
250.320001
248.920001
250.359999
246.940000
246.460000
247.259999
244.760001
266.200000
248.560000
247.260001
250.860000
247.879999
250.880001
242.160000
247.399999
251.600001
250.560001
261.940001
252.100000
250.399999
246.740000
249.460001
248.220000
246.959999
248.299999
250.200000
247.959999
265.060000
247.100001
249.519998
246.499998
250.119999
248.520000
249.060001
246.800000
247.560000
244.780000
259.879999
251.220001
246.460000
249.780001
248.299999
247.480001
245.360000
246.919999
246.719999
246.760000
264.160000
246.199999
248.540001
246.520000
245.099999
248.380000
249.100002
247.360000
247.180000
250.539999
258.879999
247.739999
249.679999
246.619999
246.540001
251.240000
246.860001
249.200001
246.640000
247.020001
264.640000
246.000001
246.500000
246.360000
247.740000
246.020000
248.219999
246.540001
249.660000
247.760000
261.400001
244.619999
247.779999
246.679999
245.479999
247.900000
248.040000
251.360001
249.460001
248.640001
265.240001
248.679999
251.219999
246.660000
247.980000
248.919999
245.800000
248.639999
246.980000
249.340000
261.420000
245.420000
250.119999
252.340000
247.860000
249.520000
249.720002
247.400001
248.339999
247.639999
265.859999
249.320000
249.480000
249.220001
248.240001
249.680001
246.980000
247.339999
249.199999
246.320002
261.620000
246.900000
249.780001
247.860000
246.800000
250.820000
244.660001
247.239999
250.800001
246.360000
266.640000
248.620000
249.940000
245.920001
249.359999
244.740000
247.600000
249.159999
248.439999
247.159999
261.080001
249.180000
244.320000
248.119999
247.420000
248.579999
249.660000
248.439999
249.280000
248.840000
263.939999
246.139999
248.880001
247.000000
247.579999
248.140000
247.680001
248.920001
248.100000
245.180000
262.240000
245.600000
247.779999
245.639998
244.540000
249.840001
245.120000
245.500000
250.040000
246.740000
264.920000
248.560000
246.579999
248.539999
248.159999
247.919999
249.740001
248.720000
246.940000
247.600000
264.520001
247.420000
246.740000
247.460000
248.280000
249.539999
248.260001
249.419998
250.200000
247.660000
266.160000
249.260001
251.140000
249.299999
249.080000
251.920000
247.660000
246.520000
249.219999
247.420000
259.780001
246.800000
247.660002
246.220000
249.280000
246.159999
245.440001
247.680001
247.280000
249.080000
263.200000
248.120001
249.340000
247.720001
245.339999
249.160001
249.199999
245.900000
249.739999
249.700001
262.079999
247.340001
246.280000
250.040000
244.280001
249.439999
245.820001
247.440001
248.120001
246.680001
263.859998
249.940000
246.280000
246.280000
246.900000
246.679999
246.660000
247.900000
246.239999
247.800000
243.859999
246.580001
249.439999
246.720001
248.460000
245.940000
244.840000
244.540000
246.120000
246.500000
249.340000
249.860000
245.800000
248.880001
246.880000
246.740000
246.940000
246.779999
247.679999
246.640000
246.479999
249.520000
247.739999
245.359998
247.520000
246.780001
246.199999
248.020001
246.280000
246.140001
244.279999
246.680001
247.299999
249.180000
248.839999
254.200000
250.900000
252.000000
248.980001
248.219999
248.439999
247.499999
249.940000
246.960001
248.800000
247.500001
249.380000
252.120001
248.520000
248.900000
251.060000
247.860000
