2.454000
2.443000
2.454000
2.445000
2.438000
2.454000
2.448000
2.438000
2.438000
2.443000
2.443000
2.441000
2.455000
2.443000
2.454000
2.454000
2.438000
2.443000
2.456000
2.469000
2.454000
2.462000
2.442000
2.441000
2.453000
2.468000
2.450000
2.441000
2.454000
2.454000
2.438000
2.441000
2.442000
2.455000
2.438000
2.468000
2.441000
2.443000
2.441000
2.441000
2.454000
2.443000
2.441000
2.454000
2.454000
2.438000
2.454000
2.450000
2.448000
2.438000
2.452000
2.441000
2.454000
2.438000
2.455000
2.443000
2.441000
2.445000
2.443000
2.438000
2.441000
2.452000
2.454000
2.440000
2.441000
2.455000
2.455000
2.441000
2.454000
2.474000
2.443000
2.441000
2.454000
2.438000
2.438000
2.454000
2.452000
2.455000
2.447000
2.450000
2.454000
2.454000
2.443000
2.445000
2.454000
2.456000
2.454000
2.453000
2.438000
2.454000
2.451000
2.438000
2.443000
2.474000
2.442000
2.452000
2.452000
2.462000
2.455000
2.455000
2.441000
2.452000
2.455000
2.443000
2.454000
2.454000
2.453000
2.451000
2.441000
2.454000
2.453000
2.438000
2.443000
2.454000
2.446000
2.454000
2.454000
2.450000
2.442000
2.445000
2.442000
2.454000
2.454000
2.454000
2.443000
2.441000
2.441000
2.449000
2.460000
2.450000
2.454000
2.452000
2.454000
2.455000
2.441000
2.452000
2.440000
2.454000
2.454000
2.441000
2.440000
2.438000
2.454000
2.441000
2.441000
2.438000
2.452000
2.454000
2.441000
2.442000
2.445000
2.441000
2.443000
2.445000
2.455000
2.441000
2.454000
2.452000
2.454000
2.454000
2.441000
2.537000
2.442000
2.438000
2.454000
2.443000
2.454000
2.454000
2.441000
2.443000
2.454000
2.441000
2.453000
2.454000
2.438000
2.454000
2.454000
2.453000
2.455000
2.443000
2.454000
2.455000
2.452000
2.454000
2.443000
2.474000
2.450000
2.450000
2.455000
2.452000
2.454000
2.440000
2.454000
2.441000
2.454000
2.441000
2.454000
2.446000
2.438000
2.454000
2.454000
2.438000
2.441000
2.438000
2.441000
2.438000
2.441000
2.454000
2.441000
2.454000
2.438000
2.452000
2.454000
2.450000
2.441000
2.441000
2.455000
2.440000
2.445000
2.454000
2.455000
2.445000
2.442000
2.455000
2.452000
2.454000
2.441000
2.438000
2.451000
2.455000
2.441000
2.454000
2.441000
2.466000
2.454000
2.442000
2.441000
2.454000
2.452000
2.454000
2.441000
2.438000
2.441000
2.454000
2.441000
2.454000
2.438000
2.454000
2.443000
2.451000
2.450000
2.441000
2.454000
2.454000
2.445000
2.438000
2.442000
2.438000
2.454000
2.443000
2.441000
2.452000
2.454000
2.443000
2.454000
2.450000
2.441000
2.441000
2.454000
2.454000
2.454000
2.449000
2.453000
2.454000
2.441000
2.441000
2.454000
2.438000
2.438000
2.454000
2.454000
2.440000
2.438000
2.441000
2.452000
2.454000
2.440000
2.441000
2.452000
2.443000
2.454000
2.454000
2.443000
2.438000
2.455000
2.438000
2.454000
2.441000
2.441000
2.455000
2.449000
2.452000
2.441000
2.452000
2.438000
2.452000
2.446000
2.438000
2.446000
2.441000
2.441000
2.450000
2.446000
2.447000
2.441000
2.450000
2.469000
2.453000
2.438000
2.438000
2.454000
2.438000
2.446000
2.441000
2.452000
2.455000
2.454000
2.450000
2.438000
2.454000
2.454000
2.438000
2.454000
2.443000
2.441000
2.445000
2.438000
2.441000
2.442000
2.441000
2.454000
2.441000
2.453000
2.438000
2.438000
2.441000
2.453000
2.438000
2.454000
2.443000
2.454000
2.443000
2.454000
2.443000
2.441000
2.454000
2.454000
2.454000
2.454000
2.441000
2.452000
2.456000
2.449000
2.474000
2.454000
2.457000
2.447000
2.454000
2.450000
2.441000
2.450000
2.449000
2.438000
2.441000
2.451000
2.441000
2.454000
2.438000
2.452000
2.454000
2.441000
2.453000
2.452000
2.441000
2.453000
2.438000
2.438000
2.441000
2.451000
2.442000
2.443000
2.455000
2.450000
2.455000
2.443000
2.454000
2.452000
2.454000
2.450000
2.446000
2.452000
2.445000
2.452000
2.452000
2.440000
2.448000
2.453000
2.441000
2.443000
2.452000
2.452000
2.438000
2.438000
2.453000
2.442000
2.469000
2.442000
2.457000
2.456000
2.454000
2.454000
2.438000
2.443000
2.454000
2.441000
2.466000
2.466000
2.449000
2.453000
2.454000
2.475000
2.446000
2.454000
2.443000
2.450000
2.452000
2.454000
2.442000
2.454000
2.455000
2.438000
2.442000
2.441000
2.450000
2.454000
2.454000
2.454000
2.446000
2.452000
2.441000
2.452000
2.438000
2.441000
2.454000
2.454000
2.453000
2.438000
2.443000
2.438000
2.441000
2.452000
2.448000
2.443000
2.454000
2.454000
2.449000
2.438000
2.442000
2.441000
2.455000
2.455000
2.450000
2.454000
2.442000
2.453000
2.455000
2.455000
2.454000
2.441000
2.453000
2.454000
2.455000
2.438000
2.454000
2.438000
2.449000
2.452000
2.438000
2.445000
2.454000
2.454000
2.441000
2.441000
2.446000
2.454000
2.454000
2.441000
2.450000
2.438000
2.443000
2.454000
2.452000
2.441000
2.438000
2.451000
2.442000
2.447000
2.438000
2.454000
2.453000
2.447000
2.438000
2.443000
2.453000
2.442000
2.438000
2.438000
2.454000
2.441000
2.455000
2.438000
2.441000
2.445000
2.454000
2.453000
2.443000
2.454000
2.452000
2.441000
2.438000
2.454000
2.443000
2.454000
2.454000
2.438000
2.453000
2.442000
2.454000
2.454000
2.455000
2.440000
2.452000
2.445000
2.454000
2.441000
2.443000
2.455000
2.550000
2.453000
2.454000
2.452000
2.453000
2.452000
2.454000
2.440000
2.454000
2.452000
2.438000
2.443000
2.453000
2.440000
2.454000
2.450000
2.449000
2.438000
2.440000
2.455000
2.452000
2.445000
2.454000
2.438000
2.452000
2.441000
2.450000
2.438000
2.454000
2.441000
2.450000
2.454000
2.441000
2.454000
2.438000
2.441000
2.449000
2.443000
2.453000
2.441000
2.450000
2.438000
2.443000
2.454000
2.452000
2.438000
2.442000
2.438000
2.443000
2.454000
2.451000
2.441000
2.452000
2.438000
2.438000
2.454000
2.455000
2.441000
2.438000
2.440000
2.454000
2.442000
2.454000
2.440000
2.454000
2.438000
2.438000
2.455000
2.438000
2.454000
2.441000
2.452000
2.454000
2.454000
2.446000
2.452000
2.441000
2.441000
2.441000
2.455000
2.452000
2.446000
2.452000
2.454000
2.440000
2.438000
2.454000
2.455000
2.438000
2.441000
2.441000
2.454000
2.454000
2.454000
2.454000
2.454000
2.452000
2.441000
2.454000
2.454000
2.443000
2.441000
2.454000
2.455000
2.445000
2.443000
2.441000
2.447000
2.441000
2.441000
2.449000
2.452000
2.455000
2.452000
2.441000
2.443000
2.447000
2.455000
2.441000
2.441000
2.454000
2.438000
2.455000
2.450000
2.441000
2.454000
2.442000
2.454000
2.450000
2.438000
2.438000
2.438000
2.455000
2.441000
2.443000
2.440000
2.438000
2.441000
2.441000
2.441000
2.454000
2.438000
2.454000
2.454000
2.454000
2.452000
2.454000
2.440000
2.441000
2.438000
2.438000
2.438000
2.454000
2.454000
2.455000
2.452000
2.454000
2.453000
2.441000
2.441000
2.438000
2.438000
2.441000
2.454000
2.438000
2.441000
2.454000
2.438000
2.441000
2.443000
2.454000
2.455000
2.438000
2.454000
2.438000
2.452000
2.443000
2.454000
2.441000
2.443000
2.438000
2.438000
2.452000
2.445000
2.452000
2.454000
2.455000
2.450000
2.441000
2.454000
2.441000
2.441000
2.438000
2.452000
2.454000
2.443000
2.441000
2.438000
2.438000
2.441000
2.438000
2.441000
2.454000
2.454000
2.454000
2.455000
2.441000
2.443000
2.441000
2.442000
2.455000
2.455000
2.447000
2.438000
2.445000
2.438000
2.454000
2.452000
2.455000
2.452000
2.441000
2.456000
2.455000
2.454000
2.441000
2.452000
2.438000
2.440000
2.454000
2.452000
2.438000
2.450000
2.454000
2.441000
2.454000
2.443000
2.453000
2.454000
2.452000
2.454000
2.452000
2.455000
2.438000
2.469000
2.454000
2.452000
2.454000
2.468000
2.454000
2.452000
2.454000
2.438000
2.441000
2.441000
2.438000
2.455000
2.454000
2.441000
2.452000
2.438000
2.454000
2.454000
2.453000
2.454000
2.454000
2.452000
2.441000
2.452000
2.441000
2.438000
2.438000
2.441000
2.454000
2.455000
2.438000
2.455000
2.441000
2.452000
2.454000
2.438000
2.454000
2.474000
2.439000
2.438000
2.441000
2.447000
2.441000
2.443000
2.454000
2.449000
2.441000
2.440000
2.438000
2.452000
2.441000
2.454000
2.448000
2.455000
2.438000
2.469000
2.438000
2.442000
2.454000
2.443000
2.454000
2.450000
2.441000
2.438000
2.443000
2.441000
2.442000
2.441000
2.440000
2.438000
2.442000
2.442000
2.452000
2.441000
2.443000
2.454000
2.442000
2.446000
2.438000
2.441000
2.441000
2.443000
2.455000
2.454000
2.454000
2.452000
2.470000
2.441000
2.441000
2.441000
2.449000
2.441000
2.474000
2.438000
2.441000
2.441000
2.454000
2.443000
2.449000
2.441000
2.454000
2.455000
2.442000
2.441000
2.438000
2.438000
2.454000
2.452000
2.438000
2.440000
2.441000
2.450000
2.441000
2.454000
2.440000
2.441000
2.441000
2.438000
2.455000
2.454000
2.441000
2.454000
2.438000
2.443000
2.441000
2.438000
2.446000
2.454000
2.455000
2.454000
2.439000
2.438000
2.441000
2.441000
2.454000
2.454000
2.438000
2.454000
2.441000
2.438000
2.438000
2.438000
2.452000
2.454000
2.440000
2.454000
2.443000
2.441000
2.454000
2.454000
2.452000
2.441000
2.455000
2.454000
2.441000
2.454000
2.454000
2.438000
2.441000
2.442000
2.438000
2.455000
2.438000
2.438000
2.454000
2.445000
2.454000
2.441000
2.438000
2.455000
2.454000
2.445000
2.438000
2.452000
2.454000
2.438000
2.438000
2.438000
2.441000
2.452000
2.441000
2.443000
2.455000
2.454000
2.454000
2.452000
2.438000
2.441000
2.454000
2.443000
2.441000
2.443000
2.454000
2.442000
2.438000
2.440000
2.438000
2.442000
2.441000
2.454000
2.441000
2.438000
2.454000
2.452000
2.441000
2.441000
2.441000
2.441000
2.441000
