240.536000
240.692000
240.363000
240.456000
240.664000
240.685000
240.386000
240.640000
240.387000
240.227000
240.333000
240.690000
240.326000
240.065999
240.879000
240.479000
240.804000
240.614001
240.308001
240.520000
240.486000
240.422999
240.621001
240.346000
240.885001
240.307000
240.262000
240.865000
240.362000
240.351999
240.521000
240.745000
240.820999
240.413000
240.532001
240.496000
240.926000
240.696000
240.308000
240.483000
240.456000
240.684000
240.508000
240.452000
240.728999
240.414000
240.286000
240.608000
240.428001
240.263000
240.573999
240.636000
240.455000
240.799000
240.220999
240.362000
240.294000
240.630000
240.526000
240.710000
240.259000
240.565000
240.518000
240.367999
240.480000
240.683001
240.437000
240.112000
246.846000
240.338000
240.541000
240.226000
240.139000
240.150999
240.249000
240.079000
240.206000
240.386000
240.448001
240.191000
240.644000
240.266000
240.776001
240.661000
240.585000
240.381001
240.538000
240.618000
240.495000
240.262000
240.168000
240.232000
239.895000
240.288000
240.443000
240.470001
246.060000
240.513000
240.765000
240.453999
240.292000
240.596999
240.476000
240.391000
240.189999
240.500000
240.480000
240.452000
240.664001
240.673000
240.236000
240.507000
240.381000
240.533000
240.116000
240.695000
240.451001
240.413000
240.436000
240.112999
240.265001
240.726001
240.279000
240.609000
240.819000
240.545000
240.280000
240.169000
240.470000
240.270000
240.263000
240.133001
240.653000
240.074000
240.487000
240.531000
240.541001
240.439001
240.409000
240.281000
240.471000
240.557000
240.477000
240.560999
240.193999
240.359999
240.314000
240.226001
240.654999
240.347000
240.410000
240.409000
240.881000
240.366000
240.508000
240.349000
241.796000
240.275000
240.644000
240.587000
240.335000
246.447000
240.503999
240.592000
240.733000
240.482001
240.415000
240.515000
240.455001
240.228000
240.471001
240.742000
240.193000
240.347999
240.695000
240.332001
240.519000
240.752000
240.483000
240.542000
240.807001
240.532000
240.794000
240.293999
240.637000
240.810000
240.720000
240.112000
240.368000
247.646000
240.585000
240.059000
240.079000
240.536000
240.560000
240.674000
240.688000
240.108000
240.404000
240.137001
240.395000
241.295001
240.655000
240.327000
240.569000
240.923000
240.684000
240.703000
240.804000
240.688000
240.645000
240.538999
240.717000
240.546999
240.449999
240.549000
240.554000
241.160000
240.670000
240.258000
240.320001
240.631000
240.471000
240.287000
240.520000
239.762000
240.791000
240.544000
240.467000
240.483000
240.210000
240.405000
240.528000
240.470001
240.217000
247.380001
240.454000
240.128000
240.756000
240.352000
240.208000
240.618000
240.681000
240.486000
246.689999
240.168001
240.619000
240.632000
240.650000
240.834000
240.505000
239.514000
240.699000
240.449000
240.539000
240.564000
240.228999
240.580999
240.301001
240.487999
240.094000
240.367000
240.240000
240.576999
240.565000
240.308000
240.548000
240.695001
240.635999
240.270000
240.054000
240.471000
240.664000
240.793000
240.769000
239.804000
240.513001
240.306000
240.394000
240.237000
240.559000
239.654999
240.478000
240.263000
240.712000
240.275000
240.446000
240.312000
240.470001
240.013001
246.348000
240.622000
240.696000
240.347000
240.373001
240.290000
240.205000
240.636000
239.669000
240.489000
240.538000
240.556000
240.458000
240.386001
240.212000
240.280000
240.348999
240.633000
240.651000
240.879000
240.318000
240.573000
240.398000
240.158000
240.507999
240.585000
240.542000
240.275000
240.582000
240.520000
240.250001
240.305999
240.675000
240.315001
240.345000
240.450000
240.258999
240.471000
240.624000
240.419000
240.362000
240.412001
240.545000
240.481000
240.227000
240.554000
240.656000
240.578000
240.143000
240.627000
240.641000
240.290000
240.557000
240.487000
240.659000
246.098001
240.386000
240.737000
240.246000
240.471000
240.669000
240.232000
240.682000
240.604000
240.364000
240.974001
240.329999
240.717000
240.278000
240.334000
240.237000
240.390000
240.437999
246.261001
240.497001
240.604000
240.440000
240.444000
240.460000
240.263000
240.292001
240.636000
240.407000
240.727000
240.433000
240.603000
240.850000
240.478000
240.273000
240.709000
240.453999
240.446000
240.954001
240.133001
240.534000
240.583000
240.607000
240.460000
240.588000
240.346000
240.106000
247.692000
240.226000
240.204000
240.657000
240.671000
240.526999
240.581000
240.415000
240.120000
240.569000
240.572000
240.172000
240.458000
240.732000
240.313000
240.613000
240.686000
240.483000
248.557000
240.670000
240.370000
240.399000
240.713000
240.391999
240.433999
240.692000
240.328000
246.408001
240.723000
240.553000
240.391999
240.266000
240.333000
240.457000
240.233000
240.632000
240.491000
240.346001
240.464000
240.446000
240.619000
240.478001
240.320000
240.234000
240.648001
240.561000
240.578000
239.866000
240.567000
240.544000
240.037000
240.594000
240.937999
240.440000
240.695001
240.556001
240.278000
240.458000
240.197999
240.347000
240.460000
240.503999
240.237000
240.598001
240.258000
240.415000
240.535000
240.595999
240.483001
240.395000
240.417000
240.770000
240.559000
248.661000
240.567000
240.599000
239.713999
240.224000
240.266999
240.562000
240.350000
240.414000
240.471000
240.641001
240.863000
240.742000
240.290000
240.940000
240.787000
240.469000
240.167000
240.858000
240.796001
240.814000
240.467000
240.460000
240.425000
240.642000
240.441999
240.420000
240.594000
240.485000
240.584000
240.273000
240.654000
240.644000
240.255999
240.527000
240.709000
240.090000
240.336000
240.295000
240.517000
240.553000
240.728000
240.502000
240.665000
239.933000
240.429999
246.433000
240.440999
240.265000
240.333000
240.250000
240.094000
240.726000
240.235999
240.651000
248.137999
240.412000
240.298000
240.397000
240.935001
240.200000
240.293000
240.609000
240.462000
240.393001
240.332000
240.041000
240.773001
240.317999
240.212000
240.773000
240.683001
240.881001
246.137000
240.606001
240.563000
240.644000
240.664000
240.761000
240.277001
240.571001
240.168000
240.234000
240.784001
240.539000
240.471000
240.445999
240.106001
240.248000
240.342000
240.205000
240.044000
240.393000
240.262999
240.440000
240.608000
240.281000
240.471000
240.609000
240.588000
240.248000
240.642000
240.681000
240.425000
240.129000
240.203000
240.398999
240.407000
240.582000
240.648000
240.420000
240.468999
239.585999
240.508000
240.414000
240.201000
240.714000
240.405000
240.339000
240.726000
240.706000
240.393000
240.504000
240.380000
240.521000
240.768000
240.289000
240.528000
240.441000
240.939001
240.502000
240.436000
240.386999
240.389001
240.597000
240.300001
240.066000
240.688000
240.177000
240.177999
240.220000
240.294999
240.642000
240.781000
240.453000
246.484000
240.632000
240.271000
240.405000
240.217000
240.480000
240.267000
240.325000
240.300001
240.460000
240.478000
240.809000
240.359000
240.314000
240.688000
240.491000
240.598001
240.524000
240.393001
240.440001
240.486001
240.303000
240.390000
240.835000
240.424001
240.253000
240.578000
240.121000
246.522000
240.463000
240.192001
240.387000
240.609000
240.530000
239.871000
240.634999
240.514000
240.545000
240.300001
239.926000
240.768000
240.619999
240.379000
240.436000
240.267000
240.726000
240.512000
240.335000
240.544000
240.489000
240.132000
240.418000
240.781000
240.658000
240.163000
240.496000
246.771000
240.530000
240.565000
240.576000
240.284001
240.521001
240.597000
240.594001
240.565000
240.844999
240.520000
240.180000
240.240999
240.598000
240.450000
240.530000
240.679000
240.261000
246.215001
240.304000
240.453999
240.584000
240.631999
240.306000
240.447001
240.642000
240.479000
240.716000
240.468000
240.399000
239.894000
240.470000
240.208999
240.590000
240.493000
240.545000
240.278000
240.932000
240.666000
240.522000
239.574000
240.563000
240.391000
240.467000
239.990000
240.522000
247.396000
240.491000
240.577000
240.584999
240.517001
240.386000
240.234000
240.334000
240.750000
240.306000
240.435000
240.396000
240.124000
240.695000
240.661000
240.538000
240.285000
240.709000
240.707000
240.458000
240.458000
240.440000
240.443001
240.307000
240.358000
240.675000
240.266999
240.647000
240.228000
240.598000
240.739000
240.475000
240.711000
240.492000
240.773000
240.867000
240.422999
240.251000
240.424001
240.481000
240.251999
240.340000
240.591001
240.693000
240.528000
246.849000
240.414000
240.588000
240.531000
240.740000
240.265000
240.666000
240.522000
240.263000
246.516000
240.343000
240.493000
240.369000
239.763000
240.536001
240.371000
240.479000
240.905000
240.344000
240.209000
240.578000
240.174000
240.631000
240.331000
240.700000
240.490000
240.327000
240.403000
240.501000
240.189000
240.844000
240.524000
239.786000
240.558000
240.203001
240.872000
240.147999
240.759000
240.604000
240.484000
240.365000
240.448000
240.494999
240.631999
240.288000
240.209999
240.830000
241.119000
240.650000
240.330000
240.657000
240.430000
240.447000
240.586000
240.388000
240.557000
240.187000
240.152000
240.525000
240.971000
240.483000
240.056000
240.546999
240.593000
247.489000
240.154999
240.309000
240.505000
240.509001
240.398000
240.510000
240.495000
240.169999
240.503000
240.581000
240.346000
240.484999
240.541000
240.508000
240.179000
240.557000
240.125000
247.234000
240.741000
240.513000
240.433000
240.444000
240.378000
240.437000
240.553000
240.534999
240.900001
240.649000
240.285001
240.417000
240.629001
240.400000
240.503999
240.530000
240.071001
240.451000
240.605000
240.317000
240.718000
240.542000
240.381000
240.265000
240.941000
240.712000
240.254001
246.654000
240.553000
240.717000
240.647000
240.578000
240.346001
240.292000
240.568000
240.703000
240.266000
240.553000
240.290000
240.527000
240.457000
240.499000
240.375000
240.196001
240.944000
247.492000
240.513001
240.458000
240.483999
239.477000
240.502000
240.757000
240.247000
240.254000
240.326000
240.153000
240.299000
240.389000
240.571001
240.325999
240.282999
240.337000
240.267000
240.537000
240.605000
240.350000
240.366001
240.232000
240.368000
240.304000
240.427000
240.662000
240.321000
240.785000
240.636000
240.507000
240.339000
240.361000
240.564001
240.540000
240.619000
240.622000
240.300000
240.624000
240.250000
240.602000
240.184000
240.683001
240.363000
240.410000
240.553000
240.720000
240.297000
240.660001
240.297000
240.278000
240.743000
240.426000
240.574000
247.213000
240.529999
240.371000
240.532001
240.595000
241.134000
240.826000
240.441000
240.084000
240.399000
240.171000
240.571000
239.780000
240.487000
240.451000
240.617000
240.473000
240.540001
240.491000
240.670000
240.321000
240.302000
240.638000
240.561000
240.552000
240.791000
241.176000
240.803001
240.455000
240.188000
240.439001
240.306000
240.601000
240.291000
240.478000
240.531000
240.199000
240.530000
240.201999
240.288001
240.375000
240.640000
240.251000
240.270999
240.292001
241.183001
246.458000
240.580000
240.019999
240.473000
240.334000
240.248000
240.450000
240.480999
240.809999
241.233000
240.372000
240.224000
240.493000
240.507000
240.442000
240.584999
