1205.457000
1205.129001
1206.427999
1205.026999
1205.180001
1205.745000
1204.972999
1205.957001
1205.806999
1205.195999
1212.108999
1205.497000
1205.612000
1206.153000
1204.514001
1206.094999
1205.793999
1205.523999
1204.821000
1204.614000
1204.861000
1205.185000
1206.904000
1212.640999
1206.070000
1207.039000
1207.024001
1210.345998
1206.174001
1206.234999
1205.556000
1214.257000
1205.755001
1205.678999
1206.813000
1211.137000
1205.410000
1204.774000
1205.901001
1212.998001
1204.750001
1205.551000
1205.984000
1213.364001
1206.898000
1204.481000
1205.085000
1215.460999
1204.635000
1205.285000
1205.943000
1204.922000
1205.969000
1205.515999
1205.512000
1204.810001
1205.524001
1206.281001
1205.604000
1205.871001
1203.911999
1205.411000
1203.875000
1205.699999
1204.169000
1206.475001
1205.225000
1204.446999
1205.077000
1206.952000
1204.538999
1205.265999
1206.003999
1204.784000
1204.286000
1205.784000
1204.848999
1206.321001
1204.945000
1206.172999
1205.414999
1206.688000
1204.319000
1205.738999
1205.915000
1206.023000
1205.142001
1207.031999
1205.251001
1206.690999
1206.912000
1206.026999
1211.193001
1205.278000
1205.759000
1205.123000
1213.090001
1206.073999
1205.928000
1205.637999
1210.546000
1205.337001
1205.608999
1204.707999
1212.622000
1205.380999
1205.643000
1205.924999
1212.900002
1204.810999
1206.276001
1205.239998
1213.856000
1204.762001
1204.882000
1205.157999
1204.972001
1206.736000
1206.195999
1206.010999
1205.305001
1205.482000
1205.347000
1205.197999
1204.322999
1205.126999
1206.189999
1205.894999
1206.336001
1205.821000
1207.367001
1206.162000
1204.714000
1204.963000
1205.688000
1205.303000
1205.349000
1204.565000
1206.428001
1204.976000
1207.198000
1205.394000
1205.216000
1205.321001
1205.512000
1205.521001
1205.854999
1206.258001
1205.242999
1204.838000
1205.012999
1205.492999
1205.081999
1205.948999
1204.946000
1205.304001
1205.484001
1212.661000
1205.492999
1205.174999
1206.445999
1211.557999
1204.729000
1205.614999
1204.521999
1205.103999
1205.041001
1205.069000
1205.742002
1206.169998
1213.691000
1204.768000
1207.265001
1206.251999
1209.600000
1204.781000
1205.404000
1206.909999
1213.537000
1206.709001
1205.470001
1205.188001
1204.667000
1205.460999
1206.960000
1206.037000
1205.309000
1214.126000
1206.044000
1205.621000
1204.265999
1210.938999
1205.079000
1206.120001
1205.180001
1211.997001
1204.930000
1204.934001
1204.786001
1211.593000
1206.621999
1206.081999
1205.094000
1213.040000
1204.582000
1206.106000
1203.766000
1211.726001
1205.008000
1205.251999
1206.067000
1205.160001
1205.031000
1206.046000
1205.194000
1204.770001
1205.644000
1205.179999
1205.087001
1206.440000
1204.072000
1205.247002
1206.417000
1205.368999
1204.970999
1205.453999
1205.912000
1204.880999
1206.403000
1205.806999
1205.250999
1204.190001
1206.195999
1205.861000
1204.917999
1205.249000
1205.203999
1207.789000
1205.255000
1204.830000
1206.772000
1204.973001
1204.630999
1205.288000
1205.340000
1205.804000
1204.336999
1204.580000
1210.408000
1206.189999
1204.758001
1205.432002
1211.953999
1205.432000
1206.255000
1205.107000
1211.955000
1206.254000
1205.908000
1205.994001
1212.282000
1205.468001
1208.350999
1205.094000
1213.020001
1205.203999
1205.981001
1205.970999
1213.585000
1206.275001
1204.236001
1204.445001
1212.231999
1205.004999
1206.083000
1205.744000
1205.556000
1206.603002
1206.579000
1204.232000
1203.896999
1204.986000
1206.527999
1204.510000
1205.045000
1206.681000
1205.716999
1205.313999
1206.243999
1205.775000
1205.240000
1205.073999
1205.915000
1204.937000
1205.331001
1205.672000
1206.475999
1205.601001
1204.740999
1205.327000
1205.009000
1205.023000
1205.812002
1204.901000
1205.019999
1205.280000
1205.386000
1204.676000
1206.200000
1205.070000
1204.452001
1206.215000
1205.636000
1211.141000
1203.566002
1205.683000
1205.831999
1203.077000
1205.220999
1205.651000
1204.331001
1206.871001
1205.988001
1205.486000
1204.957001
1207.613001
1205.399999
1204.244999
1207.640000
1205.537001
1211.416001
1204.459000
1205.996001
1205.901999
1213.803999
1206.176000
1206.209000
1204.425000
1205.701999
1204.750000
1207.347000
1206.664000
1205.362000
1211.302999
1206.487000
1204.785999
1208.886001
1209.814001
1205.929000
1206.188001
1204.018001
1206.559001
1205.710001
1205.629999
1205.332000
1207.455000
1205.398001
1203.923000
1205.892999
1205.518998
1210.486999
1204.818001
1205.944002
1206.289999
1211.855000
1204.737000
1206.527000
1206.131000
1215.470001
1205.947001
1205.730001
1204.109000
1211.995000
1205.548001
1205.068002
1206.103999
1211.745000
1206.418000
1203.972001
1204.817999
1212.385999
1205.081001
1204.737999
1205.898000
1205.195999
1205.008000
1204.948001
1204.836000
1205.438001
1204.456000
1205.192000
1204.977000
1205.866000
1205.320001
1206.684999
1205.405001
1205.047000
1205.382999
1205.086999
1204.980999
1206.208000
1205.074999
1205.514999
1205.397001
1205.313999
1204.576001
1205.035001
1205.964001
1204.011999
1206.101999
1205.372000
1204.554001
1204.739999
1207.359001
1206.107000
1204.902999
1206.914000
1203.918001
1204.624001
1205.098001
1206.061998
1204.781000
1204.227999
1204.839000
1205.943000
1213.603999
1205.086000
1206.187000
1206.073001
1210.672000
1206.583999
1205.835002
1204.085002
1211.665999
1206.160000
1205.272000
1205.254000
1212.926000
1206.330001
1206.062000
1205.085000
1212.900000
1206.178000
1205.363000
1205.261000
1204.992000
1204.487002
1206.742000
1204.660000
1205.029000
1205.406001
1206.278000
1205.674000
1205.950001
1204.769000
1206.249001
1204.547999
1205.149999
1204.552999
1206.045000
1205.201000
1205.545001
1206.774000
1204.789000
1204.165000
1205.323000
1211.578000
1203.923998
1206.450000
1205.476001
1209.159000
1207.140001
1205.273001
1204.939000
1211.541999
1206.231000
1206.673000
1205.339001
1205.359001
1204.862000
1204.599001
1205.106001
1205.574000
1211.565001
1204.944000
1207.044000
1204.134000
1211.446000
1205.071000
1206.758002
1204.162000
1205.953000
1206.048999
1205.207001
1205.130000
1205.602001
1205.522999
1204.311999
1206.476001
1204.591000
1212.474000
1205.582999
1206.434000
1205.532001
1212.396000
1206.160000
1205.840999
1205.748999
1205.016000
1204.210000
1205.968000
1205.658000
1205.735002
1211.825000
1206.172001
1205.642000
1205.652000
1205.518000
1204.724001
1205.938000
1207.031000
1204.181001
1211.469000
1205.917001
1205.356000
1205.149999
1205.394000
1204.550000
1204.350999
1205.688000
1205.971001
1212.022999
1204.345999
1205.492999
1205.571000
1212.532999
1205.937000
1205.455000
1205.014000
1212.779000
1204.725001
1205.492001
1206.575001
1210.742000
1206.480000
1205.816001
1204.538999
1211.775001
1204.665000
1206.527000
1205.939000
1212.257000
1204.467999
1205.727000
1205.427000
1213.584000
1206.775000
1205.891000
1204.360999
1206.144001
1206.685999
1204.869000
1205.554999
1206.857000
1203.995001
1205.551999
1205.442999
1205.026001
1204.647001
1206.882000
1206.373001
1205.081001
1209.864000
1205.708999
1205.362001
1204.438999
1206.325000
1205.161002
1204.562999
1204.480000
1204.632001
1204.435999
1205.525000
1205.016999
1206.009001
1212.038999
1204.362001
1205.097999
1204.980001
1211.144999
1204.319000
1205.558999
1205.469999
1211.719999
1205.938000
1205.017000
1205.363000
1210.193001
1205.057001
1206.368001
1205.215000
1211.093999
1205.863001
1205.617001
1205.662999
1210.800001
1205.351999
1204.998000
1206.378000
1212.697001
1205.399001
1206.099000
1205.375999
1205.540000
1204.072000
1204.992000
1205.787001
1205.216000
1204.964001
1205.393000
1206.261000
1206.127001
1205.854999
1205.107000
1204.771001
1205.241999
1205.323001
1205.773002
1203.838000
1205.419000
1205.950001
1205.321001
1205.554999
1205.562001
1204.496000
1206.163000
1206.749000
1205.551000
1205.393001
1206.520000
1205.514001
1207.698999
1206.252001
1203.671001
1204.305001
1204.979999
1206.319001
1206.002001
1206.243999
1205.697000
1213.695999
1206.502000
1210.851001
1205.716999
1212.904001
1206.654999
1204.681000
1205.697998
1213.138999
1205.745000
1205.561999
1208.139000
1213.115001
1205.977000
1213.087000
1206.758000
1206.895001
1210.848000
1208.672000
1208.893999
1208.512999
1216.395000
1207.108000
1210.331000
1210.214000
1222.730001
1211.042000
1209.431000
1205.343001
1215.769000
1204.542000
1211.878000
1205.474999
1218.995001
1207.500001
1204.970999
1206.107000
1205.537001
1206.204999
1205.041999
1205.204999
1205.216000
1205.661001
1204.765001
1204.800000
1205.093000
1205.528000
1205.498999
1204.562001
1205.988001
1205.437999
1205.016000
1204.999000
1205.129001
1205.510000
1205.008999
1204.692001
1204.687001
1205.463000
1204.570999
1206.006002
1205.877999
1205.144001
1205.452001
1205.635998
1205.691000
1204.477999
1206.155000
1205.401000
1205.441000
1214.306001
1205.548000
1205.250999
1205.182999
1214.467000
1204.314999
1204.228001
1204.663999
1212.117000
1205.821000
1205.120001
1205.333000
1211.270001
1204.390001
1205.026001
1206.009999
1211.862002
1206.148000
1205.328001
1205.678999
1213.822000
1204.875000
1206.558999
1205.859000
1204.152999
1206.678001
1205.788000
1204.595000
1206.023000
1205.646999
1205.391001
1205.691000
1206.329001
1206.458000
1205.009000
1204.529000
1205.007000
1205.485001
1204.417000
1204.954000
1204.698000
1204.770001
1204.263000
1205.824999
1205.631999
1205.392001
1205.968000
1205.946000
1206.273999
1213.603999
1206.245000
1205.325000
1205.761001
1209.532000
1206.003999
1207.604000
1205.531001
1213.621000
1204.601999
1205.902999
1205.268001
1209.760001
1205.419000
1204.265000
1204.927001
1213.332999
1205.059001
1204.528000
1207.070999
1204.924000
1205.002001
1205.229999
1205.752000
1205.009999
1205.384001
1205.878001
1205.258001
1205.837999
1205.877999
1205.362000
1205.736000
1205.099000
1205.519000
1204.441000
1204.629000
1206.323000
1204.522001
1205.166999
1205.567999
1204.106001
1204.520000
1205.796000
1206.014000
1205.409000
1204.907000
1205.635998
1206.262000
1204.696000
1206.150001
1205.600001
1205.323000
1205.818001
1206.217000
1205.637999
1206.544999
1206.476999
1211.232001
1205.955001
1204.759000
1205.302000
1210.751999
1205.956999
1205.863999
1204.887999
1211.983999
1205.544000
1205.819000
1205.676999
1205.132000
1203.860000
1206.943000
1205.912001
1204.316000
1206.344001
1206.163999
1206.148000
1206.457000
1204.150001
1205.550000
1205.823999
1207.371000
1204.816001
1207.637999
1206.106000
1205.809999
1206.354000
1206.093000
1205.443999
1206.281001
1213.544000
1205.745000
1205.352999
1205.639999
1211.206999
1205.061000
1205.875000
1205.800001
1213.315001
1204.142999
1206.134999
1205.074999
1210.205000
1205.526000
1206.334000
1205.858000
1209.125001
1206.510000
1206.025999
1206.270000
1205.117000
1205.284001
1205.767000
1204.802001
1205.523999
1209.435001
1206.217999
1206.372000
1205.613000
1211.826999
1205.548001
1204.609001
1205.050001
1210.232001
1205.227001
1206.378000
1205.533000
1204.558000
1204.818999
1205.770001
1204.495000
1204.978000
1213.744000
1205.426000
1205.335999
1205.079000
1210.812999
1204.807000
1207.123000
1205.499999
1204.493999
1205.064001
1205.759000
1205.335001
1206.212999
1213.149000
1204.600999
1205.990000
1205.138000
1210.841000
1205.706000
1206.301000
1204.785999
1211.058000
1204.096001
1207.079001
1205.364000
1212.455001
1206.240000
1213.399000
1205.957999
1204.367999
1205.921000
1205.563001
1205.980999
1202.981999
1204.368001
1206.888000
1204.576001
1205.294998
1206.714999
1205.341000
1203.950001
1205.242999
1205.565000
1205.238001
1206.134999
1205.273999
1205.500999
1206.529001
1205.044001
1205.276001
1205.698000
1205.368999
1205.980999
1207.514001
1204.699999
1204.763999
1205.266001
1204.440001
1205.002001
1205.149999
1205.337001
1205.920000
1211.405000
1205.442000
1205.323001
1205.537999
1212.024001
1205.437999
1204.644000
1207.232000
1210.671000
1204.399999
1205.110000
1205.854001
1212.357000
1204.355001
1207.032999
1204.931999
1212.895000
1204.333000
1206.044000
1206.520999
1205.251999
1203.295000
1205.768999
1205.661001
1204.990000
1204.864999
1206.074001
1207.789000
1205.314001
1206.050999
1206.311001
1205.832001
1204.465000
1206.075000
1205.864999
1204.922000
1205.954999
