0.335999
0.321999
0.313999
0.310000
0.321001
0.309000
0.319000
0.311000
0.319000
0.311000
0.318000
0.310000
0.319000
0.310000
0.319999
0.310000
0.319000
0.310000
0.318998
0.310000
0.319000
0.311000
0.333000
0.311000
0.319000
0.310000
0.319000
0.310000
0.319000
0.310000
0.318000
0.311000
0.319000
0.310000
0.319000
0.311000
0.319000
0.311000
0.320001
0.311000
0.319000
0.310000
0.334000
0.310000
0.346001
0.309000
0.318000
0.312001
0.326000
0.314999
0.324000
0.313999
0.321001
0.311000
0.339001
0.313999
0.324000
0.316000
0.324000
0.313999
0.319000
0.312999
0.320999
0.310000
0.324000
0.310000
0.338001
0.310000
0.325000
0.312999
0.319000
0.309000
0.324000
0.312001
0.319000
0.325000
0.320001
0.312001
0.321001
0.310000
0.324000
0.312001
0.319000
0.310000
0.324000
0.313999
0.324000
0.309000
0.319999
0.312001
0.322999
0.313999
0.324000
0.309000
0.319000
0.314999
0.318998
0.311000
0.319000
0.309000
0.318998
0.309000
0.320001
0.310000
0.319000
0.310000
0.319000
0.310000
0.319999
0.310000
0.320001
0.309000
0.319000
0.311999
0.320001
0.311000
0.319000
0.310000
0.319999
0.309002
0.319999
0.310000
0.319999
0.311000
0.319000
0.309000
0.319000
0.309000
0.319000
0.310000
0.319000
0.311000
0.320001
0.309000
0.320001
0.309000
0.319000
0.310000
0.318998
0.310000
0.319000
0.310000
0.319000
0.310000
0.318000
0.310000
0.327999
0.310000
0.562001
0.316000
0.321001
0.316001
0.319000
0.317000
0.321001
0.310000
0.321001
0.318000
0.319000
0.317000
0.323001
0.312001
0.321001
0.317000
0.319000
0.318000
0.322999
0.327999
0.322001
0.316000
0.318000
0.317002
0.320001
0.310998
0.321001
0.317002
0.319000
0.318000
0.322001
0.311000
0.320001
0.317000
0.319000
0.317000
0.320999
0.310000
0.320999
0.317000
0.318000
0.334000
0.321999
0.326000
0.325000
0.317000
0.319000
0.315001
0.322001
0.319000
0.321001
0.317000
0.319000
0.334000
0.321999
0.310000
0.320999
0.319000
0.320001
0.317000
0.321001
0.312001
0.321001
0.315001
0.319000
0.317000
0.325000
0.310000
0.321001
0.316000
0.319000
0.313001
0.321001
0.312001
0.320999
0.317000
0.318998
0.316001
0.320999
0.310000
0.320999
0.318000
0.319000
0.317000
0.324000
0.311000
0.337001
0.314999
0.319000
0.319000
0.321001
0.310000
0.322001
0.314001
0.319000
0.317000
0.322001
0.312001
0.320001
0.314001
0.345001
0.317000
0.321999
0.310000
0.320999
0.318998
0.318000
0.313999
0.324002
0.310000
0.321999
0.313999
0.334000
0.315001
0.322001
0.309000
0.321001
0.313001
0.322999
0.317000
0.324000
0.312001
0.322001
0.317000
0.319000
0.317000
0.322001
0.310000
0.321999
0.314999
0.321001
0.317000
0.320001
0.312001
0.322001
0.313001
0.318998
0.314001
0.322001
0.309002
0.320999
0.316001
0.318000
0.313999
0.322001
0.311000
0.321999
0.317000
0.319000
0.312999
0.321999
0.310000
0.329999
0.317000
0.319000
0.317000
0.321999
0.310000
0.338001
0.316000
0.318000
0.314001
0.320999
0.309000
0.322999
0.313999
0.320999
0.314001
0.322001
0.312001
0.321999
0.312999
0.333000
0.317000
0.324000
0.310000
0.322001
0.317000
0.320001
0.317000
0.319999
0.310998
0.321001
0.318000
0.318000
0.318000
0.321999
0.310000
0.322999
0.316000
0.319000
0.317000
0.321001
0.312001
0.320999
0.316000
0.319000
0.317000
0.321001
0.310000
0.320999
0.314999
0.318998
0.319999
0.321001
0.312001
0.321001
0.313999
0.320001
0.314001
0.320001
0.309002
0.321999
0.313001
0.319000
0.313999
0.320999
0.311999
0.336001
0.317000
0.319000
0.321001
0.322999
0.310000
0.322999
0.335000
0.319999
0.317000
0.320999
0.311000
0.321999
0.318000
0.318998
0.317000
0.321001
0.330999
0.321999
0.317002
0.319000
0.317000
0.321999
0.311000
0.319999
0.317000
0.319999
0.317000
0.322001
0.310000
0.320999
0.318000
0.319000
0.317000
0.322001
0.327000
0.330999
0.317000
0.319000
0.318998
0.321001
0.310000
0.321001
0.317000
0.320001
0.317000
0.320999
0.311000
0.324000
0.317000
0.319000
0.313001
0.320999
0.310000
0.320001
0.317998
0.320001
0.317000
0.319999
0.312001
0.322001
0.317000
0.319000
0.318000
0.321999
0.309000
0.323001
0.316001
0.320001
0.317000
0.322001
0.312001
0.321999
0.316000
0.320001
0.316001
0.336999
0.310000
0.321001
0.318000
0.321001
0.317000
0.322001
0.312001
0.321999
0.317000
0.318000
0.324002
0.321001
0.309000
0.321001
0.316000
0.320001
0.317000
0.322001
0.311000
0.319999
0.317002
0.319000
0.317000
0.321999
0.309000
0.321999
0.318000
0.319000
0.317000
0.321001
0.310000
0.321999
0.313999
0.320001
0.314001
0.322001
0.309000
0.322001
0.313999
0.319000
0.317000
0.327000
0.312001
0.322999
0.314001
0.319000
0.313999
0.321001
0.309000
0.321999
0.314001
0.319000
0.317000
0.321999
0.310000
0.320999
0.317000
0.319000
0.319000
0.321999
0.310000
0.328001
0.316001
0.320001
0.320001
0.321001
0.312001
0.326000
0.317000
0.318998
0.317002
0.321001
0.309000
0.322999
0.318000
0.319000
0.317000
0.320999
0.312001
0.321001
0.317000
0.320001
0.318000
0.320001
0.312001
0.321999
0.316000
0.319000
0.317000
0.321001
0.312001
0.320999
0.317000
0.319000
0.317000
0.320999
0.310000
0.322001
0.318000
0.319000
0.317002
0.320999
0.311000
0.320999
0.318000
0.319000
0.317000
0.322001
0.310000
0.320001
0.316000
0.319999
0.320999
0.330001
0.311999
0.322999
0.317000
0.319000
0.317002
0.321001
0.311000
0.320999
0.317000
0.319000
0.317000
0.321001
0.311000
0.321999
0.317000
0.321999
0.318000
0.321999
0.310000
0.322001
0.318998
0.319000
0.317000
0.321001
0.312001
0.322001
0.317000
0.320001
0.317000
0.320001
0.310000
0.321001
0.317998
0.320001
0.317000
0.320999
0.310000
0.321999
0.317000
0.319000
0.318000
0.321001
0.310000
0.323001
0.317000
0.319999
0.314001
0.320999
0.312001
0.325000
0.325000
0.318998
0.318000
0.320999
0.315001
0.321999
0.322999
0.318000
0.313001
0.320001
0.310000
0.321001
0.318000
0.319000
0.318000
0.321999
0.311000
0.320999
0.317000
0.318998
0.317000
0.320001
0.316000
0.321001
0.319000
0.318000
0.314001
0.321001
0.310000
0.321001
0.322001
0.319000
0.316000
0.320999
0.312999
0.321999
0.316000
0.318000
0.314999
0.321001
0.312001
0.321999
0.321001
0.319000
0.345001
0.320999
0.312001
0.321999
0.318000
0.318000
0.317000
0.330999
0.310000
0.320999
0.318000
0.320001
0.317000
0.320999
0.312001
0.321999
0.317000
0.318000
0.318000
0.320999
0.311000
0.321999
0.316000
0.319000
0.317000
0.321999
0.311999
0.320001
0.317000
0.319000
0.317000
0.319999
0.311000
0.319999
0.319000
0.320001
0.316001
0.321001
0.312001
0.319999
0.317000
0.319000
0.318000
0.322001
0.311000
0.320999
0.316001
0.320001
0.318000
0.322001
0.312001
0.321999
0.316000
0.317998
0.316000
0.322001
0.310000
0.320001
0.324000
0.320001
0.318000
0.320999
0.314999
0.321999
0.317000
0.318000
0.318000
0.320999
0.311000
0.321999
0.313001
0.320001
0.313001
0.325000
0.311999
0.320999
0.313999
0.318998
0.321001
0.320999
0.310000
0.321999
0.318000
0.319000
0.320999
0.321999
0.313001
0.323001
0.318998
0.319000
0.320001
0.321001
0.314001
0.321999
0.316001
0.319000
0.317000
0.321999
0.331001
0.321999
0.319000
0.324000
0.316001
0.321001
0.311000
0.322001
0.321999
0.319000
0.320999
0.343001
0.311000
0.324000
0.317000
0.320001
0.318000
0.321001
0.311000
0.320999
0.316000
0.320001
0.316000
0.321999
0.312001
0.320999
0.317000
0.318000
0.316001
0.321001
0.310000
0.320999
0.317998
0.318000
0.317000
0.320999
0.311000
0.321999
0.316000
0.319000
0.318000
0.321001
0.310000
0.323001
0.316000
0.320001
0.317000
0.322001
0.311000
0.321001
0.317000
0.319000
0.316000
0.320999
0.311000
0.323001
0.318000
0.319999
0.317000
0.320999
0.311000
0.379002
0.316000
0.327000
0.314001
0.319999
0.310000
0.320999
0.312001
0.320001
0.310998
0.321999
0.311999
0.318000
0.310000
0.319000
0.312001
0.319999
0.316001
0.319000
0.314001
0.319000
0.311999
0.320001
0.313999
0.319000
0.315001
0.318998
0.312999
0.320001
0.310998
0.319000
0.310998
0.320001
0.311000
0.318998
0.310000
0.319000
0.311000
0.318998
0.312001
0.320001
0.312001
0.318000
0.312999
0.319000
0.311000
0.319000
0.312001
0.318998
0.312001
0.319999
0.311000
0.319000
0.313999
0.319000
0.311999
0.334000
0.310000
0.320001
0.311000
0.319999
0.309000
0.319000
0.313999
0.318998
0.311000
0.320001
0.310000
0.334000
0.310998
0.321999
0.312001
0.319000
0.309000
0.320001
0.310000
0.320001
0.311000
0.318000
0.311999
0.318000
0.310000
0.319000
0.311000
0.319999
0.311000
0.322999
0.312999
0.319000
0.310000
0.319999
0.311000
0.318998
0.310000
0.317998
0.312001
0.319000
0.311000
0.320001
0.311000
0.320001
0.311000
0.320001
0.313001
0.328001
0.310000
0.334999
0.312001
0.321001
0.311000
0.319000
0.312001
0.319000
0.311000
0.319000
0.310000
0.319000
0.312999
0.319000
0.312001
0.319999
0.310000
0.321001
0.310000
0.319000
0.310000
0.319000
0.312001
0.320001
0.311000
0.319000
0.310000
0.320001
0.310998
0.320001
0.311999
0.319000
0.309000
0.320001
0.310000
0.319000
0.311000
0.320001
0.312001
0.319000
0.309000
0.320001
0.311000
0.319000
0.309002
0.320001
0.312001
0.318000
0.309000
0.319000
0.315001
0.320001
0.310000
0.319000
0.325998
0.320001
0.310000
0.320001
0.312001
0.319000
0.326000
0.319999
0.311000
0.319000
0.310000
0.318000
0.310000
0.319000
0.309000
0.318000
0.312999
0.319000
0.309000
0.319000
0.310000
0.318000
0.310000
0.319000
0.312001
0.335000
0.309000
0.319000
0.310000
0.320001
0.309000
