1079.399999
1068.480000
1060.699999
1060.420001
1050.540000
1042.980000
1047.480000
1057.720000
1047.160001
1040.200001
1063.479999
1040.420000
1044.580001
1059.620000
1077.700000
1089.660000
1160.340000
1425.080001
1061.820000
1058.640001
1379.799999
1158.180000
1230.380001
1208.980000
1076.220000
1042.280000
1045.779999
1052.360000
1028.880000
1014.480000
1045.299999
1023.060000
1322.260000
1137.820000
1411.800001
1047.580000
1285.980001
1065.320000
1436.379999
1050.860001
1304.019999
1055.459999
1348.020000
1041.680001
1255.740000
1041.340001
1234.920001
1097.560000
1207.060000
1056.540001
1035.780000
1030.740000
1065.120000
1035.740001
1047.620000
1055.240000
1049.680000
1034.419999
1051.860001
1034.240000
1070.380000
1038.540000
1048.799999
1051.619999
1051.460002
1034.839999
1073.840000
1035.860000
1049.960000
1052.020000
1046.080001
1038.559999
1058.259999
1038.500000
1031.840000
1036.440000
1048.540000
1062.300000
1048.079999
1038.179999
1063.080000
1037.319999
1048.039999
1068.240000
1047.280001
1044.439999
1085.080000
1034.400001
1044.760000
1072.799999
1049.379999
1036.200000
1042.420000
1040.020000
1027.880000
1038.000001
1032.840000
1068.839999
1038.899999
1047.100000
1058.240000
1051.320000
1038.000001
1066.040000
1034.860000
1044.340000
1062.660001
1048.380001
1037.340000
1069.620000
1066.700000
1081.939999
1036.340000
1046.920000
1050.200000
1031.639999
1039.280001
1062.080000
1040.640000
1044.580001
1056.299999
1047.720000
1036.680000
1072.959999
1038.260000
1046.300000
1074.860001
1046.100000
1037.319999
1046.920000
1038.460001
1164.160000
1143.780001
1149.020001
1130.540000
1050.520001
1036.759999
1030.760001
1057.620000
1035.380000
1032.599999
1039.480001
1040.260000
1059.340000
1051.980000
1038.900001
1086.120000
1040.099999
1061.659999
1057.960000
1063.480001
1034.500001
1071.419999
1041.380001
1057.739999
1059.039999
1059.200000
1039.440000
1057.360001
1038.120000
1053.619999
1041.719999
1048.060000
1066.480000
1034.939999
1040.240001
1054.159999
1042.480001
1033.779999
1056.760000
1039.799999
1038.200000
1053.140000
1038.600000
1035.220001
1037.200000
1041.500000
1041.639999
1044.460000
1038.479999
1062.100001
1040.220000
1037.480000
1060.519999
1039.579999
1039.820001
1064.760000
1042.600000
1042.180000
1066.900000
1040.580001
1045.460001
1033.660000
1042.080000
1033.800000
1045.140000
1044.359999
1069.179999
1038.419999
1042.420000
1065.779999
1042.040000
1037.139999
1062.899999
1037.360001
1044.019999
1068.580000
1054.360000
1040.260000
1037.360001
1039.679999
1039.060000
1039.899999
1042.280000
1054.700000
1042.040000
1039.500000
1056.560000
1041.160000
1034.700001
1061.079999
1038.699999
1036.839999
1056.040000
1040.679999
1034.840001
1040.340001
1033.700000
1050.500002
1039.199999
1040.080000
1056.100002
1040.579999
1037.480000
1052.239999
1041.059999
1049.380001
1057.979999
1047.560001
1038.539998
1063.120000
1040.659999
1049.759999
1034.060000
1047.040001
1061.380001
1052.440001
1037.060000
1067.820000
1034.100000
1051.340001
1076.260000
1047.260001
1040.420000
1061.379999
1040.540000
1045.839999
1059.359999
1036.420001
1039.940000
1036.460001
1037.700001
1056.299999
1042.719999
1038.660001
1063.660001
1039.080000
1038.179999
1055.600001
1040.500000
1036.620000
1068.600001
1039.780000
1037.920000
1041.499998
1040.460000
1038.040001
1039.539998
1037.000000
1055.940000
1039.419999
1037.760001
1060.620001
1041.940000
1037.079999
1063.540000
1036.880000
1044.960000
1071.000000
1043.480000
1038.560001
1043.439999
1042.859999
1041.700000
1041.560000
1053.200001
1119.460000
1046.580000
1033.260001
1061.579999
1044.660000
1048.119999
1054.280002
1047.360001
1036.400000
1057.879999
1037.200000
1035.760000
1040.220000
1033.140000
1040.020000
1044.380000
1041.840000
1060.740001
1044.140000
1031.620000
1059.580000
1040.059999
1038.840000
1057.680001
1040.399998
1038.060000
1062.960001
1041.240001
1041.940000
1038.120000
1041.680001
1144.540001
1161.739999
1149.820000
1137.280000
1046.300000
1038.920000
1035.800001
1061.659999
1039.659999
1034.220001
1036.920002
1046.340000
1052.560000
1043.059999
1038.260000
1059.420001
1039.920000
1050.479999
1058.200000
1047.540002
1038.799999
1074.600000
1044.780001
1044.380000
1061.239999
1044.620000
1035.639999
1047.220001
1042.539999
1065.640001
1042.980000
1035.219999
1052.180002
1043.800000
1041.280000
1062.460002
1045.520000
1034.159999
1059.100000
1040.980000
1045.599999
1055.339999
1056.700001
1037.120000
1051.140001
1039.060000
1067.400001
1033.560000
1042.140000
1054.860001
1041.919999
1036.160002
1060.920000
1037.079999
1047.100000
1056.039998
1039.999999
1036.300000
1073.360000
1040.540000
1040.059999
1041.220000
1040.120000
1070.480000
1037.219999
1033.480000
1072.040001
1036.200000
1038.819999
1059.800001
1046.120001
1040.640000
1074.279999
1039.719999
1039.880000
1043.900000
1040.059999
1039.579999
1043.260001
1039.580001
1133.219998
1046.180001
1035.320001
1061.000001
1038.660001
1046.040000
1054.080000
1045.440000
1035.219999
1063.120000
1042.680001
1036.460001
1057.459999
1050.419999
1034.240000
1045.599999
1037.619999
1058.300000
1043.459998
1040.040001
1061.419999
1040.320000
1042.260000
1062.340001
1042.800000
1043.800000
1060.800001
1083.139999
1218.979999
1112.979999
1140.959999
1066.720000
1062.959999
1054.560000
1176.840000
999.480000
1316.720000
1008.520000
1212.680001
1025.500000
1216.400001
985.800000
1159.620000
1055.819999
1054.140000
1019.180000
1039.200000
1022.940001
1021.159999
1027.559999
1023.260001
1054.580001
1023.260001
1029.040001
1041.919999
1027.120000
1028.600000
1052.759999
1021.240000
1033.219999
1046.860000
1032.240000
1024.820000
1037.920000
1027.999999
1043.539999
1028.760001
1030.280000
1053.719999
1024.540000
1027.960001
1051.519999
1024.419999
1025.020001
1024.279999
1022.540001
1029.339999
1024.060000
1035.440000
1044.080000
1041.759999
1023.519998
1046.720000
1022.720000
1030.120000
1052.780000
1031.679999
1023.159999
1029.420000
1061.400000
1031.200001
1031.300001
1030.560000
1045.940001
1041.060001
1025.880000
1055.700000
1028.280001
1038.160000
1039.160000
1041.080000
1024.700001
1045.460001
1026.139999
1030.480001
1025.680000
1021.439999
1055.440001
1026.579998
1025.440000
1059.160000
1029.959999
1040.560000
1047.619998
1060.839999
1135.400001
1145.760000
1137.799999
1095.000001
1059.360001
1045.000000
1041.779999
1060.699999
1031.679999
1039.640000
1058.060000
1028.840002
1033.220001
1031.660000
1037.720000
1052.700000
1035.420001
1031.520000
1053.700000
1042.720001
1032.660000
1053.960001
1032.380000
1023.899999
1053.140000
1026.380001
1031.719999
1027.260000
1034.960000
1042.020001
1029.899999
1027.680000
1038.540000
1027.040001
1025.820000
1060.200000
1028.059999
1027.440000
1047.499999
1029.200001
1028.600000
1027.340000
1028.200001
1043.000000
1027.220001
1028.220000
1043.660000
1031.700000
1030.040001
1046.680000
1033.540001
1023.180000
1047.520000
1030.539999
1027.300000
1029.820001
1024.119999
1049.020000
1027.199998
1030.540001
1076.120000
1033.820000
1031.140000
1049.020000
1035.019999
1024.380000
1062.560000
1034.960000
1039.020000
1043.159999
1038.780000
1051.240001
1030.960001
1031.560000
1045.039998
1038.780000
1029.919999
1051.020000
1038.999999
1039.840000
1052.580001
1034.200000
1026.820000
1034.280000
1032.900000
1048.899999
1032.140000
1028.320000
1053.859999
1027.740000
1027.520001
1052.740000
1022.880001
1031.940000
1059.100000
1030.220000
1026.900001
1032.080000
1030.859999
1040.420000
1026.839999
1026.340000
1047.119999
1025.100000
1025.160000
1049.740000
1031.819999
1031.940000
1054.800000
1028.800001
1024.300000
1028.760001
1026.780000
1051.759999
1032.539999
1025.079999
1045.140000
1032.560000
1027.100001
1059.080001
1026.060000
1033.219999
1046.979999
1027.819999
1031.080000
1027.679998
1027.580000
1061.580000
1029.640000
1044.159999
1052.340001
1036.420001
1034.380000
1051.020000
1032.660000
1033.580000
1054.040000
1036.640001
1032.240000
1038.060000
1032.080000
1056.020001
1031.140000
1030.840000
1063.420000
1042.579999
1025.920002
1057.900000
1037.640000
1030.539999
1052.260000
1039.840002
1027.280001
1036.620000
1038.519999
1027.619999
1036.640001
1027.460000
1050.020000
1026.600000
1025.040001
1048.479998
1031.960001
1027.700000
1044.699999
1029.960001
1025.020000
1024.620000
1027.999999
1025.380000
1029.300001
1028.200001
1047.839999
1030.940000
1027.520001
1043.680001
1031.460000
1028.040001
1048.500000
1026.420001
1027.060000
1028.500000
1027.640000
1026.740000
1027.880000
1024.600001
1050.419999
1026.120000
1033.040000
1053.520001
1028.039999
1030.740000
1048.460001
1026.440000
1048.740000
1026.860001
1059.500000
1136.300001
1155.219998
1136.100000
1098.380001
1043.620000
1033.140000
1029.340001
1040.180000
1026.380001
1030.119998
1025.579998
1041.080000
1045.939999
1045.060001
1026.000001
1054.319998
1031.800000
1032.760000
1051.260000
1029.220000
1028.160000
1041.859999
1028.600000
1033.980001
1025.419999
1025.160000
1048.300000
1027.840000
1028.740000
1052.920001
1027.160000
1030.360000
1050.439999
1028.700000
1028.519999
1029.620001
1025.880000
1022.720000
1031.620000
1026.120000
1058.520000
1028.800000
1031.000001
1053.660000
1031.540001
1036.739999
1050.000001
1039.820001
1029.220000
1035.939999
1030.639999
1026.320001
1030.200001
1033.059999
1054.000000
1029.859999
1028.380001
1057.220001
1029.980000
1029.640000
1048.080001
1040.039999
1038.559999
1060.699999
1036.580000
1032.900000
1036.300000
1029.279999
1058.100000
1026.800001
1039.360000
1047.119999
1037.260002
1024.820000
1058.939999
1025.080001
1030.379999
1022.700001
1037.980000
1024.139998
1042.880001
1028.920000
1062.959999
1024.820000
1033.760000
1040.479999
1034.060000
1029.860001
1053.959999
1029.120000
1027.519999
1044.100000
1025.260001
1030.200001
1034.120001
1028.720001
1050.020000
1030.900002
1029.420000
1054.200001
1033.919999
1028.339999
1055.579999
1029.019998
1024.160000
1062.759999
1023.159999
1027.400000
1035.280000
1026.880000
1061.540000
1032.680001
1031.879999
1054.920001
1031.080000
1027.780000
1047.620000
1030.400001
1031.540001
1057.280000
1035.780000
1026.880002
1032.280000
1030.120000
1054.739999
1023.560001
1030.640000
1050.179999
1035.420001
1041.900001
1054.300001
1037.660001
1037.780000
1062.840000
1032.200001
1041.320000
1025.739999
1035.600001
1051.120000
1031.280000
1030.500000
1053.180000
1028.580001
1033.879999
1056.800000
1036.920000
1032.920001
1063.320000
1027.360000
1029.120000
1031.739999
1031.700000
1051.940000
1031.579999
1030.080000
1046.380000
1030.040001
1026.939999
1051.999999
1029.860001
1028.440000
1059.820000
1025.820000
1025.100000
1029.740000
1023.920000
1038.640000
1025.839999
1030.160001
1042.280000
1029.600000
1026.760001
1043.040000
1035.440000
1026.380001
1045.440000
1030.220000
1031.120000
1028.440000
1043.600000
1045.459999
1030.780001
1026.920000
1057.219999
1030.180000
1034.379998
1047.800001
1035.580000
1029.099999
1046.879999
1029.139999
1026.840001
1028.320000
1030.180000
1054.360000
1028.999999
1053.140000
1157.399999
1132.560000
1135.860000
1109.019998
1024.560001
1034.219999
1049.400000
1038.060000
1026.440000
1061.460000
1028.900001
1029.080000
1051.200001
1041.679999
1025.880000
1050.500002
1028.619999
1032.260001
1028.859999
1036.380000
1043.819999
1033.020001
1028.120000
1054.160001
1030.620001
1033.199999
1054.580001
1028.300000
1026.640000
1055.820001
1031.500001
1039.399998
1032.960000
1036.839999
1050.480001
1036.500001
1029.279999
1045.039998
1029.140001
1030.040000
1051.819999
1030.040000
1026.360000
1047.839999
1033.520000
1028.139999
1034.000000
1026.400000
1051.840000
1026.660001
1031.779999
1055.620000
1032.320000
1029.579999
1050.200000
1030.040001
1030.120000
1056.820000
1031.439999
1027.079999
1030.099999
1031.660000
1038.479999
1032.840000
1036.100000
1051.499998
1038.759999
1029.880000
1053.680001
1027.840000
1032.660000
1043.959999
1042.420000
1024.979999
1042.059999
1026.800001
1034.900000
1028.540000
1037.440000
1054.440001
1038.079999
1029.620001
1065.820001
1032.620000
