0.148000
0.138000
0.139998
0.139000
0.136999
0.151999
0.139000
0.139000
0.137001
0.137001
0.137001
0.141000
0.138000
0.136999
0.136999
0.138000
0.149999
0.138000
0.137001
0.140000
0.136999
0.136999
0.137001
0.138000
0.136999
0.138002
0.140000
0.136999
0.136999
0.139002
0.139000
0.138000
0.138000
0.137001
0.136999
0.139000
0.138000
0.137001
0.136999
0.136999
0.137001
0.138002
0.137001
0.139000
0.137001
0.136999
0.136999
0.139000
0.137001
0.136999
0.136999
0.136999
0.136999
0.139000
0.138000
0.137001
0.139000
0.136999
0.140000
0.140000
0.139000
0.136999
0.140000
0.136999
0.138002
0.138000
0.137001
0.136999
0.138000
0.139000
0.137001
0.137001
0.136999
0.138000
0.136999
0.139000
0.139000
0.140000
0.139000
0.138000
0.152001
0.139000
0.138000
0.137001
0.136999
0.139000
0.136999
0.139000
0.136999
0.139000
0.139002
0.152001
0.138002
0.138000
0.136999
0.139000
0.137001
0.136999
0.136999
0.136999
0.136999
0.138000
0.136999
0.138000
0.136999
0.137001
0.136999
0.136999
0.136999
0.138000
0.136999
0.138002
0.136999
0.137001
0.136999
0.137001
0.136999
0.140000
0.151999
0.139000
0.139000
0.136999
0.140000
0.137001
0.138000
0.137001
0.138000
0.135999
0.138000
0.141000
0.136999
0.137001
0.136999
0.149000
0.138000
0.138002
0.138000
0.138000
0.138000
0.136999
0.136999
0.136999
0.136999
0.138000
0.137001
0.136999
0.139000
0.140000
0.140000
0.137001
0.138002
0.135999
0.137001
0.136999
0.151999
0.137001
0.140000
0.137001
0.136999
0.136999
0.137001
0.136999
0.138002
0.138000
0.138000
0.137001
0.136999
0.141000
0.137001
0.137001
0.138000
0.137001
0.139002
0.138000
0.139000
0.136999
0.140000
0.136999
0.139000
0.136999
0.139002
0.136999
0.140000
0.136999
0.140000
0.136999
0.136999
0.136999
0.139000
0.140000
0.138000
0.136999
0.138000
0.136999
0.139000
0.138000
0.140000
0.138000
0.138000
0.136999
0.136999
0.138000
0.136999
0.136999
0.138000
0.139000
0.136999
0.150001
0.136999
0.136999
0.136999
0.136999
0.136999
0.136999
0.136999
0.136999
0.151999
0.137001
0.139000
0.139000
0.137001
0.136999
0.138000
0.137001
0.135999
0.136999
0.140000
0.138000
0.138000
0.136999
0.138000
0.136999
0.138000
0.136999
0.137001
0.137001
0.138000
0.139000
0.136999
0.137001
0.136999
0.137001
0.136999
0.136999
0.138000
0.136999
0.136999
0.138002
0.138000
0.136999
0.138000
0.137001
0.150001
0.138000
0.138000
0.138000
0.139000
0.136999
0.136999
0.136999
0.136999
0.136999
0.138002
0.150001
0.138002
0.139000
0.137001
0.150001
0.136999
0.136999
0.140000
0.150001
0.136999
0.136999
0.136999
0.137001
0.140000
0.136999
0.138002
0.139000
0.151999
0.136999
0.139000
0.139000
0.136999
0.141000
0.136999
0.138000
0.136999
0.140000
0.136999
0.139000
0.137001
0.138000
0.138000
0.139000
0.139000
0.138000
0.139000
0.136999
0.138000
0.139000
0.139000
0.137001
0.140999
0.136999
0.140000
0.139000
0.138000
0.137001
0.138000
0.137001
0.139000
0.136999
0.138000
0.138000
0.136999
0.137001
0.137001
0.140000
0.136999
0.137001
0.151999
0.136999
0.136999
0.137001
0.149999
0.138000
0.139000
0.137001
0.140000
0.138000
0.136999
0.137001
0.136999
0.138000
0.137001
0.137001
0.136999
0.138002
0.139002
0.138002
0.138000
0.139000
0.136999
0.139000
0.136999
0.150001
0.139000
0.136999
0.136999
0.138002
0.138000
0.137001
0.138002
0.140000
0.138000
0.137001
0.136999
0.138000
0.136999
0.136999
0.138000
0.136999
0.140000
0.150001
0.140000
0.137001
0.137001
0.141000
0.136999
0.136999
0.138000
0.139000
0.139000
0.138000
0.138000
0.152001
0.137001
0.139002
0.136999
0.136999
0.136999
0.136999
0.136999
0.138000
0.138000
0.149999
0.137001
0.138000
0.136999
0.140000
0.136999
0.136999
0.136999
0.136999
0.139000
0.136999
0.140000
0.139000
0.138000
0.137001
0.138000
0.138000
0.144999
0.137001
0.139000
0.136999
0.136999
0.136999
0.137001
0.140000
0.136999
0.137001
0.136999
0.137001
0.139000
0.138000
0.137001
0.138000
0.138000
0.136999
0.140000
0.137001
0.138000
0.137001
0.140000
0.136999
0.150001
0.138000
0.138000
0.136999
0.139998
0.136999
0.140000
0.152001
0.138000
0.138000
0.140000
0.136999
0.139998
0.138000
0.138002
0.150001
0.138000
0.136999
0.137001
0.139000
0.136999
0.137001
0.137001
0.140000
0.136999
0.137001
0.137001
0.138000
0.139000
0.136999
0.150001
0.138000
0.152001
0.136999
0.136999
0.151999
0.139000
0.138002
0.136999
0.140000
0.137001
0.136999
0.136999
0.139000
0.140000
0.138000
0.136999
0.138002
0.137001
0.137001
0.137001
0.137001
0.137001
0.138000
0.153001
0.136999
0.136999
0.138000
0.138000
0.140000
0.136999
0.150001
0.140000
0.137001
0.136999
0.138000
0.152001
0.136999
0.139000
0.136999
0.138000
0.136999
0.150001
0.138000
0.136999
0.137001
0.137001
0.136999
0.138000
0.136999
0.136999
0.137001
0.136999
0.149999
0.136999
0.138000
0.136999
0.139000
0.137001
0.136999
0.136999
0.137001
0.149999
0.136999
0.138000
0.136999
0.136999
0.136999
0.141000
0.138002
0.139000
0.138000
0.139000
0.138000
0.137001
0.136999
0.140000
0.138000
0.136999
0.141000
0.138002
0.136999
0.139000
0.137001
0.138000
0.138000
0.136999
0.136999
0.136999
0.136999
0.136999
0.136999
0.138002
0.139000
0.136999
0.137001
0.137001
0.136999
0.136999
0.139000
0.140000
0.136999
0.139000
0.136999
0.137001
0.136999
0.139000
0.136999
0.139002
0.141000
0.139000
0.137001
0.139000
0.150001
0.136999
0.136999
0.139000
0.138000
0.149999
0.138000
0.137001
0.136999
0.136999
0.137001
0.136999
0.137001
0.140000
0.138000
0.135999
0.137001
0.136999
0.138002
0.139002
0.136999
0.138000
0.136999
0.139000
0.136999
0.139000
0.137001
0.136999
0.138000
0.140000
0.136999
0.138000
0.136999
0.140000
0.137001
0.151999
0.138002
0.140000
0.136999
0.138000
0.136999
0.138000
0.137001
0.138000
0.138000
0.151999
0.138000
0.334000
0.131000
0.138000
0.141000
0.150001
0.140000
0.138002
0.140000
0.136999
0.136999
0.136999
0.137001
0.138002
0.137001
0.136999
0.140000
0.139000
0.139000
0.137001
0.139000
0.137001
0.136999
0.138000
0.151999
0.138000
0.139000
0.138002
0.138000
0.138000
0.151999
0.137001
0.138000
0.136999
0.152001
0.138000
0.138000
0.139998
0.137001
0.141000
0.137001
0.140000
0.138000
0.138000
0.138000
0.152001
0.136999
0.136999
0.138000
0.136999
0.138000
0.151001
0.138000
0.150001
0.138002
0.139000
0.137001
0.150001
0.138000
0.138000
0.136999
0.136999
0.139000
0.139000
0.138000
0.136999
0.140000
0.150001
0.136999
0.136999
0.140000
0.141000
0.138002
0.138000
0.140000
0.137001
0.131000
0.139000
0.152001
0.136999
0.140000
0.137001
0.152001
0.136999
0.137001
0.139000
0.138000
0.138000
0.137001
0.136999
0.136999
0.137001
0.138000
0.150001
0.139002
0.138000
0.140000
0.136999
0.136999
0.149999
0.138000
0.136999
0.139000
0.138002
0.136999
0.138000
0.137001
0.140000
0.138000
0.139000
0.137001
0.136999
0.136999
0.137001
0.138000
0.136999
0.136999
0.137001
0.141000
0.136999
0.140000
0.136999
0.136999
0.138002
0.138002
0.136999
0.136999
0.136999
0.139000
0.137001
0.139000
0.137001
0.139000
0.136999
0.138000
0.136999
0.138002
0.136999
0.153000
0.138000
0.138002
0.136999
0.139000
0.152001
0.138002
0.139000
0.138000
0.140000
0.151999
0.139000
0.138000
0.136999
0.137001
0.138000
0.137001
0.138000
0.136999
0.136999
0.137001
0.136999
0.136999
0.139000
0.154000
0.138000
0.138000
0.136999
0.150001
0.136999
0.138000
0.138002
0.136999
0.138000
0.151999
0.137001
0.129001
0.139000
0.154000
0.138000
0.136999
0.136999
0.139000
0.139000
0.138000
0.150001
0.136999
0.141000
0.136999
0.155000
0.139000
0.139000
0.136999
0.139000
0.140000
0.152001
0.138000
0.136999
0.138000
0.150001
0.138000
0.138002
0.138000
0.151999
0.138000
0.136999
0.136999
0.140000
0.151999
0.140000
0.150001
0.136999
0.140000
0.138002
0.138000
0.141000
0.137001
0.139002
0.137001
0.137001
0.140000
0.140000
0.139002
0.136999
0.138002
0.136999
0.139000
0.138002
0.138000
0.151999
0.137001
0.136999
0.136999
0.138000
0.136999
0.136999
0.136999
0.136999
0.139000
0.139000
0.136999
0.136999
0.137001
0.136999
0.137001
0.140000
0.140000
0.140000
0.138000
0.138000
0.136999
0.136999
0.139000
0.151999
0.136999
0.139000
0.139000
0.151999
0.137001
0.138000
0.139000
0.136999
0.136999
0.136999
0.138000
0.138000
0.138000
0.150001
0.138000
0.140000
0.137001
0.136999
0.139000
0.136999
0.139000
0.140000
0.138002
0.139000
0.151999
0.152001
0.137001
0.138000
0.150001
0.137001
0.136999
0.137001
0.136999
0.138000
0.151999
0.139000
0.138000
0.136999
0.149999
0.138000
0.138002
0.139998
0.140000
0.138000
0.139000
0.150001
0.136999
0.139000
0.137001
0.136999
0.140000
0.140000
0.138000
0.150001
0.139000
0.138000
0.136999
0.149999
0.140000
0.136999
0.138000
0.150001
0.140000
0.136999
0.139000
0.139000
0.152001
0.138000
0.137001
0.138000
0.136999
0.136999
0.150001
0.137001
0.137001
0.140000
0.150001
0.138000
0.140000
0.139000
0.149999
0.136999
0.137001
0.137001
0.137001
0.138002
0.140000
0.149999
0.137001
0.139000
0.139000
0.137001
0.150001
0.138000
0.140000
0.152001
0.137001
0.149999
0.136999
0.139000
0.137001
0.136999
0.136999
0.149999
0.136999
0.139000
0.138000
0.150001
0.139000
0.136999
0.140000
0.150001
0.136999
0.136999
0.136999
0.150999
0.139000
0.138000
0.138000
0.151999
0.136001
0.140000
0.136999
0.136999
0.136999
0.136999
0.138000
0.136999
0.151999
0.138000
0.138000
