295.737999
292.248000
286.690000
287.329000
284.647999
287.000000
288.718000
286.184000
289.065000
287.508000
286.448000
284.378001
288.050001
290.050000
284.074000
292.192000
283.549000
286.879000
285.422000
286.404001
285.343000
285.147999
280.189999
285.185000
288.946000
290.654000
287.331000
288.196000
283.339000
287.765000
288.163000
287.756000
286.187001
285.738001
286.235000
287.497000
285.314000
285.164000
287.133000
288.743000
288.296999
286.409000
287.541000
282.153999
286.909000
286.206000
288.769000
288.239000
302.545000
286.731000
284.924001
287.072000
283.696000
286.587000
285.991000
287.367000
285.807000
286.030000
287.882000
288.274000
283.863001
285.000000
284.010000
286.517001
287.144000
286.307001
287.615000
287.320999
284.718000
287.508000
288.551000
282.838000
286.922000
286.045000
286.781000
284.207000
283.539999
283.592001
284.875000
287.006999
285.212000
301.773000
285.974000
283.877000
285.568000
289.110000
285.352999
286.291000
285.050000
283.922000
284.848000
288.162000
283.452000
285.151999
285.631000
286.387000
286.335001
283.692000
283.058000
288.693000
287.325000
284.069000
288.976001
286.971000
287.359999
287.445000
286.505001
287.825000
284.766001
287.802001
287.726000
285.695000
284.660000
285.580000
290.608000
285.999000
283.467000
285.635000
285.324000
290.554000
282.759000
289.659999
287.614000
287.237000
288.447000
287.787000
286.871000
283.298000
288.964000
283.375001
288.530000
284.836000
286.181000
289.246000
285.009000
285.076000
283.616000
289.431999
290.197001
287.316000
284.335000
286.251000
289.496999
289.276000
287.493001
286.330000
283.613999
286.091999
284.573001
286.425000
286.936000
286.371000
288.174001
279.052000
285.662000
287.070000
284.351000
285.013000
285.730001
290.542000
286.075000
285.835001
283.561000
283.806000
286.097000
284.811000
286.716000
285.066999
288.764000
285.866000
284.918000
284.885000
284.914000
284.488999
286.521000
287.515000
290.510000
285.515000
287.122000
288.937000
287.661999
286.832999
289.242000
287.649999
284.804000
286.507000
286.872000
286.061999
286.021001
283.864001
287.342000
285.516000
284.775000
286.388000
283.938000
289.783000
286.178000
288.333000
282.429000
293.019000
285.779000
289.353999
286.475000
284.140000
288.934000
286.131999
290.026000
283.946999
284.958000
283.585000
283.517000
285.261001
287.333000
286.455000
287.266000
285.036000
287.653000
287.189000
281.570000
285.234000
285.598000
288.421000
284.922000
289.172000
285.767000
293.059999
285.960000
285.135000
288.046000
286.885000
283.541000
286.104000
282.336000
288.409000
284.940000
284.535000
285.274000
285.440001
286.903000
288.881000
283.117000
286.835000
285.147999
282.751000
289.396000
286.841000
287.768000
286.093000
287.736000
285.317999
283.529000
308.123999
288.317000
288.349000
281.841000
287.397999
287.027000
285.763000
287.386000
284.427000
285.819000
284.854000
282.798000
290.051000
286.434000
287.239000
284.270000
287.794000
286.254001
284.032000
289.788000
284.520000
285.061000
285.785000
287.506999
289.596000
288.469000
284.356000
287.025000
286.968000
289.915000
285.519000
282.241000
288.067999
291.187000
285.119001
283.511000
287.039001
288.106000
283.828000
283.643000
283.997000
287.567000
283.628000
288.021000
287.558001
283.084000
287.471999
290.016999
287.408999
284.199000
282.357000
283.288000
291.130000
288.577001
289.488000
284.714000
288.592000
286.202000
282.999001
285.406000
284.056000
282.365000
288.839000
287.856000
285.474000
286.862000
284.860000
284.524000
285.983000
287.132000
287.157000
286.244000
283.238000
285.570000
288.446000
287.355000
286.392001
289.811000
287.127000
279.689999
288.086999
286.859000
284.670000
285.270000
285.869000
291.432000
290.334000
286.990000
284.170000
285.170000
285.904001
286.523000
290.057000
286.934000
288.856000
291.358000
286.662000
283.546000
287.718000
286.009000
288.337000
285.624000
284.246000
286.769000
287.479999
284.175999
282.617000
286.051000
284.420000
286.979000
284.354000
285.869000
286.119999
281.044000
294.267000
289.857000
286.431001
284.001000
294.452000
285.538999
286.453000
286.532000
286.661999
288.757000
288.531000
285.051000
285.634000
286.800999
288.523000
287.509000
283.811000
288.250000
287.565000
284.314000
285.045001
284.568000
286.566000
294.431000
287.833001
288.810000
284.978000
287.050000
287.142999
287.421999
284.304000
284.661000
284.022000
291.813000
284.213999
283.985000
283.891000
284.332000
283.823000
286.639000
282.640000
286.793000
284.433000
284.569000
286.420000
284.698999
286.630000
286.099000
286.970000
289.229000
288.104001
287.250000
286.006000
284.972000
288.914000
287.930001
312.995001
286.889000
286.194000
287.748001
284.624000
286.645999
286.381000
284.233999
287.245000
288.035000
291.604000
288.361000
281.323000
286.355000
287.257999
287.268000
286.791001
284.669000
287.121001
286.129000
285.768000
285.139000
287.586000
282.193000
283.544000
285.968000
283.519000
284.016000
284.229000
289.270000
284.930000
286.790000
285.607000
290.546000
287.347000
287.310001
287.594999
284.961999
286.881000
283.985999
283.667000
290.886001
288.058000
285.554999
286.384000
282.698000
283.749000
283.783000
287.692000
287.384000
285.815000
287.824000
287.574000
286.594000
287.082000
283.709001
284.239000
285.042000
284.800000
288.118000
280.833000
288.972001
288.677000
283.287000
285.922000
284.196001
284.124000
284.015000
287.686000
288.085001
285.010000
288.161000
285.922999
286.399000
287.072000
283.578999
286.624000
288.824000
283.781000
285.169001
287.167001
285.484000
286.419000
283.404999
286.734000
293.750000
286.467000
284.796000
289.545001
284.553000
286.510000
288.531000
286.410999
286.481000
288.732000
289.173000
289.824001
283.921000
284.729000
282.095999
288.611000
287.091000
287.032000
288.652000
288.978999
288.156000
284.899000
286.403000
282.528000
289.657000
286.154000
284.663000
284.551000
283.810000
287.587000
286.641000
284.974000
290.743999
290.275999
284.442000
286.834000
288.873000
286.940000
286.604000
286.398000
281.476000
286.344999
283.005000
286.028000
287.598000
286.439001
286.606000
288.281000
284.839000
287.640001
285.468999
285.332000
287.580000
290.738000
282.428000
288.222999
285.132000
286.816000
287.176999
287.361000
289.113000
287.388001
287.519000
286.438000
286.629000
284.243000
314.347001
285.023000
286.304000
285.343000
289.013000
280.498001
289.301001
284.820000
287.453000
282.321000
285.253000
285.349000
286.925999
287.279000
287.466000
284.391000
285.684000
283.638000
284.900000
279.914000
286.328000
285.198000
290.934000
281.196999
283.625000
285.710000
288.003000
284.879000
289.853000
289.558000
285.247000
284.237000
287.826000
285.457999
288.331000
290.070000
286.886000
285.083000
287.278000
286.203001
288.455000
285.151000
287.297999
288.118999
288.418000
287.526000
287.087000
285.098000
285.810000
285.489000
288.495000
285.305000
292.498000
284.473000
286.546000
289.142000
286.840000
288.458000
285.249000
286.710001
284.533001
286.173000
287.673000
286.824000
285.529000
288.144000
286.801000
288.129000
287.197000
286.840999
286.689000
284.292000
282.770000
284.499000
289.175000
287.648001
286.987999
284.662000
285.182000
288.458001
287.638000
285.267999
286.267000
288.385000
286.299000
293.176000
285.826000
282.749999
286.141001
285.190000
285.846000
286.749001
285.600000
283.598999
285.863000
287.914000
285.594000
281.452999
288.937000
286.917999
286.352000
284.158000
285.315000
283.187999
287.119000
284.946000
284.589000
286.180000
288.574000
286.571001
286.112000
285.413000
283.256000
284.502000
285.757001
285.956999
284.295000
288.175000
292.633000
286.294000
286.855000
286.657000
286.782000
288.690001
287.124000
286.800000
286.447000
289.121000
283.136000
281.958000
284.488000
286.211000
285.831000
285.681000
288.304000
285.703000
288.254000
271.907000
285.400000
287.700000
285.906000
290.139999
288.282000
285.960000
287.345000
286.760000
284.362000
288.127000
287.408000
285.855001
287.239000
284.522001
287.878000
285.436000
283.603000
285.310000
286.001000
287.783001
286.797000
288.703999
285.909000
288.753999
284.304000
285.062000
287.711000
284.045001
288.614000
283.853000
285.250001
282.461001
312.341000
283.806000
287.608000
284.998000
286.391000
284.434000
285.401001
285.317000
284.569000
286.929000
288.189000
289.265000
285.331000
279.972999
285.745000
286.208000
289.947000
283.419999
286.248000
285.413000
286.282999
285.905000
286.202000
287.037000
285.265001
286.417000
286.095000
286.753001
286.282000
286.650999
289.497999
283.353000
283.194000
293.366000
286.049000
287.315001
284.441000
288.985999
284.763000
286.476000
287.836000
283.121999
286.545999
289.442000
286.366000
283.201001
288.741999
287.922000
284.098000
283.450000
286.525000
280.225000
282.734000
286.510000
288.894000
285.106000
284.511001
287.271000
283.158000
287.659001
284.906001
283.384000
288.203000
286.914000
285.941000
287.711000
288.265999
282.279000
287.652000
286.608000
286.597000
286.468000
286.135999
285.532000
286.874000
289.074000
288.811999
287.760000
282.005000
283.681001
284.210000
289.267000
283.380000
285.625000
285.707000
275.303001
285.724000
286.340000
288.038000
285.931000
282.005000
287.644000
284.411000
287.315000
285.421000
287.612000
290.286000
289.721999
285.754001
292.787000
285.725000
285.311000
286.568999
284.298999
288.712000
286.518000
284.888000
286.384000
285.472000
283.925000
283.675000
283.368000
286.969000
284.292000
285.368999
287.751000
284.745000
285.955000
289.802000
285.153000
285.234001
286.775000
286.685000
288.586000
285.754000
288.328000
287.155000
286.266000
287.558000
284.644000
282.334000
287.558001
285.064000
285.508000
283.744000
287.172000
285.924001
285.042000
288.892000
285.425000
283.339000
286.911000
287.740000
287.473001
286.767000
290.080001
285.658000
285.697000
284.115001
286.373000
291.001000
310.929000
284.432000
290.139000
286.381000
285.021000
287.327999
284.393000
286.707000
282.933000
286.610000
287.361000
286.530000
286.262000
283.178001
286.173000
287.856000
286.676000
286.972000
284.601999
284.369000
286.869000
284.125000
286.646000
285.347000
285.874000
283.834999
287.529000
284.641000
287.750999
288.337000
285.209000
282.594000
284.831000
280.649000
286.769000
283.101000
287.958000
286.539000
285.070000
284.676000
283.342999
289.912000
283.005000
285.761001
288.974999
285.764000
286.301000
284.523000
286.525000
287.539000
287.550000
286.789999
284.444001
289.869000
285.692000
287.409000
286.677000
284.031999
285.093000
283.498000
286.289000
288.561000
288.496000
284.285000
285.779000
289.132000
283.934000
286.539000
286.904000
284.302000
286.721000
285.166999
281.711000
282.604000
288.415000
286.967000
286.550000
283.433000
288.865000
285.206000
284.398000
286.968000
287.315000
283.915000
286.049999
289.635001
287.142000
284.701000
286.420000
285.732000
285.833000
283.645000
285.165000
287.971000
284.175000
288.796000
287.644000
286.776000
286.428000
284.755000
287.485001
285.816000
286.273000
286.040000
290.621000
283.999000
287.041999
