1.820000
1.840000
1.800000
1.800000
1.840000
1.800000
1.820000
1.820000
1.820000
1.800000
1.760000
1.780000
1.820000
1.800000
1.840000
1.820000
1.800000
1.800000
1.820000
1.780000
1.820000
1.980000
1.880000
1.820000
1.920000
1.800000
1.800000
1.900000
1.800000
1.800000
1.820000
1.820000
1.800000
1.800000
1.800000
1.800000
1.820000
1.820000
1.820000
2.020000
1.820000
1.800000
1.900000
1.800000
3.040000
1.740000
1.740000
1.820000
1.840000
1.820000
1.780000
1.800000
1.800000
1.820000
1.820000
1.800000
1.800000
1.820000
1.800000
1.800000
1.800000
1.820000
1.800000
1.780000
1.820000
1.800000
1.800000
1.820000
1.800000
1.800000
1.820000
1.840000
1.800000
1.800000
1.820000
1.800000
1.800000
1.820000
1.800000
1.840000
1.800000
1.800000
1.980000
1.900000
1.900000
1.820000
1.800000
1.840000
1.800000
1.800000
1.800000
1.840000
1.800000
1.820000
1.800000
1.840000
1.800000
1.820000
1.800000
1.820000
1.800000
1.800000
1.820000
1.820000
1.800000
1.820000
1.780000
1.820000
1.760000
1.780000
1.820000
1.800000
1.820000
1.820000
1.820000
1.800000
1.840000
1.820000
1.800000
1.800000
1.800000
1.820000
1.820000
1.800000
1.780000
1.820000
1.800000
1.800000
1.820000
1.820000
1.820000
1.820000
1.820000
1.800000
1.800000
1.800000
1.820000
1.800000
1.800000
1.800000
1.820000
1.800000
1.820000
2.560000
1.820000
1.820000
1.800000
1.820000
1.820000
1.800000
1.800000
1.800000
1.800000
1.800000
1.820000
1.820000
1.780000
1.820000
1.780000
1.800000
1.820000
1.820000
1.780000
1.800000
1.800000
1.800000
1.820000
1.800000
1.800000
1.800000
1.820000
1.800000
1.800000
1.780000
1.780000
1.820000
1.820000
1.820000
1.800000
1.800000
1.800000
1.780000
1.800000
1.800000
1.800000
1.800000
1.800000
1.840000
1.820000
1.820000
1.800000
1.780000
1.860000
1.800000
1.780000
1.820000
1.820000
1.800000
1.820000
1.800000
1.800000
1.940000
1.800000
1.800000
1.800000
1.800000
1.820000
1.800000
1.800000
1.900000
1.800000
1.820000
1.800000
1.880000
1.800000
1.820000
1.800000
1.800000
1.800000
1.800000
1.780000
1.800000
1.800000
1.780000
1.840000
1.780000
1.780000
1.800000
1.820000
1.800000
1.820000
1.800000
1.820000
1.800000
1.800000
1.800000
1.800000
1.800000
1.840000
1.820000
1.800000
1.820000
1.800000
1.820000
1.860000
1.820000
1.840000
1.800000
1.780000
1.820000
1.840000
1.900000
1.880000
1.800000
1.820000
1.880000
1.880000
2.080000
1.820000
1.820000
1.840000
1.820000
1.820000
1.820000
1.800000
1.840000
1.800000
1.800000
1.820000
1.800000
1.800000
1.840000
1.780000
1.820000
1.800000
1.800000
1.880000
1.800000
1.800000
1.800000
1.820000
1.880000
1.820000
1.800000
1.860000
1.860000
1.900000
1.820000
1.840000
1.780000
1.820000
1.820000
1.920000
1.800000
1.800000
1.800000
1.820000
1.800000
1.820000
1.820000
1.880000
1.820000
1.820000
1.820000
1.840000
1.800000
1.820000
1.820000
1.800000
1.900000
1.820000
1.820000
1.780000
1.860000
1.820000
1.820000
1.820000
1.800000
1.800000
1.800000
1.800000
1.820000
1.800000
1.800000
1.900000
1.800000
1.820000
1.820000
1.800000
1.820000
1.800000
1.800000
1.820000
1.800000
1.800000
1.800000
1.800000
1.800000
1.800000
1.800000
1.820000
1.800000
1.840000
1.820000
1.820000
1.880000
1.800000
2.060000
1.840000
1.840000
1.800000
1.840000
1.840000
1.820000
1.780000
1.940000
1.920000
1.820000
1.800000
1.880000
1.880000
1.820000
1.820000
1.820000
1.800000
1.820000
1.820000
1.840000
1.800000
1.800000
1.800000
1.800000
1.800000
1.820000
1.800000
1.800000
1.820000
1.820000
1.840000
1.800000
1.820000
1.840000
1.900000
1.800000
1.820000
1.800000
1.820000
1.800000
1.800000
1.820000
1.800000
1.880000
1.800000
1.760000
1.820000
1.820000
1.840000
1.880000
1.800000
1.800000
1.800000
1.800000
1.800000
1.800000
1.820000
1.840000
1.780000
1.800000
1.800000
1.800000
1.820000
1.840000
1.800000
1.820000
1.800000
1.820000
1.800000
1.800000
1.780000
1.820000
1.800000
1.820000
1.820000
1.820000
1.820000
1.800000
1.820000
1.820000
1.800000
1.800000
1.820000
1.820000
1.800000
1.820000
1.840000
1.820000
1.820000
1.820000
1.800000
1.840000
1.820000
1.800000
1.820000
1.800000
1.800000
1.800000
1.800000
1.820000
1.820000
1.800000
1.800000
1.820000
1.800000
1.900000
1.820000
1.820000
1.820000
1.900000
1.820000
1.800000
1.820000
1.820000
1.800000
1.820000
1.820000
1.800000
1.820000
1.760000
1.820000
1.800000
1.820000
1.800000
1.960000
1.960000
1.800000
1.800000
1.840000
1.820000
1.860000
1.820000
1.800000
1.820000
1.800000
1.820000
1.820000
1.800000
1.860000
1.820000
1.900000
1.880000
1.800000
1.800000
1.800000
1.800000
1.800000
1.800000
1.900000
1.800000
1.880000
1.800000
1.860000
1.800000
1.820000
1.800000
1.800000
1.820000
1.820000
1.820000
1.800000
1.820000
1.880000
1.800000
1.820000
1.800000
1.900000
1.800000
1.900000
1.820000
1.780000
1.820000
1.820000
1.800000
1.800000
1.840000
1.820000
1.800000
1.820000
1.820000
1.820000
1.820000
1.820000
1.820000
1.820000
1.920000
1.820000
1.840000
1.800000
1.800000
1.800000
1.800000
1.820000
1.820000
1.800000
1.820000
1.900000
1.820000
1.820000
1.820000
1.780000
1.820000
1.820000
1.940000
1.780000
1.820000
1.800000
1.820000
1.800000
1.820000
1.800000
1.920000
1.800000
1.800000
1.800000
1.800000
1.820000
1.780000
1.820000
1.820000
1.800000
1.780000
1.780000
1.780000
1.780000
1.820000
1.800000
1.800000
1.800000
1.780000
1.820000
1.800000
1.820000
1.820000
1.820000
1.800000
1.820000
1.780000
1.780000
1.860000
1.800000
1.780000
1.800000
1.800000
1.800000
1.800000
1.780000
1.900000
1.800000
1.780000
1.800000
1.880000
1.800000
1.780000
1.800000
1.840000
1.820000
1.820000
1.800000
1.820000
1.800000
1.800000
1.840000
1.880000
1.800000
1.800000
1.780000
1.820000
1.840000
1.820000
1.800000
1.880000
1.800000
1.800000
1.800000
1.800000
1.840000
1.820000
1.800000
1.820000
1.800000
1.820000
1.800000
1.800000
1.820000
1.820000
1.800000
1.800000
1.820000
1.800000
1.940000
1.840000
1.980000
1.880000
1.840000
1.840000
1.800000
1.880000
1.840000
1.800000
1.820000
1.800000
1.800000
1.880000
1.800000
1.820000
1.900000
1.920000
1.820000
1.840000
1.800000
1.820000
1.840000
1.900000
1.800000
1.820000
1.900000
1.820000
1.840000
1.880000
1.800000
1.820000
1.820000
1.800000
1.800000
1.820000
1.780000
1.800000
1.820000
1.840000
1.820000
1.800000
1.800000
1.960000
1.880000
1.820000
1.880000
1.800000
1.940000
1.800000
1.840000
1.800000
1.800000
1.840000
1.820000
1.840000
1.900000
1.800000
1.820000
1.820000
1.820000
1.780000
1.880000
1.820000
1.880000
1.820000
1.820000
2.260000
1.800000
1.820000
1.820000
1.820000
1.800000
1.820000
1.760000
1.840000
1.820000
1.780000
1.820000
1.800000
1.820000
1.800000
1.840000
1.800000
1.820000
1.840000
1.820000
1.820000
1.820000
1.840000
1.860000
1.820000
1.840000
1.800000
1.800000
1.820000
1.940000
1.800000
1.800000
1.820000
1.800000
1.820000
1.820000
1.860000
1.840000
1.780000
1.840000
1.800000
1.820000
1.860000
1.800000
1.820000
1.840000
1.800000
1.840000
1.800000
1.820000
1.800000
1.800000
1.820000
1.820000
1.820000
1.800000
1.800000
1.800000
1.800000
1.840000
1.800000
1.820000
1.800000
1.800000
1.820000
1.820000
1.800000
1.800000
1.800000
1.820000
1.800000
1.800000
1.800000
1.820000
1.800000
1.820000
1.820000
1.840000
1.800000
1.800000
1.820000
1.800000
1.800000
1.820000
1.820000
1.840000
1.820000
1.820000
1.800000
1.820000
1.840000
1.820000
1.800000
1.780000
1.800000
1.800000
1.800000
1.780000
1.800000
1.800000
1.840000
1.800000
2.980000
1.880000
1.820000
1.800000
1.820000
1.740000
1.800000
1.780000
1.820000
1.800000
1.860000
1.820000
1.780000
1.780000
1.820000
1.800000
1.800000
1.800000
1.800000
1.880000
1.800000
1.800000
1.800000
1.820000
1.840000
1.800000
1.800000
1.800000
1.800000
1.800000
1.820000
1.800000
1.800000
1.800000
1.800000
1.780000
1.820000
1.800000
1.820000
1.780000
1.820000
1.800000
1.780000
1.800000
1.780000
1.800000
1.820000
1.860000
1.820000
1.780000
1.800000
1.780000
1.800000
1.840000
1.800000
1.800000
1.840000
1.820000
1.780000
1.840000
1.800000
1.800000
1.780000
1.840000
1.820000
2.040000
1.800000
1.820000
1.800000
1.800000
1.880000
1.800000
1.800000
1.800000
1.800000
1.820000
1.820000
1.820000
1.800000
1.780000
1.800000
1.820000
1.840000
1.800000
1.820000
1.800000
1.800000
1.780000
1.780000
1.800000
1.820000
1.820000
1.800000
1.820000
1.740000
1.820000
1.800000
1.800000
1.820000
2.300000
1.740000
1.800000
1.800000
1.800000
1.820000
1.820000
1.800000
1.800000
1.800000
1.800000
1.860000
1.840000
1.820000
1.800000
1.820000
1.820000
1.800000
1.820000
1.840000
1.840000
1.800000
1.820000
1.820000
1.780000
1.780000
1.820000
1.800000
1.800000
1.800000
1.820000
1.820000
1.840000
1.800000
1.800000
1.820000
1.820000
1.780000
1.800000
1.800000
1.820000
1.800000
1.820000
1.800000
1.840000
1.820000
1.820000
1.820000
1.840000
1.840000
1.820000
1.940000
1.820000
1.820000
1.820000
1.740000
1.800000
1.820000
1.800000
1.840000
1.760000
1.800000
1.800000
1.840000
1.800000
1.840000
1.800000
1.800000
1.800000
1.820000
1.800000
1.800000
1.820000
1.800000
1.840000
1.820000
1.820000
1.820000
1.820000
1.820000
1.820000
1.840000
1.820000
1.840000
1.820000
1.820000
1.800000
1.800000
1.820000
1.800000
1.840000
1.820000
1.800000
1.800000
