6.320001
5.580000
5.220000
5.059999
5.000000
5.080000
4.720000
4.380000
4.320000
4.299999
4.220000
4.460000
4.240000
4.340000
4.220000
4.200000
4.160000
4.420000
4.600000
4.620001
4.580000
4.580000
4.620000
4.600000
4.600001
4.620000
4.600000
4.620000
4.640000
4.600001
4.620000
4.600000
4.600001
4.600000
4.320000
4.220000
4.540000
4.260001
4.260000
4.260000
4.260001
4.300000
4.500001
4.200000
4.280000
4.260000
4.240000
4.220000
4.640000
4.780000
4.300000
4.240000
4.200000
4.420000
4.200000
4.200000
4.260000
4.220000
4.340000
4.240001
4.280000
4.199999
4.160000
4.240000
4.320000
4.600000
4.680000
4.680000
4.300000
4.240001
4.280000
4.520000
4.640000
4.280000
4.280000
4.579999
4.320000
4.280000
4.280000
4.280000
4.340000
4.240000
4.280000
4.560000
4.640000
5.120000
4.220000
4.220000
4.220000
4.179999
4.240001
4.280000
4.240000
4.620000
4.460000
4.220000
4.840000
4.260000
4.300000
4.280000
4.220000
4.220000
4.240000
4.240001
4.220000
4.240001
4.260000
4.600000
4.520000
4.260000
4.240000
4.260000
4.500000
4.240000
4.260001
4.240001
4.220000
4.880000
4.600001
4.620001
4.640000
4.620000
4.620000
4.220000
4.520000
4.280000
4.260000
4.260000
4.600001
4.220000
4.280000
4.240000
4.300000
4.260000
4.240001
4.260001
4.240001
4.280000
4.240000
4.260000
13.540001
4.280000
4.520000
4.240000
4.160000
4.159999
4.040000
4.460000
4.160000
4.140000
4.140000
4.140001
4.140000
4.140000
4.140000
4.160000
4.460000
4.200000
4.140000
4.140000
4.320000
4.100000
4.340000
4.140000
4.120000
4.120000
4.100000
4.100000
4.380000
4.120000
4.100000
4.120000
4.100000
4.000000
4.100000
4.100000
4.060000
4.100000
4.060000
4.460000
4.079999
4.120000
4.100000
4.100000
4.100000
4.160000
4.140000
4.280000
4.120001
4.340000
4.500000
4.500000
4.500000
4.140000
4.200000
4.140000
4.420000
4.140000
4.160000
4.080000
4.420000
4.360000
4.079999
4.100000
4.120000
4.300000
4.680000
4.140000
4.140000
4.120000
4.120000
4.420000
4.100000
4.340000
4.180000
4.120001
4.120001
4.060000
4.100000
4.140000
4.360001
4.179999
4.120000
4.360001
4.040000
4.340000
4.120001
4.520000
4.120000
4.220000
4.120001
4.100000
4.420000
4.100000
4.120001
4.380000
4.080000
4.440000
4.160000
4.120000
4.120000
4.120000
4.120000
4.460000
4.100000
4.120000
4.120001
4.100000
4.400000
4.080000
4.100000
4.120001
4.120001
4.120000
4.720000
4.360000
4.059999
4.160000
4.420000
4.140000
4.120000
4.079999
4.140000
4.080000
4.700000
4.120001
4.360000
4.140000
4.180000
4.120000
4.460000
4.940000
4.460000
4.140000
4.120001
4.100000
4.080000
4.080000
4.060000
4.600000
4.160000
4.080000
4.080000
4.380000
4.520000
4.520000
4.480000
4.500001
4.160000
4.100000
4.100000
4.240000
4.100000
4.120000
4.420000
4.120001
4.140000
4.100000
4.140000
4.140000
4.100000
4.100000
4.079999
4.100000
4.160000
4.079999
4.120000
4.439999
4.140000
4.100000
4.100000
4.140000
4.360001
4.100000
4.180000
4.140001
4.080000
4.199999
4.160000
4.120000
4.440000
4.140000
4.100000
4.120000
4.120001
11.299999
4.480000
4.200000
4.080000
4.140000
4.420000
4.480001
4.360001
4.100000
4.120001
4.140001
4.100000
4.060000
4.080000
4.100000
4.060000
4.460000
4.320000
4.380000
4.120000
4.159999
4.260000
4.419999
4.080000
4.120001
4.100000
4.140000
4.140000
4.340000
4.120000
4.120001
4.160000
4.140000
4.140000
4.140000
4.120000
4.460000
4.080000
4.080000
4.120000
4.120001
4.079999
4.100000
4.100000
4.120000
4.100000
4.100000
4.579999
4.160000
4.199999
4.120001
4.040000
4.100000
4.140001
4.180000
4.120000
4.680000
4.439999
4.120001
4.100000
4.500000
4.160000
4.340000
4.100000
4.140000
4.140000
4.199999
4.120001
4.120001
4.480001
4.120000
4.160000
4.140001
4.140001
4.439999
4.360000
4.160000
4.120000
4.100000
4.100000
4.200000
4.180000
4.120001
4.500001
4.140000
4.160000
4.200000
4.120000
4.160000
4.140000
4.140000
4.360000
4.100000
4.120001
4.160000
4.140000
4.120001
4.480001
4.500001
5.020000
4.160000
4.160000
4.140000
4.140000
4.120001
4.160000
4.120000
4.140000
4.200000
4.400000
4.120000
4.140000
4.120001
4.120000
4.120000
4.140000
4.100000
4.120001
4.120000
4.440000
4.140000
4.560000
4.140000
4.140001
4.100000
4.140000
4.480000
4.460000
4.140000
4.120001
4.140000
4.100000
4.300000
4.500000
4.460000
4.480000
4.100000
4.460000
4.200000
4.500000
4.100000
4.100000
4.120001
4.080000
4.120000
4.100000
4.340000
4.500001
4.080000
4.080000
4.340000
4.120000
4.140000
4.100000
4.380000
4.120001
4.080000
4.140001
4.100000
4.180000
4.100000
4.340000
4.100000
4.100000
4.120000
4.080000
4.079999
4.100000
4.160000
4.100000
4.080000
4.100000
4.100000
4.220000
4.200000
4.080000
4.140000
4.460000
4.140000
4.140000
4.100000
4.100000
4.440000
4.080000
4.340000
4.080000
4.280000
4.100000
4.120000
4.160000
4.340000
4.140000
4.140000
4.120000
4.120001
4.120000
4.120000
4.419999
4.500000
4.500000
4.500000
4.140000
4.120000
4.100000
4.100000
4.080000
4.120000
4.079999
4.439999
4.120001
4.100000
4.100000
4.060000
4.080000
4.340000
4.100000
4.079999
4.140001
4.060000
4.080000
4.440000
4.060000
4.140000
4.160000
4.120000
4.500000
4.100000
4.440000
4.140000
4.100000
4.360001
4.120001
4.860001
4.060000
4.140000
4.120001
4.100000
4.079999
4.120000
4.140000
4.100000
4.500000
4.120000
4.520000
4.180000
4.120001
4.100000
4.140000
4.120000
4.140000
4.420000
4.120000
4.120001
4.160000
4.140000
4.360001
4.100000
4.100000
4.100000
4.120000
4.460000
4.120000
4.140000
4.100000
4.100000
4.919999
4.120000
4.120000
4.140000
4.360000
4.100000
4.120001
4.080000
4.120000
4.120000
4.120000
4.400000
4.079999
4.160000
4.400000
4.420000
4.120000
4.140000
4.140000
4.380001
4.100000
4.120000
4.360000
4.120001
4.199999
4.180000
4.140000
4.120000
4.939999
4.100000
4.120000
4.100000
4.120000
4.420000
4.100000
4.100000
4.400000
4.080000
4.100000
4.080000
4.340000
4.079999
4.059999
4.140000
4.120000
4.460000
4.100000
4.120000
4.199999
4.120000
4.420000
4.060000
4.160000
4.140000
4.100000
4.080000
4.080000
4.120000
4.100000
4.120000
14.740000
4.160000
4.100000
4.100000
4.140000
4.140000
4.180000
4.140000
4.200000
4.480001
5.000000
4.300000
4.220000
4.160000
4.360001
4.360000
4.440000
4.200000
4.180000
4.180000
4.100000
4.160000
5.020000
4.280000
4.160000
4.160000
4.120000
4.160000
4.160000
4.179999
4.140000
4.600001
4.200000
4.180000
4.160000
4.180000
4.160000
4.140000
4.180000
4.380000
4.160000
4.440000
4.380000
4.160000
4.480000
4.680000
4.200000
4.620000
4.120000
4.120001
4.500000
4.539999
4.120000
4.160000
4.480001
4.179999
4.380000
4.160000
4.140001
4.220000
4.480001
4.460000
4.140001
4.600000
4.260000
4.160000
4.160000
4.400000
4.160000
4.240001
4.600000
4.360000
4.520000
4.180000
4.160000
4.439999
4.439999
4.760000
4.480000
4.560000
4.419999
4.700000
4.620000
4.460000
4.140000
4.960001
4.460000
4.140000
4.140000
4.160000
4.400000
4.420000
4.160000
4.120000
4.460000
4.120000
4.140000
4.160000
4.140000
4.140000
4.200000
4.140000
4.420000
4.120000
4.120000
4.120000
4.520000
4.539999
4.520000
4.200000
4.180000
4.400000
4.180000
4.140000
4.140000
4.160000
4.140000
4.520000
4.140000
4.480000
4.500000
4.540000
4.120000
4.120000
4.180000
4.160000
4.160000
4.140000
4.140000
4.160000
4.080000
4.380000
4.140000
4.160000
4.140001
4.180000
4.120000
4.100000
4.560000
4.520000
4.120000
4.140000
4.080000
4.420000
4.180000
4.140000
4.160000
4.560000
4.540000
4.520000
4.520000
4.160000
4.140000
4.120000
4.140000
4.140001
4.140000
4.140000
4.160000
4.720001
4.160000
4.480000
4.160000
4.220000
4.200000
4.220000
4.240000
4.200000
4.180000
4.200000
4.520000
4.160000
4.200000
4.180000
4.180000
4.180000
4.520000
4.160000
4.160000
4.160000
5.020000
4.240000
4.440000
4.600000
4.640000
4.100000
5.020000
5.120000
4.260001
4.520000
4.280000
4.240001
4.200000
4.880000
4.180000
4.280000
4.260000
4.300000
4.240001
4.319999
4.280000
4.160000
4.540000
4.220000
4.180000
4.180000
4.780000
4.280001
4.440000
4.180000
4.140000
4.140000
4.180000
4.520000
4.160000
4.140000
4.760000
4.140000
4.140000
4.200000
4.200000
4.200000
4.140000
4.220000
4.140000
4.439999
4.220000
4.180000
4.140000
4.180000
4.620000
4.540000
4.179999
4.440000
4.500000
4.180000
4.160000
4.120001
4.160000
4.120000
4.160000
4.140000
4.140000
4.140001
4.140001
4.160000
4.220000
4.160000
4.180000
4.160000
4.500000
4.160000
4.200000
4.160000
4.420000
4.200000
4.179999
4.200000
4.400000
4.160000
4.160000
4.180000
4.180000
4.160000
4.140000
4.500000
4.500001
4.160000
4.180000
4.159999
4.180000
4.419999
4.420000
4.320000
4.180000
4.140000
4.200000
4.180000
4.480001
4.400000
4.180000
4.120001
4.160000
4.380000
4.500000
4.180000
4.140000
4.160000
4.180000
4.160000
4.200000
4.160000
4.200000
4.200000
4.160000
4.140000
4.400000
4.140000
4.160000
4.360000
4.500000
4.600001
4.540000
4.160000
4.160000
4.140000
4.140000
4.420000
4.180000
4.180000
4.160000
4.200000
4.220000
4.420000
4.100000
4.120000
4.419999
4.160000
4.440000
4.140000
4.079999
4.020000
4.080000
4.100000
4.559999
4.120000
4.080000
4.080000
4.100000
4.060000
4.080000
4.079999
4.100000
4.080000
4.079999
4.060000
4.120001
4.700000
4.420000
4.079999
4.919999
4.980000
4.100000
4.080000
4.079999
4.520000
4.360000
4.120000
4.020000
4.100000
