0.441002
0.434000
0.434000
0.416001
0.413999
0.417000
0.413999
0.414999
0.413999
0.416001
0.414001
0.415999
0.414001
0.414999
0.414999
0.414999
0.453001
0.412999
0.416001
0.414001
0.416001
0.412999
0.415999
0.414001
0.415999
0.414001
0.413999
0.414001
0.420000
0.412999
0.414999
0.414001
0.415001
0.414999
0.415001
0.414999
0.414999
0.414999
0.413999
0.413999
0.414999
0.412999
0.413999
0.413999
0.415999
0.414999
0.415001
0.414001
0.414999
0.413001
0.412999
0.413001
0.417002
0.415001
0.414999
0.413001
0.415999
0.413001
0.414001
0.412000
0.415001
0.412999
0.414999
0.412999
0.417000
0.415001
0.413999
0.414001
0.414999
0.413001
0.413001
0.413001
0.415999
0.413001
0.413999
0.413001
0.417002
0.414999
0.413001
0.414001
0.470001
0.415001
0.413001
0.413999
0.414001
0.413999
0.413001
0.416001
0.415001
0.417000
0.413999
0.416001
0.415999
0.415001
0.415001
0.414999
0.414999
0.412999
0.413999
0.416001
0.414999
0.413001
0.414999
0.413999
0.414999
0.414999
0.414001
0.414999
0.415001
0.413001
0.414999
0.415999
0.413001
0.413001
0.414999
0.414999
0.413001
0.413001
0.413999
0.414999
0.413999
0.415001
0.412999
0.414999
0.413001
0.414999
0.415001
0.415001
0.413999
0.413001
0.413001
0.415001
0.413999
0.414001
0.415001
0.414999
0.413999
0.412999
0.413999
0.414999
0.414001
0.415001
0.414999
0.415001
0.427000
0.413001
0.413999
0.413999
0.415001
0.414999
0.413999
0.414001
0.415001
0.415999
0.413999
0.412000
0.415001
0.416001
0.415001
0.414999
0.414999
0.415999
0.415001
0.413001
0.414999
0.414001
0.413001
0.413999
0.414999
0.415001
0.415001
0.415001
0.414999
0.415001
0.414999
0.414001
0.414001
0.413001
0.413001
0.414001
0.413999
0.414001
0.415001
0.413001
0.415001
0.412000
0.415001
0.414999
0.414999
0.413001
0.413999
0.414001
0.414999
0.415999
0.413001
0.414001
0.414001
0.413001
0.412999
0.413999
0.415001
0.417000
0.414999
0.413999
0.415001
0.413001
0.415001
0.414999
0.427000
0.417000
0.413001
0.413999
0.413001
0.417002
0.413999
0.412999
0.414001
0.414999
0.414999
0.414999
0.413999
0.413999
0.414999
0.413999
0.414001
0.417000
0.413999
0.414999
0.414001
0.414001
0.413999
0.415999
0.413999
0.413001
0.412999
0.414999
0.414001
0.413999
0.414001
0.415001
0.413999
0.413999
0.414001
0.415001
0.414001
0.414001
0.413999
0.413999
0.413999
0.414001
0.412999
0.414999
0.415999
0.415001
0.415001
0.415999
0.415001
0.416001
0.413999
0.417000
0.414999
0.415999
0.415999
0.416001
0.414999
0.413999
0.414999
0.415999
0.414999
0.415999
0.413001
0.415001
0.428000
0.415999
0.414999
0.414001
0.415001
0.413999
0.412999
0.414001
0.415001
0.414999
0.413001
0.413001
0.413001
0.414001
0.414999
0.413001
0.419000
0.415001
0.414001
0.413001
0.414999
0.413001
0.414001
0.415001
0.415001
0.415999
0.414999
0.413999
0.421999
0.415999
0.414999
0.413001
0.414999
0.412000
0.412999
0.413999
0.414999
0.413999
0.414001
0.415001
0.414999
0.413001
0.413999
0.413999
0.414999
0.416001
0.414001
0.413999
0.415001
0.414001
0.413001
0.413999
0.415001
0.414001
0.414999
0.413999
0.415001
0.414001
0.416001
0.414001
0.415001
0.412999
0.415999
0.414001
0.427000
0.414999
0.414999
0.413001
0.413999
0.413999
0.414999
0.414999
0.415001
0.413001
0.414999
0.415001
0.414999
0.413001
0.413001
0.413999
0.413999
0.413001
0.413001
0.415999
0.414999
0.414999
0.414001
0.415999
0.414999
0.415001
0.415001
0.413999
0.413001
0.413001
0.413001
0.413999
0.412999
0.412999
0.415001
0.414001
0.413001
0.413001
0.413999
0.415001
0.415999
0.415001
0.414001
0.416001
0.414999
0.415999
0.414001
0.415001
0.414999
0.415001
0.422001
0.416001
0.415001
0.415001
0.414001
0.421001
0.414999
0.414001
0.413999
0.415001
0.415999
0.415999
0.414001
0.415999
0.449000
0.415999
0.414999
0.412999
0.413999
0.415999
0.414999
0.413001
0.414999
0.414001
0.415001
0.414001
0.414999
0.413999
0.415001
0.413001
0.414001
0.415999
0.415001
0.414001
0.414999
0.415999
0.415001
0.413001
0.414999
0.415999
0.413999
0.414001
0.414001
0.414999
0.414999
0.413001
0.413001
0.416001
0.415001
0.412999
0.415001
0.415001
0.413999
0.413001
0.414999
0.415999
0.414001
0.413001
0.413999
0.415001
0.414999
0.412999
0.412999
0.417000
0.414001
0.413001
0.414001
0.415999
0.415001
0.412000
0.413001
0.412999
0.413999
0.413999
0.414999
0.413001
0.414999
0.413999
0.427000
0.413999
0.413999
0.414001
0.413001
0.414001
0.415001
0.416001
0.413001
0.415001
0.415001
0.416001
0.414999
0.415999
0.414999
0.417000
0.414999
0.414999
0.414001
0.417000
0.414001
0.414001
0.413001
0.413001
0.413001
0.414001
0.414001
0.413999
0.413999
0.414001
0.413001
0.413001
0.412999
0.415001
0.413001
0.415001
0.414999
0.415999
0.414001
0.414001
0.413999
0.414001
0.414001
0.412999
0.413001
0.416001
0.415001
0.415999
0.413999
0.415999
0.414999
0.414001
0.414001
0.413001
0.414999
0.413001
0.413001
0.414001
0.415999
0.414999
0.413001
0.413001
0.414999
0.412999
0.428000
0.414001
0.412999
0.414999
0.414999
0.412999
0.412999
0.415999
0.421001
0.413999
0.415001
0.413999
0.422999
0.415001
0.414999
0.413001
0.413001
0.413999
0.414999
0.415001
0.414001
0.414001
0.414001
0.417000
0.414999
0.414001
0.414001
0.415001
0.414999
0.413999
0.414001
0.414999
0.414999
0.413001
0.413999
0.414999
0.415001
0.411998
0.414999
0.415001
0.415001
0.413001
0.415999
0.414999
0.415001
0.413999
0.414001
0.415999
0.414001
0.414999
0.414999
0.416001
0.414999
0.411998
0.414001
0.415001
0.414001
0.413001
0.414001
0.416001
0.414001
0.413999
0.413001
0.414999
0.579000
0.414999
0.414999
0.414001
0.413001
0.413001
0.414001
0.413001
0.412000
0.414001
0.414001
0.413001
0.413001
0.414001
0.415001
0.412999
0.420000
0.413999
0.414001
0.412999
0.413001
0.413999
0.413999
0.415001
0.414001
0.414001
0.414999
0.414001
0.413999
0.412000
0.415001
0.414999
0.413999
0.416001
0.415001
0.414001
0.414999
0.414999
0.414999
0.413999
0.413999
0.414999
0.414999
0.413999
0.414999
0.413001
0.413001
0.414001
0.414001
0.481999
0.414001
0.414001
0.413999
0.415001
0.413001
0.412999
0.413999
0.417002
0.413999
0.413001
0.414001
0.415999
0.413999
0.413001
0.461001
0.413001
0.417000
0.413999
0.416001
0.412999
0.417000
0.413001
0.416001
0.412999
0.414999
0.414001
0.414999
0.414001
0.417000
0.413001
0.415001
0.413999
0.414999
0.413999
0.415001
0.413999
0.415999
0.413999
0.416001
0.412999
0.415001
0.414001
0.414999
0.414001
0.414999
0.414001
0.415999
0.414999
0.417000
0.411998
0.415999
0.413999
0.415001
0.412999
0.416001
0.414001
0.417000
0.413001
0.414999
0.414001
0.417002
0.414001
0.415001
0.414001
0.416001
0.414001
0.414999
0.413999
0.415999
0.413999
0.415999
0.414001
0.415999
0.412000
0.415999
0.412000
0.416001
0.415999
0.431001
0.413001
0.413999
0.414001
0.414001
0.413001
0.413999
0.412999
0.414999
0.412000
0.413999
0.417000
0.415999
0.413999
0.414001
0.413001
0.415001
0.413001
0.414001
0.417000
0.415999
0.415001
0.414001
0.413001
0.416001
0.412999
0.413999
0.417002
0.415999
0.413001
0.413999
0.413999
0.415999
0.412000
0.414001
0.413001
0.413999
0.413001
0.414001
0.415001
0.416001
0.414999
0.414001
0.414999
0.413999
0.416001
0.414999
0.414001
0.416001
0.426000
0.413999
0.416001
0.414001
0.415999
0.414001
0.415001
0.414999
0.414999
0.414001
0.413001
0.414001
0.419000
0.414001
0.413001
0.429001
0.413999
0.418000
0.413001
0.414999
0.414999
0.415999
0.414001
0.415001
0.414001
0.415999
0.416001
0.415999
0.413001
0.415999
0.414001
0.417000
0.414001
0.415999
0.413999
0.414999
0.413001
0.415001
0.416001
0.416001
0.413999
0.417000
0.415001
0.415999
0.412000
0.417000
0.414001
0.414999
0.414001
0.415999
0.413999
0.414999
0.413999
0.415001
0.414001
0.416001
0.413999
0.414999
0.416001
0.415001
0.415999
0.415999
0.415999
0.416001
0.413001
0.416001
0.415999
0.414999
0.412999
0.416001
0.414001
0.418000
0.414001
0.418000
0.414001
0.427000
0.414001
0.415001
0.415999
0.427999
0.414999
0.414001
0.414001
0.415999
0.415999
0.415001
0.414999
0.415999
0.415999
0.417000
0.415001
0.415999
0.414001
0.414001
0.413999
0.415999
0.416001
0.414999
0.414001
0.417000
0.413999
0.414001
0.414999
0.417000
0.413999
0.414001
0.413999
0.414001
0.414001
0.415001
0.413999
0.414999
0.413999
0.413999
0.412999
0.415001
0.412999
0.412999
0.412999
0.414999
0.414001
0.413999
0.412999
0.414001
0.414001
0.413001
0.413999
0.417002
0.413999
0.414001
0.414001
0.415999
0.412999
0.413999
0.414001
0.414999
0.413999
0.414001
0.413999
0.415001
0.414001
0.413999
0.413001
0.430001
0.414999
0.415001
0.414001
0.417000
0.415999
0.417000
0.414001
0.416001
0.415001
0.414999
0.414001
0.414999
0.413999
0.415999
0.415001
0.414999
0.415999
0.414999
0.413999
0.415999
0.413999
0.414999
0.414001
0.414999
0.413001
0.416001
0.415999
0.414999
0.413999
0.415001
0.414001
0.415999
0.414999
0.415999
0.411998
0.415001
0.414001
0.414999
0.415001
0.414999
0.414999
0.416001
0.414001
0.415999
0.416001
0.415001
0.412999
0.415999
0.414001
0.414999
0.414001
0.415999
0.414999
0.415001
0.414001
0.414999
0.413001
0.415001
0.415001
0.414999
0.415001
0.415999
0.413001
0.429001
0.413001
0.414001
0.416001
0.414001
0.413999
0.413001
0.413001
0.414001
0.413001
0.414999
0.413001
0.412999
0.414001
0.414999
0.414999
0.413999
0.415001
0.417000
0.414999
0.415001
0.414001
0.416001
0.414999
