0.295999
0.294000
0.392000
0.292000
0.295000
0.294000
0.294000
0.291999
0.291999
0.293001
0.299999
0.293001
0.297000
0.303000
0.294999
0.291999
0.293001
0.296000
0.297000
0.296000
0.295999
0.295000
0.295000
0.295000
0.300000
0.294000
0.299000
0.295999
0.292000
0.295999
0.293000
0.293000
0.294000
0.294001
0.298000
0.296000
0.297001
0.293000
0.293000
0.294001
0.302000
0.291999
0.292000
0.293000
0.295999
0.291999
0.294000
0.295000
0.294000
0.295999
0.297000
0.297001
0.297001
0.297000
0.293000
0.294000
0.293001
0.294000
0.295000
0.293000
0.294001
0.291999
0.293000
0.291999
0.293001
0.292000
0.333000
0.293000
0.294000
0.293000
0.293001
0.294000
0.294999
0.295000
0.293000
0.297001
0.297000
0.293001
0.294000
0.293000
0.294001
0.295000
0.294000
0.296000
0.293000
0.298999
0.297000
0.293000
0.297000
0.292000
0.314000
0.292000
0.294000
0.292000
0.293001
0.296000
0.297000
0.297000
0.297001
0.297000
0.298000
0.297000
0.293000
0.296000
0.294000
0.293001
0.294001
0.296000
0.298001
0.297000
0.293000
0.292000
0.293001
0.293000
0.293001
0.292000
0.297000
0.296000
0.298000
0.292000
0.294000
0.291999
0.293001
0.293000
0.293000
0.291999
0.297000
0.291999
0.293000
0.293001
0.341999
0.294000
0.294000
0.293001
0.293000
0.292000
0.294001
0.293001
0.294000
0.292000
0.295000
0.297000
0.297000
0.296000
0.301001
0.296000
0.296000
0.296000
0.298000
0.291999
0.292000
0.291999
0.293001
0.294000
0.294000
0.299000
0.298000
0.297001
0.297000
0.296000
0.299000
0.300000
0.297001
0.298000
0.297000
0.297000
0.297001
0.297001
0.295999
0.297001
0.297001
0.295999
0.297000
0.298000
0.297000
0.295999
0.298000
0.297000
0.298000
0.295999
0.301000
0.298000
0.297001
0.315000
0.297000
0.296000
0.297001
0.295999
0.297001
0.295999
0.298000
0.297001
0.297000
0.296000
0.336000
0.321999
0.293001
0.300000
0.293000
0.293000
0.292000
0.293000
0.295000
0.294000
0.293000
0.294000
0.295000
0.293000
0.293000
0.293001
0.297001
0.297000
0.293000
0.293001
0.293000
0.293001
0.295000
0.296000
0.297001
0.298000
0.297000
0.297001
0.297000
0.298000
0.297000
0.293000
0.293000
0.293000
0.291999
0.294000
0.294000
0.293001
0.293000
0.293000
0.293001
0.316001
0.291999
0.299999
0.293000
0.294999
0.294000
0.293001
0.294999
0.298000
0.297000
0.296000
0.297001
0.295999
0.298000
0.298000
0.298000
0.297000
0.299999
0.296000
0.298000
0.296000
0.297000
0.298999
0.336000
0.332000
0.293001
0.293000
0.298000
0.295999
0.301001
0.293000
0.293000
0.293001
0.291999
0.293000
0.294000
0.296000
0.299000
0.294999
0.293001
0.291999
0.293000
0.292000
0.298000
0.297001
0.301000
0.297000
0.295000
0.292000
0.294000
0.292000
0.293000
0.292000
0.294001
0.292000
0.297001
0.294999
0.294000
0.295000
0.301000
0.294000
0.297000
0.301000
0.291999
0.292000
0.293000
0.292000
0.296000
0.291999
0.291999
0.299000
0.296000
0.291999
0.295000
0.293000
0.313999
0.292000
0.296000
0.296000
0.298000
0.297001
0.293000
0.293000
0.293000
0.293001
0.293000
0.297000
0.335000
0.332001
0.293000
0.295000
0.294999
0.295999
0.293001
0.293001
0.292000
0.293001
0.293000
0.295000
0.291999
0.297001
0.297001
0.301000
0.296000
0.298000
0.298000
0.298000
0.294000
0.295000
0.294000
0.295000
0.297001
0.297001
0.297001
0.298999
0.297000
0.297000
0.298000
0.297001
0.295999
0.297001
0.297000
0.298000
0.294999
0.295999
0.294000
0.294000
0.294000
0.320000
0.295999
0.297000
0.297001
0.297000
0.295999
0.297000
0.296000
0.297001
0.297001
0.297001
0.295999
0.297000
0.297000
0.297000
0.297001
0.297000
0.299000
0.298001
0.295999
0.297001
0.296000
0.299000
0.332000
0.305000
0.294000
0.293000
0.293001
0.293001
0.294000
0.293000
0.293000
0.296000
0.294999
0.295000
0.295000
0.294000
0.295999
0.298000
0.297000
0.299999
0.297000
0.298000
0.298000
0.296000
0.295999
0.297000
0.298000
0.298000
0.295999
0.298000
0.314999
0.296000
0.296000
0.298000
0.495001
0.297000
0.294000
0.294000
0.295000
0.294000
0.298000
0.294001
0.295000
0.293000
0.297000
0.293000
0.300000
0.295000
0.297000
0.296000
0.298999
0.297000
0.294000
0.293000
0.294000
0.295999
0.295000
0.295000
0.296000
0.294000
0.295999
0.293000
0.295000
0.295000
0.294999
0.297001
0.313000
0.318000
0.302000
0.296000
0.295999
0.292000
0.294000
0.292000
0.296000
0.293000
0.301000
0.296000
0.299000
0.292000
0.294000
0.295000
0.304000
0.297001
0.295000
0.294000
0.299000
0.293001
0.297001
0.292000
0.294000
0.292000
0.295999
0.293001
0.299000
0.294000
0.294999
0.294000
0.295000
0.293001
0.294000
0.293001
0.298000
0.296000
0.293000
0.294000
0.298000
0.293001
0.300000
0.297001
0.296000
0.297001
0.295000
0.293000
0.294000
0.294000
0.294000
0.292000
0.295999
0.292000
0.295000
0.295000
0.295999
0.292000
0.295999
0.295000
0.299000
0.294000
0.297000
0.294000
0.318000
0.317000
0.299000
0.297000
0.297001
0.295000
0.295000
0.299999
0.295000
0.300000
0.294000
0.293001
0.296000
0.294999
0.298000
0.299000
0.301000
0.298000
0.294000
0.294000
0.295999
0.294999
0.298000
0.298000
0.295000
0.294000
0.294000
0.295000
0.297000
0.298000
0.299000
0.305000
0.296000
0.297000
0.301000
0.295000
0.295999
0.296000
0.296000
0.295000
0.297000
0.294000
0.296000
0.295000
0.294001
0.294999
0.299999
0.295000
0.298000
0.297000
0.299000
0.297000
0.298999
0.295999
0.298000
0.297000
0.319000
0.295000
0.295000
0.293000
0.294000
0.294999
0.296000
0.295000
0.375000
0.332000
0.295000
0.295000
0.299000
0.297000
0.299000
0.298001
0.299000
0.301000
0.295000
0.293000
0.293000
0.293000
0.298999
0.294000
0.298000
0.295000
0.296000
0.295000
0.294000
0.293001
0.299000
0.291999
0.295999
0.295000
0.295000
0.298000
0.298000
0.298000
0.298000
0.291999
0.296000
0.295000
0.298000
0.297001
0.296000
0.296000
0.299000
0.293000
0.294999
0.297001
0.298000
0.295000
0.299999
0.296000
0.303000
0.293000
0.295000
0.295000
0.299000
0.293000
0.299000
0.295000
0.297001
0.292000
0.296000
0.303000
0.295000
0.298000
0.295999
0.298000
0.297000
0.294000
0.333000
0.307000
0.297001
0.294000
0.298999
0.297001
0.294001
0.300000
0.297001
0.297000
0.295999
0.291999
0.298000
0.299999
0.298000
0.301001
0.296000
0.297001
0.295000
0.293000
0.295999
0.293000
0.297000
0.294999
0.294000
0.295999
0.295000
0.295000
0.297000
0.295000
0.295000
0.295000
0.300000
0.293000
0.296000
0.291999
0.299000
0.294999
0.297001
0.297001
0.299000
0.291999
0.299000
0.293001
0.300000
0.293000
0.295000
0.292000
0.296000
0.294000
0.295000
0.293001
0.302000
0.294001
0.296000
0.297000
0.296000
0.294000
0.296000
0.303000
0.297000
0.297001
0.296000
0.295999
0.361000
0.310999
0.294000
0.294000
0.299000
0.295999
0.301000
0.297000
0.299000
0.295000
0.295999
0.295000
0.295000
0.293000
0.294001
0.293000
0.297001
0.299999
0.298000
0.296000
0.299000
0.299000
0.295000
0.292000
0.294000
0.293001
0.294000
0.294999
0.294999
0.292000
0.295000
0.293000
0.297001
0.294000
0.298000
0.294000
0.294000
0.293001
0.295000
0.296000
0.294000
0.291999
0.297000
0.293000
0.312000
0.294999
0.294000
0.293000
0.294000
0.292000
0.295999
0.298000
0.295999
0.295000
0.295999
0.293001
0.295000
0.298000
0.295000
0.298000
0.299999
0.294000
0.296000
0.293000
0.334000
0.330000
0.299999
0.294000
0.299000
0.293001
0.298000
0.293000
0.295999
0.293000
0.297000
0.293000
0.295000
0.293000
0.299000
0.295000
0.295000
0.293000
0.298999
0.294999
0.298000
0.296000
0.296000
0.292000
0.294999
0.293001
0.297000
0.295000
0.298999
0.298000
0.299999
0.298999
0.301000
0.298000
0.296000
0.293000
0.296000
0.299000
0.299000
0.299000
0.299000
0.295000
0.295000
0.294000
0.296000
0.298000
0.298000
0.298000
0.305000
0.295000
0.298000
0.294001
0.301000
0.297000
0.298000
0.298000
0.296000
0.294000
0.296000
0.295000
0.295000
0.294000
0.302000
0.295000
0.335000
0.306000
0.297000
0.295000
0.294000
0.293001
0.303000
0.299000
0.295000
0.293000
0.302000
0.294000
0.301000
0.299999
0.298000
0.292000
0.296000
0.293001
0.295000
0.293001
0.299000
0.297001
0.301000
0.294000
0.313000
0.293001
0.298000
0.296000
0.295999
0.293000
0.294000
0.297001
0.298000
0.295000
0.298000
0.296000
0.298000
0.296000
0.297001
0.291999
0.295999
0.293000
0.297000
0.295000
0.296000
0.294000
0.295000
0.294000
0.297001
0.299000
0.298999
0.293000
0.295999
0.294001
0.295000
0.291999
0.294000
0.294999
0.297000
0.293001
0.298000
0.293000
0.294000
0.295999
0.475000
0.332000
0.295000
0.293000
0.297000
0.293000
0.293000
0.295000
0.295999
0.294000
0.294001
0.294000
0.314000
0.298000
0.297000
0.293001
0.295000
0.297000
0.294000
0.297000
0.300000
0.297000
0.296000
0.294000
0.295000
0.293000
0.295000
0.293001
0.295000
0.292000
0.298000
0.292000
0.299000
0.294000
0.294999
0.291999
0.295000
0.295999
0.294000
0.296000
0.296000
0.294000
0.294000
0.295000
0.299000
0.295000
0.294000
0.294000
0.298000
0.296000
0.296000
0.296000
0.298999
0.300000
0.298000
0.298000
0.295000
0.294999
0.302000
0.293000
0.295999
0.293000
0.299000
0.294000
0.634001
0.329001
0.295999
0.295000
0.302999
0.293000
0.298000
0.317000
0.298000
0.292000
0.299999
0.294000
0.295999
0.293000
0.295000
0.293001
0.294000
0.295999
0.295000
0.295000
0.299999
0.294000
0.296000
0.293000
0.294000
0.294000
0.297000
0.294999
0.294001
0.293000
0.295999
0.293001
0.295000
0.295000
0.294000
0.295000
0.295999
0.291000
