100.679999
77.240000
56.020000
44.800000
51.879999
55.319999
55.340000
42.839999
36.020000
33.280000
31.520000
35.980000
39.520000
37.240000
34.640000
32.580000
31.020000
31.040000
30.840000
30.379999
30.720000
43.700000
38.780000
35.760000
34.240000
32.380000
30.780000
30.460000
30.000000
47.840000
37.800000
31.900000
37.360000
34.200000
31.760000
32.020001
30.960000
39.020000
35.220000
33.100000
33.340001
30.520000
32.440000
33.460000
31.040001
32.940000
31.340000
31.020000
31.339999
29.340000
30.100000
29.700000
28.980000
36.720000
32.660000
31.579999
30.840000
30.920000
30.120000
29.120000
28.779999
33.299999
34.179999
34.940000
32.940000
30.520000
30.460000
29.860000
29.120000
29.440000
37.860000
33.720000
31.720000
35.080000
32.420000
31.980000
29.080000
29.720000
31.940000
30.460000
29.760000
29.540000
29.240000
29.340001
33.600000
31.920001
34.500000
32.360001
30.420000
30.580000
29.560000
29.159999
28.940001
28.820000
36.860000
35.240000
32.980000
31.860000
30.360000
30.420000
29.800000
29.460000
29.280000
35.100000
33.700000
35.540000
32.480000
31.479999
30.139999
30.340000
29.900000
31.420000
30.780001
29.540000
29.340000
31.860000
31.300000
31.360000
31.060000
33.620000
32.560000
30.940000
31.740000
29.940000
30.180000
29.240000
34.159999
33.299999
31.920000
31.480000
30.560001
29.840000
29.660000
29.100000
29.160000
29.039999
38.180000
33.700000
32.740000
30.740000
30.960000
30.380000
29.940000
29.120000
32.000001
31.020001
30.340000
32.980000
32.400000
30.380000
29.519999
30.619999
35.480000
34.320000
30.820000
31.220000
29.920001
32.800000
31.360000
29.940000
49.980000
31.760000
30.760000
30.540001
29.320000
29.340000
29.280000
28.700000
32.420000
35.480000
31.780000
30.280000
30.360000
28.940000
28.600000
29.180000
28.120000
30.000000
32.620000
31.860000
30.040000
30.040000
30.160001
29.080001
28.779999
38.100000
32.020000
30.740000
30.000000
32.500000
30.760000
29.620000
29.879999
29.320001
32.600000
30.320000
29.180000
29.680000
28.680000
31.440000
31.119999
30.840000
34.880000
30.900000
30.480000
29.820000
29.700000
29.380000
29.000000
28.760000
33.220001
31.800000
30.900000
29.800001
29.260000
29.620000
29.260000
54.980000
54.960000
41.280000
37.840000
34.260000
32.360000
31.260001
30.440000
29.740000
29.700000
35.840000
31.880001
30.400000
34.179999
32.640000
30.780001
29.720000
30.960000
35.640000
34.080001
39.520000
33.840001
33.460001
32.940000
34.880000
32.900000
35.220000
31.760000
31.360000
30.060000
30.560000
30.040001
29.979999
29.600000
36.040001
33.440000
32.600001
30.580000
29.999999
30.200000
29.640000
29.540000
52.780000
31.420000
34.519999
33.360001
31.320000
29.620000
29.240000
28.660000
28.700000
34.540000
31.740000
30.600000
30.119999
33.140000
31.260001
30.880000
29.900000
33.920000
30.460000
30.920000
29.979999
29.220000
29.340000
31.980000
31.940000
34.519999
32.800000
31.459999
29.560001
29.700000
29.040000
28.900000
28.780000
29.080000
36.420000
32.880000
30.700000
30.580000
29.920000
29.540000
29.320000
28.800000
35.120000
31.760001
33.220001
31.820000
30.739999
30.420000
30.460000
29.720000
31.300000
30.320000
30.360000
28.800000
29.979999
33.160000
31.320000
31.320000
31.980000
32.120000
31.640001
30.859999
30.180000
29.840000
29.940001
33.360000
32.220000
33.679999
30.640000
30.640000
30.320000
29.660000
30.460000
30.200000
29.499999
34.399999
33.800000
32.940000
31.400000
30.019999
29.700000
29.300000
29.300001
30.300000
30.960000
29.740000
32.360001
30.400001
31.020001
30.499999
29.780000
33.799999
34.260000
32.960000
30.400001
29.280000
30.300000
33.040000
30.680000
30.060000
32.740000
30.859999
29.540000
30.180000
30.080000
28.880000
28.980001
31.640000
34.120000
32.160000
30.340000
30.120000
29.700001
29.600000
29.300001
28.680000
30.359999
29.159999
32.099999
30.520000
29.940000
29.380000
29.480000
29.200000
28.880000
32.860001
30.300000
29.940000
32.600001
31.200000
30.000000
29.840000
29.200000
31.240000
30.420001
30.440000
29.660000
29.280000
29.200000
32.559999
30.780000
34.440000
32.500000
31.920000
31.040000
30.260000
29.140000
28.740000
28.660000
32.340000
31.920000
31.720000
30.300000
29.940000
29.180000
29.500000
30.259999
29.380000
33.820000
30.960000
33.820000
31.579999
30.480000
31.180000
31.740000
30.000000
31.800000
31.280000
30.499999
29.920001
33.600001
32.000000
30.720000
30.080000
35.940001
32.420000
32.000000
32.520001
29.880000
29.660000
32.880000
31.960000
30.740000
31.320000
30.320000
30.040000
29.639999
29.460001
29.860000
29.519999
30.560001
37.340000
34.560000
32.579999
31.980000
31.880000
30.420000
29.980000
30.100000
31.460000
30.520000
33.780000
32.580000
30.239999
30.580000
29.300001
29.300000
41.140000
34.260000
30.880000
29.620000
29.700000
31.700000
30.760000
29.899999
29.580000
30.640000
30.280000
29.460000
30.019999
29.660000
28.700001
31.920000
31.180000
32.880000
32.600001
29.899999
29.540000
29.039999
28.840000
28.780000
28.580000
31.780000
83.200000
103.300001
74.020000
67.600001
67.840000
72.120000
72.380001
68.760000
100.400000
103.900000
73.140000
69.139999
70.020000
77.460000
72.180000
69.800000
77.380001
57.300000
47.340000
58.499999
48.540000
39.700001
35.260000
33.880000
32.920000
41.680000
44.680000
41.259999
36.720000
34.560000
32.840000
31.060000
30.480000
30.760000
45.340001
45.140000
37.560000
34.820001
32.500000
31.220000
31.140000
30.060001
29.979999
35.600000
32.220000
32.040001
34.060000
33.840000
31.220000
30.400000
30.220000
38.980000
34.480000
32.700000
31.940000
31.880000
34.760000
32.020000
30.379999
40.140000
33.260000
30.780000
31.560000
30.480000
30.420000
30.160000
35.399999
37.460000
34.759999
32.200000
53.700000
68.899999
49.940000
40.000000
35.860000
39.380000
39.760000
35.780000
34.360000
31.420000
30.820000
30.700000
29.639999
41.340000
36.680000
33.260000
35.200000
33.960000
33.160000
29.840000
29.560000
37.680000
33.860001
32.440000
31.280001
30.259999
29.560000
35.600000
31.780000
38.920000
33.600000
32.179999
30.220000
30.000000
29.580000
29.379999
29.120000
34.399999
32.760000
30.880000
30.300000
29.340000
29.100000
29.360000
29.100001
28.780000
34.760000
36.280000
32.480001
30.380000
30.220000
30.420001
30.660001
30.740000
34.060000
31.960000
31.500001
30.600000
35.460000
30.700000
31.380001
30.700000
37.440000
33.320000
32.280000
31.980000
30.740000
30.040001
33.520000
33.220000
32.180000
31.080000
31.420000
30.380000
29.840000
30.739999
29.759999
29.700000
29.800001
38.220000
34.480000
32.400001
31.300000
30.400001
30.540000
29.580000
29.280000
31.160000
31.180000
34.320001
31.920000
31.140001
30.320000
30.440000
29.540000
35.019999
32.820000
30.599999
30.619999
30.259999
33.460000
31.840000
30.580000
31.260000
30.140000
29.460000
30.560000
30.080000
28.560000
28.680000
32.300000
31.500001
35.639999
32.020000
31.839999
30.520000
29.600000
29.280000
29.000000
28.900000
32.020000
33.500000
31.580000
30.460000
29.000000
28.940000
28.500000
28.720000
34.340000
31.980000
31.080000
31.940000
31.440000
30.540000
29.980000
30.460000
30.360000
35.020000
31.160000
30.300000
29.680001
31.380001
33.220001
30.220000
29.820000
33.940000
31.440000
30.479999
29.460000
29.020000
29.920000
28.919999
32.140000
34.840000
32.440000
31.020001
30.140000
29.680000
29.380000
29.820000
29.800000
34.860000
35.180001
33.199999
31.180000
30.960000
29.800000
29.340000
29.400000
29.300000
31.660000
30.080000
30.240000
34.380000
30.460000
30.400001
30.040001
29.780000
33.180000
31.800000
31.820000
31.320000
31.160000
32.280000
31.680000
30.720000
32.620001
30.760000
30.300000
30.080000
29.860000
29.520000
29.460000
29.140000
36.320000
33.460001
32.319999
30.420000
30.120000
29.520000
28.960000
29.860000
28.840000
31.740000
32.340000
32.080000
30.420000
29.240000
29.019999
28.800000
29.100000
33.300000
31.320000
30.000000
29.400000
33.060000
30.440001
30.259999
29.520000
31.460000
29.880000
29.639999
29.300000
29.780000
28.940000
31.800000
31.280000
29.780000
34.100000
32.360001
30.440000
29.660000
29.500000
29.020000
28.980000
28.639999
33.460000
30.180001
29.440000
29.080001
29.259999
28.920000
28.860000
28.580001
33.059999
33.200000
32.740000
30.880000
30.800000
29.980000
29.580000
29.180000
28.580000
33.280000
29.780000
29.600000
28.880000
31.940000
31.099999
30.660001
30.040001
34.820001
31.480000
30.560000
29.940001
31.380001
29.240000
33.300000
32.700000
31.440000
31.540000
30.979999
30.259999
29.500000
29.239999
29.540000
29.300000
33.500000
34.480000
31.520001
30.720000
29.760000
29.720000
30.060000
30.140000
29.639999
30.360000
30.380000
32.600000
32.179999
30.820000
31.119999
57.659999
45.480000
82.520001
61.220000
47.960000
39.740000
42.120000
35.460000
34.560001
40.779999
37.180000
33.360000
32.200000
31.760000
30.680000
30.260000
35.180001
38.940000
37.440000
33.200000
32.600000
31.980000
30.139999
29.660000
29.800000
29.840000
41.540001
36.380000
31.819999
30.120000
30.040000
29.480000
30.100000
29.820000
35.280000
33.000000
30.999999
34.280000
32.060000
29.920000
30.959999
29.660000
32.540000
30.800000
30.640000
29.420001
28.900000
32.059999
30.700000
30.560000
34.900000
33.780000
31.700000
31.020000
30.259999
29.600000
29.380000
28.960000
33.199999
38.780000
34.920000
33.600001
31.560000
30.860000
30.980000
29.700001
29.999999
36.680000
35.680000
34.100000
32.900000
31.400001
30.800001
30.740000
30.440000
31.680000
30.820000
29.480000
32.280000
32.760001
30.660001
30.580000
30.340000
34.700000
33.460001
30.960000
30.620000
30.120000
30.800000
34.280000
32.020000
55.699999
34.040000
31.660000
30.080000
29.760000
29.540000
29.780000
29.399999
33.180000
35.739999
33.760000
32.040000
32.100000
30.400001
29.820000
29.379999
30.780000
31.180000
30.420001
34.380000
32.460000
31.800000
30.580000
30.240000
29.340000
35.440000
33.980001
32.600001
31.420000
34.080001
32.420000
30.940000
31.400001
31.720000
31.459999
30.460000
30.080000
29.440000
29.360000
29.100000
31.000000
30.080000
33.940000
32.020001
30.820000
30.300000
29.639999
29.180000
29.019999
28.960001
31.860000
30.300000
29.920001
30.180000
29.380000
