1.216001
1.192000
1.190000
1.191000
1.201000
1.189000
1.213000
1.187000
1.193000
1.196000
1.200000
1.196000
1.192000
1.208000
1.189000
1.190000
1.212999
1.189999
1.186000
1.186000
1.200000
1.190000
1.219000
1.187000
1.200000
1.202000
1.189000
1.211001
1.191000
1.186000
1.245000
1.205999
1.199001
1.192000
1.207000
1.184001
1.197000
1.199000
1.193000
1.195000
1.199000
1.193000
1.195000
1.220000
1.192001
1.197999
1.196000
1.191000
1.208999
1.221000
1.208000
1.215000
1.217000
1.192000
1.209000
1.204000
1.199000
1.188001
1.200001
1.191000
1.209000
1.197000
1.200000
1.189001
1.203001
1.194000
1.202000
1.214000
1.194000
1.186000
1.200000
1.195000
1.212000
1.216001
1.198000
1.192000
1.210000
1.184001
1.204000
1.185000
1.196000
1.191000
1.201000
1.190000
1.197000
1.199000
1.207000
1.201000
1.207001
1.189999
1.207000
1.200000
1.191000
1.200001
1.203000
1.190000
1.189000
1.190000
1.208000
1.196999
1.204000
1.183000
1.198000
1.193000
1.197000
1.200000
1.208000
1.196000
1.201000
1.196000
1.223000
1.195000
1.200000
1.190000
1.197999
1.194000
1.244999
1.203000
1.186999
1.209000
1.193000
1.194000
1.201000
1.200000
1.205999
1.200000
1.207001
1.197000
1.217000
1.200000
1.209000
1.188000
1.203000
1.209000
1.193999
1.191000
1.202000
1.201000
1.205000
1.193000
1.200000
1.193000
1.205999
1.184000
1.197999
1.205000
1.204001
1.194000
1.208000
1.183000
1.205999
1.216999
1.197000
1.195000
1.195000
1.188000
1.196000
1.191000
1.242000
1.244000
1.198000
1.201999
1.206000
1.210000
1.196000
1.195000
1.202000
1.184001
1.186000
1.192000
1.205999
1.207001
1.196001
1.189999
1.202000
1.204000
1.198000
1.204000
1.193000
1.207000
1.200000
1.199001
1.214000
1.202000
1.209999
1.190000
1.204000
1.234001
1.189999
1.208000
1.193000
1.206000
1.196001
1.207001
1.199000
1.193000
1.205000
1.179000
1.209000
1.213999
1.197000
1.232000
1.205000
1.193000
1.203001
1.203001
1.201000
1.193000
1.210000
1.193000
1.204000
1.196999
1.193000
1.208000
1.218000
1.204000
1.204000
1.292001
1.201000
1.197999
1.202000
1.193999
1.209000
1.201000
1.183000
1.213000
1.207001
1.193000
1.209000
1.193000
1.207001
1.199000
1.197000
1.191000
1.198000
1.199001
1.189001
1.187000
1.200001
1.195000
1.195000
1.193000
1.197999
1.220000
1.220000
1.198000
1.202000
1.189000
1.204000
1.196001
1.197999
1.196000
1.192001
1.193000
1.204000
1.211000
1.193000
1.208999
1.208000
1.201000
1.199001
1.197000
1.213999
1.202000
1.222000
1.193000
1.223000
1.200000
1.211001
1.200999
1.199001
1.217000
1.206000
1.204000
1.206000
1.207001
1.193000
1.219000
1.200000
1.196000
1.213999
1.203001
1.210000
1.193000
1.199000
1.205000
1.244000
1.203001
1.210000
1.212000
1.208000
1.213000
1.215001
1.200000
1.210000
1.203001
1.199000
1.209000
1.208000
1.192000
1.209999
1.189000
1.209999
1.200000
1.215000
1.197000
1.207000
1.199000
1.193000
1.199000
1.193999
1.207001
1.202000
1.192001
1.208000
1.201000
1.216999
1.189000
1.199000
1.206000
1.199001
1.204001
1.191000
1.198000
1.208000
1.220000
1.205000
1.202000
1.203001
1.236999
1.214000
1.207000
1.198000
1.198000
1.199000
1.194000
1.194000
1.194000
1.203000
1.198000
1.192001
1.196000
1.193000
1.220000
1.194000
1.205000
1.197000
1.186000
1.196000
1.197000
1.187000
1.198000
1.212000
1.220999
1.201000
1.197000
1.211001
1.200000
1.194000
1.191000
1.205999
1.204001
1.205000
1.200000
1.205000
1.199000
1.201000
1.200000
1.211000
1.197000
1.200000
1.211000
1.243999
1.195000
1.197000
1.197999
1.206000
1.184000
1.200000
1.189000
1.195000
1.198000
1.204000
1.188000
1.190000
1.193000
1.191000
1.186000
1.201999
1.183000
1.198000
1.192001
1.199001
1.197000
1.181000
1.185000
1.191000
1.186999
1.208000
1.213000
1.206000
1.218000
1.196001
1.196000
1.195000
1.199001
1.201000
1.193999
1.203001
1.192000
1.197999
1.199000
1.204000
1.196000
1.282000
1.211001
1.200000
1.212001
1.196001
1.204000
1.200000
1.201999
1.192000
1.197000
1.185000
1.191000
1.199001
1.222000
1.203000
1.205000
1.195000
1.190000
1.204001
1.200000
1.189000
1.190000
1.196000
1.194000
1.211000
1.189999
1.208000
1.200000
1.200000
1.191000
1.199001
1.182000
1.207000
1.213999
1.185000
1.200000
1.207000
1.213999
1.199000
1.232000
1.217000
1.187000
1.213000
1.212000
1.185000
1.199000
1.196000
1.202000
1.196000
1.195000
1.193000
1.188001
1.205000
1.186000
1.213000
1.194000
1.200000
1.201000
1.193000
1.222000
1.200000
1.200000
1.196000
1.196000
1.204000
1.187000
1.205999
1.193000
1.193000
1.205999
1.213000
1.187000
1.191000
1.189000
1.201000
1.184000
1.196001
1.191000
1.203000
1.198000
1.201000
1.180001
1.192000
1.188001
1.197000
1.181999
1.227000
1.191000
1.184000
1.184000
1.192001
1.185000
1.212000
1.181000
1.197000
1.196000
1.200000
1.196000
1.186999
1.196000
1.205999
1.186000
1.204000
1.198000
1.200000
1.184001
1.178999
1.187000
1.197999
1.188000
1.193999
1.195000
1.189999
1.201999
1.201999
1.205999
1.236999
1.200001
1.192000
1.190000
1.209000
1.185000
1.193000
1.190000
1.214000
1.182000
1.194000
1.196000
1.240000
1.204000
1.190000
1.197999
1.208000
1.204001
1.209000
1.199000
1.192000
1.192000
1.217000
1.188001
1.211001
1.206000
1.205000
1.182000
1.207000
1.187000
1.185000
1.195000
1.234001
1.188000
1.194000
1.191000
1.207001
1.205000
1.182000
1.189000
1.192001
1.194000
1.188000
1.193999
1.209999
1.197000
1.200000
1.190000
1.192000
1.189000
1.206000
1.184000
1.196000
1.200000
1.198000
1.229000
1.209999
1.189000
1.193000
1.194000
1.201000
1.199001
1.189000
1.192000
1.200001
1.191000
1.190000
1.194000
1.208000
1.199000
1.196000
1.185000
1.192000
1.215001
1.193000
1.201000
1.196000
1.231000
1.197000
1.204000
1.207001
1.197000
1.205999
1.194000
1.197999
1.201999
1.197000
1.196000
1.193000
1.200999
1.194000
1.200000
1.200000
1.191000
1.197000
1.190000
1.203001
1.201000
1.230001
1.189000
1.195000
1.200000
1.200000
1.208001
1.196000
1.191000
1.199000
1.203000
1.195000
1.197000
1.201999
1.195000
1.201000
1.203000
1.192000
1.205000
1.197000
1.189999
1.197999
1.186999
1.194000
1.206000
1.217000
1.190000
1.197999
1.193999
1.196000
1.208999
1.192000
1.194000
1.203000
1.204000
1.206000
1.213000
1.196000
1.197000
1.195000
1.189000
1.188001
1.196000
1.240000
1.198000
1.203000
1.190000
1.203001
1.242000
1.212000
1.193000
1.200001
1.200000
1.209999
1.190000
1.196000
1.188001
1.202000
1.199000
1.182999
1.192999
1.207001
1.192001
1.209000
1.200001
1.203000
1.196001
1.197000
1.186000
1.201000
1.197999
1.194000
1.199001
1.191000
1.192000
1.197000
1.210000
1.194000
1.197000
1.191000
1.200000
1.204000
1.199001
1.201999
1.193000
1.193000
1.209000
1.205000
1.202000
1.195000
1.195000
1.214000
1.193000
1.194000
1.209000
1.195000
1.203001
1.191000
1.196000
1.200000
1.185000
1.194000
1.185000
1.210000
1.204000
1.211001
1.188000
1.200000
1.189999
1.204999
1.181001
1.201999
1.180000
1.184000
1.201000
1.194000
1.200001
1.196000
1.191000
1.189000
1.198000
1.197000
1.185000
1.196000
1.192000
1.205000
1.198000
1.201000
1.192001
1.232000
1.189999
1.195000
1.189999
1.209000
1.184000
1.196000
1.197000
1.198000
1.203001
1.208000
1.196000
1.197999
1.197000
1.188000
1.192000
1.204000
1.189999
1.203000
1.189000
1.196000
1.186999
1.211000
1.201000
1.204999
1.240000
1.197000
1.203000
1.185000
1.208001
1.187000
1.202000
1.192000
1.187000
1.198000
1.200001
1.196000
1.191000
1.188000
1.200000
1.186999
1.193000
1.235001
1.199000
1.189000
1.203001
1.193000
1.193000
1.191000
1.200000
1.191000
1.196000
1.192001
1.208000
1.190000
1.192000
1.190000
1.201999
1.194000
1.197000
1.191000
1.185000
1.188000
1.206000
1.196001
1.198000
1.205000
1.195000
1.182999
1.206000
1.191000
1.189000
1.188000
1.212000
1.186000
1.189000
1.186999
1.207000
1.188000
1.190000
1.186000
1.181000
1.184000
1.184001
1.190000
1.231000
1.185000
1.207001
1.201000
1.208001
1.193000
1.204000
1.186000
1.188001
1.178999
1.189999
1.209000
1.191000
1.209999
1.212999
1.198000
1.212000
1.192000
1.194000
1.197000
1.201000
1.198000
1.201000
1.190000
1.198000
1.196000
1.199000
1.212000
1.204001
1.200000
1.193000
1.184000
1.193000
1.192000
1.185000
1.196000
1.200999
1.200000
1.198000
1.223000
1.191000
1.193999
1.197000
1.222000
1.207001
1.192000
1.199001
1.191000
1.203001
1.197000
1.195000
1.204000
1.204000
1.193000
1.208000
1.197000
1.208000
1.189000
1.204001
1.181000
1.202000
1.193000
1.203001
1.193999
1.188000
1.192000
1.201000
1.193000
1.196000
1.183000
1.194000
1.187000
1.221000
1.196000
1.201000
1.194000
1.181999
1.187000
1.194000
1.186000
1.189999
1.186000
1.189000
1.203001
1.209000
1.240000
1.230000
1.225000
1.207000
1.191000
1.209000
1.199001
1.205000
1.188000
1.197000
1.195000
1.193000
1.182999
1.208000
1.195000
1.195000
1.224000
1.196000
1.193000
1.203001
1.198000
1.188001
1.191000
1.199001
1.197000
1.201000
1.190000
1.201999
1.201999
1.207000
1.195000
1.216000
1.199000
1.191000
1.215001
1.202000
1.203000
1.204000
1.216999
1.193000
1.189000
1.201000
1.197000
1.219000
1.208000
1.200000
1.208000
1.199001
1.190000
1.195000
1.188001
1.201999
1.193000
1.192000
1.187000
1.194000
1.186999
1.210000
1.205999
1.206000
1.194000
1.201000
1.198000
1.193000
1.220000
1.201999
1.185000
1.199001
1.188000
1.197999
1.200000
1.201000
1.188001
1.204000
