1.215000
1.017999
1.009000
1.209999
1.080001
1.003999
1.017001
1.129000
1.015000
1.009999
1.016999
1.003001
1.132999
1.002999
1.014000
1.114000
1.016999
1.004001
1.016000
1.003001
1.017001
1.003999
1.017001
1.033001
1.017001
1.034999
1.015000
1.035001
1.116998
1.034999
1.075000
1.046000
1.017001
1.155999
1.016999
1.032999
1.016999
1.034999
1.017001
1.034001
1.017999
1.047000
1.021000
1.049001
1.019001
1.035001
1.146000
1.030000
1.019999
1.033999
1.017001
1.030000
1.016000
1.035001
1.016999
1.032000
1.169000
1.031000
1.018999
1.155000
1.015000
1.031000
1.017001
1.123000
1.015000
1.034001
1.015000
1.030000
1.015000
1.034001
1.015000
1.034001
1.015000
1.032999
1.015000
1.033001
1.017001
1.034001
1.017999
1.034001
1.126001
1.033001
1.016000
1.030000
1.016999
1.030000
1.017001
1.030000
1.015000
1.030000
1.017001
1.030000
1.073999
1.033001
1.016000
1.034001
1.151001
1.033999
1.015000
1.051001
1.166999
1.033999
1.020001
1.048001
1.017001
1.033999
1.199000
1.047000
1.018001
1.045000
1.015000
1.045000
1.019001
1.033001
1.017001
1.045000
1.179000
1.046000
1.117000
1.046000
1.073999
1.042999
1.170000
1.033999
1.165999
1.030000
1.017001
1.173999
1.015000
1.034001
1.015000
1.048001
1.014000
1.048001
1.019001
1.034001
1.015998
1.045002
1.016000
1.042999
1.015000
1.048001
1.015000
1.047000
1.015000
1.043001
1.016000
1.034001
1.070999
1.047000
1.019999
1.046000
1.018001
1.155000
1.117000
1.048001
1.018001
1.032999
1.148000
1.124000
1.015000
1.034999
1.017999
1.038000
1.017001
1.032000
1.147998
1.033999
1.116000
1.034999
1.149001
1.033001
1.094000
1.034001
1.016000
1.031000
1.015000
1.034001
1.099000
1.033001
1.015000
1.034001
1.148000
1.030000
1.134999
1.031000
1.016000
1.033001
1.017001
1.035001
1.017001
1.002001
1.117000
1.012001
1.125000
1.002001
1.018001
1.002001
1.016000
1.003001
1.015000
1.003999
1.149001
1.012001
1.017001
1.002999
1.073999
1.003001
1.180999
1.002999
1.166001
1.002999
1.017001
1.004001
1.163999
1.003001
1.117000
1.355000
1.015000
1.001000
1.148999
1.009999
1.017001
1.002001
1.017001
1.102000
1.015000
1.001000
1.017001
1.006000
1.015000
1.042999
1.056001
1.002999
1.072001
1.002001
1.017001
1.003999
1.133000
1.000999
1.076000
1.142999
1.015000
1.001000
1.017001
1.004001
1.017001
1.001000
1.095999
1.005000
1.016000
1.001000
1.073001
1.117999
1.070000
1.116998
1.075000
1.003999
1.133999
1.034001
1.148000
1.003001
1.150001
1.015000
1.073001
1.001999
1.015000
1.140000
1.075000
1.002001
1.015000
1.000999
1.015000
1.003999
1.016000
1.002001
1.015000
1.002001
1.016000
1.001000
1.096001
1.002999
1.069000
1.001999
1.015000
1.003001
1.069000
1.001999
1.070000
1.003001
1.015000
1.000999
1.016000
1.001999
1.015000
1.001000
1.070000
1.002001
1.016000
1.001999
1.015000
1.001999
1.147000
1.115000
1.015000
1.002001
1.018999
1.015000
1.015000
1.001000
1.015998
1.003001
1.015000
1.003001
1.018999
1.001999
1.132999
1.001999
1.016000
1.004001
1.130000
1.151999
1.134001
1.002999
1.015000
1.047000
1.018999
1.046000
1.016000
1.034001
1.015000
1.035001
1.134001
1.046000
1.015000
1.032000
1.018999
1.035001
1.133000
1.032999
1.015000
1.001000
1.134001
1.005000
1.015000
1.001000
1.015000
1.004001
1.105001
1.001000
1.015000
1.002001
1.014000
1.139000
1.133000
1.004001
1.015000
1.002001
1.015000
1.003001
1.014000
1.001000
1.154002
1.002999
1.015000
1.108000
1.149001
1.011001
1.015000
1.002001
1.016000
1.003001
1.149001
1.001999
1.148000
1.001999
1.073999
1.002001
1.015000
1.002001
1.015000
1.001000
1.147998
1.003001
1.070000
1.003001
1.016000
1.002999
1.020001
1.002001
1.016000
1.115000
1.070000
1.001000
1.149001
1.004001
1.015000
1.003001
1.015000
1.004001
1.164000
1.001999
1.015000
1.001999
1.015000
1.001000
1.015000
1.003001
1.016000
1.001000
1.070000
1.016000
1.147998
1.020001
1.015000
1.016999
1.016000
1.001999
1.018999
1.017001
1.134001
1.002001
1.015000
1.004001
1.017999
1.003001
1.017999
1.131000
1.016000
1.003001
1.130000
1.002999
1.134001
1.001000
1.021000
1.015000
1.015000
1.070000
1.071999
1.020001
1.165001
1.002999
1.133000
1.016000
1.133999
1.153000
1.014000
1.002999
1.014000
1.001999
1.019001
1.002999
1.133999
1.003001
1.015000
1.002999
1.015000
1.002001
1.132000
1.003001
1.069000
1.002001
1.014998
1.002999
1.019999
1.138000
1.073001
1.018001
1.016000
1.014000
1.015000
1.044000
1.016000
1.002001
1.070000
1.002999
1.016000
1.000999
1.015000
1.003001
1.016000
1.000000
1.015000
1.003001
1.015998
1.001000
1.015000
1.002001
1.015000
1.001000
1.014002
1.002999
1.074001
1.001000
1.015000
1.004001
1.069000
1.000999
1.015000
1.116000
1.016000
1.001000
1.015000
1.002001
1.149001
1.002001
1.017999
1.016000
1.015998
1.000999
1.016000
1.002999
1.017999
1.001000
1.071000
1.006000
1.016000
1.001999
1.073001
1.130000
1.017001
1.000999
1.015000
1.003999
1.015000
1.000999
1.070000
1.003999
1.015000
1.001000
1.014998
1.003999
1.135999
1.001000
1.016000
1.126001
1.016000
1.001000
1.015000
1.035001
1.016000
1.000999
1.017001
1.005000
1.015000
1.002001
1.015000
1.003999
1.016000
1.001000
1.105001
1.005000
1.015000
0.999998
1.132999
1.004001
1.015000
1.002999
1.015000
1.003999
1.015000
1.001000
1.107000
1.002001
1.016999
1.039000
1.134001
1.016000
1.071000
1.002999
1.016000
1.001000
1.147998
1.002001
1.149999
1.002001
1.016000
1.002999
1.015000
1.002001
1.072999
1.001999
1.016000
1.001000
1.015000
1.038000
1.015998
1.001000
1.148000
1.002001
1.015000
1.003001
1.015000
1.002001
1.164000
1.003001
1.070000
1.002999
1.015000
1.002001
1.021000
1.003001
1.071000
1.002001
1.143999
1.001999
1.015000
1.116000
1.015000
1.116000
1.016000
1.016999
1.015000
1.033999
1.016000
1.080001
1.015000
1.001999
1.031000
1.001000
1.015000
1.004001
1.016000
1.001000
1.015000
1.003999
1.015998
1.002001
1.016000
1.003999
1.016000
1.001999
1.016000
1.003999
1.015000
1.001000
1.015000
1.002999
1.073999
1.001999
1.015000
1.142999
1.019001
1.140000
1.134001
1.003999
1.015000
1.001000
1.015000
1.003999
1.015000
1.002001
1.072999
1.001999
1.015000
1.010001
1.014000
1.004001
1.016000
1.001000
1.015000
1.002001
1.072999
1.115002
1.132999
1.002999
1.133000
1.002001
1.015000
1.002999
1.013001
1.034999
1.016000
1.001000
1.015000
1.002999
1.015000
1.001000
1.148000
1.003999
1.016000
1.001000
1.016000
1.004001
1.016000
1.001000
1.015000
1.002999
1.149999
1.001999
1.163999
1.004001
1.015000
1.001999
1.148000
1.002999
1.015000
1.001000
1.095001
1.002999
1.164000
1.001000
1.015000
1.011999
1.015000
1.002001
1.150001
1.002999
1.070000
1.000999
1.148000
1.013000
1.148000
1.002001
1.149001
1.003001
1.149001
1.001000
1.070000
1.002999
1.017999
1.000999
1.149999
1.003999
1.015000
1.001000
1.015000
1.145000
1.015000
1.018001
1.021000
1.003001
1.015000
1.018999
1.016000
1.095999
1.015000
1.001000
1.015000
1.004001
1.015000
1.002001
1.015000
1.003999
1.024000
1.001000
1.021000
1.013000
1.015000
1.012001
1.016000
1.020001
1.022000
1.001000
1.015000
1.002999
1.015000
1.011999
1.151999
1.015000
1.015000
1.001000
1.015000
1.013000
1.015000
1.001000
1.015000
1.021000
1.015000
1.001999
1.017001
1.011999
1.016000
1.000999
1.015000
1.003001
1.015000
1.044001
1.014998
1.003001
1.021000
1.155000
1.016000
1.002999
1.015000
1.001000
1.016000
1.096999
1.015000
1.001999
1.021000
1.002001
1.015000
1.000999
1.014998
1.002001
1.015000
1.002001
1.015000
1.003999
1.014002
1.013000
1.015000
1.003001
1.017001
1.002001
1.015000
1.002999
1.015000
1.002001
1.016000
1.002001
1.015000
1.001000
1.015000
1.002001
1.016000
1.011999
1.015000
1.002001
1.025001
1.001000
1.015000
1.020001
1.015000
1.019999
1.021000
1.002001
1.015000
1.002999
1.022998
1.002999
1.015000
1.019001
1.015000
1.002999
1.015000
1.002999
1.016000
1.018999
1.015000
1.002001
1.015000
1.008999
1.015000
1.002001
1.016000
1.021001
1.015000
1.002999
1.015000
1.002999
1.023000
1.048001
1.023000
1.033001
1.016000
1.034999
1.021000
1.031000
1.015000
1.031999
1.016000
1.033001
1.016000
1.036001
1.021000
1.189001
1.015000
1.017999
1.023000
1.053000
1.015000
1.019001
1.018001
1.055999
1.015000
1.001000
1.015000
1.134001
1.016000
1.018999
1.015000
1.003999
1.016000
1.002001
1.015000
1.004001
1.016999
1.185000
1.015000
1.003001
1.015000
1.001999
1.015000
1.021000
1.015000
1.001999
1.015000
1.019999
1.021000
1.046000
1.014000
1.040999
1.016000
1.001000
1.016000
1.002999
1.016000
1.001999
1.015000
1.023000
1.014000
1.018999
1.021001
1.033001
1.015000
1.096001
1.015000
1.001999
1.016000
1.031000
1.015000
1.018001
1.018001
1.005000
1.014998
1.003999
1.015000
1.101000
1.016000
1.002999
1.021000
1.001000
1.022998
1.020001
1.015000
1.094000
1.021001
1.003999
1.015000
1.017001
1.015000
1.022000
1.015000
1.001000
1.016000
1.003001
1.015000
1.001000
1.021000
1.004001
1.020001
1.002001
1.021000
1.003001
1.015000
1.016000
1.015000
1.021000
1.015000
1.002001
1.015000
1.004001
1.015000
1.016000
1.016000
1.125999
1.015000
1.001000
1.015000
1.003001
1.015000
1.002001
1.015000
1.002999
1.019001
1.001000
1.016000
1.002001
1.021001
1.001000
1.017001
1.003001
1.015000
1.123000
1.015000
1.002999
1.014000
1.154000
1.016000
1.003999
1.015000
1.000999
1.015000
1.004001
1.015000
1.001999
1.019999
1.002999
