2.429000
2.436000
2.428000
2.439000
2.445000
2.443000
2.421000
2.422000
2.420000
2.442000
2.416000
2.443000
2.418000
2.430000
2.419000
2.442000
2.419000
2.420000
2.420000
2.442000
2.421000
2.422000
2.417000
2.432000
2.417000
2.421000
2.417000
2.475000
2.435000
2.442000
2.421000
2.444000
2.421000
2.443000
2.417000
2.419000
2.417000
2.431000
2.420000
2.438000
2.439000
2.421000
2.417000
2.417000
2.420000
2.445000
2.420000
2.442000
2.417000
2.443000
2.420000
2.421000
2.421000
2.421000
2.421000
2.474000
2.422000
2.421000
2.417000
2.444000
2.417000
2.442000
2.420000
2.444000
2.421000
2.440000
2.416000
2.445000
2.421000
2.422000
2.416000
2.443000
2.420000
2.419000
2.420000
2.442000
2.416000
2.443000
2.417000
2.421000
2.420000
2.442000
2.421000
2.440000
2.420000
2.422000
2.417000
2.442000
2.417000
2.420000
2.418000
2.442000
2.417000
2.423000
2.417000
2.421000
2.419000
2.420000
2.416000
2.442000
2.416000
2.442000
2.417000
2.445000
2.417000
2.421000
2.419000
2.419000
2.416000
2.421000
2.416000
2.442000
2.416000
2.419000
2.417000
2.440000
2.423000
2.445000
2.417000
2.419000
2.420000
2.420000
2.416000
2.423000
2.419000
2.445000
2.416000
2.441000
2.424000
2.444000
2.416000
2.422000
2.442000
2.421000
2.429000
2.442000
2.420000
2.421000
2.417000
2.422000
2.417000
2.438000
2.417000
2.425000
2.417000
2.460000
2.417000
2.422000
2.417000
2.424000
2.417000
2.440000
2.420000
2.421000
2.417000
2.441000
2.419000
2.419000
2.417000
2.417000
2.417000
2.419000
2.417000
2.444000
2.417000
2.426000
2.416000
2.422000
2.421000
2.416000
2.417000
2.421000
2.417000
2.420000
2.423000
2.424000
2.417000
2.421000
2.417000
2.421000
2.416000
2.421000
2.416000
2.421000
2.417000
2.421000
2.417000
2.443000
2.417000
2.437000
2.417000
2.464000
2.417000
2.421000
2.420000
2.419000
2.446000
2.421000
2.420000
2.424000
2.422000
2.419000
2.416000
2.419000
2.416000
2.419000
2.417000
2.420000
2.416000
2.420000
2.418000
2.442000
2.420000
2.423000
2.416000
2.445000
2.416000
2.422000
2.416000
2.444000
2.416000
2.420000
2.417000
2.442000
2.417000
2.434000
2.419000
2.446000
2.420000
2.419000
2.416000
2.422000
2.420000
2.442000
2.421000
2.421000
2.417000
2.469000
2.421000
2.442000
2.417000
2.420000
2.418000
2.438000
2.420000
2.420000
2.416000
2.422000
2.421000
2.420000
2.417000
2.421000
2.416000
2.461000
2.416000
2.418000
2.417000
2.437000
2.417000
2.440000
2.416000
2.442000
2.421000
2.421000
2.417000
2.422000
2.417000
2.424000
2.416000
2.422000
2.416000
2.420000
2.416000
2.425000
2.421000
2.418000
2.417000
2.443000
2.419000
2.420000
2.416000
2.467000
2.416000
2.421000
2.417000
2.420000
2.416000
2.420000
2.427000
2.420000
2.420000
2.421000
2.417000
2.421000
2.416000
2.423000
2.417000
2.422000
2.419000
2.419000
2.418000
2.443000
2.419000
2.481000
2.416000
2.419000
2.417000
2.423000
2.420000
2.420000
2.421000
2.440000
2.417000
2.445000
2.422000
2.424000
2.416000
2.441000
2.420000
2.423000
2.416000
2.446000
2.420000
2.420000
2.420000
2.442000
2.422000
2.422000
2.420000
2.442000
2.416000
2.425000
2.416000
2.419000
2.416000
2.461000
2.416000
2.443000
2.422000
2.442000
2.416000
2.421000
2.417000
2.420000
2.419000
2.443000
2.416000
2.442000
2.417000
2.461000
2.423000
2.418000
2.417000
2.420000
2.464000
2.422000
2.420000
2.423000
2.423000
2.440000
2.424000
2.442000
2.442000
2.424000
2.419000
2.418000
2.421000
2.438000
2.420000
2.445000
2.420000
2.419000
2.421000
2.424000
2.419000
2.442000
2.420000
2.445000
2.420000
2.443000
2.422000
2.418000
2.420000
2.441000
2.418000
2.442000
2.420000
2.421000
2.424000
2.421000
2.420000
2.422000
2.424000
2.425000
2.420000
2.416000
2.420000
2.422000
2.422000
2.440000
2.420000
2.416000
2.420000
2.422000
2.420000
2.443000
2.420000
2.419000
2.418000
2.422000
2.420000
2.421000
2.422000
2.437000
2.423000
2.421000
2.421000
2.422000
2.420000
2.442000
2.420000
2.420000
2.420000
2.421000
2.419000
2.422000
2.423000
2.421000
2.420000
2.445000
2.439000
2.419000
2.421000
2.439000
2.420000
2.473000
2.420000
2.464000
2.421000
2.446000
2.420000
2.442000
2.428000
2.416000
2.420000
2.422000
2.420000
2.419000
2.420000
2.447000
2.416000
2.420000
2.425000
2.473000
2.418000
2.441000
2.420000
2.421000
2.420000
2.445000
2.438000
2.443000
2.421000
2.442000
2.420000
2.422000
2.420000
2.442000
2.421000
2.420000
2.420000
2.442000
2.420000
2.442000
2.419000
2.440000
2.420000
2.441000
2.420000
2.460000
2.420000
2.443000
2.420000
2.424000
2.421000
2.445000
2.420000
2.442000
2.421000
2.420000
2.420000
2.421000
2.421000
2.421000
2.420000
2.421000
2.419000
2.443000
2.420000
2.421000
2.416000
2.464000
2.420000
2.444000
2.420000
2.421000
2.420000
2.441000
2.418000
2.443000
2.421000
2.421000
2.417000
2.423000
2.419000
2.441000
2.421000
2.420000
2.420000
2.420000
2.418000
2.440000
2.417000
2.421000
2.416000
2.419000
2.416000
2.442000
2.420000
2.439000
2.416000
2.464000
2.425000
2.441000
2.420000
2.421000
2.418000
2.443000
2.420000
2.419000
2.420000
2.424000
2.421000
2.444000
2.420000
2.445000
2.420000
2.450000
2.418000
2.442000
2.420000
2.444000
2.421000
2.463000
2.417000
2.417000
2.416000
2.421000
2.420000
2.441000
2.440000
2.422000
2.419000
2.421000
2.421000
2.443000
2.420000
2.421000
2.418000
2.446000
2.419000
2.445000
2.418000
2.423000
2.419000
2.438000
2.420000
2.421000
2.423000
2.422000
2.417000
2.422000
2.417000
2.421000
2.420000
2.422000
2.420000
2.425000
2.421000
2.442000
2.423000
2.421000
2.420000
2.438000
2.424000
2.420000
2.417000
2.417000
2.419000
2.423000
2.419000
2.441000
2.420000
2.445000
2.421000
2.422000
2.420000
2.421000
2.420000
2.424000
2.420000
2.442000
2.421000
2.445000
2.420000
2.422000
2.420000
2.424000
2.420000
2.422000
2.421000
2.442000
2.420000
2.423000
2.422000
2.442000
2.421000
2.420000
2.420000
2.442000
2.417000
2.423000
2.419000
2.442000
2.419000
2.442000
2.420000
2.421000
2.419000
2.443000
2.422000
2.442000
2.420000
2.422000
2.439000
2.421000
2.420000
2.421000
2.418000
2.443000
2.420000
2.422000
2.423000
2.443000
2.420000
2.419000
2.420000
2.421000
2.417000
2.437000
2.420000
2.420000
2.421000
2.440000
2.420000
2.441000
2.419000
2.421000
2.419000
2.423000
2.417000
2.422000
2.417000
2.420000
2.419000
2.422000
2.420000
2.421000
2.418000
2.423000
2.423000
2.443000
2.420000
2.443000
2.420000
2.418000
2.420000
2.442000
2.420000
2.418000
2.419000
2.421000
2.420000
2.422000
2.420000
2.420000
2.420000
2.421000
2.420000
2.423000
2.434000
2.472000
2.420000
2.421000
2.420000
2.470000
2.420000
2.422000
2.441000
2.422000
2.424000
2.441000
2.420000
2.443000
2.420000
2.442000
2.420000
2.445000
2.420000
2.421000
2.420000
2.465000
2.420000
2.420000
2.421000
2.419000
2.420000
2.443000
2.418000
2.419000
2.420000
2.419000
2.421000
2.446000
2.416000
2.440000
2.418000
2.461000
2.420000
2.420000
2.420000
2.444000
2.421000
2.439000
2.421000
2.423000
2.420000
2.422000
2.420000
2.421000
2.420000
2.421000
2.420000
2.423000
2.420000
2.421000
2.419000
2.443000
2.422000
2.445000
2.421000
2.421000
2.420000
2.420000
2.418000
2.444000
2.419000
2.419000
2.419000
2.424000
2.420000
2.421000
2.420000
2.442000
2.420000
2.443000
2.422000
2.419000
2.418000
2.421000
2.420000
2.442000
2.420000
2.421000
2.420000
2.444000
2.420000
2.419000
2.421000
2.442000
2.420000
2.442000
2.422000
2.421000
2.420000
2.417000
2.421000
2.442000
2.420000
2.421000
2.422000
2.419000
2.419000
2.422000
2.421000
2.442000
2.420000
2.443000
2.420000
2.442000
2.420000
2.422000
2.421000
2.443000
2.421000
2.442000
2.421000
2.442000
2.421000
2.442000
2.421000
2.442000
2.420000
2.420000
2.420000
2.441000
2.420000
2.419000
2.421000
2.443000
2.419000
2.421000
2.420000
2.445000
2.420000
2.442000
2.444000
2.443000
2.418000
2.421000
2.421000
2.416000
2.420000
2.422000
2.420000
2.443000
2.422000
2.442000
2.418000
2.422000
2.419000
2.444000
2.421000
2.421000
2.421000
2.421000
2.420000
2.441000
2.420000
2.422000
2.420000
2.421000
2.419000
2.442000
2.422000
2.422000
2.419000
2.442000
2.420000
2.442000
2.420000
2.441000
2.422000
2.443000
2.420000
2.420000
2.421000
2.416000
2.420000
2.422000
2.420000
2.444000
2.421000
2.423000
2.420000
2.441000
2.420000
2.421000
2.420000
2.444000
2.421000
2.421000
2.419000
2.423000
2.420000
2.443000
2.421000
2.446000
2.420000
2.442000
2.421000
2.442000
2.424000
2.422000
2.420000
2.419000
2.420000
2.418000
2.420000
2.425000
2.424000
2.442000
2.420000
2.421000
2.421000
2.421000
2.419000
3.121000
2.441000
2.468000
2.425000
2.423000
2.420000
2.417000
2.424000
2.424000
2.417000
2.444000
2.417000
2.418000
2.416000
2.459000
2.417000
2.443000
2.420000
2.444000
2.417000
2.443000
2.423000
2.422000
2.423000
2.444000
2.417000
2.422000
2.417000
2.421000
2.424000
2.421000
2.416000
2.420000
2.417000
2.421000
2.424000
2.420000
2.417000
2.425000
2.417000
2.421000
2.424000
2.421000
2.418000
2.425000
2.417000
2.440000
2.417000
2.419000
2.423000
2.423000
2.423000
2.420000
2.417000
2.420000
2.423000
2.417000
2.417000
2.421000
2.423000
2.441000
2.417000
2.428000
2.417000
2.421000
2.419000
2.423000
2.417000
2.442000
2.424000
2.417000
2.422000
2.422000
2.417000
2.442000
2.421000
2.443000
2.424000
2.420000
2.428000
2.465000
2.438000
2.417000
