0.135000
0.127000
0.127000
0.127001
0.127001
0.127000
0.128000
0.127000
0.128000
0.127000
0.128000
0.127000
0.127000
0.127000
0.128000
0.127000
0.127999
0.127000
0.127000
0.127000
0.130000
0.127000
0.128000
0.127000
0.128000
0.127000
0.128000
0.127000
0.128000
0.127001
0.128000
0.127000
0.127001
0.127000
0.128000
0.127000
0.127000
0.127000
0.128000
0.127000
0.127000
0.127000
0.128000
0.127000
0.128000
0.127000
0.127000
0.127000
0.128000
0.127000
0.127001
0.127000
0.128000
0.127000
0.127000
0.127000
0.127000
0.127000
0.127000
0.127000
0.128000
0.127001
0.128000
0.127000
0.127000
0.127001
0.127001
0.127000
0.128000
0.127001
0.128000
0.127000
0.128000
0.127000
0.127000
0.127001
0.127001
0.127000
0.127000
0.127000
0.128000
0.127000
0.127000
0.127000
0.128000
0.127000
0.127000
0.127000
0.127000
0.127000
0.129000
0.127000
0.127000
0.127000
0.130000
0.127000
0.128000
0.127000
0.128000
0.127000
0.130001
0.127000
0.128000
0.127000
0.128000
0.127000
0.127000
0.127000
0.128000
0.127001
0.127000
0.127000
0.127000
0.127000
0.128000
0.127000
0.127000
0.127000
0.128000
0.127000
0.128000
0.127000
0.128000
0.127000
0.127000
0.127000
0.128000
0.127000
0.128000
0.127000
0.127000
0.127001
0.128000
0.127000
0.127000
0.127000
0.128000
0.127001
0.127000
0.127000
0.127001
0.127000
0.128000
0.127000
0.127000
0.127001
0.128000
0.127001
0.127000
0.127000
0.127000
0.127000
0.127000
0.127000
0.128000
0.127000
0.127000
0.127000
0.128000
0.127000
0.127000
0.127000
0.127000
0.127000
0.128000
0.127000
0.127000
0.127000
0.128000
0.127001
0.127000
0.127000
0.127000
0.127000
0.128000
0.127000
0.127000
0.127000
0.128000
0.127000
0.127000
0.127000
0.128000
0.127000
0.128000
0.127001
0.127000
0.127000
0.128000
0.127000
0.127000
0.127000
0.128000
0.127000
0.127000
0.127000
0.128000
0.127000
0.127001
0.127001
0.129000
0.127000
0.128000
0.127000
0.127000
0.127000
0.128000
0.127000
0.127000
0.127000
0.128000
0.127001
0.128000
0.127000
0.127001
0.127000
0.128000
0.127000
0.127000
0.128000
0.128000
0.127001
0.127000
0.127000
0.127000
0.127000
0.127000
0.127000
0.174000
0.127001
0.128000
0.127000
0.128000
0.127000
0.127000
0.127000
0.128000
0.127001
0.127000
0.128000
0.128000
0.127000
0.127000
0.127000
0.127000
0.127001
0.153000
0.154001
0.154000
0.153000
0.153000
0.152000
0.153000
0.153000
0.154000
0.153000
0.154000
0.152000
0.128000
0.152000
0.128000
0.127001
0.127000
0.128000
0.127000
0.127000
0.127000
0.127000
0.128000
0.127000
0.127000
0.127000
0.128000
0.127000
0.127000
0.127000
0.128000
0.127000
0.128000
0.127001
0.127000
0.127000
0.128000
0.127001
0.127000
0.127000
0.128000
0.127001
0.128999
0.127000
0.128000
0.127000
0.128000
0.127000
0.127000
0.127001
0.128000
0.127000
0.128000
0.127000
0.128000
0.127001
0.128000
0.127000
0.127000
0.127000
0.128000
0.128000
0.127000
0.127000
0.128000
0.127001
0.127000
0.127000
0.128000
0.127000
0.128000
0.127000
0.127000
0.127000
0.128000
0.127000
0.127000
0.127000
0.128000
0.127000
0.127001
0.127000
0.127000
0.127000
0.128000
0.127000
0.128000
0.127001
0.128000
0.127000
0.127001
0.127000
0.127000
0.127000
0.127000
0.127000
0.128000
0.127001
0.128000
0.127000
0.127000
0.127000
0.127000
0.127000
0.127001
0.127000
0.128000
0.127001
0.127000
0.127000
0.128000
0.127000
0.127000
0.127000
0.127000
0.127000
0.128000
0.127000
0.127000
0.127000
0.128000
0.127000
0.127000
0.127000
0.128000
0.127000
0.128000
0.127000
0.128000
0.127000
0.128000
0.127001
0.127000
0.127000
0.128000
0.127001
0.127000
0.127000
0.128000
0.127000
0.127000
0.127001
0.128000
0.127000
0.128000
0.127001
0.127000
0.127001
0.128000
0.127000
0.127000
0.127000
0.128000
0.127000
0.127001
0.127000
0.127000
0.127001
0.128000
0.127000
0.127000
0.127000
0.128000
0.127000
0.127000
0.127000
0.127000
0.127000
0.128000
0.127000
0.127000
0.127000
0.128000
0.127000
0.127000
0.127000
0.127000
0.127000
0.127000
0.127001
0.128000
0.127000
0.128000
0.127001
0.128000
0.127000
0.127000
0.127000
0.127001
0.127001
0.123001
0.127001
0.127000
0.127000
0.128000
0.127000
0.127000
0.127000
0.128000
0.127000
0.128000
0.127001
0.127000
0.127001
0.128000
0.127000
0.127000
0.127001
0.128000
0.127000
0.127000
0.127001
0.128000
0.127000
0.128000
0.127000
0.128000
0.127000
0.128000
0.127000
0.127000
0.127001
0.139001
0.134000
0.127000
0.127001
0.127000
0.127000
0.128000
0.127000
0.128000
0.127000
0.128000
0.127000
0.127000
0.127000
0.127000
0.127000
0.128000
0.127000
0.127000
0.127000
0.128000
0.127000
0.127000
0.127000
0.128000
0.127000
0.128000
0.127000
0.128000
0.127000
0.128000
0.127000
0.127001
0.127000
0.128000
0.127000
0.127000
0.127000
0.128000
0.127000
0.128000
0.127000
0.128000
0.127000
0.128000
0.127000
0.127000
0.127000
0.128000
0.127000
0.127000
0.127001
0.127999
0.127000
0.127000
0.127001
0.127000
0.127000
0.128000
0.127000
0.127000
0.127000
0.128000
0.127000
0.128000
0.127000
0.127001
0.127000
0.128000
0.127000
0.127000
0.127000
0.127999
0.127001
0.127000
0.127000
0.128000
0.127000
0.128000
0.127000
0.128000
0.126000
0.128000
0.127000
0.128000
0.127000
0.127000
0.127000
0.127000
0.127000
0.128000
0.127001
0.127000
0.127000
0.128000
0.127000
0.127000
0.127000
0.128000
0.127001
0.127999
0.127001
0.127000
0.127000
0.139000
0.134000
0.127000
0.127000
0.127000
0.127000
0.128000
0.127000
0.127000
0.127000
0.128000
0.127000
0.127000
0.127000
0.127000
0.127000
0.127000
0.127000
0.128000
0.127000
0.127000
0.127000
0.128000
0.127000
0.127000
0.127000
0.127000
0.127000
0.128000
0.127000
0.127000
0.127000
0.128000
0.127000
0.127000
0.127000
0.128000
0.127000
0.128000
0.127000
0.127001
0.127000
0.128000
0.127000
0.127000
0.127001
0.128000
0.127001
0.127000
0.127000
0.128000
0.127001
0.127000
0.127000
0.127999
0.127000
0.128000
0.127000
0.127000
0.127000
0.128000
0.127000
0.127001
0.127000
0.131999
0.134000
0.127001
0.127000
0.128000
0.127000
0.127000
0.127000
0.128000
0.127000
0.129000
0.127001
0.127000
0.127000
0.128000
0.127000
0.127000
0.127000
0.128000
0.127001
0.127000
0.127001
0.127000
0.127000
0.128000
0.127000
0.128000
0.127000
0.183000
0.131000
0.128000
0.127000
0.128999
0.127000
0.127999
0.127001
0.129000
0.127000
0.128000
0.127000
0.128000
0.127000
0.128999
0.127001
0.128000
0.127000
0.129000
0.127000
0.128000
0.127000
0.128000
0.127000
0.128000
0.127001
0.128000
0.127000
0.129000
0.127000
0.128000
0.127000
0.128999
0.127000
0.128000
0.127001
0.140999
0.134001
0.130000
0.127000
0.128000
0.127001
0.128000
0.127000
0.128000
0.127000
0.128000
0.127001
0.128000
0.127000
0.128000
0.128000
0.129000
0.127000
0.127999
0.128000
0.128000
0.127001
0.128999
0.127000
0.128000
0.127000
0.127999
0.127000
0.128000
0.127001
0.128000
0.127000
0.128000
0.127000
0.129000
0.127000
0.128000
0.127001
0.129000
0.127000
0.128000
0.127000
0.129000
0.127000
0.128000
0.127000
0.129000
0.127000
0.128000
0.127000
0.128000
0.127000
0.129000
0.127000
0.128000
0.127000
0.127999
0.127000
0.128000
0.127000
0.128000
0.127000
0.128000
0.127000
0.140999
0.134000
0.128000
0.127999
0.128000
0.127001
0.129000
0.127000
0.129000
0.127001
0.129000
0.128000
0.129000
0.128000
0.128000
0.128000
0.129000
0.127000
0.129000
0.127000
0.129000
0.127000
0.128000
0.127000
0.129000
0.127000
0.128000
0.127000
0.128000
0.127001
0.128999
0.127001
0.128000
0.128000
0.129000
0.127000
0.128999
0.127000
0.129000
0.128000
0.129000
0.127000
0.128999
0.128000
0.128999
0.127000
0.128000
0.127000
0.128000
0.127000
0.128000
0.127000
0.129000
0.127000
0.128000
0.127000
0.128999
0.127000
0.128000
0.127000
0.128000
0.127000
0.128000
0.127000
0.141000
0.135000
0.129000
0.127000
0.128999
0.127000
0.128000
0.127001
0.129000
0.127000
0.128000
0.127001
0.128000
0.127000
0.128000
0.127000
0.128000
0.127000
0.128000
0.127000
0.129000
0.127001
0.128000
0.127000
0.128000
0.127000
0.128000
0.148000
0.124000
0.127001
0.129000
0.127000
0.128000
0.127000
0.129000
0.127000
0.128000
0.127000
0.128000
0.127000
0.128999
0.127000
0.128000
0.127000
0.129000
0.127000
0.128000
0.127000
0.128000
0.128000
0.128000
0.128000
0.129000
0.127000
0.129000
0.127001
0.128000
0.127001
0.128000
0.127001
0.128000
0.127000
0.129000
0.128000
0.141000
0.134001
0.129000
0.127000
0.128000
0.127000
0.128000
0.127000
0.129000
0.127000
0.128000
0.127000
0.128999
0.127000
0.128000
0.127001
0.128999
0.127000
0.128000
0.127000
0.128000
0.127000
0.128999
0.127000
0.128000
0.127000
0.128000
0.127000
0.128000
0.127000
0.128999
0.127000
0.128000
0.127000
0.129000
0.128000
0.128000
0.128000
0.128000
0.127000
0.129000
0.127000
0.128000
0.127000
0.128000
0.127000
0.128000
0.127000
0.128000
0.127000
0.127999
0.127000
0.128000
0.127000
0.128000
0.127001
0.128000
0.127000
0.128000
0.127000
0.127999
0.127000
0.129000
0.127000
0.133000
0.136000
0.127999
0.127000
0.128000
0.127000
0.128000
0.127000
0.128000
0.127999
0.130001
0.128000
0.128999
0.128000
0.128000
0.128000
0.130000
0.128000
0.128000
0.127000
0.129000
0.127000
0.128000
0.127000
0.128000
0.127000
0.128000
0.127000
0.128000
0.127000
0.129000
0.127000
0.129000
0.127000
0.128000
0.127000
0.128000
0.127000
0.128000
0.127000
0.128000
0.127000
0.128000
0.127001
