42.140000
24.160000
23.600000
24.860000
24.020000
23.720000
24.400000
24.960000
24.780000
23.260000
24.200000
23.520000
23.360000
23.080000
23.140000
23.180000
23.500000
23.020000
23.300000
23.380000
23.360000
23.020000
23.020000
23.400000
23.140000
24.160000
23.140000
23.140000
23.840000
26.460000
23.340000
23.500000
25.140000
23.740000
23.480000
24.280000
24.360000
23.820000
23.800000
23.760000
23.340000
24.220000
23.920000
23.000000
24.100000
23.120000
23.300000
23.560000
23.260000
23.120000
23.140000
23.140000
23.140000
23.140000
23.260000
23.200000
23.000000
42.460000
24.480000
23.000000
23.740000
23.160000
25.740000
24.300000
23.280000
23.020000
23.020000
23.020000
23.020000
23.020000
23.020000
23.020000
23.020000
23.020000
23.020000
23.020000
23.020000
23.020000
23.020000
23.180000
23.020000
23.440000
23.420000
23.240000
23.240000
23.240000
23.160000
23.140000
23.220000
23.140000
23.120000
23.120000
23.240000
23.240000
23.140000
23.140000
23.020000
23.020000
23.020000
23.020000
23.020000
23.020000
23.020000
23.020000
23.020000
23.020000
23.020000
23.020000
23.140000
23.020000
23.020000
23.020000
23.020000
23.020000
23.020000
23.020000
23.020000
23.020000
23.000000
23.020000
23.020000
23.020000
23.020000
23.020000
23.020000
23.020000
23.020000
23.020000
23.020000
23.020000
23.020000
23.020000
23.020000
23.020000
23.020000
23.020000
23.020000
23.020000
23.020000
23.000000
23.020000
23.020000
23.020000
23.020000
23.020000
23.020000
23.020000
23.020000
23.020000
23.020000
23.020000
23.020000
23.020000
23.020000
23.120000
23.020000
23.020000
23.020000
23.020000
23.020000
23.020000
23.020000
23.020000
23.000000
23.020000
23.020000
23.020000
23.020000
23.020000
23.020000
23.020000
23.020000
23.020000
23.020000
23.020000
23.020000
23.020000
23.020000
23.020000
23.020000
23.020000
23.020000
23.020000
23.020000
23.020000
23.020000
23.020000
23.020000
23.020000
23.020000
23.040000
23.020000
23.020000
23.020000
23.020000
23.020000
23.020000
23.020000
23.020000
23.020000
23.120000
23.020000
23.040000
23.020000
23.020000
23.020000
23.020000
23.020000
23.020000
23.020000
23.020000
23.020000
23.020000
23.020000
23.020000
23.020000
23.020000
23.020000
23.020000
23.020000
23.000000
23.020000
23.020000
23.020000
23.020000
23.020000
23.020000
23.020000
23.020000
29.660000
23.460000
23.020000
23.020000
23.020000
23.020000
23.020000
23.020000
23.020000
23.020000
23.020000
23.020000
23.020000
23.020000
23.020000
23.020000
23.140000
23.020000
23.020000
23.020000
23.020000
23.020000
23.020000
23.020000
23.020000
23.000000
23.020000
23.020000
23.020000
23.020000
23.020000
23.020000
23.020000
23.020000
23.020000
23.000000
23.020000
23.020000
23.020000
23.020000
23.020000
23.020000
23.000000
23.020000
23.020000
23.020000
23.020000
23.020000
23.020000
23.020000
23.020000
23.020000
23.020000
23.020000
23.020000
23.020000
23.020000
23.020000
23.020000
23.020000
23.020000
23.020000
23.120000
23.020000
23.020000
23.020000
23.020000
23.020000
23.020000
23.020000
23.020000
23.020000
23.020000
23.020000
23.020000
23.020000
23.020000
23.020000
23.020000
23.020000
23.020000
23.020000
23.020000
23.020000
23.020000
23.020000
23.020000
23.020000
23.020000
23.020000
23.020000
23.000000
23.020000
23.020000
23.020000
23.020000
23.020000
23.040000
23.020000
23.020000
23.020000
23.020000
23.020000
23.020000
23.040000
23.020000
23.020000
23.020000
23.120000
23.020000
23.020000
23.020000
23.020000
23.020000
23.020000
23.020000
23.020000
23.020000
23.020000
23.020000
23.020000
23.020000
23.020000
23.020000
23.040000
23.020000
23.020000
23.020000
23.020000
23.020000
23.020000
23.020000
23.020000
23.020000
23.020000
23.020000
23.020000
23.020000
23.020000
23.020000
23.020000
23.020000
23.020000
23.020000
23.040000
23.020000
23.020000
23.020000
23.020000
23.020000
23.020000
23.020000
23.020000
23.020000
23.120000
23.020000
23.020000
23.020000
23.020000
23.020000
23.020000
23.020000
23.000000
23.020000
23.020000
23.020000
23.020000
23.020000
23.020000
23.020000
23.020000
23.020000
23.020000
28.920000
23.240000
23.060000
23.020000
24.380000
23.040000
23.080000
23.020000
23.020000
23.020000
23.020000
23.020000
23.020000
23.020000
23.020000
23.020000
23.020000
23.020000
23.020000
23.020000
23.020000
23.020000
23.020000
23.020000
23.020000
23.020000
23.260000
23.020000
23.020000
23.020000
23.020000
23.020000
23.020000
23.020000
23.020000
23.020000
23.020000
23.020000
23.020000
23.020000
23.020000
23.020000
23.020000
23.020000
23.020000
23.020000
23.020000
23.020000
23.020000
23.020000
23.020000
23.020000
23.020000
23.020000
23.020000
23.020000
23.020000
23.020000
23.020000
23.020000
23.020000
23.020000
23.020000
23.000000
23.020000
23.020000
23.020000
23.020000
23.020000
23.020000
23.020000
23.020000
23.120000
23.020000
23.020000
23.020000
23.020000
23.020000
23.020000
23.000000
23.020000
23.020000
23.020000
23.020000
23.020000
23.020000
23.020000
23.020000
23.020000
23.020000
23.020000
23.020000
23.020000
23.020000
23.020000
23.020000
23.020000
23.020000
23.020000
23.020000
23.020000
23.020000
23.020000
23.020000
23.020000
23.020000
23.020000
23.020000
23.020000
23.020000
23.020000
23.020000
23.020000
23.020000
23.020000
23.020000
23.020000
23.020000
23.120000
23.020000
23.020000
23.020000
23.000000
23.020000
23.020000
23.020000
23.020000
23.020000
23.020000
23.020000
23.020000
23.040000
23.020000
23.020000
23.020000
23.020000
23.020000
23.020000
23.000000
23.020000
23.020000
23.020000
23.020000
23.020000
23.020000
23.020000
23.020000
23.020000
23.020000
23.000000
23.020000
23.020000
23.020000
23.020000
23.020000
23.020000
23.020000
23.020000
23.000000
23.020000
23.020000
23.020000
23.020000
23.320000
23.020000
23.040000
23.020000
23.020000
23.020000
23.020000
23.020000
23.020000
23.020000
28.000000
23.140000
23.000000
23.020000
23.020000
23.020000
23.020000
23.020000
23.020000
23.020000
23.020000
23.020000
23.040000
23.020000
23.020000
23.020000
23.020000
23.020000
23.020000
23.020000
23.020000
23.020000
23.020000
23.020000
23.020000
23.020000
23.020000
23.020000
23.020000
23.020000
23.020000
23.020000
23.020000
23.020000
23.020000
23.020000
23.400000
23.020000
23.020000
23.020000
23.020000
23.000000
23.020000
23.020000
23.020000
23.020000
23.020000
23.020000
23.020000
23.020000
23.020000
23.020000
23.020000
23.020000
23.020000
23.020000
23.020000
23.020000
23.020000
23.020000
23.020000
23.020000
23.020000
23.020000
23.020000
23.020000
23.020000
23.020000
23.020000
23.020000
23.020000
23.020000
23.020000
23.020000
23.000000
23.020000
23.020000
23.020000
23.020000
23.020000
23.020000
23.020000
23.120000
23.020000
23.020000
23.020000
23.020000
23.020000
23.020000
23.020000
23.020000
23.060000
23.020000
23.020000
23.020000
23.000000
23.020000
23.020000
23.020000
23.040000
23.020000
23.020000
23.020000
23.020000
23.020000
23.020000
23.000000
23.080000
23.060000
23.080000
23.020000
23.020000
23.020000
23.020000
23.000000
23.020000
23.020000
23.020000
23.020000
23.020000
23.020000
23.020000
23.020000
23.000000
23.020000
23.020000
23.020000
23.020000
23.020000
23.020000
23.020000
23.020000
25.400000
32.400000
34.840000
34.280000
27.180000
23.200000
23.040000
23.020000
23.020000
23.020000
23.020000
23.020000
23.020000
23.020000
23.020000
23.020000
23.020000
23.020000
23.020000
23.020000
23.020000
23.000000
23.020000
23.020000
23.020000
23.020000
23.020000
23.020000
23.020000
23.020000
23.020000
23.020000
23.020000
23.020000
23.020000
23.020000
23.020000
23.020000
23.020000
29.640000
27.880000
25.000000
23.020000
23.020000
23.020000
23.020000
23.020000
23.120000
23.120000
23.120000
23.100000
23.120000
23.120000
23.120000
23.120000
23.100000
23.180000
23.100000
23.020000
23.020000
23.020000
23.140000
23.000000
23.020000
23.020000
23.020000
23.020000
23.020000
23.020000
23.020000
23.020000
23.000000
23.020000
23.020000
23.020000
23.020000
23.020000
23.020000
23.020000
23.020000
23.020000
23.020000
23.020000
23.020000
23.020000
23.020000
23.020000
23.020000
23.020000
23.000000
23.020000
23.020000
23.020000
23.020000
23.020000
23.020000
23.020000
23.020000
23.020000
23.020000
23.020000
23.020000
23.020000
23.020000
23.020000
23.020000
23.020000
23.020000
23.020000
23.020000
23.020000
23.000000
23.020000
23.020000
23.020000
23.020000
23.020000
23.020000
23.020000
23.020000
23.020000
23.020000
23.020000
23.020000
23.000000
23.020000
23.000000
23.020000
23.020000
23.020000
23.020000
23.020000
23.020000
23.020000
23.020000
23.020000
23.020000
23.020000
23.020000
23.020000
23.020000
23.020000
23.020000
23.020000
23.020000
23.020000
23.020000
23.020000
23.020000
23.000000
23.020000
23.020000
23.020000
23.020000
23.020000
23.020000
23.020000
23.020000
23.020000
23.020000
23.020000
23.020000
23.020000
23.020000
23.020000
23.020000
23.020000
23.020000
23.020000
23.000000
23.020000
23.020000
23.020000
23.020000
23.020000
23.020000
23.020000
23.020000
23.020000
23.020000
23.020000
23.020000
23.020000
23.020000
23.020000
23.020000
23.020000
23.020000
23.020000
23.020000
23.020000
23.020000
23.020000
23.020000
23.000000
23.020000
23.000000
23.020000
23.000000
23.020000
23.020000
23.020000
23.020000
23.020000
23.020000
23.020000
23.020000
23.020000
23.020000
23.000000
23.020000
23.020000
27.500000
23.080000
23.080000
23.020000
23.020000
23.020000
23.020000
23.020000
23.020000
23.020000
23.020000
23.000000
23.020000
23.020000
23.020000
23.020000
23.020000
23.020000
23.020000
23.020000
23.020000
23.020000
23.020000
23.020000
23.020000
23.020000
23.020000
23.020000
23.020000
23.020000
23.020000
23.020000
23.020000
23.000000
23.020000
23.020000
23.020000
23.020000
23.020000
23.020000
23.040000
23.020000
23.020000
23.020000
23.020000
23.020000
23.020000
23.020000
23.020000
23.020000
23.020000
23.020000
23.040000
23.020000
23.020000
23.020000
23.020000
23.020000
23.020000
23.020000
23.020000
23.020000
23.020000
23.020000
23.000000
23.020000
23.020000
23.020000
23.020000
23.020000
23.020000
23.020000
23.020000
23.020000
23.020000
23.020000
23.020000
23.020000
23.020000
23.020000
23.020000
