477.097000
477.181001
477.186000
477.043999
477.003000
477.027000
477.033000
477.034000
484.172001
477.044000
477.025000
477.046000
477.015001
477.053000
477.047000
477.031000
477.051000
477.065000
477.041000
477.046001
477.183000
477.148000
477.175999
477.043000
477.158000
481.526000
477.007001
476.842000
476.853000
477.016000
476.989000
476.986000
477.168000
476.997000
476.974000
477.139000
477.127000
477.135001
476.974000
476.965000
476.974000
476.973000
477.183000
477.223000
477.233000
477.157000
477.193000
477.074000
477.193000
477.008000
477.179000
477.002000
477.058000
477.022000
477.014001
477.020000
477.031000
477.055000
480.650000
477.171000
477.010000
477.164000
477.051000
477.050000
477.019000
477.014000
477.015000
476.997000
477.000000
476.993000
477.201000
477.030001
476.987000
477.058000
477.225000
480.709000
477.036000
476.833001
476.820000
476.995001
476.883000
476.837000
476.852001
476.834999
476.872000
476.832001
476.837001
476.984000
476.964000
476.864001
476.820000
477.016999
481.827000
477.193000
477.012999
477.035000
477.024000
477.046001
476.879000
477.036000
477.031000
477.042000
477.026000
476.880000
477.039000
477.026001
477.049001
477.035000
476.993000
477.377000
476.876000
476.867000
476.896999
476.870000
476.853000
476.861000
476.884000
476.848000
476.884999
476.863001
476.859001
477.039000
476.885000
476.838999
476.885000
482.620000
476.895000
477.045000
477.032000
476.870000
476.903000
477.033000
476.870000
476.916000
477.054999
477.043000
477.052000
477.054000
476.870000
476.884000
476.884000
476.871001
481.753000
476.913000
477.062000
476.917000
476.922000
476.912000
476.918001
476.903000
476.873999
476.886000
476.887001
476.898000
476.890001
476.890000
476.850000
476.886000
476.887000
482.531000
477.380999
477.177000
476.996001
477.180000
477.185001
477.191000
477.187000
477.187000
477.165000
477.193000
477.175000
477.169000
477.205999
477.224000
477.171000
481.722000
477.179999
477.165001
477.206000
477.182000
477.165001
477.217000
477.177000
477.152999
477.179000
477.220000
477.176000
477.224000
477.169001
477.167000
476.991000
477.004999
482.450000
476.894000
477.008000
476.822999
476.826000
477.011000
476.981999
476.995000
477.030000
477.016000
477.031999
477.001000
476.822999
476.844000
477.008000
476.850000
476.841000
480.934001
476.991000
477.169000
477.005000
477.039000
477.031000
476.872000
476.814000
476.880000
476.993000
476.983001
476.823000
476.832000
476.849000
476.830000
476.835000
476.824000
476.883001
476.831000
477.015001
477.009000
476.830000
476.831000
477.007000
476.857999
476.822000
476.832001
477.038001
477.018001
477.222000
477.225000
476.996000
476.831000
481.327999
476.888000
477.065000
476.844001
476.865999
476.875001
476.910000
477.057001
477.033000
477.225000
477.020999
477.046999
477.038001
477.020000
477.034000
477.056000
476.864000
482.028000
477.383000
477.043000
477.075000
477.062999
477.059000
476.902000
477.050000
477.026000
477.028000
477.045000
477.017000
476.893000
476.873000
477.027000
477.015000
477.019000
481.192000
477.079000
476.842000
476.822999
477.022000
477.007000
477.034000
477.024999
477.057000
476.976000
477.027999
477.026000
477.008000
476.883001
476.825000
476.852001
477.030001
477.078000
477.191000
477.204000
477.196001
477.179000
477.185000
477.187000
477.187000
477.187000
477.169000
477.162001
477.194000
477.217000
477.038001
477.030000
477.195000
481.099000
477.198000
477.179000
477.158001
477.199000
477.225000
477.177000
477.007000
477.014000
477.002000
477.016999
477.000000
477.011001
476.999000
477.003000
476.992000
477.272999
482.659999
477.182000
477.239000
477.196000
477.159000
477.233000
477.001000
477.171999
477.191000
477.173000
477.177000
477.177000
477.193000
477.194000
477.001000
477.023000
477.011001
477.238000
477.002000
477.040000
477.002000
477.055000
477.002000
477.183000
477.013000
476.981000
477.007000
477.051000
477.003000
477.056000
476.997000
476.997000
477.010000
482.346000
477.037000
477.027000
477.003001
477.004000
476.862000
476.854000
476.837000
476.825000
476.860000
476.840000
476.846000
476.847000
476.876999
476.876000
476.892000
476.846000
481.227000
477.204000
477.198999
477.180000
477.027000
477.164000
477.019000
477.042001
477.013000
477.017000
477.063000
477.038001
477.039000
477.026001
477.041000
477.016000
477.018001
482.386000
477.201000
477.020000
477.025000
477.014001
477.048000
477.161000
477.050000
477.005000
476.833000
477.193001
477.183000
477.173000
477.218000
477.009000
477.014001
477.170999
477.106000
477.017000
476.832000
476.908999
476.853000
476.880999
476.828000
476.992000
476.993000
477.016999
476.997999
477.170000
476.995000
476.848000
477.031999
476.832000
482.773000
476.883000
476.852000
476.849000
477.024000
477.022000
477.002000
477.000000
477.057001
477.015001
477.003000
477.028000
476.984999
477.038000
477.018001
477.021000
476.884999
482.430000
476.998000
476.997000
477.051000
477.028000
477.000000
477.019000
476.990000
477.009000
477.011000
477.037000
477.012000
476.989999
477.003001
477.155000
477.344000
477.214999
482.345000
477.378000
477.000999
477.178000
477.224001
477.181000
477.164000
477.043999
477.010000
477.019000
476.992000
477.012000
477.154000
477.034000
476.997000
477.013000
481.319000
476.989999
476.875000
476.870000
476.875000
477.011000
477.049000
476.837000
476.844000
476.853000
476.822000
476.848000
476.852001
476.850000
476.857000
476.846000
476.871000
481.784000
477.033000
477.213000
477.052000
476.993000
477.166000
476.883000
476.983000
476.988000
477.038000
476.981000
476.988000
477.011000
476.998000
476.991000
476.989000
477.175999
481.249999
477.176000
477.028000
476.827000
477.043000
477.058000
476.879000
476.893000
476.859001
476.897000
476.858000
476.856000
476.864000
476.833000
476.833001
476.980000
476.846999
477.183000
477.204000
477.051000
477.063000
477.157000
477.228000
477.178000
477.146000
477.005000
476.852001
476.997000
477.008000
477.046000
477.171000
477.184000
477.197000
481.714000
477.020000
477.056000
476.888999
476.868999
476.865000
477.008000
477.041001
476.876000
476.846999
477.026001
477.190000
477.030001
476.872000
477.042000
477.025000
476.853000
481.841000
477.163000
477.043000
477.006000
476.844000
476.864999
477.185001
477.196000
476.830000
477.019000
477.203000
477.042001
477.021000
477.006000
477.186000
477.172000
477.181001
480.598000
477.386001
477.008999
477.005000
477.180000
477.024000
476.863000
476.880000
477.006000
476.863001
476.880001
476.828000
476.830000
476.832000
477.043000
477.039999
476.851000
477.051000
477.008000
477.038000
477.180000
477.217999
477.011000
477.024000
477.192000
477.009000
476.826000
477.062999
477.012000
477.000000
477.035000
477.003000
477.217000
481.260000
477.178000
477.005000
477.020999
477.016000
476.831000
476.834000
476.847000
476.877999
477.047000
477.020999
476.817000
477.148000
476.972000
476.966000
476.971000
477.148999
481.260000
476.988000
477.011000
477.004000
477.023000
477.028000
477.019000
477.034000
477.014000
477.052000
477.181000
477.180000
477.050000
477.020000
477.024000
477.055000
477.035000
477.217999
476.879000
477.018001
476.998000
477.012000
477.150001
477.124000
476.837000
476.862000
476.832001
476.848000
476.883000
476.883000
476.821001
477.036000
476.861999
482.138000
477.041001
476.874000
477.138001
477.026000
477.011000
477.182000
477.169000
477.016000
477.012000
477.185001
477.046000
477.047999
477.033000
477.136000
477.163999
477.023000
480.760001
477.203000
477.125000
477.052000
476.881000
476.884999
476.886000
476.894000
476.890001
476.879000
476.875000
476.878000
476.888000
476.863001
477.033000
477.057000
477.052000
479.902999
477.128999
476.832001
477.182999
477.064000
477.021000
476.896000
476.870000
476.869000
476.848000
476.900000
477.030000
477.024999
477.016000
476.838999
476.996000
476.852000
477.011000
476.858000
477.031000
476.821000
477.021000
477.000999
477.018000
476.844001
476.832001
476.999000
476.853000
477.037000
476.997000
477.197001
476.995001
477.182000
481.420000
477.004000
477.030000
476.846000
476.864000
477.049000
477.352000
477.008000
477.160000
477.226000
477.007000
476.974000
477.018000
477.014000
477.002000
477.004000
476.853000
481.956000
477.147000
477.014000
477.019000
477.036000
477.213000
477.018000
477.008000
477.223000
477.006000
477.185000
477.170999
477.183000
477.012000
477.020000
476.830000
476.853000
477.041000
477.332000
477.028000
477.028000
476.846000
477.030000
477.061000
477.025000
476.834999
477.032000
476.825000
477.029000
477.030000
477.026000
476.854000
477.030000
480.634000
477.214000
477.194000
477.028000
477.027000
476.995000
476.825001
476.852000
476.831000
477.008000
476.832001
476.832000
476.870000
476.816000
476.828000
476.841000
476.830000
480.965000
477.065001
476.851000
476.980000
476.860001
476.860000
476.874000
477.005000
476.877000
476.848001
476.893000
476.860000
476.871000
476.997999
476.872000
476.847000
476.836001
480.636001
477.144000
477.116000
477.016000
477.004000
476.998000
476.864000
477.045000
477.028999
477.038001
477.043000
477.029000
477.014000
477.026000
477.027000
477.045000
477.050000
476.880000
477.010000
476.830999
476.842000
476.837000
476.831000
476.847000
476.836000
476.831000
476.872000
477.006000
477.008999
477.005000
476.833001
477.157000
476.821000
481.117000
477.017000
476.873999
476.842000
477.028999
477.006000
476.838000
476.855000
476.980000
476.852001
477.019000
476.872000
476.989000
477.140000
476.950000
477.333000
476.960000
480.950000
476.991000
476.981000
476.996001
476.979000
476.981000
476.968000
476.984000
476.980000
476.971000
476.871001
476.845000
477.028999
476.849000
476.849000
476.853000
476.890001
480.258000
477.186000
476.986000
476.985000
476.984000
476.995000
477.003000
476.983001
476.981999
476.993000
477.006000
476.986000
477.007001
477.023000
476.984000
477.005000
477.006000
477.072000
477.052000
477.008000
477.028999
477.020000
477.046000
477.015001
477.047000
477.018000
477.016999
477.012000
477.044000
477.016999
477.022000
477.008000
477.042000
479.753001
476.870000
476.860001
476.886000
476.852001
476.881000
476.876999
476.849000
476.892999
476.863001
476.857000
476.860000
476.988001
476.873000
476.881000
476.886000
476.878000
481.320000
477.084001
477.047000
477.051999
477.050000
477.044000
477.211000
477.015000
476.866000
476.902000
476.877999
477.044000
477.078000
477.085000
477.066999
477.229000
477.077000
477.033000
477.003000
477.176000
477.170000
477.192000
477.173001
477.162000
477.210999
477.209999
477.202000
477.170000
477.216000
477.168000
477.179999
477.175000
477.167999
480.440000
477.180000
477.014001
476.851000
476.882000
477.010000
476.993000
477.052000
476.982000
476.993000
476.995000
477.002000
477.000000
477.052000
477.159000
477.137000
477.141000
480.637000
477.156000
477.177000
476.960000
476.985000
476.846000
476.979000
476.996000
476.833001
476.845000
476.826000
476.820000
476.820000
476.880999
476.992999
476.976001
477.015000
480.804999
477.160000
477.023999
477.216000
476.975000
