0.227000
0.225000
0.220000
0.220000
0.220000
0.220000
0.220000
0.220000
0.220000
0.220001
0.220000
0.220000
0.220000
0.221000
0.220000
0.220001
0.220000
0.221000
0.225000
0.223000
0.220000
0.221000
0.220000
0.220000
0.220000
0.220000
0.220000
0.221000
0.219001
0.220000
0.220000
0.221000
0.220000
0.220000
0.220000
0.220000
0.221000
0.222000
0.220001
0.219000
0.220000
0.221000
0.220000
0.220000
0.220001
0.220000
0.220000
0.220000
0.222000
0.220000
0.220001
0.220000
0.220001
0.220000
0.220000
0.219000
0.221000
0.220000
0.221000
0.220000
0.220000
0.220000
0.220001
0.219001
0.221000
0.220000
0.221000
0.219001
0.221000
0.220001
0.220001
0.220000
0.222000
0.220000
0.220000
0.226000
0.217999
0.219000
0.218000
0.219001
0.220000
0.222000
0.220001
0.221000
0.220000
0.220000
0.220001
0.220000
0.221000
0.221999
0.220000
0.220000
0.220000
0.220001
0.220000
0.220000
0.220001
0.220000
0.220000
0.220000
0.220000
0.225000
0.220000
0.221000
0.220000
0.220000
0.220000
0.220000
0.220000
0.220000
0.220999
0.220000
0.221000
0.222000
0.220000
0.221000
0.221000
0.221999
0.220000
0.221000
0.220000
0.220000
0.221000
0.221000
0.220000
0.221000
0.220001
0.220000
0.221999
0.220000
0.223001
0.220000
0.220000
0.220000
0.220000
0.221999
0.220000
0.220001
0.220001
0.221000
0.221000
0.220000
0.220000
0.220000
0.221000
0.220000
0.219000
0.220000
0.220000
0.221000
0.220000
0.221999
0.220000
0.221000
0.220000
0.220001
0.220000
0.220000
0.220000
0.222000
0.226000
0.218000
0.217999
0.218000
0.220001
0.220001
0.220000
0.220000
0.220000
0.220000
0.220001
0.220001
0.225000
0.220000
0.221000
0.220999
0.220000
0.223000
0.220001
0.220000
0.220000
0.220000
0.222000
0.221000
0.220000
0.220000
0.221000
0.220000
0.220000
0.220000
0.220000
0.220000
0.224000
0.221000
0.221000
0.220000
0.221000
0.220000
0.220000
0.221000
0.220000
0.220000
0.220000
0.220000
0.222000
0.220001
0.220000
0.220000
0.220000
0.220000
0.222000
0.221000
0.219000
0.220000
0.220001
0.220000
0.220001
0.220000
0.220000
0.220001
0.220000
0.220000
0.220999
0.220000
0.220000
0.220001
0.221999
0.220000
0.220001
0.220000
0.220001
0.220000
0.220000
0.220000
0.221000
0.220000
0.220000
0.221000
0.220000
0.220000
0.220000
0.221000
0.220000
0.220000
0.220000
0.224000
0.220000
0.220000
0.220000
0.222000
0.220000
0.220000
0.221000
0.219000
0.220000
0.224000
0.221000
0.220000
0.220001
0.221000
0.220001
0.220000
0.220000
0.220000
0.220000
0.221000
0.220000
0.220000
0.219001
0.220000
0.219000
0.220000
0.220001
0.220001
0.220000
0.219001
0.220001
0.223001
0.221000
0.221999
0.220000
0.221000
0.220000
0.220000
0.221999
0.220000
0.220000
0.220000
0.220000
0.220000
0.220000
0.220000
0.222000
0.220000
0.220000
0.220001
0.219001
0.220000
0.221000
0.220000
0.220001
0.221999
0.219000
0.220001
0.220000
0.219000
0.220000
0.219001
0.220000
0.220000
0.221000
0.220000
0.220000
0.220000
0.220001
0.220000
0.220000
0.222000
0.221000
0.220000
0.220000
0.220000
0.219000
0.220000
0.220000
0.221000
0.221000
0.222000
0.220001
0.220000
0.220001
0.247001
0.217999
0.217999
0.217999
0.221000
0.217000
0.219001
0.220000
0.220001
0.220000
0.221000
0.220001
0.220000
0.219001
0.221999
0.219001
0.221000
0.220000
0.220000
0.225000
0.220000
0.221000
0.220000
0.221999
0.221000
0.220000
0.222000
0.220000
0.220000
0.220000
0.221000
0.220000
0.222000
0.220000
0.220000
0.220000
0.221000
0.220000
0.220000
0.221000
0.220000
0.222000
0.220000
0.220001
0.220000
0.220000
0.220000
0.220999
0.220000
0.220000
0.220000
0.220000
0.220000
0.220001
0.220000
0.220000
0.222000
0.220000
0.220000
0.220000
0.220000
0.220000
0.219001
0.220000
0.220000
0.220000
0.219001
0.220001
0.221000
0.220000
0.220000
0.220000
0.220000
0.220001
0.220000
0.220001
0.221000
0.220000
0.220001
0.220000
0.219001
0.221000
0.221000
0.220000
0.221000
0.221000
0.218000
0.218000
0.218000
0.221000
0.223000
0.221000
0.222000
0.220000
0.222000
0.220000
0.220001
0.220000
0.220000
0.220000
0.221000
0.218000
0.218000
0.217999
0.219001
0.218000
0.219000
0.218000
0.221999
0.220000
0.221000
0.223000
0.220000
0.220000
0.220000
0.220000
0.220000
0.220000
0.220000
0.221000
0.221999
0.220000
0.220000
0.220001
0.222000
0.220001
0.220000
0.220001
0.221000
0.219001
0.220000
0.220000
0.220000
0.220000
0.220000
0.220000
0.220001
0.219001
0.221000
0.220001
0.220000
0.220000
0.220000
0.220000
0.221000
0.221000
0.220000
0.220000
0.221000
0.220001
0.221000
0.220000
0.220000
0.220000
0.220001
0.220001
0.223000
0.221000
0.220000
0.220000
0.220000
0.220000
0.220001
0.220000
0.220000
0.220000
0.220001
0.220000
0.220000
0.219000
0.224000
0.218000
0.220000
0.219000
0.220001
0.219001
0.221000
0.219000
0.220000
0.219000
0.220000
0.219000
0.221999
0.220000
0.220000
0.220000
0.220001
0.220001
0.221000
0.219001
0.220000
0.220001
0.220000
0.220000
0.220000
0.220000
0.220001
0.221000
0.220000
0.218000
0.217000
0.217999
0.220000
0.217999
0.221000
0.220000
0.221000
0.220000
0.220000
0.220000
0.220000
0.220000
0.220000
0.220001
0.220001
0.220000
0.223000
0.221000
0.222000
0.220001
0.220000
0.220001
0.220000
0.220000
0.220000
0.220000
0.220000
0.220000
0.221000
0.220000
0.221000
0.221000
0.220001
0.221000
0.220000
0.220000
0.220001
0.221000
0.220999
0.220000
0.220001
0.220000
0.220000
0.219000
0.220000
0.219000
0.221000
0.220000
0.220000
0.219000
0.221000
0.220000
0.221000
0.220000
0.221000
0.221999
0.220000
0.217000
0.219000
0.218000
0.220001
0.220000
0.220000
0.220000
0.220001
0.220001
0.220000
0.220000
0.220000
0.221999
0.220000
0.220000
0.221000
0.219000
0.221000
0.221000
0.220000
0.220000
0.220000
0.221000
0.220000
0.220001
0.219001
0.220000
0.220000
0.220000
0.221000
0.221000
0.220000
0.220000
0.221000
0.220000
0.220000
0.220999
0.220001
0.223000
0.220001
0.220000
0.220000
0.220000
0.220000
0.223001
0.220000
0.220000
0.220000
0.220000
0.219000
0.220000
0.219001
0.221000
0.220001
0.220999
0.221000
0.219000
0.222000
0.221000
0.220000
0.220000
0.220000
0.220000
0.220001
0.220000
0.221000
0.221000
0.220000
0.221000
0.220000
0.220000
0.220000
0.220000
0.220000
0.220000
0.221000
0.220000
0.219000
0.219001
0.220000
0.219001
0.221000
0.220001
0.220001
0.223001
0.219000
0.219000
0.220000
0.220001
0.220001
0.220000
0.221000
0.220000
0.220000
0.225000
0.219000
0.220000
0.220000
0.220001
0.220000
0.220000
0.220000
0.222000
0.222000
0.220000
0.220000
0.220000
0.220001
0.220000
0.220000
0.220000
0.220000
0.222000
0.220000
0.220001
0.220000
0.220000
0.222000
0.220000
0.220000
0.220000
0.221000
0.220000
0.220000
0.220000
0.221000
0.220000
0.220000
0.221000
0.220000
0.220000
0.220000
0.220000
0.220000
0.221000
0.221000
0.220000
0.221000
0.220001
0.219000
0.221000
0.219000
0.220001
0.220000
0.220000
0.220000
0.219000
0.222000
0.220000
0.220000
0.220001
0.220000
0.219001
0.221000
0.220001
0.220000
0.220000
0.220000
0.220001
0.222000
0.220000
0.220000
0.220001
0.220000
0.220000
0.220000
0.219000
0.220000
0.220000
0.224001
0.218000
0.220000
0.220000
0.221999
0.220000
0.220000
0.220000
0.220000
0.220000
0.220001
0.219000
0.220000
0.222000
0.220000
0.221000
0.221000
0.220001
0.219001
0.218000
0.220000
0.218000
0.227000
0.218000
0.219001
0.220000
0.220000
0.219001
0.220000
0.220000
0.220000
0.220000
0.221999
0.221000
0.220001
0.220001
0.220000
0.220000
0.219001
0.221000
0.221000
0.220000
0.222000
0.219000
0.220000
0.220000
0.220000
0.220000
0.220000
0.220000
0.221000
0.220000
0.221000
0.220000
0.220000
0.220000
0.220000
0.220000
0.221000
0.221000
0.220000
0.220000
0.220000
0.222000
0.220000
0.220000
0.220001
0.220000
0.220000
0.220001
0.220000
0.220000
0.221000
0.220000
0.220001
0.220000
0.219000
0.221000
0.222000
0.219001
0.220000
0.220000
0.220000
0.220000
0.220001
0.221000
0.349000
0.221000
0.222000
0.219000
0.220000
0.220000
0.220000
0.220001
0.221000
0.220000
0.221000
0.220000
0.220001
0.220000
0.219001
0.222000
0.219001
0.220000
0.221000
0.221000
0.219000
0.219000
0.221000
0.219001
0.220001
0.223000
0.219001
0.220000
0.220000
0.219000
0.222000
0.220000
0.220000
0.220000
0.219001
0.220000
0.220001
0.220000
0.220000
0.220000
0.220001
0.220999
0.220000
0.220000
0.220001
0.220000
0.220001
0.220000
0.220001
0.220000
0.220000
0.220001
0.220000
0.220000
0.222000
0.220000
0.220001
0.222000
0.220000
0.220000
0.220000
0.220000
0.219000
0.217999
0.219001
0.217999
0.218000
0.219000
0.220000
0.220000
0.220000
0.221000
0.220000
0.220000
0.220000
0.220000
0.220001
0.220999
0.220000
0.220000
0.223001
0.221999
0.221000
0.220000
0.223000
0.246000
0.217999
0.219000
0.222000
0.219000
0.218000
0.217000
0.220000
0.225000
0.220001
0.220000
0.221000
0.218000
0.220000
0.218000
0.218000
0.218000
0.219001
0.220000
0.220000
0.220000
0.220000
0.221999
0.220000
0.220001
0.222000
0.220001
0.220001
0.219000
0.220000
0.221000
0.220000
0.220000
0.221000
0.220000
0.220000
0.219001
0.221000
0.223001
0.221000
0.221999
0.220001
0.220000
0.220001
0.220001
0.220001
0.220000
0.220000
0.221000
0.220001
0.305001
0.217999
0.218000
0.217999
0.218000
0.221000
0.220000
0.221000
0.221000
0.220000
0.219000
0.221000
0.220000
0.222000
0.220001
0.220000
0.220000
0.220000
0.220001
0.220000
0.221999
0.221000
