2.007999
1.997001
1.994000
1.986000
1.991000
1.995000
1.991999
1.993001
1.992000
1.990000
1.991000
1.991000
1.993001
1.992000
1.991000
1.989000
2.002000
1.994000
1.994000
2.001000
1.995000
1.991000
1.999000
1.990000
1.993001
1.990001
1.993001
1.991000
1.991000
1.991000
1.993000
1.993000
1.995000
1.990001
2.003000
1.992000
1.991000
1.999000
1.996000
1.993001
1.991000
1.993000
1.993000
1.999999
1.991000
1.994000
1.996000
1.990000
1.993000
1.993001
1.997001
1.994001
1.991000
1.993001
1.995000
1.992000
1.993000
1.990000
1.994000
1.985000
1.983000
1.984000
1.986000
1.984000
1.987999
1.984000
1.983000
1.987000
1.985000
1.984000
1.988000
1.982000
1.982000
1.984000
1.989000
1.987000
1.982001
1.982000
1.989000
1.982000
1.984000
1.981000
1.982000
1.985000
1.983999
1.988000
1.989000
1.990001
1.983000
1.986000
1.983999
1.982001
1.987000
1.983000
1.985000
1.983000
1.983000
1.984000
1.988000
1.986000
1.984000
1.982000
1.988000
1.979000
1.989000
1.985000
1.990000
1.986000
1.982000
1.985000
1.984000
1.989000
1.983000
1.984000
1.984000
1.983001
1.985000
1.987000
1.983000
1.986000
1.987000
1.986000
1.989000
1.984000
1.987000
1.987000
1.979000
1.985000
1.985000
1.986000
1.985000
1.984000
1.983000
1.986001
1.983000
1.983000
1.986000
1.983001
1.990001
1.987000
1.985000
1.984000
1.979000
1.983000
1.986000
1.982000
1.984000
1.985000
1.985000
1.983000
1.979000
1.982000
1.982000
1.984000
1.989000
1.987000
1.984000
1.983000
1.985000
1.983999
1.985000
1.987000
1.985000
1.992000
1.985000
1.987000
1.982000
1.983000
1.988000
1.985000
1.982000
1.982000
1.982000
1.985000
1.982000
1.979999
1.983999
1.983000
1.983000
1.982001
1.985000
1.981000
1.983000
1.983000
1.987000
1.985000
1.979999
1.983000
1.982000
1.989000
1.983999
1.986001
1.984000
1.987000
1.986000
1.986000
1.984000
1.984000
1.988000
1.982000
1.983999
1.983999
1.989000
1.985000
1.984000
1.989000
1.982001
1.987000
1.982000
1.982000
1.987000
1.980000
1.986000
1.976000
1.985000
1.987000
1.987000
1.987000
1.976000
1.982000
1.982000
1.985000
1.985000
1.983000
1.984000
1.983000
1.982000
1.984000
1.988000
1.986000
1.984000
1.980000
1.985000
1.983000
1.983000
1.985000
1.988000
1.983000
1.980999
1.979000
1.987000
1.986000
1.979000
1.984000
1.983999
1.985000
1.985000
1.983000
1.984000
1.987000
1.988000
1.984000
1.985000
1.987000
1.987000
1.987999
1.986001
1.985000
1.987000
1.986000
1.987000
1.984000
1.983999
1.984000
1.984000
1.985000
1.986000
1.986001
1.986001
1.987000
1.984000
1.983999
1.983000
1.985000
1.985000
1.982000
1.984000
1.985000
1.987001
1.985000
1.988000
1.985000
1.986000
1.984000
1.989000
1.985000
1.985000
1.983000
1.985000
1.985000
1.987999
1.986000
1.984000
1.985000
1.980000
1.988000
1.984000
1.985000
1.984000
1.985000
1.983999
1.986000
1.985000
1.980000
1.983000
1.987000
1.984000
1.987999
1.986000
1.985000
1.986000
1.984000
1.986001
1.986000
1.984000
1.985000
1.985000
1.987999
1.989000
1.983999
1.985000
1.983000
1.985000
1.984000
1.988000
1.984000
1.983000
1.984000
1.986000
1.985000
1.983000
1.983999
1.983999
1.987999
1.981000
2.001000
1.986000
1.984000
1.984000
1.984000
1.985000
1.983999
1.988000
1.983000
1.989000
1.989000
1.983000
1.979000
1.987000
1.985000
1.988000
1.985000
1.984000
1.983000
1.984000
1.983000
1.980999
1.983000
1.984000
2.166000
1.984000
1.986000
1.980999
1.988000
1.986000
1.986000
1.989000
1.989000
1.982001
1.982000
1.982000
1.984000
1.983000
1.980000
1.983999
1.982000
1.985000
1.987999
1.986000
1.984000
1.983000
1.994000
1.984000
1.986000
1.984000
1.985000
1.979000
1.988000
1.982001
1.982001
1.985000
1.986000
1.982001
1.986001
1.982000
1.982000
1.980999
1.983000
1.983000
1.982000
1.988000
1.980000
1.986001
1.986000
1.985000
1.983000
1.988000
1.983000
1.985000
1.982000
1.983000
1.985000
1.987000
1.987000
1.982000
1.982000
1.984000
1.983999
1.987000
1.987000
1.985000
1.984000
1.985000
1.986001
1.985000
1.987000
1.986001
1.988000
1.982000
1.983000
1.984000
1.986000
1.985000
1.986000
1.983000
1.982000
1.984000
1.987000
1.989000
1.983000
1.986000
2.098001
1.986000
1.985000
1.988000
1.985000
1.992000
1.986000
1.984000
1.983000
1.987999
1.989000
1.979000
1.985000
1.983000
1.985000
1.984000
1.987000
1.988000
1.989000
1.985000
1.987000
1.987999
1.987999
1.990000
1.986000
1.990000
1.987000
1.986001
1.991000
1.986000
1.983000
1.989000
1.985000
1.986000
1.987000
1.983999
1.987999
1.980999
1.990000
1.984000
1.983000
1.987000
1.986001
1.986001
1.987000
1.983000
1.983000
1.987000
1.983000
1.982001
1.989000
1.984000
1.986000
1.983000
1.984000
1.984000
1.986000
1.984000
1.985000
1.987999
1.988000
1.985000
1.991000
1.983999
1.989000
1.982001
1.984000
1.983000
1.990000
1.979000
1.985000
1.985000
1.985000
1.982000
1.983000
1.983001
1.988000
1.980999
1.985000
1.981000
1.984000
1.983999
1.988000
1.979000
1.982000
1.985000
1.989000
1.984000
1.984000
1.986000
1.988000
1.989000
1.989000
1.991999
1.984000
1.984000
1.983000
1.985000
1.982000
1.983000
1.985000
1.986000
1.983000
1.987000
1.984000
1.983000
1.983000
1.983999
1.987000
1.983000
1.988000
1.986000
1.985000
1.990000
1.984000
1.990001
1.978001
1.984000
1.985000
1.983000
1.987000
1.986000
1.981000
1.983000
1.989000
1.984000
1.983000
1.986001
1.987000
1.983000
1.986000
1.987999
1.988000
1.992000
1.982000
2.006000
1.985000
1.991000
1.984000
1.983000
1.985000
1.981000
1.983000
1.986000
1.991000
1.984000
1.984000
1.984000
1.985000
1.985000
1.982000
2.002000
1.991000
1.984000
1.987000
1.984000
1.984000
1.987999
1.983000
1.989000
1.989000
1.987000
1.988000
1.984000
1.986000
1.989000
1.980000
1.986000
1.986000
1.986000
1.985000
1.984000
1.985000
1.983001
1.980000
1.988000
1.987000
1.986000
1.988000
1.984000
1.986000
1.988000
1.983999
1.994001
1.983000
1.985000
1.986000
1.990000
1.987000
1.988000
1.986000
1.987999
1.987000
1.984000
1.985000
1.983000
1.989000
1.986000
1.989000
1.987999
1.986001
1.985000
1.986000
1.982001
1.987999
1.986000
1.987000
1.985000
1.985000
1.987000
1.989000
1.983999
1.984000
1.986000
1.983000
1.992000
1.981000
1.981000
1.988000
1.984000
1.983000
1.984000
1.982001
1.987000
1.985000
1.985000
1.985000
1.990000
1.991000
1.985000
1.983000
1.984000
1.987000
1.984000
1.991000
1.994001
1.990000
1.986000
1.985000
1.986000
1.983000
1.982000
1.985000
1.987000
1.988000
1.982000
1.981000
1.982001
1.986000
1.989000
1.987000
1.986001
1.987000
1.987999
1.985000
1.982000
1.989000
1.986001
1.991000
1.990000
1.982001
1.983999
1.987000
1.991000
1.983000
1.989000
1.989000
1.986001
1.983001
1.984000
1.989000
1.998001
1.990000
1.990000
1.983000
1.981000
1.986000
1.988000
1.986000
1.985000
1.986000
1.984000
1.985000
1.989000
1.985000
1.985000
1.986000
1.983000
1.983001
1.981000
1.990001
1.987000
1.984000
1.988000
1.989000
1.985000
1.985000
1.987000
1.987000
1.984000
1.988000
1.990001
1.989000
1.987000
1.983000
1.989000
1.988000
1.990000
1.986000
1.986000
1.989000
1.985000
1.987000
1.983000
1.985000
1.984000
1.986000
1.990000
1.986001
1.986000
1.987000
1.984000
1.987000
1.984000
1.990001
1.986000
1.981000
1.990001
1.984000
1.980999
1.985000
1.991000
1.983000
1.983000
1.984000
1.985000
1.982001
1.990001
1.987000
1.981000
1.983000
1.980999
1.983000
1.991999
1.983000
1.983999
1.984000
1.989000
1.984000
1.979000
1.987000
1.984000
1.983000
1.988000
1.987000
1.991000
1.984000
1.984000
1.986001
1.985000
1.979000
1.987000
1.984000
1.983000
1.986000
1.989000
1.991000
1.983999
1.983000
1.988000
1.987000
1.983999
1.985000
1.984000
1.983000
1.986000
1.983999
1.981000
1.987000
1.983000
1.982000
1.984000
2.001001
1.987000
1.982001
1.987999
1.983000
1.978000
1.983000
1.986000
1.988000
1.985000
1.983000
1.982000
1.983000
1.992000
1.984000
1.984000
1.982000
1.986000
1.983000
1.986000
1.987999
1.983000
1.984000
1.988000
1.984000
1.991999
1.983000
1.984000
1.989000
1.986000
1.988000
1.986000
1.986001
1.981000
1.986000
1.986001
1.986000
1.985000
1.990000
1.991000
1.983000
1.986001
1.985000
1.985000
1.986000
1.985000
1.986000
1.983000
1.989000
1.987999
1.986000
1.986000
1.986000
1.987999
1.985000
1.980000
1.984000
1.985000
1.988000
1.986000
1.989000
1.985000
1.983000
1.984000
1.987999
1.988000
1.988000
1.983000
1.983000
1.989000
1.986001
1.988000
1.988000
1.986000
1.983999
1.987999
1.989000
1.984000
1.982001
1.985000
1.990001
1.987000
1.987000
1.987000
1.987000
1.985000
1.984000
1.986000
1.989000
1.987000
1.984000
1.980999
1.985000
1.986000
1.986000
1.988000
1.987999
1.980000
1.989000
1.985000
1.988000
1.988000
1.989000
1.982000
1.983000
1.980000
1.988000
1.989000
1.983000
2.009000
1.982000
1.985000
1.983000
1.988000
1.983000
1.983000
1.983001
1.983999
1.985000
1.985000
1.982000
1.986001
1.983000
1.988000
1.986000
1.986000
1.985000
1.985000
1.983000
1.988000
1.986001
1.991000
1.992000
1.984000
1.983000
1.983999
1.982000
1.989000
1.986000
1.987999
1.988000
1.987999
1.986000
1.990000
1.986000
1.987000
1.984000
1.987000
1.987999
1.985000
1.985000
1.987000
1.985000
1.983999
1.986000
1.986000
1.985000
1.984000
1.988000
1.985000
1.982001
1.986000
1.979000
1.984000
1.987000
1.984000
1.981000
1.989000
1.987000
1.979000
1.985000
1.986000
1.987999
1.985000
1.982000
1.985000
1.986000
