1.060001
1.046000
1.041001
1.040000
1.045001
1.044000
1.043000
1.042000
1.046000
1.042999
1.044000
1.040000
1.042000
1.043000
1.047000
1.043000
1.042000
1.045001
1.041999
1.043000
1.047000
1.043000
1.044000
1.042000
1.044000
1.041000
1.047000
1.044000
1.044000
1.042000
1.045001
1.040000
1.047000
1.040000
1.046000
1.040000
1.046000
1.040000
1.044000
1.041001
1.044000
1.042999
1.042000
1.041001
1.045000
1.042000
1.045000
1.041000
1.045000
1.044000
1.043000
1.044000
1.044000
1.043000
1.042999
1.042000
1.050000
1.045000
1.044000
1.044000
1.043000
1.042000
1.043000
1.044000
1.044000
1.041001
1.043000
1.044000
1.044000
1.044000
1.044000
1.042000
1.045000
1.044000
1.044000
1.044000
1.046000
1.043000
1.043000
1.042999
1.042999
1.046000
1.042999
1.045999
1.047000
1.044000
1.042000
1.042000
1.042999
1.044000
1.049000
1.044000
1.045000
1.042000
1.041000
1.043000
1.045000
1.046000
1.045000
1.044000
1.042000
1.042000
1.045999
1.044000
1.043000
1.040000
1.043000
1.044000
1.044000
1.041000
1.042000
1.043000
1.044000
1.042000
1.048000
1.041000
1.044000
1.043000
1.043000
1.044000
1.045000
1.044000
1.044000
1.044000
1.044000
1.043000
1.043000
1.042000
1.041000
1.045000
1.043000
1.044000
1.042000
1.043000
1.042999
1.042000
1.046000
1.044000
1.042000
1.045000
1.045000
1.043000
1.051000
1.042000
1.045000
1.045001
1.042000
1.045000
1.044000
1.043000
1.046000
1.041000
1.045000
1.043000
1.048000
1.044000
1.043000
1.042000
1.045000
1.042000
1.041000
1.042000
1.043000
1.043000
1.043000
1.041001
1.044000
1.041000
1.046000
1.044000
1.042000
1.041000
1.042999
1.043000
1.041000
1.043000
1.044000
1.044000
1.043000
1.042000
1.043000
1.042000
1.045000
1.042999
1.044000
1.044000
1.042000
1.041000
1.042000
1.041999
1.042000
1.042999
1.045000
1.042000
1.040000
1.048001
1.040000
1.042999
1.045000
1.040000
1.043000
1.044000
1.044000
1.040000
1.044000
1.044000
1.043000
1.045000
1.044000
1.050000
1.045000
1.050000
1.044000
1.044000
1.047000
1.045000
1.048000
1.044000
1.043000
1.043000
1.046999
1.041001
1.042000
1.040000
1.045000
1.046000
1.044000
1.044000
1.042000
1.042000
1.041000
1.042000
1.044000
1.038000
1.046000
1.041000
1.042000
1.045001
1.043000
1.045000
1.042000
1.045001
1.042000
1.045001
1.044000
1.045000
1.042000
1.042000
1.043000
1.042999
1.041000
1.045001
1.044000
1.044000
1.042000
1.045000
1.043000
1.048000
1.042000
1.044000
1.043000
1.043000
1.041000
1.043000
1.041000
1.042999
1.042999
1.042000
1.044000
1.042000
1.045000
1.041000
1.044000
1.042000
1.044000
1.044000
1.043000
1.042000
1.044000
1.044000
1.044000
1.042000
1.045000
1.041000
1.046000
1.043000
1.044000
1.041001
1.043000
1.042000
1.045000
1.041001
1.044000
1.046000
1.043000
1.040000
1.042000
1.046000
1.045000
1.042999
1.045000
1.049001
1.042000
1.044000
1.043000
1.041000
1.042000
1.047000
1.042000
1.042999
1.042000
1.041001
1.042999
1.041000
1.041000
1.045000
1.043000
1.042000
1.044000
1.045000
1.043000
1.043000
1.044000
1.042999
1.044000
1.042000
1.045000
1.043000
1.043000
1.042000
1.043000
1.044000
1.042999
1.045000
1.040000
1.041000
1.044000
1.045000
1.042000
1.043000
1.042999
1.044000
1.043000
1.044000
1.044000
1.042000
1.040000
1.045000
1.045000
1.042999
1.041999
1.042000
1.042000
1.041999
1.044000
1.039000
1.044000
1.045001
1.045999
1.043000
1.047000
1.043000
1.043000
1.045000
1.044000
1.042000
1.046000
1.042000
1.045000
1.043000
1.044000
1.042000
1.048000
1.044000
1.044000
1.040000
1.042000
1.044000
1.044000
1.042000
1.044000
1.041001
1.044000
1.041000
1.041000
1.044000
1.042999
1.042999
1.042000
1.044000
1.048000
1.043000
1.043000
1.044000
1.041000
1.044000
1.048001
1.041000
1.048001
1.044000
1.046000
1.041000
1.043000
1.045001
1.046000
1.040000
1.043000
1.044000
1.042000
1.044000
1.046000
1.043000
1.046000
1.042000
1.044000
1.044000
1.041000
1.043000
1.042000
1.042000
1.045001
1.042999
1.046000
1.042999
1.047000
1.038000
1.046000
1.042000
1.045000
1.044000
1.042000
1.042999
1.042000
1.044000
1.043000
1.042000
1.042000
1.040000
1.048001
1.042000
1.044000
1.042999
1.044000
1.041000
1.047000
1.044000
1.043000
1.045000
1.042000
1.042999
1.046000
1.044000
1.044000
1.042999
1.043000
1.046000
1.044000
1.039000
1.044000
1.045999
1.043000
1.046000
1.044000
1.042000
1.044000
1.044000
1.042999
1.042999
1.047000
1.043000
1.045000
1.041000
1.043000
1.042000
1.041001
1.046000
1.041000
1.041000
1.042000
1.045000
1.042000
1.043000
1.042000
1.044000
1.042000
1.043000
1.043000
1.043000
1.045000
1.045001
1.042000
1.041000
1.045000
1.044000
1.044000
1.042000
1.045000
1.042999
1.046000
1.043000
1.046000
1.044000
1.049000
1.046000
1.045000
1.044000
1.045000
1.045000
1.046000
1.041001
1.043000
1.045001
1.044000
1.046000
1.044000
1.045001
1.044000
1.042000
1.041000
1.044000
1.044000
1.041000
1.044000
1.047000
1.042000
1.043000
1.042999
1.044000
1.042999
1.043000
1.046999
1.043000
1.041000
1.042000
1.042000
1.044000
1.042000
1.044000
1.042999
1.045000
1.044000
1.043000
1.042999
1.046000
1.046000
1.042000
1.048000
1.042000
1.053000
1.043000
1.041999
1.045001
1.045001
1.039000
1.043000
1.043000
1.045000
1.045000
1.045000
1.046000
1.042000
1.042000
1.045000
1.043000
1.046000
1.043000
1.043000
1.044000
1.050000
1.046000
1.046000
1.039000
1.045001
1.045000
1.041000
1.043000
1.043000
1.040000
1.043000
1.044000
1.042000
1.043000
1.043000
1.044000
1.044000
1.041001
1.042999
1.042000
1.044000
1.042999
1.043000
1.041000
1.044000
1.042000
1.046999
1.042000
1.048000
1.041000
1.044000
1.040000
1.049000
1.045000
1.046999
1.040000
1.045000
1.043000
1.042000
1.043000
1.043000
1.042999
1.050000
1.041001
1.043000
1.044000
1.043000
1.044000
1.045000
1.042000
1.045000
1.044000
1.043000
1.040000
1.044000
1.041000
1.044000
1.042000
1.045001
1.042999
1.042999
1.042000
1.046000
1.042000
1.045000
1.044000
1.043000
1.042000
1.043000
1.043000
1.042000
1.043000
1.042000
1.042000
1.041000
1.041000
1.041000
1.045000
1.042000
1.043000
1.042000
1.042000
1.042000
1.041000
1.045001
1.045000
1.049000
1.041000
1.040000
1.046999
1.050000
1.043000
1.042000
1.045001
1.044000
1.043000
1.044000
1.042000
1.043000
1.045000
1.046000
1.044000
1.049001
1.041000
1.042999
1.043000
1.043000
1.042000
1.043000
1.045000
1.041000
1.045000
1.039000
1.045999
1.046000
1.042000
1.046000
1.043000
1.042000
1.044000
1.042000
1.044000
1.042000
1.042000
1.044000
1.042000
1.044000
1.041000
1.045000
1.042000
1.040000
1.044000
1.049000
1.041000
1.044000
1.042999
1.044000
1.041000
1.041000
1.045000
1.042000
1.042000
1.042000
1.043000
1.043000
1.047000
1.042000
1.044000
1.044000
1.043000
1.042000
1.043000
1.043000
1.044000
1.137000
1.041000
1.040000
1.044000
1.041000
1.042000
1.050000
1.043000
1.049001
1.042000
1.045000
1.047000
1.042000
1.044000
1.043000
1.042000
1.042000
1.077000
1.043000
1.042000
1.043000
1.040000
1.046000
1.044000
1.044000
1.042000
1.042000
1.046000
1.044000
1.044000
1.044000
1.041000
1.044000
1.041000
1.042000
1.042999
1.042999
1.043000
1.045001
1.046999
1.046000
1.043000
1.045000
1.041000
1.048001
1.044000
1.042999
1.042000
1.043000
1.046000
1.044000
1.046000
1.045000
1.045001
1.050000
1.045000
1.045000
1.042000
1.042000
1.044000
1.048000
1.046000
1.042000
1.044000
1.043000
1.043000
1.046999
1.042999
1.046000
1.044000
1.042999
1.046000
1.042000
1.044000
1.044000
1.042000
1.042000
1.043000
1.048001
1.045000
1.041000
1.041001
1.044000
1.041001
1.045000
1.042999
1.044000
1.041001
1.042000
1.048001
1.043000
1.046000
1.044000
1.042000
1.052000
1.044000
1.044000
1.044000
1.049000
1.043000
1.044000
1.042999
1.078000
1.041000
1.046000
1.042000
1.044000
1.044000
1.042000
1.045000
1.047000
1.042999
1.043000
1.042000
1.042000
1.048001
1.042000
1.042999
1.047000
1.045000
1.042000
1.046000
1.046999
1.046000
1.044000
1.044000
1.041000
1.046000
1.042000
1.043000
1.043000
1.044000
1.045000
1.043000
1.045000
1.044000
1.041999
1.043000
1.047000
1.043000
1.043000
1.045000
1.044000
1.042999
1.045000
1.049999
1.044000
1.046000
1.042000
1.043000
1.045000
1.044000
1.044000
1.046000
1.043000
1.040000
1.042000
1.049999
1.042000
1.044000
1.046999
1.045000
1.045000
1.052000
1.043000
1.041000
1.044000
1.044000
1.042000
1.045000
1.041001
1.045000
1.043000
1.044000
1.041000
1.048000
1.042000
1.043000
1.042000
1.044000
1.041000
1.045000
1.046000
1.044000
1.042000
1.045000
1.041001
1.049000
1.044000
1.042000
1.045000
1.039000
1.044000
1.042000
1.044000
1.043000
1.044000
1.045000
1.045001
1.047000
1.042999
1.045000
1.041000
1.047000
1.042999
1.045000
1.042000
1.042000
1.042000
1.045000
1.044000
1.047000
1.043000
1.041000
1.042000
1.041000
1.046000
1.043000
1.043000
1.045000
1.042999
1.045000
1.046000
1.041000
1.044000
1.044000
1.043000
1.048000
1.044000
1.045000
1.046999
1.043000
1.044000
1.041000
1.043000
1.046000
1.043000
1.043000
1.044000
1.044000
1.044000
1.044000
1.046999
1.041000
1.044000
1.042000
1.043000
1.043000
1.045000
1.040000
1.042000
1.044000
1.042999
1.047000
1.043000
1.045000
1.044000
1.042000
1.044000
1.046000
1.041000
1.044000
1.040000
1.042000
1.043000
1.044000
1.044000
1.042000
1.044000
1.045001
1.044000
1.046000
1.045000
1.044000
1.042000
1.044000
1.046000
1.043000
