183.227000
182.693000
183.020000
183.320001
182.713999
182.751999
182.562999
182.914999
182.711000
182.886001
183.155000
182.855001
182.733000
182.745000
183.089999
183.047000
182.669000
182.591000
182.747000
182.760000
182.457000
183.023000
183.037001
188.309999
181.317001
182.018001
182.366000
182.400000
182.282000
182.599000
182.642001
182.553000
182.227000
181.993000
182.587001
182.344000
182.128000
182.545000
182.324001
182.561000
182.373000
182.876000
182.756000
182.620000
182.415999
182.709999
182.675000
182.761000
182.635000
182.299000
182.695000
182.836000
182.930000
182.808000
183.036000
182.946000
182.814999
182.788000
182.866000
182.898000
182.736000
182.808000
182.532000
182.544000
182.866000
182.703000
182.738000
182.801000
182.213000
182.527999
182.940001
182.789000
183.011000
182.888000
183.046000
182.496999
182.605000
182.471000
183.289000
182.996999
182.593000
182.756000
182.654000
182.761000
182.699000
182.005000
182.819000
182.856000
182.978000
182.530999
183.001000
182.581999
182.987001
182.828000
182.950000
182.981000
186.750000
181.841000
182.140000
182.248000
182.557000
182.073999
182.558000
182.917000
182.432001
182.555000
182.273000
182.782000
182.523000
182.623999
182.810000
182.805000
182.923000
182.670000
182.682000
182.860000
182.801000
182.841000
183.145000
183.032000
182.670000
182.847000
182.793000
183.082000
182.777000
182.398000
182.304000
182.858001
182.754000
183.062000
183.004000
182.839001
182.587001
182.759000
182.758000
182.824001
182.996000
182.887999
182.799000
182.371000
182.396000
182.454000
182.621000
183.127000
182.881000
188.920000
183.140000
182.612000
182.861000
182.521001
182.437000
182.456000
182.601000
182.821000
182.434999
182.865000
182.499000
182.756000
183.029001
182.994000
182.415000
182.231000
182.397000
182.174001
182.823000
182.487000
183.025000
182.473999
182.937000
185.990999
181.566000
182.510001
182.315000
182.524000
182.525001
182.405000
182.518000
182.992999
182.565000
182.538000
182.778000
182.856000
182.565000
182.533001
182.985000
182.976000
182.755000
182.695000
182.463000
182.248000
182.091000
182.362000
182.688001
182.507999
183.347000
183.130000
183.083000
182.955001
182.521000
182.912000
182.676000
182.583000
182.891000
183.101000
182.787000
182.952000
182.700000
182.917000
182.583001
182.653000
182.870000
182.314000
182.387000
182.806000
182.671000
182.762001
182.684000
182.764000
182.472000
182.502000
182.739000
182.525000
182.634001
182.613000
182.298000
182.538000
182.794000
182.588999
182.395000
182.798000
182.931000
182.754001
182.576000
183.067000
182.655000
182.832001
182.410000
182.345000
182.640000
182.800000
182.696000
182.651000
190.683000
181.878000
182.274000
182.170000
182.250001
182.213999
182.369000
182.607000
182.587001
182.646000
182.526000
182.391999
182.745000
182.401000
183.035000
183.064000
182.885000
182.723000
182.692000
182.921000
182.724999
183.119000
183.047000
182.335000
182.382000
183.211001
182.925000
182.275999
182.579000
182.235000
182.891000
182.514000
182.171000
182.582000
182.768000
182.982000
182.986001
182.568000
182.631999
182.545000
182.797000
182.450000
182.647999
183.042000
182.692000
182.420000
182.665001
182.498000
182.823000
187.056000
181.651000
182.118000
181.956000
182.526000
182.295000
182.181000
182.455000
182.622000
182.190000
182.570999
182.783000
182.707001
182.579000
182.801000
182.473000
182.603000
182.779000
182.930000
182.688001
182.331000
182.788000
182.325000
182.121000
182.565000
182.633000
182.998001
182.552001
183.009000
182.663999
182.489000
182.466000
182.708000
182.764000
182.423000
182.632000
182.746000
182.883999
182.665000
182.770001
182.654000
182.686999
182.447000
182.926000
182.845000
182.621000
182.663000
182.198999
183.036000
184.086001
182.952000
182.947000
182.798999
183.038000
182.845000
182.871000
182.821000
182.670000
182.766000
182.826000
182.638000
182.970000
183.185000
189.826000
182.163999
182.147000
182.254001
182.558999
182.126000
182.511000
182.541001
182.590000
182.572000
186.700000
181.592001
182.226000
182.305001
182.397000
182.454000
182.833000
182.445000
182.061000
182.082999
182.323000
182.586000
182.388000
182.337000
182.502000
182.227001
182.924001
182.618000
182.437000
182.589000
182.200000
182.612000
182.567000
182.612000
182.723000
182.599001
182.728000
182.850000
182.721999
182.405001
182.597000
183.003000
182.583000
182.267000
182.528000
182.348000
182.705000
182.506000
183.185000
182.557000
182.675000
182.363000
182.201000
182.415000
182.672000
182.874001
182.737000
182.639000
182.380999
182.456000
182.869000
182.333000
182.894000
183.109000
183.298000
182.903000
182.855000
182.752000
183.123000
182.772000
183.046999
182.773000
182.875001
182.934999
182.675000
182.920001
182.375001
182.480001
182.708000
182.610000
182.845000
183.097000
182.876000
188.385000
182.031000
182.363000
182.648000
182.608000
182.217000
182.795000
182.331000
182.748000
182.413000
182.740999
182.631000
182.685000
182.661000
182.809000
182.398001
182.406999
182.677999
182.824000
183.132000
182.369000
182.360000
182.701000
182.790000
182.370000
182.475000
183.206000
182.721999
182.816000
182.744999
182.511000
182.857000
182.794000
182.548000
182.977000
182.597000
182.109000
182.717000
182.937999
183.104000
182.239001
182.632000
182.926000
182.270000
182.154000
182.802000
182.860000
182.342000
182.775000
188.077000
181.633000
181.685000
182.118000
182.015999
182.236000
182.083000
182.321999
182.271000
182.711000
182.606000
182.573000
182.420000
182.700000
182.595000
182.359000
182.255000
182.524000
182.408000
182.486000
182.628999
182.870000
182.593000
182.935000
182.763000
182.314000
182.360000
182.651999
182.925000
182.381000
182.225999
182.173000
182.096000
182.143000
182.879000
182.283000
182.395000
182.538000
182.484999
182.285000
182.818000
182.726000
182.146001
182.730000
182.337999
183.118001
182.418000
182.498000
182.691000
184.603999
182.592000
182.322000
182.561000
182.508999
182.562000
182.278999
182.775000
182.543000
183.114000
182.990001
182.839001
182.970000
182.725000
182.337999
182.897001
182.266000
182.548000
182.678000
182.418000
182.492000
182.076001
182.476000
182.910000
186.415000
181.599000
181.797001
182.208000
182.665000
184.026000
181.841000
182.247000
182.237000
182.336999
182.509000
182.324000
182.390001
182.473000
182.418000
182.220001
182.492000
182.654000
182.353000
182.325000
182.271999
182.865000
182.640000
182.449000
182.568000
182.881000
183.042000
182.195000
182.331000
182.046999
182.419000
182.604999
182.657001
183.134000
182.883000
182.620000
186.397000
182.929000
182.809999
182.407999
182.835001
182.659000
182.790999
182.604000
182.334000
182.417001
182.169001
182.357000
182.614000
182.832000
183.153000
182.410000
182.707001
182.550000
182.787000
182.719000
182.937000
182.805000
187.418000
183.071000
182.941000
182.884000
182.225000
182.919000
182.431000
182.417000
182.041001
182.903000
182.781000
183.129000
182.794000
182.673000
182.751000
192.809001
181.687000
182.225999
182.583000
182.681999
182.868000
182.609000
182.951000
182.010001
182.581000
182.335000
182.207000
182.305000
182.221999
182.379000
182.166000
182.575000
182.126000
182.497000
182.337000
182.446000
182.774000
182.440000
182.511000
182.426999
182.873000
182.513000
183.001000
182.535000
182.472000
182.246000
182.430000
182.637000
182.636000
182.550000
182.632000
182.964000
183.119000
182.640000
182.692000
182.910000
182.314000
182.384000
182.395000
182.836000
182.912000
182.866000
182.802999
182.879999
189.335000
182.741000
182.398000
182.464999
182.642001
182.446999
182.877000
182.941000
182.968000
182.819000
182.690999
182.891999
182.576001
183.077000
182.702000
182.519999
182.887999
182.391000
182.523000
182.518000
182.468001
182.526000
182.492000
182.826000
186.426000
182.034000
182.604000
182.460000
182.571000
182.490000
182.136000
182.627000
182.486000
182.390000
182.024000
182.733000
182.441000
182.629000
182.411000
182.628000
182.339001
182.543000
182.710000
182.659000
182.431000
182.788000
183.071000
182.486000
182.820000
182.634000
182.845000
182.710000
182.921000
182.909001
182.435000
182.405000
182.518000
182.321000
182.814999
183.147000
182.552000
183.144000
182.860000
182.592000
183.009000
182.405001
182.326000
182.752000
182.601000
183.120000
182.819000
182.926000
182.676001
186.795000
181.865999
182.243000
182.410000
182.415000
182.085000
182.385000
182.807000
182.584000
182.636000
182.956000
182.508000
182.565000
182.740000
182.356000
183.131000
182.707001
182.639000
183.007000
182.651000
182.696000
182.562999
183.160000
183.303000
187.787000
182.291000
181.971000
182.433000
182.654001
182.258000
182.376000
182.280000
182.564000
182.560000
182.630001
182.546000
183.054000
182.624000
182.633000
182.675000
183.094000
182.380000
182.491000
182.478000
182.496000
182.385000
182.856999
182.635000
182.864000
183.116000
182.715001
183.015000
182.439000
182.652000
182.534000
182.653001
182.368000
182.410999
182.321000
182.704001
182.817000
182.945000
182.948001
182.639000
182.780000
183.075001
182.902000
183.160000
182.796000
182.678000
182.694000
182.663000
182.499000
197.250000
181.680000
181.934000
182.435000
182.365000
182.138001
182.519000
182.430000
182.598000
182.666000
182.675000
182.047999
182.111000
182.766999
182.249000
182.403000
182.718000
182.569001
182.933999
183.006001
183.024000
182.840000
183.135999
182.699000
183.159000
183.056000
182.800001
182.948001
182.278000
182.426000
182.608000
182.914000
182.224001
182.279999
182.697000
182.538999
182.553000
182.385000
182.749000
183.021001
182.711000
182.767000
182.621000
183.057000
182.467001
182.906999
182.732000
182.942000
182.666000
183.188000
182.672000
182.820000
182.862000
183.047000
182.721000
182.732000
182.445000
182.923000
182.760000
182.651000
182.985000
183.177000
182.949000
182.653000
182.483000
182.678999
182.917000
182.541000
182.529000
182.756000
182.563000
182.476000
183.083000
187.348000
181.688000
182.298000
182.155000
182.011000
182.580000
182.327000
182.358000
182.257000
182.291000
182.715000
182.511000
182.538000
182.596999
182.475001
182.551000
183.003000
182.987000
183.108000
182.379999
182.886000
183.107000
183.110000
182.819000
181.950999
182.691000
182.860000
182.806000
183.015999
183.146999
182.997000
182.886001
183.084000
182.953000
182.767000
183.224000
182.787000
182.945000
182.754000
182.947000
182.715000
182.563000
182.313000
182.415000
182.135000
182.538000
182.847000
183.061000
182.141000
185.660000
181.830000
181.661000
182.114000
181.996000
182.501000
182.173000
182.513000
182.378001
182.590000
182.531000
182.421000
182.249000
182.763000
182.298999
182.212001
181.899000
182.420000
182.778999
182.561000
182.365000
182.566999
182.926999
182.813999
182.503000
182.798000
182.171999
182.755000
182.446000
182.413000
182.647999
182.610000
182.721000
182.322000
182.476000
182.995999
183.261001
182.785000
182.745000
182.543000
182.700000
182.866001
182.672000
182.849000
182.564001
182.556000
182.678000
182.527000
182.320001
182.748000
183.196001
