336.599998
337.040000
335.579999
337.139998
338.399999
337.080002
336.800002
334.399998
335.400000
338.739999
339.420002
339.620002
337.500002
335.959997
337.639999
335.579999
336.479999
334.500000
340.379998
337.439999
338.479999
338.579997
334.759999
338.539999
335.639998
334.380001
336.039998
336.260002
338.059999
336.060002
336.519998
337.699998
337.339997
336.020000
334.939998
338.240001
339.059997
337.699998
335.340001
335.940000
338.080000
357.779998
337.520000
336.760003
350.480001
350.320000
352.039997
357.419997
354.419999
338.819999
337.740000
337.600000
339.439999
337.680001
337.260000
338.859998
336.719997
337.120000
337.080002
336.020000
339.259997
337.499999
335.979998
339.460000
338.500001
337.479997
340.459999
337.419998
338.459998
335.320000
337.680001
335.519999
337.479997
338.440001
334.400002
335.680000
335.520003
336.640000
336.640000
336.679999
337.960001
333.740003
336.380001
337.580003
334.959999
336.240001
336.900000
338.120002
336.800002
340.179998
338.459998
339.380000
339.260001
337.140001
336.199999
337.080002
338.479999
336.999997
335.540000
336.279999
338.080000
335.420001
336.759999
337.060001
336.000003
338.640001
352.500003
355.019998
354.060002
354.819998
359.820001
356.980003
340.539999
345.739998
343.020000
340.599999
340.599999
343.280002
340.420000
343.279999
339.560002
338.959999
338.439997
335.440002
336.479999
339.359999
341.520000
343.279999
342.000000
342.340000
345.440000
340.080000
335.560001
338.580001
336.660001
338.819999
337.600000
337.640002
343.460001
339.900002
339.380000
343.680002
341.779999
337.559998
338.760000
342.739999
337.740000
342.599999
344.260000
340.920001
336.440001
337.400001
338.380001
338.260002
337.520000
336.100001
334.840000
335.860003
336.460002
337.859999
381.060001
335.900001
336.539999
336.040001
337.439999
335.940000
339.600001
336.680003
338.280000
335.839998
338.720001
338.059999
352.199998
350.740001
355.580002
354.200002
351.460002
336.920001
341.620002
337.900002
337.979998
337.540001
339.180000
339.260001
335.540000
337.500002
335.800000
336.799998
336.339999
339.559998
334.419999
336.119998
337.559998
335.219998
335.900001
337.940000
337.559998
335.100003
336.220000
337.480001
338.959999
336.860001
337.499999
337.579999
335.579999
335.880000
335.340001
338.439997
340.340000
338.479999
339.619998
341.000002
337.480001
336.620003
336.080000
339.320000
336.379997
338.840000
336.879998
335.840002
338.680003
335.719999
339.260001
340.519998
337.200001
336.459998
337.840002
336.240001
337.660000
337.900002
337.540001
338.260002
335.619997
342.399999
356.960002
357.960001
355.619997
357.719999
356.260002
356.059998
337.940000
338.860001
338.500001
345.300000
342.280000
339.080002
336.940002
338.460002
337.699998
338.939998
336.399999
336.220000
337.260000
339.860000
338.039998
339.479998
337.340001
335.979998
339.820001
337.560002
338.140000
337.359998
336.560000
337.560002
336.080000
337.780003
337.320000
338.439997
339.060001
337.379999
336.719997
337.439999
337.800000
335.420001
335.859999
337.920003
337.859999
339.100003
335.760001
335.200001
337.460000
336.479999
338.479999
336.480003
335.840002
338.099997
336.459998
337.740000
334.679998
335.880000
336.399999
336.460002
337.240003
336.320002
337.520000
340.320002
353.659999
354.959998
356.580000
356.740002
357.200000
356.400002
336.599998
340.359997
334.520001
338.360000
336.900003
337.660000
340.679999
336.980000
341.499999
335.699998
339.620002
340.160001
339.460000
336.660001
338.140000
336.500000
339.480001
337.500002
337.040000
337.060001
337.200001
338.399999
337.340001
336.420000
339.879997
339.399997
337.919999
338.299997
336.560000
336.539999
338.959999
336.240001
337.099999
335.999999
337.480001
336.560000
337.720003
338.640001
335.080002
337.359998
334.879998
336.100001
336.780000
337.460000
336.759999
336.420000
336.800002
337.220002
337.420002
333.820000
334.700000
336.980000
336.800002
336.240001
338.400003
336.780000
338.160001
354.880001
358.339999
354.419999
352.580000
353.200000
337.880000
338.620000
335.400000
337.040000
339.539997
337.960001
335.140001
339.340001
337.760001
338.720001
337.379999
337.320000
339.439999
340.960000
335.820001
337.359998
337.579999
336.740002
337.219998
336.640000
335.360002
334.819999
336.579997
336.100001
336.360000
338.900000
336.700000
338.059999
337.040000
334.939998
337.620001
337.640002
337.439999
336.180001
337.460000
337.800004
339.100003
336.900000
336.459998
338.739999
338.320002
345.080003
337.740000
343.600001
343.740001
345.020000
339.600001
338.719998
344.019998
341.420002
341.760002
339.360002
337.199997
338.140000
336.279999
336.819999
341.499999
337.059997
357.179999
352.000002
354.740001
351.979997
352.760002
337.859999
339.200001
338.120002
340.539999
337.299999
340.520002
337.880000
337.860003
337.460000
337.700002
336.920001
336.259998
337.299999
335.880000
340.200000
336.939998
338.260002
336.739998
335.600000
339.500003
335.440002
336.080000
336.780000
337.159999
335.239999
336.800002
335.800000
336.739998
337.320000
336.440001
338.420000
338.500001
337.080002
335.759997
336.460002
337.059997
336.420000
335.280001
336.840000
335.500002
338.420000
338.460002
339.380000
336.879998
337.199997
336.580001
337.480001
337.219998
337.680001
338.380001
338.459998
334.360000
338.599999
335.120000
334.160000
336.240001
338.959999
355.579998
356.820002
357.519999
358.880002
355.540000
354.740001
337.280001
336.380001
335.020002
338.080000
336.340003
337.880000
338.760000
338.600002
337.120000
345.640000
340.060003
338.519998
338.319998
336.440001
336.560000
338.120002
334.760003
335.779998
339.180000
336.080000
338.100001
337.220002
337.680001
338.679999
338.180002
337.660000
338.520002
338.420000
338.339999
336.120002
334.780000
335.919999
336.619999
335.900001
337.139998
335.840002
337.520000
337.639999
335.260000
337.900002
336.220004
337.900002
338.500001
335.920002
336.199999
339.779999
338.160001
336.560000
338.780001
336.279999
338.920001
339.120001
336.900000
336.339999
336.739998
337.919999
337.560002
353.099998
355.319999
356.160000
353.440002
355.379999
336.900000
340.739999
335.760001
335.560001
334.380001
339.180000
335.220002
338.760000
340.780001
334.759999
339.480001
339.680001
337.780003
340.480000
337.620001
338.980000
340.320002
337.960001
341.019999
337.279998
337.779999
335.960001
338.440001
339.120001
337.839998
336.980000
337.959997
337.379999
335.600000
334.700003
335.580003
337.019999
336.720001
339.800000
333.420001
337.819997
336.539999
336.319998
337.640002
338.800002
337.379999
338.379998
336.840000
336.940002
338.000000
336.400002
336.679999
339.440003
337.479997
336.339999
338.959999
334.520001
337.880000
336.700000
336.580001
337.980002
336.900000
353.219997
356.640000
351.520002
353.340004
357.600000
339.760002
338.020001
340.179998
336.580001
336.440001
338.939998
336.999997
338.299997
338.460002
337.800000
336.319998
338.140000
335.740000
338.700000
339.920003
339.000002
336.560000
338.160001
336.279999
336.819999
339.199997
338.959999
336.960003
340.220001
339.660000
337.080002
338.780001
336.319998
336.580001
337.680001
339.520000
339.399997
337.239999
334.500000
336.220000
334.519997
337.439999
338.240001
336.599998
334.640000
336.799998
335.800000
337.420002
335.499998
337.879997
337.000001
337.439999
337.380003
336.880002
337.379999
337.159999
335.960001
336.739998
337.920003
335.039999
332.200002
339.139998
354.999997
351.920001
352.760002
350.139998
357.160002
335.499998
336.479999
335.579999
337.040000
337.000001
334.920000
337.219998
335.360002
338.040002
338.640001
337.940000
336.220000
335.880000
337.900002
336.780000
339.139998
336.299997
337.699998
338.939998
338.600002
336.700000
337.419998
340.799998
339.639999
336.320002
337.759998
340.200000
335.480001
337.600000
336.819999
337.940000
338.679999
339.959998
337.439999
339.900002
338.140000
337.040000
339.040000
338.859998
334.559999
337.859999
338.580001
336.560000
337.679997
335.500002
338.379998
336.579997
335.819997
336.240001
335.620001
337.200001
337.980002
336.160000
338.639997
333.639998
338.640001
354.800001
353.780001
356.380001
352.219999
350.620002
337.020002
339.320000
335.060000
341.300000
339.480001
338.820003
337.820001
337.040000
334.739998
338.360000
336.879998
336.500000
338.779997
336.520001
339.019999
337.840002
339.260001
334.820002
339.400001
336.360000
341.060001
336.640000
337.520000
334.859997
337.099999
335.839998
339.400001
339.260001
337.159999
338.999998
336.979996
337.920003
335.499998
338.980000
337.979998
336.459998
338.240001
339.899998
338.760000
336.100001
335.820001
339.240000
335.639998
338.500001
336.520001
336.599998
335.919999
336.599998
336.739998
336.220000
339.240000
337.920003
336.500000
338.999998
337.580003
337.099999
337.400001
337.820001
356.920000
357.280001
358.799998
355.640002
355.340000
337.560002
337.000001
340.140000
334.480003
336.599998
336.039998
337.960001
336.080000
335.579999
335.699998
336.980000
337.520000
337.060001
338.579997
339.220002
336.700000
337.639999
337.880000
337.020002
335.760001
335.900001
337.439999
336.700000
336.980000
335.080002
337.040000
338.800002
340.280000
334.720001
337.600000
339.340001
337.060001
340.440001
339.019999
336.520001
336.119998
335.519999
335.740000
338.000000
337.740000
336.560000
339.139998
338.819999
338.259999
337.120000
336.320002
337.639999
337.180000
336.960003
339.619998
333.919998
336.619999
337.900002
336.180001
337.560002
338.000000
337.439999
355.640002
357.239999
356.640000
355.939999
357.780002
337.919999
338.560000
338.360000
337.019999
335.800000
336.740002
341.019999
337.220002
340.879999
335.899998
336.560000
337.760001
336.280003
334.980000
337.879997
336.799998
337.479997
338.100001
338.179998
334.920000
335.220002
338.640001
341.160003
338.059999
334.799998
338.980000
339.159999
336.619999
336.599998
337.499999
335.559998
335.940000
334.220000
335.540000
337.480001
336.720001
337.320000
335.499998
337.260000
338.100001
335.540000
337.880000
336.720001
338.880002
334.519997
336.600002
337.000001
337.120000
337.500002
338.599999
334.880002
336.660001
339.339998
336.020000
335.820001
338.180002
337.820001
353.739999
357.100002
354.300000
354.100000
354.680002
336.000003
336.840000
337.820001
337.760001
334.740002
338.100001
337.400001
338.900000
339.059997
336.560000
332.160000
338.080000
338.459998
334.079999
336.619999
337.420002
335.439999
341.119997
338.360000
335.880000
338.640001
336.380001
337.239999
338.539999
335.439999
335.379999
336.520001
336.480003
338.980000
336.220000
337.839998
335.740000
336.220000
334.000003
335.820001
334.479999
337.099999
338.440001
337.280001
336.240001
334.460001
336.599998
337.859999
337.699998
335.859999
336.819999
339.240000
337.559998
337.279998
338.879999
337.779999
334.860001
337.620001
339.040000
337.099999
339.320000
352.580000
353.540000
354.720000
356.959999
357.659999
338.620000
337.600000
339.419998
340.020001
337.019999
336.680003
338.780001
339.939997
338.859998
338.060003
337.360002
336.560000
337.099999
334.759999
337.960001
