53.691000
53.289000
53.179001
53.503001
53.989001
53.223001
53.351000
53.664001
53.727999
53.479999
53.464999
53.140001
53.769002
53.150000
53.478001
53.409001
53.253999
53.295000
53.634999
53.122999
53.361000
53.182999
53.254999
53.089000
53.346001
53.336000
53.562000
53.233001
53.464001
53.316001
53.096998
53.235000
53.507999
53.261001
53.364001
53.302001
53.145999
53.314000
53.549001
53.123999
53.073000
53.043000
53.230999
53.297000
53.261999
56.507999
53.375000
53.185999
53.008001
52.949000
53.278001
53.274000
53.243000
52.918000
53.247001
53.070001
53.156000
53.013001
53.066000
53.241000
53.208001
53.412000
53.334001
53.092001
53.424999
53.309001
53.301001
53.284001
53.316999
53.198999
53.185999
53.329999
53.295000
53.126000
53.501999
53.238001
53.454999
53.277999
53.210001
53.492000
53.384999
54.941000
53.348999
53.224001
53.670000
53.191999
53.551000
52.982001
53.447999
53.814000
53.235000
53.183999
53.376000
53.387001
53.272000
53.047001
53.392999
53.242002
53.119000
53.228000
53.137999
53.097999
53.083999
53.344999
53.414999
53.242000
53.436000
53.260999
53.392000
53.336000
53.312000
53.317999
53.402999
58.873001
53.324001
53.328000
53.273000
53.199999
53.182000
53.197000
53.352999
53.115999
53.305000
53.173000
53.369001
53.292001
53.391999
53.345000
53.409001
53.256001
53.238999
53.314000
53.447001
53.237999
53.430999
53.441001
53.339999
53.376999
53.367000
53.206999
53.351998
53.311000
53.194001
53.357001
53.523000
53.231999
53.308001
53.301001
53.638000
53.118000
53.285001
53.429998
53.607000
53.167000
53.487999
52.953999
53.298999
53.100001
53.355001
52.972998
53.274998
53.166000
52.943001
53.114999
53.299000
53.211000
53.199001
53.151000
53.037001
53.195000
53.138999
53.429998
53.176999
53.244000
53.097000
53.154999
53.283999
53.175999
53.125000
53.104000
53.352000
52.889001
59.839999
53.277001
53.436000
53.152001
53.127000
53.069999
53.278999
52.882999
53.278999
53.812999
53.521000
53.398000
53.637002
53.202000
53.419000
53.077001
53.098001
53.151000
53.331001
53.146001
53.052001
53.368999
53.073000
53.140000
53.288000
53.176999
53.323001
53.184001
53.283000
53.247999
53.422000
53.218000
53.511001
53.149000
53.884000
53.822001
53.395001
53.079002
53.371001
53.187000
53.224999
53.264000
53.347999
53.110000
53.300001
53.117000
53.929001
53.194001
53.500000
53.199001
53.309999
53.326001
53.557999
53.358000
53.332999
53.122001
53.291000
53.272000
53.202000
53.190000
53.285999
53.494999
53.419000
53.266000
53.282000
53.294001
53.305000
53.157000
53.293999
53.201001
53.634999
52.963000
53.205000
53.309999
53.507000
53.370999
53.166999
53.063000
53.233000
53.249000
53.138999
53.069999
53.276999
53.421998
53.282000
53.086000
53.608999
53.401999
53.245001
53.249000
53.452998
53.061001
53.308999
53.236000
53.213000
53.374000
53.084999
53.087000
53.445999
53.565999
53.234000
53.087000
54.026000
53.396000
53.956000
53.362001
53.619999
53.112999
53.360000
53.231999
53.441999
53.168001
53.135000
53.267000
53.398000
53.121999
53.382000
53.100001
53.249000
53.198999
53.205999
53.494001
53.367000
53.107999
53.168999
53.236000
53.690000
53.145001
53.408999
53.240001
53.509001
53.067001
53.500000
53.103000
53.490000
53.407000
53.364001
53.120000
53.623000
53.377999
53.258000
53.407000
53.173998
53.167000
53.354999
53.104000
53.276001
53.366000
53.432001
53.159000
53.389000
53.337999
53.805999
53.131999
53.235000
53.157000
53.057000
53.461999
53.590002
53.213000
53.346999
53.347001
53.440001
53.104000
53.249000
53.122001
53.139001
53.053999
53.211000
53.259999
53.575002
53.105999
53.417001
53.498000
53.462999
55.398999
53.130999
53.421000
53.854000
56.422001
53.087000
53.097999
53.200001
53.232001
53.107001
53.258000
53.247999
53.017000
53.307999
53.075001
53.330999
53.236000
53.335000
53.145001
53.330999
53.252000
53.211000
53.331999
53.390000
53.106001
53.043000
52.982001
53.438000
52.978002
53.004999
53.039001
53.051000
53.106001
53.486999
53.072000
53.109001
53.369999
53.295000
53.425001
53.308999
53.171000
53.148000
53.247999
53.608000
53.155001
53.043000
53.040000
53.769000
53.198000
53.140001
53.046999
53.512001
53.270001
53.523000
53.149000
53.267000
53.203002
53.241000
53.083999
53.179000
53.243000
53.441999
53.358000
53.279001
53.486999
53.717000
53.307001
59.694000
53.329000
53.076999
53.207999
53.237000
53.317999
53.110000
53.130999
53.220000
53.150000
53.275000
53.048000
53.323001
53.225001
53.365000
53.058000
53.908000
53.516001
53.274000
53.330000
53.493001
53.282000
53.319000
53.239999
53.267000
53.255001
53.134000
53.244999
53.256001
53.270001
53.277001
53.382000
53.539000
53.420000
53.213000
53.683000
53.460000
53.374000
53.335000
53.344999
53.162001
53.434001
53.835999
53.345000
53.048000
53.407000
53.182000
53.065998
53.260000
53.325001
53.313000
53.402999
53.346001
53.112000
53.264000
53.410999
53.438999
53.212000
53.308999
53.277999
53.479001
53.250998
53.367000
53.243000
53.711999
53.163001
53.026000
53.316999
53.237000
53.362001
53.440999
53.239001
53.531999
53.265000
53.427000
53.319000
53.204000
53.128000
53.248001
53.164000
53.396000
52.939000
53.214001
52.968001
53.212000
53.334001
53.270999
53.258000
53.197000
53.266000
53.120000
53.331001
53.182000
53.211000
53.183999
53.483998
53.800000
52.893000
53.268000
53.402001
53.462999
53.200001
53.242000
53.249000
53.612001
53.206999
53.383000
53.283999
53.329999
53.005999
53.221000
53.284999
53.419000
53.136000
53.555999
53.487001
53.641001
53.129999
53.309999
53.236000
53.549999
53.092999
53.086000
53.051999
53.151000
53.218000
53.189000
52.981000
53.242000
53.110000
52.925000
53.276001
53.262001
53.081000
53.120999
53.439001
53.426001
53.235000
53.583000
53.562000
53.584000
52.978000
53.173000
53.123999
53.439001
53.378001
53.212000
53.277999
53.374000
53.270001
53.174000
53.299000
53.252000
53.169999
53.234000
53.371999
53.195000
53.002000
53.143000
53.424001
53.168999
52.949000
53.097000
53.347001
53.193999
53.165998
53.342000
53.238001
53.298999
53.399000
53.097000
53.534001
53.627999
60.432000
53.309999
53.172000
53.591000
53.351000
53.350000
53.166000
53.305000
53.236000
53.348999
53.210001
53.323001
53.120000
53.350000
53.089999
53.112999
53.123001
53.058000
53.134000
53.074000
53.021001
53.142000
53.254999
53.616000
53.014001
53.164000
52.910000
54.188000
53.099001
53.391000
53.125000
53.572001
53.108001
53.265000
52.950000
53.284999
53.053001
53.559002
53.092001
53.243000
53.200999
53.627999
53.077001
53.154001
53.151000
53.249000
53.213000
53.533001
53.189000
53.126000
53.316999
53.082000
53.338001
53.173000
53.379999
53.522000
53.040000
53.157000
53.115999
53.231001
53.213000
55.044001
53.146001
53.195000
53.307001
53.121999
53.289000
53.312000
53.251000
53.280000
53.677000
53.255999
52.894000
53.054001
53.159999
53.718001
53.097999
53.398000
53.221000
53.675000
53.019000
53.033000
53.382000
53.417999
53.056000
53.122001
53.102000
53.256001
53.079000
53.112999
53.486001
53.291000
53.532001
52.991001
53.190000
53.334001
53.085001
53.423000
53.099999
53.000001
53.098001
53.245999
53.336998
53.250000
53.427000
53.246001
53.327000
53.602001
53.073000
53.266000
53.245001
53.214001
53.169999
53.166000
53.197000
53.339001
53.068999
53.121999
53.337999
53.399000
53.391000
53.375000
53.378999
53.494999
53.322000
53.413000
53.209001
53.257000
53.118000
53.388000
53.615000
53.260999
53.057000
53.098001
53.381000
53.802999
53.222001
53.092999
53.368999
54.045999
52.903000
53.099999
53.095000
53.437000
53.119000
53.283000
52.991999
53.352000
53.299999
53.080000
53.262001
52.999001
52.934000
52.991999
53.167999
53.257000
53.256001
53.358000
53.209001
53.551000
53.492000
53.137999
53.125000
53.049000
52.951999
53.197000
53.033998
53.187001
53.360000
53.089000
53.227000
53.513000
53.406000
53.250000
53.360000
53.175999
53.268999
53.506000
53.081000
53.266000
52.891999
52.936001
52.973000
52.997999
54.208999
53.505000
53.323999
53.370001
52.933000
53.417001
53.241001
53.180000
56.107001
52.972000
53.130999
52.991999
53.214001
53.179000
53.110000
53.303000
56.224000
53.404000
53.100001
53.153001
53.175000
53.181000
53.294001
53.284999
56.791000
53.404000
53.275999
53.336000
53.170001
53.398000
53.122001
53.112000
53.412000
53.424001
53.272000
53.454001
53.428000
53.227000
53.426001
53.579999
53.140001
53.413000
53.311000
53.463001
53.502001
53.244000
53.266000
53.315001
53.275000
53.339999
53.199001
53.474002
53.413000
53.274000
53.067999
53.330000
53.091999
53.437999
53.216001
53.353000
52.986000
53.289000
53.203000
53.280000
52.993000
53.285999
53.173000
53.555999
52.973000
53.531000
53.339001
53.278999
53.077001
53.307999
53.219000
53.294001
53.368000
53.190000
53.212000
53.300999
53.211000
53.274000
53.508000
53.633999
53.106001
53.242000
53.159999
53.297000
53.128999
53.307001
53.259000
53.353000
53.216999
59.857000
53.121001
53.523000
53.195002
53.293001
53.696999
53.276001
53.149000
53.195000
53.386999
53.448999
53.323001
53.317999
53.552000
53.500000
53.322999
53.399000
53.421000
53.489000
53.241000
53.391000
53.299999
53.384000
53.357000
53.065000
53.220000
53.280000
53.347999
53.398000
53.124001
53.408999
53.182999
53.348999
53.189998
53.392000
53.421000
53.398000
53.002000
53.342000
53.305000
53.314000
53.040002
53.456999
53.407999
53.253001
53.244999
53.210000
53.135000
53.387001
53.150000
53.206000
56.456001
53.216001
53.213000
53.041000
53.121001
53.141000
53.296000
53.188000
53.072000
53.342000
53.246001
53.173000
53.324001
52.972000
53.110000
53.153001
53.036999
53.153999
53.592000
53.731000
53.032000
53.198000
53.210000
53.072000
53.191001
53.262999
53.136000
53.451000
53.393001
53.296002
53.514000
53.407000
53.151999
53.270999
53.200999
53.357001
53.258000
53.259000
53.211000
53.257000
53.153001
53.340999
53.087000
53.314000
53.079000
53.266000
53.256001
53.210000
53.329000
53.290000
53.293001
53.258000
53.316001
53.379999
53.252000
53.415999
53.098999
53.127000
53.160001
53.331001
53.140000
53.207999
52.929999
53.283999
53.110002
53.090001
53.159000
53.515999
53.365001
53.220998
53.176001
53.574000
53.099001
53.075001
52.949000
