21.460000
21.472001
21.421000
21.413000
21.443000
21.472001
21.454000
21.477000
21.435000
21.447000
21.439000
21.441001
21.456000
21.417000
21.430000
21.424999
21.448000
21.237000
21.435000
21.443000
21.433000
21.429000
21.448000
21.440000
21.448000
21.439000
21.434001
21.459999
21.539000
21.418000
21.450001
21.437000
21.426000
21.443999
21.435000
21.674001
21.577001
21.489000
21.439000
21.422001
21.480000
21.419000
21.445001
21.427000
21.423999
21.422001
21.427000
21.448000
21.416000
21.435000
21.303000
21.447999
21.418000
21.427000
21.460000
21.268000
21.438000
21.468000
21.555000
21.431000
21.423000
21.486000
21.465001
21.425000
21.199000
21.455000
21.439000
21.432000
21.432000
21.543000
21.437000
21.440000
21.453001
21.513999
21.425000
21.416999
21.467000
21.424000
21.428999
21.443999
21.428000
21.439999
21.445000
21.448000
21.443000
26.310000
21.511000
21.377999
21.449000
21.428000
21.443000
21.428999
21.434000
21.422000
21.434000
21.432000
21.436000
21.423000
21.424000
21.448000
21.430000
21.536000
21.421000
21.439000
21.514000
21.419000
21.455000
21.435000
21.228000
21.430000
21.225001
21.446999
21.447000
21.411000
21.413000
21.443000
21.443000
21.445000
21.420000
21.424000
21.468000
21.459999
21.426000
21.235000
21.469000
21.427000
21.560000
21.453001
21.467000
21.436000
21.438000
21.446001
21.439000
21.462000
21.436000
21.432000
21.423999
21.448000
21.434001
21.420000
21.564000
21.431000
21.439000
21.437000
21.443999
21.452000
21.441001
21.222000
21.453001
21.456000
21.540000
21.446000
21.432000
21.424000
21.442000
21.427000
21.427000
21.443000
21.464000
21.246000
21.441000
21.424000
21.464000
21.424000
21.431000
21.435000
21.427000
21.431000
21.421000
21.454000
21.428000
21.230999
21.265000
21.449000
21.446000
21.423999
21.428000
21.427001
21.540000
21.426001
21.538000
21.446000
21.538001
21.242000
21.427000
21.430000
21.447999
21.416000
21.426001
21.663000
21.465000
21.467000
21.335000
21.455000
21.446000
21.447000
21.459000
21.422000
21.526000
21.447000
21.438000
21.423000
21.425000
21.424999
21.436000
21.427000
21.455999
21.428000
21.440000
21.311999
21.461001
21.562000
21.442000
21.226000
21.430001
21.454999
21.436000
21.426000
21.468000
21.414000
21.418000
21.210000
21.420000
21.593001
21.430001
21.505000
21.434000
21.420999
21.459000
21.411001
21.397000
21.423000
21.426000
21.416000
21.413000
21.431999
21.423000
21.433000
21.297000
21.544000
21.430001
21.427999
21.427000
21.425000
21.433000
21.443999
21.441000
21.437000
21.427999
21.428000
21.437000
21.430000
21.455999
21.353000
21.459000
21.408000
21.433000
21.416000
21.422000
21.428000
21.427000
21.428999
21.436000
21.439000
21.467000
21.416999
21.445001
21.443000
21.443000
21.427999
21.420999
21.443000
21.223000
21.430000
21.441000
21.433000
21.456000
21.466999
21.454000
21.470000
21.440000
21.421000
21.457000
21.427000
21.435000
21.435000
21.451000
21.450000
21.436000
21.454000
21.462000
21.691000
21.489000
21.437000
21.452000
21.407000
21.457000
21.412000
21.435000
21.427000
21.423000
21.430000
21.388000
21.424000
21.447000
21.412000
21.431000
21.435000
21.425000
21.428000
21.508000
21.235000
21.443000
21.424000
21.213000
21.440000
21.424999
21.437000
21.509000
21.422001
21.212000
21.423000
21.442000
21.421000
21.465001
21.417000
21.419001
21.433000
21.422001
21.418000
21.420000
21.543000
21.201000
21.433000
21.426001
21.426001
21.422001
21.414001
21.440000
21.435000
21.428999
21.424999
21.670001
21.492000
21.476000
21.586000
21.479000
21.474000
21.469001
21.466000
21.453001
21.474000
21.479000
21.477000
21.480001
21.477001
21.482000
21.595000
21.487000
21.483000
21.486000
21.630000
21.478000
21.613000
21.469000
21.492001
21.485000
21.472000
21.482999
21.514000
21.477001
21.455000
21.468000
21.462999
21.246000
21.284999
21.484000
21.476001
21.480001
21.465001
21.476000
21.466000
21.265000
21.477999
21.472001
21.474000
21.457001
21.492000
21.482000
21.577001
21.473000
21.464000
21.470000
21.702000
21.472001
21.357001
21.470000
21.263001
21.585000
21.472000
21.464000
21.469000
21.463000
21.471000
21.466000
21.453000
21.504001
21.475000
21.466000
21.476000
21.463000
21.451000
21.473001
21.461000
21.454999
21.469000
21.464000
21.468000
21.468000
21.507001
21.484001
21.469000
21.465000
21.473001
21.464000
21.462999
21.481000
21.459999
21.457000
21.473000
21.483000
21.443999
21.458000
21.460000
21.466000
21.575999
21.472000
21.496000
21.613000
21.466000
21.469000
21.482000
21.462000
21.471000
21.602000
21.469001
21.429000
21.435000
21.429000
21.423999
21.433000
21.431000
21.431000
21.434000
21.442000
21.424999
21.440000
21.421000
21.419000
21.490000
21.242000
21.230000
21.442000
21.553000
21.430000
21.438000
21.449000
21.421000
21.478000
21.444000
21.432000
21.468000
21.416999
21.427000
21.467000
21.434000
21.424999
21.426000
21.443999
21.426000
21.437000
21.431000
21.436000
21.434000
21.435000
21.430000
21.561000
21.419000
21.430000
21.431000
21.428000
21.419999
21.427000
21.418000
21.426000
21.675000
21.476000
21.430000
21.444000
21.443000
21.559000
21.442001
21.441001
21.462000
21.466000
21.437000
21.433000
21.425000
21.451000
21.443000
21.423000
21.455000
21.445000
21.452000
21.444000
21.428999
21.449000
21.539000
21.443000
21.441001
21.540000
21.427000
21.442000
21.426001
21.420000
21.430001
21.429000
21.439000
21.438000
21.430000
21.456000
21.428000
21.437000
21.417000
21.421000
21.423000
21.436000
21.431000
21.434000
21.237000
21.442000
21.441001
21.446000
21.420000
21.426001
21.426000
21.470999
21.433000
21.431000
21.425000
21.447999
21.442000
21.428000
21.435000
21.427000
21.396001
21.429000
21.418001
21.422000
21.436000
21.223000
21.393000
21.422001
21.445000
21.435000
21.433000
21.428999
21.428000
21.446000
21.418000
21.431000
21.447000
21.435000
21.418001
21.435000
21.439000
21.546000
21.466999
21.444000
21.433000
21.437000
21.441001
21.444000
21.426000
21.443000
21.425000
21.423000
21.428999
21.426000
21.457000
21.546000
21.431000
21.440000
21.437000
21.420000
21.238000
21.420000
21.660999
21.447000
21.463000
21.481000
21.469000
21.468000
21.463000
21.458000
21.473000
21.460000
21.462000
21.468000
21.483000
21.578999
21.476001
21.470999
21.536000
21.573000
21.486999
21.485000
21.509000
21.493000
21.481000
21.492000
21.487000
21.468000
21.459000
21.495000
21.484001
21.252001
21.502000
21.488000
21.458999
21.319000
21.474000
21.464000
21.455999
21.471000
21.476000
21.462000
21.467000
21.459000
21.444000
21.479000
21.275000
21.474000
21.545000
21.490000
21.471000
21.471000
21.474000
21.656000
21.263000
21.465001
21.469000
21.468000
21.473001
21.455999
21.471000
21.496000
21.455999
21.531000
21.483000
21.446000
21.496000
21.472000
21.456000
21.484001
21.477000
21.516000
21.469000
21.483000
21.466999
21.458000
21.474999
21.482999
21.457001
21.444000
21.576000
21.497000
21.463000
21.578000
21.462000
21.504000
21.449000
21.454000
21.488000
21.457000
21.454000
21.510000
21.467000
21.458000
21.474000
21.479000
21.477000
21.458000
21.458000
21.470000
21.490999
21.257000
21.455000
21.464000
21.659000
21.489000
21.485001
21.249000
21.460000
21.469000
21.485999
21.494000
21.458000
21.518000
21.459000
21.456000
21.474000
21.480000
21.466000
21.454000
21.484001
21.486999
21.476001
21.465001
21.486000
21.651000
21.267000
21.459000
21.481000
21.464000
21.450000
21.461001
21.463000
21.454001
21.433000
21.459000
21.465000
21.462000
21.472001
21.420000
21.583000
21.456000
21.378000
21.430000
21.423000
21.430000
21.421000
21.434000
21.430000
21.442000
21.445000
21.447999
21.451000
21.435000
21.438000
21.446000
21.459999
21.485000
21.461000
21.586000
21.454000
21.459000
21.463000
21.462000
21.472000
21.453001
21.602000
21.461001
21.467000
21.455999
21.264000
21.477000
21.461000
21.458000
21.490000
21.478000
21.234000
21.466000
21.455000
21.265000
21.464000
21.472001
21.464000
21.455000
21.466999
21.464000
21.475000
21.473999
21.459999
21.488000
21.468000
21.463000
21.602999
21.459000
21.475000
21.465001
21.470999
21.475000
21.474000
21.470000
21.477000
21.100000
21.464000
21.474000
21.468000
21.489000
21.473000
21.682000
21.482000
21.482999
21.457000
21.469000
21.477001
21.406000
21.485000
21.486999
21.438000
21.517999
21.478999
21.453000
21.455000
21.503000
21.471000
21.470000
21.473001
21.482000
21.478999
21.459999
21.478999
21.482000
21.455000
21.461000
21.499000
21.462000
21.453001
21.456000
21.453000
21.448000
21.473000
21.420000
21.461000
21.452000
21.458000
21.458999
21.245000
21.466000
21.464000
21.587000
21.460000
21.458000
21.462000
21.563000
21.466000
21.471000
21.472000
21.462000
21.478999
21.470000
21.334000
21.476000
21.474000
21.462000
21.461000
21.446000
21.452000
21.322000
21.472001
21.463000
21.512000
21.322000
21.472001
21.450000
21.474000
21.471000
21.471000
21.553000
21.399000
21.452000
21.464000
21.472000
21.476000
21.276000
21.468000
21.570001
21.242999
21.586999
21.470000
21.470000
21.508000
21.476000
21.567999
21.263000
21.450000
21.476001
21.459000
21.461001
21.464000
21.575999
21.460000
21.451000
21.457000
21.459000
21.574000
21.466000
21.454000
21.464000
21.476001
21.398000
21.699000
21.431000
21.458000
21.472001
21.426000
21.427000
21.419999
21.446999
21.423000
21.420999
21.424999
21.451000
21.426000
21.555999
21.427001
21.442001
21.434001
21.435999
21.425000
21.443000
21.427000
21.429000
21.447000
21.409000
21.421000
21.419000
21.419000
21.218000
21.431000
21.428000
21.203999
21.421000
21.436000
21.447000
21.437000
21.431000
21.438001
21.480001
21.473000
21.550000
21.426000
21.411999
21.432000
21.419001
21.427999
21.455999
21.420999
21.420000
21.410001
21.420000
21.412000
21.620000
21.443000
21.424999
21.200000
21.424000
21.423999
21.416999
21.413000
21.395001
21.424000
21.443999
21.419999
21.428999
21.423000
21.416999
21.424000
21.417000
21.427000
21.545000
21.416999
21.430000
21.428000
21.425000
21.430000
21.420000
21.430001
21.428000
21.431000
21.422000
21.427000
21.421000
21.434000
21.459000
21.443000
21.217000
21.561000
21.564000
21.424000
21.544000
21.442000
21.438000
21.450000
21.447000
21.435000
21.427000
21.431001
