10.779999
9.739999
9.780001
9.799998
9.999998
9.679999
9.679999
9.600002
9.719998
9.840000
9.780001
9.819999
9.599999
9.519998
9.739999
9.600002
9.679999
9.599999
11.779997
9.820003
9.720001
9.620000
9.580001
9.580001
9.840000
9.659998
9.640001
9.540003
9.560000
9.580001
9.560000
9.660002
9.560000
9.580001
9.740002
9.739999
9.579998
9.560000
13.079997
10.580000
9.659998
9.679999
9.560000
9.620000
9.620000
9.620000
9.580001
9.720001
9.580001
9.620000
9.600002
9.679999
9.599999
9.599999
9.599999
9.599999
9.600002
9.679999
9.580001
9.560000
9.620000
9.660002
11.080001
9.660002
9.580001
9.840000
9.540003
9.519998
9.639997
9.579998
9.640001
9.640001
9.639997
9.819999
9.640001
10.279998
9.679999
9.560000
9.739999
9.580001
9.580001
9.580001
9.620000
9.539999
9.620003
9.640001
9.600002
9.599999
9.640001
9.539999
9.560000
9.560000
9.679999
9.599999
9.720001
9.560000
9.579998
9.600002
9.600002
9.599999
9.600002
9.580001
9.519998
9.599999
9.679999
9.659998
9.579998
9.580001
9.520002
9.560000
9.999998
9.579998
9.560000
9.679999
9.620000
9.579998
9.519998
9.580001
9.599999
9.539999
9.599999
9.920001
9.659998
9.600002
9.540003
9.580001
11.879999
9.579998
9.700000
9.640001
9.739999
9.700000
10.439999
9.820003
9.720001
9.739999
9.760004
9.680003
9.780001
9.900000
9.660002
9.819999
9.620000
9.520002
9.640001
9.580001
9.620000
9.539999
9.620000
9.680003
9.560000
9.659998
9.539999
9.640001
9.620000
9.560000
9.539999
9.560000
9.760000
9.560000
9.760000
9.760000
9.699997
9.859998
9.579998
9.580001
9.599999
9.700000
9.660002
9.620000
9.620000
9.580001
9.579998
9.600002
9.620000
9.580001
9.640001
9.539999
9.700000
9.680003
9.580001
9.700000
10.039996
9.760000
9.700000
9.659998
9.620000
9.580001
9.620000
9.920001
10.639999
9.859998
9.740002
9.679999
9.620000
9.800002
9.760000
9.680003
9.640001
9.679999
9.679999
9.640001
9.620000
9.580001
9.719998
9.580001
9.580001
9.560000
9.560000
9.580001
9.700000
9.620000
9.599999
9.880003
9.560000
9.660002
9.679999
9.579998
9.819999
9.539999
9.599999
9.579998
9.659998
9.659998
9.560000
9.580001
9.639997
9.660002
9.620000
9.620000
9.600002
9.700000
9.600002
9.739999
9.560000
9.560000
9.539999
9.540003
9.560000
9.679999
9.539999
9.620000
9.679999
9.580001
9.560000
9.600002
10.000002
9.539999
9.680003
9.739999
9.580001
9.620000
9.640001
9.760000
11.640001
9.720001
9.720001
9.679999
9.680003
9.719998
9.940002
9.680003
9.580001
9.679999
9.719998
9.700000
9.640001
9.739999
9.580001
9.679999
9.719998
9.560000
9.679999
9.580001
9.700000
9.659998
9.719998
9.739999
9.760000
9.580001
9.599999
9.659998
9.560000
9.659998
9.620000
9.679999
9.580001
9.720001
9.840000
9.640001
9.640001
9.640001
9.700000
9.600002
9.620000
9.640001
9.679999
9.540003
9.580001
9.560000
9.599999
9.560000
9.800002
9.660002
9.599999
9.560000
9.580001
9.659998
9.620000
9.580001
9.580001
9.580001
9.580001
9.640001
9.579998
9.560000
9.580001
9.599999
10.400001
9.640001
9.779997
9.599999
9.640001
9.779997
9.620000
9.600002
9.780001
9.560000
9.599999
9.579998
9.599999
9.760000
9.640001
9.700000
9.679999
9.760000
9.640001
9.679999
9.739999
9.539999
9.760000
9.640001
9.599999
9.560000
9.620000
9.760000
9.760000
9.580001
9.700000
9.659998
9.600002
9.580001
9.679999
9.959999
9.679999
9.599999
9.679999
9.659998
9.599999
9.539999
9.700000
9.660002
9.599999
9.579998
9.560000
9.599999
9.599999
9.620000
9.600002
9.579998
9.580001
9.599999
9.620000
9.560000
9.560000
9.679999
9.620003
9.520002
9.620003
9.580001
9.620000
9.580001
11.420000
10.140002
9.819999
9.679999
9.999998
9.659998
9.560000
9.620000
9.600002
9.740002
9.700000
9.640001
9.600002
9.920001
9.640001
9.760000
9.760000
10.139998
9.600002
9.860002
9.680003
9.700000
9.739999
9.659998
9.580001
9.700000
9.700000
9.580001
9.780001
9.739999
9.659998
9.599999
9.719998
9.739999
9.599999
9.760000
9.679999
9.620000
9.780001
9.599999
9.640001
9.639997
9.599999
9.620000
9.600002
9.640001
9.600002
9.620000
9.620000
9.560000
9.560000
9.639997
9.560000
9.599999
9.539999
9.599999
9.620000
9.660002
9.620000
9.620000
9.599999
9.560000
9.719998
9.560000
10.779999
9.720001
9.560000
9.820003
9.620000
9.679999
9.660002
9.639997
9.679999
9.720001
9.660002
9.700000
9.580001
9.800002
9.660002
9.579998
9.600002
9.639997
9.660002
9.599999
9.800002
9.779997
9.679999
9.560000
9.660002
9.760000
9.620000
9.519998
9.980001
9.560000
9.620000
9.599999
9.620000
9.659998
9.580001
9.540003
9.580001
9.620000
9.660002
9.600002
9.620000
9.600002
9.680003
9.679999
9.560000
9.580001
9.600002
9.539999
9.700000
9.580001
9.680003
9.560000
9.599999
9.840000
9.679999
9.580001
9.600002
9.599999
9.679999
9.560000
9.620000
9.540003
9.580001
9.660002
11.159997
9.660002
10.260001
9.719998
9.580001
9.660002
10.040000
9.700000
9.739999
9.659998
9.700000
9.659998
9.679999
9.760000
9.580001
9.659998
9.600002
9.760000
9.679999
9.640001
9.599999
9.819999
9.679999
9.599999
9.620003
9.539999
9.679999
9.620000
9.679999
9.620000
9.700000
9.660002
9.659998
9.720001
9.680003
9.599999
9.739999
9.560000
9.580001
9.599999
9.679999
9.660002
9.599999
9.659998
9.579998
9.560000
9.720001
9.600002
9.580001
9.560000
9.640001
9.700000
9.659998
9.600002
9.579998
9.580001
9.640001
9.560000
9.679999
9.620000
9.640001
9.539999
9.600002
9.659998
10.800000
9.640001
9.560000
9.620000
9.640001
9.620000
9.599999
10.100000
9.700000
9.539999
9.679999
9.600002
9.620000
9.539999
9.879999
9.679999
9.599999
9.540003
9.660002
9.560000
9.599999
9.579998
9.600002
9.620000
9.599999
9.599999
9.560000
9.660002
9.679999
9.840000
9.599999
9.640001
9.980001
9.560000
9.620003
9.539999
9.659998
9.659998
9.659998
9.659998
9.539999
9.700000
9.620000
9.499997
10.019999
9.539999
9.620000
9.560000
9.519998
9.599999
9.579998
9.580001
9.580001
9.620000
9.620000
9.520002
9.659998
9.580001
9.819999
9.560000
9.600002
9.539999
9.580001
9.600002
12.419999
9.819999
9.840000
9.579998
9.799998
9.720001
9.799998
9.919997
9.579998
9.640001
9.620000
9.639997
9.620000
9.579998
9.799998
9.640001
9.679999
9.620000
9.900000
9.860002
9.660002
9.679999
9.739999
9.620000
9.760004
9.560000
9.600002
9.659998
9.739999
9.599999
9.679999
9.599999
9.700000
9.739999
9.620000
9.599999
9.919997
9.540003
9.600002
9.859998
9.560000
9.940002
9.800002
9.580001
9.640001
9.560000
9.620000
9.659998
9.739999
9.640001
9.539999
9.620000
9.620000
9.560000
9.560000
9.620000
9.580001
9.599999
9.640001
9.579998
9.600002
9.599999
9.620000
9.580001
10.560002
9.679999
9.679999
9.679999
9.659998
9.640001
9.799998
9.620000
9.719998
9.620000
9.599999
9.600002
9.599999
9.640001
9.659998
9.599999
9.739999
9.819999
9.640001
9.539999
9.720001
9.599999
9.640001
9.579998
9.700000
9.580001
9.560000
9.640001
9.760000
9.640001
9.679999
9.620000
9.600002
9.580001
9.679999
9.640001
9.819999
9.600002
9.660002
9.760000
9.599999
9.599999
9.739999
9.640001
9.700000
9.599999
9.560000
9.579998
9.600002
9.599999
9.599999
9.580001
9.620000
9.580001
9.600002
9.659998
9.580001
15.719999
10.120001
9.980001
9.599999
9.520002
9.599999
9.620000
11.039998
9.739999
9.939998
9.620000
9.700000
9.959999
9.599999
9.720001
9.639997
9.599999
9.760000
9.639997
9.559996
10.059997
9.680003
9.540003
9.579998
9.760000
9.680003
9.539999
9.600002
9.640001
9.999998
9.680003
9.659998
9.620000
9.659998
9.679999
9.740002
9.560000
9.640001
9.680003
9.659998
9.620000
9.660002
9.719998
9.640001
9.679999
9.679999
9.539999
9.580001
9.580001
9.659998
9.800002
9.800002
9.599999
9.560000
9.620000
9.580001
9.679999
15.799999
9.679999
9.679999
9.600002
9.620000
9.660002
9.700000
9.580001
9.620000
9.640001
9.579998
9.580001
9.600002
9.539999
10.860000
10.100000
9.700000
9.679999
9.560000
9.660002
9.579998
9.560000
9.620000
9.600002
9.820003
9.679999
9.660002
9.900000
9.840000
9.580001
9.659998
9.580001
9.580001
9.600002
9.560000
9.660002
9.740002
9.580001
9.679999
9.539999
9.659998
9.600002
9.700000
9.579998
9.599999
9.599999
9.580001
9.640001
9.659998
9.679999
9.679999
9.560000
9.760004
9.560000
9.700000
9.500001
9.599999
15.860002
9.700000
9.679999
9.599999
9.600002
9.679999
9.640001
9.640001
9.640001
9.580001
9.580001
9.620000
9.599999
9.599999
9.539999
9.599999
9.620003
9.560000
9.579998
9.640001
9.600002
12.240000
9.640001
9.679999
9.719998
9.680003
9.799998
9.600002
9.780001
9.660002
10.520000
9.620000
9.579998
9.679999
9.580001
9.700000
9.640001
9.679999
9.599999
9.600002
9.799998
9.740002
9.599999
9.760000
9.539999
9.679999
9.579998
9.600002
9.600002
9.859998
9.579998
9.639997
9.659998
9.599999
9.620000
9.720001
9.599999
16.080000
9.580001
9.579998
9.579998
9.580001
9.660002
9.720001
9.599999
9.600002
9.659998
9.700000
9.739999
9.600002
9.679999
9.640001
9.599999
9.780001
9.580001
9.760000
9.920001
9.600002
9.579998
9.700000
9.599999
9.600002
9.600002
9.620000
9.580001
11.180002
9.760000
9.679999
9.640001
9.679999
9.679999
9.599999
9.719998
9.639997
9.599999
9.700000
9.579998
9.819999
9.760000
9.700000
9.879999
9.780001
9.799998
9.620000
9.560000
9.519998
9.580001
9.599999
9.680003
9.700000
9.539999
9.620000
9.539999
9.579998
15.700001
9.579998
9.679999
9.600002
9.579998
9.660002
9.679999
9.640001
9.580001
9.560000
9.600002
9.640001
9.659998
