187.400000
174.900000
181.640000
187.159999
175.960001
179.980000
181.840000
178.720000
182.300000
182.420000
177.580000
180.819999
179.220000
180.100000
180.460000
183.440000
178.620000
184.560000
179.240000
184.460000
182.000000
182.600000
181.740000
181.260000
182.200000
183.500000
177.859999
182.260000
180.940000
177.180000
180.319999
182.840000
178.400001
185.220000
180.540000
179.960000
183.480000
182.820000
177.700000
183.020000
178.700000
203.980000
182.720000
180.060000
180.860001
184.020001
179.580000
198.580001
178.460000
179.680000
182.980000
180.300000
179.120000
178.760001
180.960000
187.700000
177.280000
179.400000
185.640000
183.220000
181.820000
180.060000
180.939999
180.660000
181.100000
181.600000
182.440000
183.960000
180.480000
206.480000
178.359999
188.500000
180.920000
175.280000
180.380000
181.420000
175.700000
185.719999
184.400000
181.780000
182.800000
179.740000
184.580000
184.780001
178.160001
177.800001
180.360000
188.440001
206.720000
183.480000
181.600000
184.540000
180.920000
178.500000
182.860000
179.280000
182.520000
183.200001
175.799999
186.260000
177.800000
176.460000
184.460000
186.200000
177.300001
181.140000
182.640000
178.360000
186.020001
178.520001
195.240000
179.440000
184.440000
186.220000
177.300000
181.860000
179.500001
176.260000
180.980001
181.860000
178.340000
186.020000
180.900000
176.960000
183.979999
179.200000
180.240000
179.380001
183.960000
181.500000
181.520000
179.640000
203.960000
176.900000
184.780000
184.080000
185.099999
181.680000
181.400000
178.240000
178.960000
181.880000
179.940000
182.800000
183.160000
178.379999
181.439999
177.519999
179.720000
179.720000
184.480000
189.220000
180.339999
184.800000
182.260000
176.600001
179.180000
182.820000
180.980000
180.640000
184.280000
183.280000
182.280000
184.680000
179.700000
180.820000
184.440000
179.100000
182.440000
180.740000
181.100000
180.300000
182.539999
203.760000
182.580000
177.999999
180.860001
179.700000
179.340000
184.200000
178.400001
183.360000
179.300000
185.839999
179.940000
183.940000
181.600001
180.920000
181.140000
183.980000
182.260000
179.140001
178.140000
180.860000
182.300000
207.580000
179.000000
182.200001
180.420000
179.620001
179.160000
184.600000
179.360000
185.959999
186.079999
179.740001
176.960001
181.920000
180.660000
179.840000
184.440000
178.640000
177.139999
186.060000
194.519999
179.460000
181.519999
183.440000
180.240001
181.039999
185.580000
180.020000
183.420000
180.680000
180.160000
181.480000
184.719999
181.659999
184.060000
180.060000
181.779999
180.480000
183.340000
179.040001
177.340000
182.860000
205.980000
182.440000
186.540000
183.480000
181.560000
179.620001
186.160000
177.840000
181.559999
182.460000
178.640001
182.140000
180.640001
176.200000
183.340000
183.680000
182.480000
178.800000
183.160000
178.600000
181.280000
184.140000
209.260000
175.920000
183.900001
182.659999
176.940000
180.880000
182.280000
180.240000
182.899999
180.220000
176.620000
180.500000
182.340000
175.540000
180.720000
182.860000
181.660000
181.360000
183.980000
196.239999
182.280000
181.160000
182.400000
181.280000
184.400000
183.700000
180.840001
182.040000
184.420000
175.280000
180.100000
183.400000
176.100000
182.220000
184.619999
179.160000
185.040000
181.000000
202.880000
183.560000
184.500000
177.560000
182.920000
182.200000
181.080000
177.560001
181.960001
184.760001
177.060000
178.619999
183.000000
180.260000
179.480000
181.059999
181.600000
184.180000
184.300000
177.040000
182.440000
180.600000
203.760000
179.500000
182.140000
178.920001
181.960001
179.319999
181.880000
174.580000
181.179999
180.679999
179.460000
183.120000
182.340001
178.760001
184.380000
185.680000
180.420000
180.360001
185.140000
180.160000
186.860000
178.900000
198.080000
179.740000
181.840000
182.240000
178.780001
179.040000
183.160000
175.620000
180.600001
180.860001
183.880000
177.880000
179.620000
173.560000
183.680000
186.420000
181.940000
178.420000
184.320000
176.240000
183.680000
181.080000
205.920000
183.440000
185.220000
180.919999
176.660000
178.940000
181.500001
179.280001
177.020000
179.180000
178.860000
184.800000
184.760000
180.339999
182.660000
178.839999
184.260000
180.220000
183.700001
192.320000
181.659999
178.140000
182.400000
180.560000
180.280000
183.600000
179.260001
181.919999
182.639999
179.020001
179.020001
183.560000
179.260001
177.620000
181.360000
185.160000
187.320000
181.920000
180.740000
182.060000
184.580000
216.460000
180.280000
183.860000
186.800000
180.060000
179.920000
184.340000
177.159999
182.300000
185.400000
178.340000
182.480000
182.840000
179.140000
184.800000
185.860000
177.160000
182.120000
182.120000
179.140000
181.279999
181.340001
199.419999
179.420000
182.440001
186.760000
181.240000
182.740000
184.260000
175.520000
181.540000
180.080000
183.300001
180.260000
187.660000
177.940000
184.839999
189.060001
185.560000
182.880000
181.300000
177.160000
179.920000
177.560000
202.219999
175.360000
182.500000
183.320000
177.440000
179.640001
181.880000
179.500001
185.679999
182.000000
177.120000
184.020000
183.480000
177.260000
181.799999
182.340001
179.300000
184.400000
178.560000
199.120000
180.380000
179.180000
186.360000
179.520000
181.880000
186.220000
179.980000
176.020000
181.580001
178.260000
180.900000
179.840000
176.480000
180.680000
187.740000
179.800000
182.460001
182.760000
179.520000
183.400000
184.340000
209.960000
179.200000
179.559999
181.500000
179.060000
185.420000
183.940000
177.400000
184.080000
182.000000
180.880000
181.400000
182.460001
181.020000
180.419999
181.600000
184.060000
179.860000
182.600000
206.879999
181.059999
181.900000
182.740000
179.079999
184.060000
181.419999
175.600000
178.940000
179.220000
180.120000
186.740000
179.860000
179.479999
182.080000
180.640000
176.800000
182.180000
178.740000
180.900000
182.880000
181.820000
205.260000
177.780000
182.120000
186.240001
176.340000
176.660000
181.680000
185.700000
180.320000
184.780000
178.339999
180.180000
184.400001
175.860000
183.220000
183.100000
182.820000
179.280001
181.480001
183.260000
181.960001
179.479999
203.180000
181.700000
183.240000
182.039999
183.220000
181.520000
182.440000
178.060000
183.160000
183.139999
180.760000
180.040000
177.520000
178.540000
181.440000
183.920000
180.500000
181.940001
183.019999
176.340000
178.020000
184.660000
205.620000
176.400000
179.920000
182.180000
179.240000
183.020000
178.320000
182.880000
182.039999
180.140001
179.000000
186.160000
183.519999
180.080000
188.040000
183.760000
182.779999
183.320000
180.020000
184.820000
179.020001
181.059999
179.380001
183.680000
177.800000
178.060000
181.500000
183.019999
176.300000
183.739999
181.420000
178.660000
178.700000
185.140000
176.420000
181.820000
181.120000
175.780000
184.780001
183.060001
201.340000
182.040000
183.000000
181.640000
176.560000
182.720000
185.400001
176.320000
182.860000
181.100000
179.680000
184.900001
179.980000
178.140000
182.720000
181.059999
180.320000
179.579999
187.120000
181.200000
178.720000
179.660000
205.279999
181.340001
177.960000
184.520001
179.719999
182.519999
179.540000
179.380001
178.880000
182.039999
178.699999
181.799999
181.540000
182.660000
180.799999
181.920000
181.280000
181.200000
177.879999
195.680000
180.000000
183.260000
181.280000
177.019999
180.720001
183.800000
175.980000
185.240000
181.620000
181.860000
182.980000
184.740000
177.999999
180.060000
182.280000
184.160000
182.800001
183.800000
177.680001
180.420000
185.520000
202.880000
176.740000
180.160000
184.619999
180.540000
183.940000
178.440000
180.920000
182.220000
180.820000
182.060000
179.980000
183.100000
178.920000
182.080001
180.800000
183.100000
180.540000
182.600000
179.800000
180.620001
179.660000
206.839999
179.340000
183.360000
182.600000
178.920000
182.379999
186.460000
178.340000
181.780000
180.740000
180.579999
184.720000
184.380000
180.700000
183.120000
182.240000
182.460000
180.919999
180.260000
176.980000
178.680000
180.699999
181.260000
178.240000
187.260000
179.420000
181.140000
182.600000
185.220000
175.059999
183.700000
180.459999
179.940000
182.000000
186.580000
179.860000
184.300000
182.159999
181.700000
181.120000
182.300000
210.160000
179.460000
178.740000
181.640000
181.400000
181.460000
179.340000
178.340000
182.980000
179.500001
178.820000
186.079999
180.200000
179.200000
180.420000
184.300000
182.780000
180.680000
181.380000
179.479999
182.120000
182.200000
209.380000
181.460001
182.480000
176.760000
183.720000
177.660001
183.020000
177.840000
181.360000
179.520000
178.520000
182.620000
179.660000
179.600000
178.280001
179.339999
178.820000
183.440000
184.740000
176.320001
178.680000
179.100000
207.359999
177.540000
183.220000
186.520000
179.819999
180.340000
179.960000
176.940000
181.120000
179.000000
175.500000
182.620000
183.680000
178.300001
184.900000
182.759999
182.320001
181.520000
182.240000
199.279999
181.820001
179.160000
180.600001
182.180000
183.360000
179.959999
181.720000
183.220000
185.500001
180.380000
185.160000
180.820000
177.680001
179.959999
180.820000
182.539999
183.080000
179.140000
178.180001
184.480000
182.240000
200.860000
180.120000
182.840000
184.620000
175.740000
181.820000
187.540000
177.580000
184.760000
177.600000
177.660001
183.160000
182.360000
182.519999
184.740000
183.220000
177.279999
182.880000
184.460000
182.440001
183.180000
182.180000
207.520000
184.440000
179.040000
184.720000
180.740001
180.940000
183.800001
174.020000
180.960000
182.140000
181.919999
179.660000
186.260000
183.440000
181.779999
179.800000
181.260000
182.620000
185.460000
204.020000
179.840000
180.380000
181.980000
177.820000
183.460001
181.140000
180.240000
182.480000
183.660000
180.000000
182.460000
180.880000
183.580000
185.940000
180.720000
178.700000
181.540000
183.540000
179.719999
178.600000
186.280000
204.940001
178.220000
183.840000
184.400001
182.960000
179.980000
178.320000
178.220000
181.040000
184.400001
179.060000
180.260000
184.359999
176.880000
179.479999
178.740000
183.560000
178.740000
177.020000
203.860000
182.999999
181.220001
184.180000
182.140000
183.300001
183.220000
181.260000
183.680000
181.160000
177.999999
183.220000
181.220000
180.540000
182.200000
183.300000
178.140000
179.420000
182.000000
181.519999
186.160000
185.440000
205.180001
180.980001
180.120000
181.760000
181.700000
183.940000
182.360000
179.760000
181.640000
180.300000
182.500000
181.200000
185.059999
178.580000
183.820000
186.760000
179.440000
184.459999
187.520000
180.960000
181.419999
182.060000
202.240000
181.320000
178.660001
183.260000
177.400000
182.880000
182.100000
179.420001
188.480000
184.600000
175.100001
181.159999
179.860000
181.340001
182.720000
182.440000
181.300000
180.460000
180.520000
193.299999
182.740000
181.539999
178.000000
181.559999
185.360000
183.060001
179.220000
181.500000
180.140000
178.900000
180.540000
182.659999
175.900000
184.300000
172.620000
181.100001
186.720000
182.620000
179.800000
181.480001
182.740000
208.040000
178.980000
187.919999
184.580000
177.760000
175.000000
180.960000
182.680001
182.900000
