0.939999
0.919998
0.900000
0.879999
0.879999
0.879999
0.879999
0.900000
0.879999
0.900000
0.879999
0.879999
0.879999
0.900000
0.879999
0.900000
0.879999
1.440000
0.879999
0.920001
0.900000
0.900000
0.879999
0.879999
0.900000
0.900000
0.879999
0.919998
0.880003
0.900000
0.880003
0.879999
0.900000
0.879999
0.879999
0.879999
0.879999
1.140002
0.980001
0.900000
0.879999
0.880003
0.879999
0.880003
1.000002
0.900000
0.879999
0.880003
0.879999
0.900000
0.900000
0.879999
0.879999
0.900000
0.879999
0.879999
0.900000
0.900000
0.879999
0.900000
0.879999
0.879999
0.860002
0.900000
0.900000
0.880003
0.880003
0.900000
1.019999
0.879999
0.900000
0.900000
0.879999
0.879999
0.879999
0.900000
0.859998
0.879999
0.879999
0.880003
1.039997
0.900000
0.859998
0.900000
0.879999
0.879999
0.879999
0.900000
0.879999
0.900000
0.859998
0.900000
0.879999
0.879999
0.879999
0.879999
0.879999
0.900000
0.879999
0.879999
0.900000
0.880003
0.879999
0.900000
0.880003
0.900000
0.879999
0.900000
0.879999
0.900000
0.879999
0.879999
0.879999
0.880003
0.880003
0.900000
0.879999
0.920001
0.879999
0.879999
0.900000
1.079999
0.879999
1.139998
1.000002
0.900000
0.999998
0.879999
0.879999
0.879999
0.879999
0.879999
0.879999
0.879999
0.900000
0.900000
0.900000
1.000002
0.899997
0.900000
0.879999
0.900000
0.859998
0.900000
0.900000
0.900000
0.859998
0.900000
0.879999
0.879999
0.900000
0.879999
0.879999
0.900000
0.879999
0.879999
0.879999
0.900000
0.900000
0.879999
0.900000
0.920001
0.900000
0.900000
0.900000
0.940003
0.879999
0.900000
7.819999
0.879999
0.880003
0.900000
0.879999
0.900000
0.900000
0.879999
0.900000
0.920001
0.879999
0.900000
0.879999
0.900000
0.879999
0.879999
0.999998
0.900000
0.879999
0.880003
0.879999
0.879999
0.859998
0.879999
0.879999
0.880003
0.879999
0.900000
0.900000
0.900000
0.879999
0.879999
0.879999
0.900000
0.879999
0.900000
0.900000
0.900000
0.879999
0.899997
1.280002
0.879999
0.900000
0.900000
0.859998
0.879999
0.879999
0.879999
0.879999
0.900000
0.879999
0.960000
0.880003
1.000002
0.859998
0.920001
0.879999
0.879999
0.879999
0.879999
0.879999
1.019999
0.879999
0.900000
0.860002
0.900000
0.900000
0.900000
0.879999
0.900000
0.900000
0.900000
0.900000
0.899997
0.880003
0.900000
0.880003
0.900000
0.900000
0.879999
0.999998
0.880003
0.899997
1.020003
0.879999
0.899997
0.879999
0.879999
0.879999
0.900000
0.879999
0.900000
0.879999
0.900000
0.859998
0.879999
0.879999
0.900000
0.879999
0.880003
0.900000
0.920001
0.900000
0.900000
0.879999
0.879999
0.879999
0.879999
0.880003
0.900000
0.879999
0.900000
0.879999
0.899997
0.880003
0.999998
0.880003
0.900000
0.879999
0.880003
0.879999
0.899997
0.900000
0.900000
0.859998
1.319997
0.879999
0.900000
0.900000
0.900000
0.879999
0.879999
0.879999
0.900000
0.879999
0.900000
0.879999
0.879999
0.879999
0.879999
0.880003
0.900000
0.879999
0.919998
0.879999
0.880003
0.900000
0.900000
0.900000
1.019999
0.879999
0.919998
0.879999
0.999998
0.879999
0.900000
0.859998
0.900000
0.879999
0.900000
0.880003
0.919998
0.880003
0.879999
0.900000
0.900000
0.879999
0.879999
0.920001
0.900000
0.920001
0.900000
0.880003
0.899997
0.879999
0.900000
0.900000
0.879999
0.900000
0.900000
0.879999
0.900000
0.880003
0.879999
0.879999
0.900000
0.879999
0.900000
0.900000
0.900000
0.900000
0.879999
0.859998
0.880003
0.879999
0.900000
0.879999
0.879999
0.879999
0.900000
0.879999
0.900000
0.899997
0.879999
0.980001
0.999998
0.860002
0.900000
0.900000
0.900000
0.879999
1.300000
0.880003
0.899997
0.900000
0.900000
1.000002
1.019999
0.899997
0.879999
0.879999
0.900000
0.859998
0.999998
0.879999
0.879999
0.900000
0.900000
0.879999
0.879999
0.859998
0.879999
0.900000
0.900000
0.879999
0.900000
0.879999
0.900000
0.859998
0.900000
0.859998
0.900000
0.879999
0.999998
0.879999
0.900000
0.879999
1.019999
0.879999
1.040000
0.860002
0.900000
0.900000
0.920001
0.900000
0.900000
0.879999
0.919998
0.900000
0.880003
0.900000
0.900000
0.879999
0.900000
0.900000
0.879999
0.880003
0.880003
0.899997
0.880003
0.879999
0.879999
0.900000
0.880003
0.879999
0.900000
0.879999
0.879999
0.900000
0.920001
0.879999
0.880003
0.879999
0.920001
0.900000
0.900000
0.879999
0.920001
0.900000
0.900000
0.900000
0.900000
0.880003
0.900000
0.900000
0.900000
1.040000
1.000002
0.940003
0.900000
0.879999
1.320001
0.879999
0.879999
0.880003
0.900000
0.879999
0.900000
0.980001
0.900000
0.860002
0.879999
1.340002
0.879999
0.879999
0.900000
0.900000
0.900000
0.879999
0.900000
1.000002
0.900000
0.900000
0.879999
0.880003
0.900000
0.859998
0.900000
0.880003
0.899997
0.860002
0.999998
0.879999
0.859998
0.879999
0.879999
0.860002
0.879999
0.859998
0.879999
0.880003
0.879999
0.879999
0.880003
0.880003
0.880003
0.879999
0.879999
0.879999
1.339998
0.879999
0.879999
0.859998
0.859998
0.879999
0.859998
0.860002
0.859998
0.860002
0.860002
0.900000
0.859998
0.859998
0.860002
0.899997
0.879999
0.840001
0.900000
0.859998
0.879999
0.879999
0.900000
0.859998
0.879999
0.859998
0.879999
0.879999
0.880003
0.860002
0.880003
0.880003
1.119997
0.879999
0.879999
0.859998
0.880003
0.860002
0.879999
0.859998
0.879999
0.879999
0.999998
0.859998
0.879999
0.980001
0.900000
0.879999
0.879999
0.860002
1.119997
0.860002
0.879999
0.900000
0.979997
0.879999
0.879999
0.879999
0.960000
0.880003
0.880003
0.860002
0.879999
0.860002
0.900000
0.859998
0.859998
0.879999
0.879999
0.859998
0.960000
0.900000
0.859998
0.879999
0.879999
0.920001
0.859998
0.860002
0.859998
0.880003
0.859998
0.879999
0.879999
0.880003
0.879999
0.879999
0.860002
0.879999
0.860002
0.859998
0.859998
0.879999
0.879999
0.879999
0.879999
0.879999
0.860002
0.859998
0.879999
0.859998
0.900000
0.879999
0.879999
0.879999
0.880003
0.880003
0.880003
0.879999
0.980001
0.859998
0.859998
0.860002
0.879999
0.860002
0.879999
0.879999
0.879999
0.859998
1.480002
0.860002
0.879999
0.879999
0.860002
0.880003
0.879999
0.859998
0.859998
0.859998
0.900000
0.879999
0.879999
0.879999
0.859998
1.000002
0.879999
0.879999
0.879999
0.879999
0.859998
0.879999
0.860002
0.879999
0.860002
0.860002
0.879999
0.880003
0.900000
0.859998
0.880003
0.879999
0.999998
0.879999
0.880003
0.860002
0.880003
0.879999
0.859998
0.879999
0.879999
0.859998
0.919998
0.879999
0.900000
0.879999
0.879999
0.879999
0.879999
0.860002
0.900000
0.879999
0.859998
0.860002
0.879999
0.879999
0.880003
0.880003
0.859998
0.860002
0.840001
0.879999
0.879999
0.879999
0.860002
0.879999
0.860002
0.879999
0.859998
0.859998
0.859998
0.839997
0.879999
0.879999
0.900000
0.880003
0.879999
0.879999
0.859998
0.879999
0.879999
0.879999
0.900000
0.879999
0.840001
1.120001
0.880003
0.879999
0.879999
0.859998
0.860002
0.879999
0.879999
0.960000
0.879999
0.879999
0.879999
0.879999
0.879999
0.879999
0.879999
0.859998
0.880003
0.859998
0.859998
0.879999
0.859998
0.879999
0.879999
0.879999
0.899997
0.859998
0.879999
0.879999
0.860002
0.880003
0.879999
0.880003
0.859998
0.980001
0.859998
0.859998
0.879999
0.880003
0.879999
0.860002
0.879999
0.860002
0.900000
0.879999
0.860002
0.859998
1.019999
0.879999
0.859998
0.879999
0.879999
0.859998
0.879999
0.840001
0.860002
0.859998
0.879999
0.880003
0.860002
0.880003
0.880003
0.879999
0.860002
0.879999
0.879999
0.840001
0.879999
0.900000
0.859998
0.879999
0.879999
0.859998
0.879999
0.879999
0.860002
0.880003
0.859998
0.879999
0.859998
0.859998
0.879999
0.860002
0.860002
0.859998
1.220003
0.859998
0.860002
0.859998
0.880003
0.860002
0.879999
0.879999
0.979997
0.879999
0.879999
0.860002
0.900000
0.879999
0.860002
0.859998
0.879999
0.879999
0.860002
0.859998
0.880003
0.879999
0.879999
0.859998
0.880003
0.879999
0.860002
0.900000
0.879999
0.879999
0.880003
0.859998
0.879999
0.879999
1.000002
0.979997
0.860002
0.880003
0.880003
0.860002
0.879999
0.879999
0.860002
1.019999
0.859998
0.860002
0.879999
0.879999
0.880003
0.879999
0.859998
0.879999
0.860002
0.879999
0.879999
0.879999
0.879999
0.859998
0.859998
0.879999
0.879999
0.880003
1.059998
0.839997
0.879999
0.879999
0.879999
0.860002
0.900000
0.880003
0.880003
0.860002
0.880003
0.859998
0.879999
0.879999
0.859998
0.840001
0.880003
0.879999
0.900000
0.900000
0.860002
0.879999
0.859998
0.859998
0.999998
0.860002
0.879999
0.859998
0.879999
0.879999
0.860002
0.980001
0.900000
0.899997
0.879999
0.879999
0.900000
0.879999
0.860002
0.860002
0.859998
0.879999
0.859998
0.879999
0.879999
0.879999
0.859998
0.879999
0.879999
0.879999
0.939999
0.860002
0.879999
0.879999
0.960000
0.840001
0.880003
0.879999
0.900000
0.980001
0.980001
0.879999
0.879999
0.980001
0.860002
0.860002
0.900000
0.859998
0.879999
0.860002
0.859998
0.879999
0.879999
0.859998
0.860002
0.879999
0.860002
0.859998
0.879999
0.859998
0.879999
0.860002
0.859998
0.879999
0.879999
0.879999
0.879999
0.859998
0.879999
0.860002
0.879999
0.859998
0.879999
0.860002
0.879999
0.900000
0.880003
0.879999
0.900000
0.879999
0.900000
0.879999
0.859998
0.880003
0.860002
0.860002
0.879999
0.900000
0.859998
1.120001
0.879999
0.879999
1.120001
0.879999
0.860002
0.900000
0.880003
0.859998
0.879999
0.879999
0.980001
0.879999
0.879999
0.879999
0.879999
0.879999
0.979997
0.880003
0.879999
0.879999
0.879999
0.859998
0.879999
