358.974000
358.007000
359.330000
358.753000
359.475000
361.990999
360.193999
358.402001
358.452000
357.595000
356.842999
358.271001
357.534000
357.003000
343.590001
359.069000
355.901999
359.334000
359.549999
358.419999
359.931001
358.712000
358.767000
357.185001
360.100000
358.732000
345.424999
357.424000
360.862999
364.047000
355.617000
356.147000
358.171000
359.370000
358.256000
359.081999
359.700000
359.287000
357.410000
359.586000
356.595000
356.938000
357.330000
357.448000
357.903001
357.475000
358.935000
360.309000
356.590000
359.483000
357.604000
357.709999
358.615000
359.932000
359.438000
358.879000
358.444000
357.426000
359.162000
359.360000
358.335000
360.265000
358.213000
356.557000
358.969000
360.393000
357.863000
358.778999
361.062000
359.317999
358.809999
356.623000
358.913000
360.346001
358.410000
356.271001
358.179000
359.047000
357.075000
359.894000
356.139001
357.954999
359.266000
359.945000
359.807000
357.663999
357.396999
358.335000
357.412000
360.684000
357.887000
359.153000
357.577000
358.820000
359.638000
357.551999
359.781001
358.683000
357.181000
359.547000
357.896999
357.852000
357.872000
356.982999
359.844000
358.837000
357.881000
359.904001
360.129001
359.635000
357.223000
358.885000
360.675000
358.760000
359.318000
358.380000
357.073000
359.679000
357.051999
358.201000
358.116999
356.832000
357.967000
359.594000
357.080000
359.285000
357.979000
346.657000
358.904000
357.849999
359.387000
359.214000
360.213000
358.525000
359.725000
357.901000
358.598000
358.294000
358.576001
360.719000
359.850000
358.638000
358.513000
359.174000
360.265000
359.506001
357.833000
359.786000
357.198000
358.030000
357.592000
358.497000
359.425000
358.693000
357.470000
357.752000
359.375000
359.050000
359.298000
355.641000
360.427000
359.323000
359.286999
357.884999
358.934999
359.399000
358.299000
358.309000
359.355000
360.274999
359.153000
359.126000
359.840000
360.216000
358.086000
358.044000
357.462999
357.305001
357.334000
359.688000
358.232000
359.161000
360.450000
358.410000
359.496000
358.636000
359.043000
358.464000
356.921000
360.014000
358.389000
357.735000
359.302000
358.334000
358.323000
357.833000
357.527000
358.755000
356.915000
358.961999
360.262000
359.265000
357.989999
356.423000
360.060000
358.147999
358.158001
361.054000
359.948000
359.207001
357.518000
357.920000
357.495000
358.422000
359.138000
359.021001
360.148000
357.127000
355.488000
359.230000
357.477000
359.038000
358.000999
359.370000
360.499999
358.473000
360.802000
360.011999
358.118000
359.030999
357.764999
346.721999
359.596000
360.956000
360.162000
359.677000
359.418000
359.216000
360.783000
359.414000
360.010999
360.431000
360.353000
356.551000
356.690000
359.131999
358.319000
359.753000
359.080999
357.661000
359.610000
360.145001
361.346999
359.484000
358.650000
360.019000
357.942000
358.957000
359.028000
355.477000
356.492001
359.730001
359.337000
359.545000
357.255001
360.581000
357.034001
358.589000
358.449000
359.339000
358.818000
357.737000
356.860000
358.364000
360.045000
359.254001
356.956000
359.759999
358.328000
357.281000
358.235001
359.796000
358.495001
357.707000
359.983999
356.920999
360.528000
360.272001
359.963000
359.908000
358.662000
359.355001
357.179000
358.676000
355.958000
358.166000
357.874000
358.077000
358.480000
357.533000
359.970000
357.870000
358.198999
360.831000
359.078000
358.590000
359.754000
358.075000
359.795000
358.235000
361.027000
358.979000
358.237000
358.744000
357.137000
358.059000
359.403000
359.855000
358.728999
358.709999
360.108000
356.920000
359.398999
357.661000
358.965000
359.866000
362.175000
358.691000
360.762000
360.733000
360.868000
359.436000
360.395000
360.453000
357.417000
358.295000
357.374000
358.004000
358.548000
357.224000
358.600000
360.478000
358.921000
357.431999
356.887000
359.867000
356.940000
358.775999
359.547000
360.703000
358.508000
358.468000
359.010999
360.068999
360.100000
356.355000
358.479001
358.467000
360.645000
360.696000
356.887000
357.365000
357.838000
358.959001
358.197000
359.154000
359.120000
358.450000
358.620000
357.764000
359.275000
358.143999
356.773000
356.892000
356.218000
359.081999
358.387000
360.098000
360.090000
358.256999
356.914000
358.113000
359.528000
359.133000
357.208000
358.008000
358.054999
357.624000
356.343000
357.353000
358.081000
359.500000
356.640000
358.952001
358.087000
358.286000
359.931000
356.942000
358.928001
358.148000
361.222000
357.513000
359.048000
359.690000
356.517000
359.800000
357.642000
359.824000
359.804000
359.554000
358.650000
357.917000
358.840000
359.152000
358.369000
358.013000
359.355001
358.890000
357.213000
361.895001
359.005000
359.572000
359.467000
360.425000
357.023000
357.623000
358.254000
355.229001
357.112000
357.677000
355.670000
359.021001
358.958000
358.495001
359.193000
359.090000
356.223000
356.855000
357.798001
357.583000
361.132000
359.192000
355.102001
358.201000
360.517000
357.272000
358.473000
361.226999
357.735000
357.593000
359.573999
358.499999
358.887999
360.885000
358.870000
358.990001
358.535000
361.065000
358.393000
357.914000
357.375000
358.276000
359.160000
360.456999
358.607000
360.646000
359.588000
359.201000
360.952000
359.691001
358.558000
358.132999
357.850000
359.168000
358.800000
356.362000
357.305001
358.556000
358.066000
359.170999
359.677000
359.413001
359.826000
357.571000
356.840000
357.681001
357.670000
356.769999
357.895999
356.929000
358.923000
357.684000
359.162000
359.420000
359.586000
358.191000
358.433001
361.196000
359.618000
357.709000
359.536001
357.794001
355.082001
358.683000
359.108000
358.212001
360.300000
345.548000
357.996000
357.954999
355.769000
360.097000
357.761000
360.600000
360.131000
358.563000
358.275000
356.915000
359.770000
358.360000
359.826000
358.440000
359.209000
358.751000
359.331001
359.488000
358.863000
357.345999
358.984999
358.094000
358.689000
358.787000
358.313000
359.101000
357.581000
357.327000
357.644999
359.625001
357.680000
360.730000
360.436999
357.655999
358.023000
357.064000
360.451000
345.736000
359.597000
358.607001
357.696000
360.342000
359.326000
358.597999
359.503000
358.802000
359.251999
358.755000
358.478000
342.485000
358.541001
361.680000
348.253000
357.340000
358.565000
345.838000
358.185000
357.950000
351.927000
356.928000
358.930999
357.192000
359.099000
357.542000
358.875000
358.589999
357.802999
360.233000
357.394000
357.555999
357.973000
358.717000
357.450999
358.399000
356.586000
358.191000
359.480000
356.215999
360.478000
358.529000
359.516000
358.133000
357.666000
359.316001
357.276999
361.086001
360.208000
357.321001
358.353999
359.855000
358.930000
357.876000
360.041000
357.612000
358.598000
359.219000
358.740000
357.659000
360.632000
358.418000
358.401000
358.054000
358.965000
357.591000
361.114000
356.512000
356.310000
359.029000
359.430999
358.361000
357.642000
360.121001
360.575001
360.455000
356.339999
357.882000
358.299999
343.303001
358.600000
358.067000
358.655000
356.400000
358.257000
357.590000
358.617000
360.478000
347.172000
359.178000
359.255000
358.715001
359.072000
359.083001
358.790000
357.356000
359.374000
358.175999
358.735000
358.481000
357.736000
359.272000
359.106000
360.185000
357.853000
359.445000
360.495999
356.139001
358.001000
358.109000
357.410000
359.478000
358.908000
357.344000
358.745000
357.475000
361.370000
358.659000
359.582000
359.003000
358.621000
358.589999
358.802000
357.046001
358.200000
357.727000
359.608000
359.197000
356.897000
358.029000
359.445999
358.073001
357.667000
357.104000
358.516000
360.055001
359.464000
357.972000
357.497000
357.551000
356.871000
361.122999
360.579000
358.770000
358.538000
357.099000
357.525000
358.903000
359.157000
359.743000
359.162000
359.901000
358.329000
357.318000
358.368000
357.487001
350.368001
361.385000
358.425000
358.921000
357.276000
360.235000
356.240000
355.620001
357.859000
358.771000
356.428000
359.209999
361.743000
358.150000
357.393000
343.948999
360.374000
358.467000
342.098000
360.179000
357.910000
361.656000
359.435000
359.772000
359.089000
359.679000
357.794001
360.582000
360.100000
358.682000
360.676000
358.128000
361.569000
358.637000
360.725000
356.512000
357.361999
357.476000
359.316001
360.446000
358.385000
359.318000
358.992000
358.149000
357.592000
358.019000
359.306000
359.117000
358.999000
356.411000
358.013000
359.033000
358.415999
360.220000
359.310000
356.038000
356.749999
355.933000
359.013000
357.078000
359.773000
360.116000
358.005000
360.430000
358.909000
358.962000
359.519999
359.387000
358.613000
357.487001
358.356999
358.299000
356.831000
359.237000
357.856000
359.375000
359.284000
361.034000
359.267999
360.245001
356.273000
358.994000
360.722000
357.321000
360.514000
356.655001
359.920000
358.615000
358.999001
358.330000
357.275000
358.484000
357.569000
357.001000
360.648001
359.775000
359.667000
358.197000
356.001000
357.242000
357.355000
356.960000
359.233000
360.950001
359.838000
359.828000
359.211000
360.268000
361.467000
358.432001
357.914000
359.122000
358.232001
359.785000
359.600999
358.215000
358.278001
357.593000
359.642999
359.548001
357.909000
357.481000
360.278000
357.284999
357.704001
358.533000
358.849999
359.534000
359.088999
358.494000
357.631000
355.110000
357.073001
357.801000
359.646000
358.825000
359.015000
360.405000
358.400000
359.154000
357.492000
360.483000
361.622000
360.985001
361.081000
356.852000
359.649000
359.548000
358.382001
358.109000
356.903000
357.790000
357.918999
357.193001
359.276000
359.781000
358.275000
359.328001
358.526000
359.215000
358.595000
360.118001
359.157000
357.933000
358.000999
357.914000
357.454999
361.459999
359.172001
357.057000
356.263000
357.882000
358.505000
358.607000
361.988000
358.154000
358.531999
360.320000
359.238000
360.695000
358.925000
358.415000
359.429000
356.981000
358.991000
359.080000
357.210000
359.110001
358.621000
358.093999
359.250000
358.143999
357.922999
360.013000
359.298000
357.770001
356.966999
358.126000
360.323001
357.884000
358.364000
356.985000
360.067000
357.812000
357.632000
358.889000
357.377000
358.325000
357.592001
360.032000
357.431000
358.620000
358.232000
358.146000
359.050999
359.203000
359.563001
358.752000
359.102000
359.166000
359.139000
358.971000
357.471000
360.591000
358.854000
357.650000
358.273000
357.656999
358.232000
359.215000
358.599001
357.427999
359.371000
357.878000
357.195000
357.494000
357.717000
359.114001
357.073000
358.230000
358.192000
357.077000
358.510000
358.437001
358.278001
359.370000
358.777001
358.419000
359.277000
358.850000
359.300000
358.508999
358.241000
358.912000
358.255000
357.752999
359.325000
358.259000
359.889001
357.934000
356.687000
356.503000
357.133000
357.765000
357.490000
358.554000
359.433000
360.211999
359.457999
357.111000
359.211001
359.555000
358.837000
358.490000
358.021000
357.702999
357.973000
359.625001
358.177000
357.020000
359.248000
357.666000
357.922999
357.302000
359.485000
358.265000
358.391000
356.438000
358.308000
357.624000
358.877000
358.366000
357.725000
358.141000
359.395000
359.165001
357.755000
358.751000
