298.080000
298.106000
298.092000
298.100000
298.142000
298.088000
298.086000
298.090000
298.082000
298.085000
298.088000
298.111000
298.065000
298.094000
298.113000
298.067000
298.085000
298.069000
298.142000
298.048000
298.141000
298.130000
298.093000
298.051000
298.102000
298.050000
298.101000
298.125000
298.093000
298.091000
298.087000
298.072000
298.182000
298.116000
298.071000
298.094000
298.115000
298.113000
298.076000
298.115000
298.090000
303.626000
298.100000
298.051000
298.073000
298.087000
298.094000
298.095000
298.086000
298.069000
298.110000
298.072000
298.069000
298.087000
298.076000
298.075000
298.092000
298.080000
298.094000
298.134000
298.120000
298.075000
298.135000
298.112000
393.160000
298.129000
298.104000
298.141000
298.131000
298.100000
298.116000
298.106000
298.123000
298.122000
298.103000
298.123000
298.151000
298.150000
298.110000
298.170000
298.100000
298.098000
298.117000
298.118000
298.099000
298.136000
298.107000
298.148000
298.120000
298.069000
298.088000
298.061000
298.088000
298.080000
298.088000
298.108000
298.105000
298.117000
298.094000
298.089000
298.089000
298.086000
298.060000
298.099000
298.088000
298.033000
298.084000
298.070000
298.131000
298.050000
298.040000
302.229000
298.104000
298.091000
298.090000
298.087000
298.091000
298.091000
298.095000
298.093000
298.090000
298.094000
298.090000
298.048000
298.093000
298.090000
298.089000
298.088000
298.089000
298.089000
298.091000
298.091000
298.088000
298.089000
301.596000
298.100000
298.094000
298.095000
298.089000
298.059000
298.072000
298.089000
298.093000
298.060000
298.089000
298.070000
298.083000
298.088000
298.071000
298.096000
298.117000
298.083000
298.068000
298.067000
298.096000
298.075000
298.091000
298.047000
316.111000
298.108000
298.092000
298.118000
298.091000
298.074000
298.107000
298.094000
298.064000
298.078000
298.046000
298.089000
298.091000
298.053000
298.101000
298.136000
298.094000
298.089000
298.097000
298.097000
298.095000
298.095000
298.051000
301.922000
298.110000
298.052000
298.095000
298.116000
298.110000
298.111000
298.088000
298.134000
298.107000
298.112000
298.110000
298.114000
298.113000
298.075000
298.159000
298.091000
298.091000
298.103000
298.076000
298.091000
298.093000
298.095000
298.071000
298.105000
298.145000
298.105000
298.090000
298.091000
298.090000
298.090000
298.070000
298.093000
298.096000
298.095000
298.091000
298.088000
298.089000
298.082000
298.112000
298.070000
298.093000
298.088000
298.114000
298.050000
298.076000
298.068000
301.394000
298.072000
298.087000
298.071000
298.069000
298.091000
298.092000
298.084000
298.087000
298.075000
298.157000
298.093000
298.068000
298.075000
298.111000
298.089000
298.067000
298.073000
298.051000
298.085000
298.095000
298.088000
298.079000
298.076000
298.123000
298.106000
298.114000
298.087000
298.092000
298.093000
298.102000
298.091000
298.089000
298.094000
298.088000
298.095000
298.092000
298.141000
298.071000
298.092000
298.115000
298.070000
298.138000
298.092000
298.072000
298.091000
298.084000
301.848000
298.121000
298.091000
298.120000
298.091000
298.090000
298.095000
298.140000
298.093000
298.092000
298.095000
298.094000
298.094000
298.092000
298.115000
298.096000
298.095000
298.083000
298.091000
298.123000
298.093000
298.093000
298.096000
298.093000
298.144000
298.095000
298.094000
298.085000
298.090000
298.145000
298.076000
298.091000
298.111000
298.095000
298.101000
298.092000
298.126000
298.092000
298.110000
298.092000
298.093000
298.121000
298.088000
298.071000
298.094000
298.094000
298.136000
301.631000
298.093000
298.138000
298.116000
298.073000
298.091000
298.117000
298.112000
298.090000
298.084000
298.117000
298.134000
298.091000
298.092000
298.113000
298.111000
298.095000
298.096000
298.091000
298.084000
298.118000
298.073000
298.092000
323.053000
298.126000
298.070000
298.107000
298.090000
298.109000
298.143000
298.085000
298.097000
298.095000
298.089000
298.102000
298.116000
298.097000
298.090000
298.069000
298.071000
298.087000
298.070000
298.066000
298.087000
298.088000
298.053000
298.081000
301.650000
298.092000
298.089000
298.092000
298.091000
298.104000
298.080000
298.080000
298.082000
298.069000
298.085000
298.083000
298.092000
298.090000
298.085000
298.091000
298.092000
298.079000
298.094000
298.073000
298.073000
298.092000
298.088000
301.685000
298.109000
298.089000
298.073000
298.092000
298.071000
298.107000
298.068000
298.091000
298.074000
298.094000
298.092000
298.091000
298.092000
298.108000
298.101000
298.104000
298.088000
298.088000
298.090000
298.092000
298.099000
298.096000
298.095000
298.120000
298.100000
298.089000
298.091000
298.090000
298.052000
298.089000
298.093000
298.089000
298.080000
298.091000
298.107000
298.108000
298.107000
298.086000
298.131000
298.082000
298.107000
298.085000
298.119000
298.096000
298.091000
298.091000
329.760000
298.078000
298.048000
298.099000
298.069000
298.063000
298.086000
298.089000
298.084000
298.070000
298.068000
298.068000
298.072000
298.048000
298.088000
298.092000
298.080000
298.049000
298.090000
298.089000
298.073000
298.087000
298.087000
298.068000
298.096000
298.093000
298.070000
298.048000
298.091000
298.090000
298.087000
298.133000
298.061000
298.070000
298.070000
298.088000
298.089000
298.088000
298.070000
298.090000
298.055000
298.070000
298.092000
298.069000
298.053000
298.067000
298.078000
301.391000
298.096000
298.047000
298.091000
298.072000
298.087000
298.084000
298.138000
298.088000
298.071000
298.092000
298.086000
298.091000
298.075000
298.090000
298.086000
298.089000
298.068000
298.085000
298.072000
298.071000
298.048000
298.070000
301.669000
298.091000
298.089000
298.071000
298.089000
298.076000
298.091000
298.093000
298.053000
298.087000
298.113000
298.068000
298.097000
298.093000
298.092000
298.087000
298.075000
298.092000
298.133000
298.050000
298.090000
298.120000
298.092000
298.093000
298.121000
298.080000
298.112000
298.048000
298.089000
298.068000
298.084000
298.089000
298.089000
298.070000
298.067000
298.085000
298.086000
298.091000
298.091000
298.094000
298.089000
298.087000
298.080000
298.088000
298.083000
298.091000
298.066000
301.740000
298.092000
298.050000
298.063000
298.088000
298.067000
298.087000
298.088000
298.093000
298.146000
298.093000
298.090000
298.080000
298.083000
298.046000
298.091000
298.092000
298.090000
298.072000
298.107000
298.081000
298.092000
298.086000
298.093000
298.105000
298.086000
298.071000
298.089000
298.070000
298.112000
298.076000
298.090000
298.054000
298.069000
298.089000
298.066000
298.050000
298.070000
298.072000
298.071000
298.089000
298.080000
298.089000
298.078000
298.090000
298.066000
298.069000
301.528000
298.122000
298.110000
298.068000
298.100000
298.103000
298.089000
298.102000
298.108000
298.089000
298.111000
298.092000
298.114000
298.109000
298.134000
298.090000
298.132000
298.117000
298.073000
298.119000
298.097000
298.053000
298.082000
298.113000
298.116000
298.107000
298.118000
298.048000
298.110000
298.067000
298.098000
298.095000
298.068000
298.060000
298.073000
298.102000
298.101000
298.087000
298.113000
298.095000
298.069000
298.089000
298.048000
298.091000
298.083000
298.089000
298.090000
301.775000
298.125000
298.074000
298.074000
298.116000
298.114000
298.055000
298.094000
298.158000
298.089000
298.090000
298.093000
298.108000
298.076000
298.112000
298.111000
298.109000
298.111000
298.086000
298.094000
298.085000
298.090000
298.086000
301.711000
298.089000
298.093000
298.130000
298.098000
298.051000
298.070000
298.120000
298.083000
298.087000
298.093000
298.065000
298.065000
298.048000
298.087000
298.074000
298.069000
298.088000
298.099000
298.077000
298.083000
298.072000
298.112000
298.085000
298.111000
298.093000
298.072000
298.045000
298.089000
298.062000
298.088000
298.095000
298.050000
298.087000
298.090000
298.088000
298.109000
298.088000
298.091000
298.102000
298.087000
298.090000
298.113000
298.089000
298.067000
298.088000
298.091000
322.031000
298.064000
298.089000
298.098000
298.047000
298.091000
298.071000
298.088000
298.048000
298.094000
298.065000
298.063000
298.069000
298.085000
298.088000
298.112000
298.082000
298.069000
298.065000
298.093000
298.088000
298.090000
298.068000
298.088000
298.114000
298.070000
298.088000
298.084000
298.090000
298.091000
298.061000
298.092000
298.126000
298.091000
298.084000
298.091000
298.087000
298.089000
298.103000
298.093000
298.085000
298.086000
298.086000
298.093000
298.089000
298.068000
298.089000
301.427000
298.109000
298.066000
298.090000
298.093000
298.090000
298.069000
298.090000
298.053000
298.073000
298.107000
298.075000
298.093000
298.070000
298.089000
298.069000
298.087000
298.070000
298.106000
298.067000
298.084000
298.072000
298.090000
298.085000
298.101000
298.066000
298.085000
298.092000
298.089000
298.106000
298.086000
298.081000
298.088000
298.085000
298.061000
298.072000
298.085000
298.081000
298.090000
298.091000
298.088000
298.089000
298.060000
298.088000
298.068000
298.120000
298.090000
328.365000
298.120000
298.119000
298.088000
298.090000
298.093000
298.089000
298.091000
298.088000
298.093000
298.086000
298.087000
298.113000
298.054000
298.047000
298.111000
298.091000
298.081000
298.069000
298.088000
298.089000
298.088000
298.115000
298.089000
298.102000
298.106000
298.110000
298.085000
298.068000
298.096000
298.093000
298.089000
298.088000
298.087000
298.088000
298.116000
298.108000
298.105000
298.118000
298.077000
298.137000
298.110000
298.090000
298.092000
298.088000
298.090000
298.093000
303.498000
298.097000
298.092000
298.091000
298.078000
298.068000
298.091000
298.083000
298.089000
298.087000
298.111000
298.095000
298.071000
298.091000
298.110000
298.092000
298.092000
298.091000
298.083000
298.091000
298.089000
298.107000
298.071000
301.618000
298.088000
298.072000
298.089000
298.082000
298.137000
298.131000
298.085000
298.107000
298.104000
298.106000
298.107000
298.101000
298.109000
298.108000
298.084000
298.083000
298.106000
298.112000
298.086000
298.096000
298.086000
298.088000
298.063000
298.143000
298.093000
298.094000
298.089000
298.087000
298.090000
298.089000
298.113000
298.067000
298.091000
298.092000
298.068000
298.089000
298.071000
298.089000
298.068000
298.093000
298.089000
298.066000
298.090000
298.091000
298.078000
298.089000
301.977000
298.089000
298.070000
298.069000
298.081000
298.088000
298.090000
298.102000
298.087000
298.070000
298.113000
298.089000
298.069000
298.068000
298.093000
298.068000
298.084000
298.112000
298.046000
298.094000
298.091000
298.070000
298.089000
298.087000
298.087000
298.096000
298.069000
298.030000
298.065000
298.096000
298.090000
298.069000
298.093000
298.088000
298.070000
298.091000
298.088000
298.105000
298.135000
298.072000
298.067000
298.062000
298.132000
298.089000
298.082000
298.061000
298.089000
301.491000
298.094000
298.098000
298.091000
298.094000
298.133000
298.069000
298.095000
298.090000
298.139000
298.113000
298.111000
298.087000
298.081000
298.087000
298.088000
298.088000
298.082000
298.088000
298.085000
298.088000
298.078000
