0.713999
0.684000
0.688001
0.684000
0.685000
0.686000
0.682000
0.685000
0.686000
0.685000
0.685001
0.685999
0.687000
0.686000
0.686000
0.682000
0.683000
0.682000
0.682000
0.682000
0.681999
0.682000
0.682999
0.682000
0.683000
0.682000
0.682000
0.682000
0.681999
0.682000
0.682000
0.682000
0.682000
0.682000
0.681000
0.682000
0.682000
0.682000
0.682000
0.682000
0.682000
0.686000
0.683000
0.682000
0.682000
0.685000
0.686999
0.686000
0.685000
0.682000
0.685001
0.682000
0.682000
0.685000
0.686000
0.682000
0.682000
0.685000
0.687000
0.686000
0.683000
0.681000
0.686000
0.681001
0.686000
0.685000
0.685000
0.682000
0.682000
0.682000
0.681999
0.682000
0.685000
0.682000
0.681001
0.682000
0.686000
0.682000
0.685000
0.685000
0.686000
0.686000
0.685001
0.685001
0.685000
0.685000
0.685001
0.685001
0.681999
0.682000
0.682000
0.682000
0.686000
0.682000
0.682000
0.685000
0.684000
0.686000
0.682000
0.682000
0.682000
0.686999
0.685000
0.685000
0.681001
0.682000
0.682000
0.682000
0.682000
0.682000
0.682000
0.681999
0.682000
0.682000
0.682000
0.682000
0.682000
0.682000
0.682000
0.682000
0.682000
0.682000
0.681000
0.681999
0.681000
0.682000
0.685000
0.685000
0.686000
0.682000
0.686000
0.682000
0.685999
0.682000
0.682000
0.682000
0.685000
0.686000
0.681000
0.682000
0.686000
0.686000
0.682000
0.682000
0.682000
0.686000
0.682000
0.682000
0.682000
0.684001
0.681999
0.682000
0.682000
0.682000
0.682000
0.685001
0.685001
0.682000
0.685001
0.682000
0.682000
0.681000
0.681000
0.685000
0.686000
0.682000
0.682000
0.685000
0.682000
0.682000
0.685000
0.682000
0.682000
0.682000
0.682000
0.682000
0.682000
0.685000
0.685999
0.682000
0.682000
0.682000
0.682000
0.682000
0.682000
0.682000
0.685000
0.686000
0.685999
0.686000
0.682000
0.685999
0.685001
0.681000
0.682000
0.682000
0.681000
0.682000
0.682000
0.682000
0.681000
0.682000
0.682000
0.681000
0.682000
0.686000
0.686000
0.682000
0.686000
0.682000
0.682000
0.681000
0.685001
0.685000
0.686000
0.686000
0.682000
0.686000
0.682000
0.682000
0.686000
0.687000
0.682000
0.685000
0.682000
0.686000
0.682999
0.682000
0.682000
0.682000
0.686000
0.686000
0.682999
0.682000
0.682000
0.682000
0.686000
0.685000
0.687000
0.682000
0.685000
0.682000
0.682000
0.685000
0.682000
0.686000
0.686000
0.685001
0.685000
0.686000
0.682000
0.681000
0.682000
0.682000
0.682000
0.682000
0.682000
0.686000
0.681999
0.686000
0.686000
0.682000
0.682000
0.682000
0.681001
0.687000
0.681001
0.685000
0.682000
0.681999
0.683000
0.682000
0.682000
0.768000
0.682000
0.682000
0.682000
0.682000
0.682000
0.682000
0.682000
0.685001
0.685999
0.682000
0.682000
0.682000
0.686000
0.686000
0.685001
0.682000
0.687000
0.682000
0.682999
0.686000
0.682999
0.682000
0.682999
0.682000
0.683000
0.682000
0.686999
0.685999
0.685000
0.682000
0.687000
0.682000
0.682000
0.682000
0.687000
0.686000
0.686000
0.685001
0.686000
0.686999
0.704000
0.685000
0.686000
0.689000
0.685000
0.686000
0.681999
0.682000
0.686000
0.685000
0.685001
0.685000
0.682000
0.686000
0.686000
0.685000
0.707000
0.686000
0.683000
0.686000
0.682999
0.682000
0.682999
0.682000
0.683000
0.685000
0.683000
0.682000
0.687000
0.686000
0.687000
0.685000
0.682999
0.682000
0.683000
0.682000
0.683000
0.681000
0.682000
0.686000
0.682000
0.683000
0.682000
0.685000
0.682000
0.682000
0.685000
0.681999
0.682000
0.682000
0.682000
0.682000
0.686000
0.686000
0.686000
0.682000
0.683000
0.682000
0.682999
0.682000
0.686000
0.682000
0.683000
0.685000
0.682999
0.685000
0.686000
0.682000
0.683000
0.682000
0.682999
0.682000
0.682999
0.682000
0.683000
0.682000
0.682999
0.681000
0.685999
0.682000
0.683000
0.682000
0.681999
0.682000
0.682999
0.682000
0.683000
0.685000
0.683000
0.685000
0.686999
0.685001
0.686000
0.682000
0.682000
0.685000
0.688001
0.686000
0.682000
0.682000
0.681000
0.686999
0.685000
0.682000
0.683000
0.687000
0.685000
0.682000
0.685000
0.682000
0.685000
0.682000
0.681000
0.682000
0.683000
0.682000
0.682000
0.682000
0.682000
0.682000
0.682000
0.682000
0.682000
0.686000
0.685001
0.684001
0.686000
0.686999
0.685001
0.686000
0.685999
0.682000
0.685000
0.682000
0.685001
0.685000
0.686000
0.682000
0.685000
0.685000
0.686000
0.682000
0.687000
0.682000
0.682000
0.682000
0.682000
0.685000
0.682000
0.685000
0.685000
0.682000
0.683000
0.682000
0.682000
0.682000
0.682999
0.682000
0.687000
0.685000
0.683000
0.682000
0.683000
0.685000
0.683000
0.685000
0.683000
0.681000
0.681999
0.681000
0.682000
0.685000
0.681000
0.686000
0.686000
0.682000
0.682000
0.685000
0.705000
0.685000
0.685000
0.682000
0.685000
0.685999
0.681000
0.681000
0.682000
0.682000
0.682000
0.685000
0.682000
0.682000
0.682000
0.686000
0.682000
0.682000
0.683000
0.681000
0.687000
0.682000
0.683000
0.682000
0.682999
0.682000
0.683000
0.684000
0.682999
0.685000
0.683000
0.682000
0.683000
0.686000
0.682000
0.686000
0.686000
0.682000
0.682000
0.682000
0.682000
0.682000
0.685000
0.686000
0.686000
0.682000
0.682000
0.685000
0.685000
0.682000
0.682000
0.682000
0.682000
0.682000
0.683000
0.682000
0.686000
0.685000
0.686999
0.682000
0.683000
0.682000
0.682999
0.682000
0.683000
0.682000
0.682999
0.682000
0.683000
0.686000
0.683000
0.682000
0.687000
0.685000
0.686000
0.685000
0.682999
0.681000
0.686000
0.682000
0.683000
0.682000
0.686999
0.682000
0.681000
0.682000
0.682000
0.686000
0.682999
0.682000
0.686000
0.688000
0.686999
0.685000
0.685999
0.682000
0.683000
0.682000
0.682999
0.685000
0.687000
0.682000
0.683000
0.681001
0.685001
0.682000
0.682000
0.682000
0.685000
0.686000
0.685001
0.685999
0.685001
0.685001
0.686000
0.685000
0.685000
0.685000
0.686000
0.685999
0.685000
0.685000
0.685000
0.685000
0.683000
0.682000
0.683000
0.682000
0.683000
0.688000
0.686000
0.685001
0.686000
0.685001
0.682999
0.686000
0.686000
0.685000
0.687000
0.685000
0.687000
0.685999
0.687000
0.686000
0.686000
0.681000
0.683000
0.682000
0.682000
0.682000
0.683000
0.686000
0.690000
0.685000
0.686999
0.681001
0.683000
0.682000
0.683000
0.682000
0.683000
0.682000
0.686999
0.682000
0.683000
0.685000
0.683000
0.682000
0.681000
0.682000
0.681999
0.682000
0.682999
0.682000
0.681999
0.681000
0.686000
0.682000
0.682999
0.682000
0.686000
0.685000
0.688001
0.682000
0.682000
0.682000
0.682000
0.682000
0.682000
0.682000
0.682000
0.682000
0.682000
0.681000
0.682000
0.686000
0.682000
0.682000
0.684001
0.682000
0.685000
0.682000
0.682999
0.682000
0.683000
0.682000
0.682999
0.682000
0.682000
0.686000
0.682000
0.682000
0.682000
0.681000
0.686000
0.685000
0.685000
0.686000
0.686000
0.682000
0.685001
0.682000
0.682000
0.682000
0.682000
0.682000
0.682000
0.685000
0.686000
0.681999
0.682999
0.682000
0.685999
0.682000
0.687000
0.681000
0.683000
0.686000
0.682999
0.681000
0.683000
0.682000
0.682000
0.682000
0.683000
0.682000
0.687000
0.685000
0.683000
0.685000
0.683000
0.682000
0.685999
0.685000
0.683000
0.685000
0.682000
0.683000
0.681001
0.682000
0.686000
0.681000
0.686000
0.682000
0.685000
0.682000
0.681999
0.682000
0.682000
0.683000
0.683000
0.685999
0.681000
0.682000
0.683000
0.682000
0.683000
0.682000
0.683000
0.682000
0.686999
0.685001
0.683000
0.681999
0.682000
0.682000
0.682000
0.682000
0.685999
0.682000
0.683000
0.682000
0.686999
0.682000
0.685000
0.682000
0.683000
0.682000
0.686000
0.685000
0.686000
0.682000
0.682999
0.686000
0.682000
0.686999
0.683000
0.682000
0.686000
0.681000
0.687000
0.686000
0.685000
0.686000
0.682000
0.687000
0.682000
0.683000
0.682000
0.686000
0.682000
0.683000
0.682000
0.683000
0.686000
0.682999
0.686000
0.683000
0.686000
0.686000
0.685000
0.685000
0.685999
0.685000
0.685000
0.685000
0.683000
0.681999
0.682000
0.682000
0.682999
0.682999
0.682000
0.683000
0.681999
0.682999
0.682000
0.683000
0.682000
0.682000
0.682000
0.682999
0.686000
0.686000
0.682000
0.682999
0.682000
0.683000
0.682000
0.686000
0.682000
0.683000
0.682000
0.683000
0.682000
0.683000
0.682000
0.682000
0.682000
0.682999
0.682000
0.682999
0.682000
0.683000
0.681000
0.682000
0.682000
0.683000
0.686000
0.683000
0.685999
0.682000
0.686000
0.685000
0.683000
0.682000
0.686000
0.682000
0.681000
0.685001
0.683000
0.682000
0.683000
0.682000
0.683000
0.683000
0.682000
0.686000
0.682000
0.686000
0.682000
0.682000
0.682000
0.682000
0.682999
0.682000
0.683000
0.682000
0.686000
0.686000
0.687000
0.685000
0.690000
0.686000
0.686000
0.686000
0.683000
0.682000
0.683000
0.682000
0.683000
0.682000
0.686000
0.682000
0.686000
0.681001
0.682000
0.683000
0.682000
0.686000
0.682000
0.683000
0.682000
0.686000
0.682000
0.682999
0.683000
0.683000
0.682000
0.681999
0.682000
0.683000
0.682000
0.683000
0.682000
0.683000
0.685001
0.682999
0.682000
0.682000
0.681999
0.683000
0.682000
0.683000
0.682000
0.682000
0.683000
0.682000
0.686999
0.685000
0.682000
0.682999
0.682000
0.682000
0.682000
0.683000
0.681999
0.682000
0.682000
0.682999
0.682000
0.682999
0.682000
0.686000
0.682000
0.683000
0.682000
0.682999
0.681999
0.681001
0.683000
0.681000
0.687000
0.686000
0.686000
0.682000
0.683000
0.682000
0.683000
0.682000
0.686000
0.682000
0.683000
0.682000
0.682999
0.681000
0.686000
0.686000
0.681000
0.682000
0.682999
0.682000
0.685000
0.682000
0.683000
0.685000
0.686999
0.685000
