0.093000
0.088001
0.075000
0.078999
0.074999
0.075000
0.075000
0.075000
0.075000
0.075000
0.075000
0.075000
0.075000
0.075000
0.074999
0.075000
0.075000
0.075000
0.074999
0.075000
0.075000
0.075000
0.075000
0.074999
0.074999
0.075000
0.075000
0.074999
0.074999
0.074999
0.075000
0.074999
0.075000
0.074999
0.075000
0.075000
0.080001
0.075000
0.075000
0.074999
0.075000
0.076000
0.075000
0.074999
0.076001
0.074999
0.076001
0.075000
0.075000
0.074999
0.075000
0.075000
0.075000
0.074999
0.075000
0.075000
0.076000
0.075000
0.075000
0.075000
0.074999
0.075000
0.074999
0.074999
0.074999
0.075000
0.075000
0.075000
0.074999
0.074999
0.074999
0.075000
0.074999
0.074999
0.075000
0.075000
0.075000
0.075000
0.074999
0.075000
0.075000
0.076000
0.075000
0.075000
0.075000
0.075000
0.074999
0.074999
0.074999
0.074999
0.075000
0.075000
0.075000
0.075000
0.074999
0.074999
0.075000
0.075000
0.075000
0.074999
0.076000
0.074999
0.075000
0.075000
0.075000
0.074999
0.075000
0.075000
0.074999
0.074999
0.075000
0.074999
0.075000
0.075000
0.074999
0.074999
0.075000
0.076000
0.075000
0.075000
0.074999
0.074999
0.076000
0.075000
0.075000
0.074999
0.075000
0.075000
0.075000
0.075000
0.075000
0.074999
0.075000
0.073999
0.075000
0.074999
0.075000
0.075000
0.075000
0.075000
0.075000
0.079000
0.075000
0.074999
0.075000
0.074999
0.075000
0.075000
0.075000
0.075000
0.075000
0.075000
0.075000
0.074999
0.074999
0.075000
0.075000
0.075000
0.074999
0.074999
0.075000
0.075000
0.076000
0.074999
0.074999
0.076000
0.075000
0.074999
0.074999
0.074999
0.075000
0.074999
0.075000
0.075000
0.075000
0.075000
0.075000
0.075000
0.075000
0.075000
0.074999
0.075000
0.075000
0.075000
0.075000
0.075000
0.076001
0.074999
0.075000
0.075000
0.074999
0.075000
0.075000
0.075000
0.076001
0.074999
0.076000
0.075000
0.075000
0.075000
0.074999
0.075000
0.075000
0.075000
0.074999
0.075000
0.074999
0.075000
0.075000
0.075000
0.075000
0.075000
0.074999
0.074999
0.076000
0.074999
0.075000
0.075000
0.074999
0.074999
0.076000
0.075000
0.074999
0.075000
0.074999
0.076001
0.075000
0.074999
0.075000
0.074999
0.076001
0.075000
0.075000
0.075000
0.075000
0.075000
0.075000
0.075000
0.075000
0.075000
0.075000
0.074999
0.075000
0.075000
0.075000
0.075000
0.074999
0.075000
0.074999
0.074999
0.075000
0.075000
0.076001
0.074999
0.076000
0.074999
0.075000
0.075000
0.075000
0.074999
0.075000
0.076000
0.076000
0.075000
0.076000
0.074999
0.074999
0.075000
0.075000
0.075000
0.074999
0.075000
0.074999
0.075000
0.075000
0.075000
0.074999
0.074000
0.075000
0.074000
0.075000
0.075000
0.074999
0.074999
0.076001
0.074999
0.075000
0.074999
0.075000
0.076000
0.075000
0.075000
0.075000
0.074999
0.075000
0.074999
0.076000
0.075000
0.075000
0.075000
0.075000
0.074999
0.074999
0.074999
0.075000
0.075000
0.076001
0.074999
0.075000
0.074999
0.074999
0.074999
0.075000
0.074999
0.075000
0.074999
0.074999
0.075000
0.076000
0.075000
0.074999
0.076000
0.075000
0.074999
0.074999
0.075000
0.075000
0.074999
0.075000
0.075000
0.075000
0.075000
0.075000
0.075000
0.075000
0.074999
0.076000
0.075000
0.075000
0.074999
0.075000
0.074999
0.075000
0.074999
0.074999
0.075000
0.075000
0.075000
0.075000
0.075000
0.075000
0.075000
0.099001
0.074999
0.074999
0.074999
0.075000
0.075000
0.074999
0.075000
0.075000
0.075000
0.074999
0.075000
0.075000
0.075000
0.075000
0.074999
0.074999
0.075000
0.074999
0.074999
0.074999
0.075000
0.075000
0.075000
0.074999
0.075000
0.075000
0.074999
0.074999
0.075000
0.074999
0.075000
0.074999
0.074999
0.075000
0.075000
0.075000
0.074999
0.075000
0.074999
0.074999
0.075000
0.075000
0.075000
0.075000
0.075000
0.074999
0.074999
0.074999
0.075000
0.075000
0.075000
0.075000
0.074999
0.074999
0.075000
0.075000
0.075000
0.075000
0.075000
0.075000
0.075000
0.075000
0.103000
0.087000
0.075000
0.075000
0.075000
0.074999
0.075000
0.074999
0.075000
0.075000
0.075000
0.075000
0.074999
0.075000
0.075000
0.074999
0.075000
0.075000
0.075000
0.075000
0.075000
0.075000
0.074999
0.075000
0.075000
0.075000
0.074999
0.075000
0.075000
0.074999
0.074999
0.075000
0.075000
0.074999
0.075000
0.074999
0.075000
0.075000
0.074999
0.074999
0.074999
0.075000
0.075000
0.074999
0.074999
0.075000
0.074999
0.075000
0.075000
0.075000
0.075000
0.074999
0.075000
0.075000
0.075000
0.076000
0.075000
0.074999
0.075000
0.075000
0.075000
0.075000
0.075000
0.074999
0.075000
0.075000
0.074999
0.075000
0.074999
0.074999
0.075000
0.076000
0.075000
0.075000
0.074999
0.074999
0.075000
0.074999
0.075000
0.075000
0.074999
0.075000
0.075000
0.075000
0.075000
0.074999
0.075000
0.074999
0.074999
0.074999
0.073999
0.075000
0.075000
0.075000
0.074999
0.074999
0.075000
0.074999
0.075000
0.074999
0.074999
0.075000
0.075000
0.075000
0.074999
0.075000
0.075000
0.074999
0.075000
0.075000
0.075000
0.075000
0.075000
0.076001
0.075000
0.076000
0.075000
0.075000
0.075000
0.074999
0.074999
0.075000
0.074999
0.075000
0.075000
0.074999
0.075000
0.075000
0.074999
0.075000
0.074999
0.076001
0.074999
0.074999
0.074999
0.075000
0.075000
0.074999
0.074999
0.074999
0.075000
0.076000
0.075000
0.075000
0.074999
0.075000
0.075000
0.075000
0.074999
0.075000
0.075000
0.074999
0.075000
0.074999
0.108000
0.086000
0.074999
0.075000
0.075000
0.075000
0.075000
0.075000
0.075000
0.075000
0.075000
0.074999
0.075000
0.075000
0.075000
0.075000
0.074999
0.075000
0.074999
0.076000
0.075000
0.075000
0.074999
0.075000
0.074999
0.075000
0.074000
0.075000
0.074999
0.074999
0.075000
0.075000
0.075000
0.074999
0.075000
0.074999
0.075000
0.075000
0.074999
0.076001
0.074999
0.076001
0.075000
0.075000
0.074999
0.075000
0.075000
0.074999
0.075000
0.074999
0.074999
0.076000
0.075000
0.074999
0.075000
0.075000
0.074999
0.075000
0.075000
0.074999
0.075000
0.074999
0.075000
0.075000
0.081000
0.086999
0.075000
0.074999
0.074999
0.074999
0.075000
0.075000
0.075000
0.074999
0.075000
0.076000
0.075000
0.075000
0.075000
0.075000
0.075000
0.074999
0.075000
0.075000
0.075000
0.074999
0.075000
0.075000
0.074999
0.074999
0.075000
0.074999
0.074999
0.074999
0.074999
0.075000
0.075000
0.076000
0.075000
0.075000
0.075000
0.075000
0.074999
0.076000
0.075000
0.075000
0.075000
0.074999
0.075000
0.075000
0.075000
0.075000
0.075000
0.074999
0.074999
0.075000
0.075000
0.075000
0.075000
0.075000
0.074999
0.075000
0.075000
0.075000
0.074999
0.076001
0.074999
0.076000
0.082000
0.086000
0.075000
0.074999
0.074999
0.075000
0.075000
0.075000
0.074999
0.075000
0.074999
0.075000
0.074999
0.075000
0.075000
0.075000
0.074999
0.074999
0.074999
0.075000
0.075000
0.075000
0.075000
0.074999
0.075000
0.075000
0.075000
0.074999
0.074000
0.074999
0.074999
0.074999
0.075000
0.075000
0.075000
0.074999
0.075000
0.074999
0.075000
0.074999
0.075000
0.076001
0.074999
0.074999
0.075000
0.075000
0.074999
0.074999
0.075000
0.074999
0.075000
0.075000
0.075000
0.075000
0.075000
0.075000
0.074999
0.075000
0.075000
0.075000
0.074999
0.075000
0.075000
0.074999
0.081000
0.087000
0.074999
0.074999
0.075000
0.075000
0.075000
0.075000
0.074999
0.074999
0.075000
0.075000
0.075000
0.075000
0.075000
0.075000
0.075000
0.075000
0.075000
0.074999
0.074999
0.075000
0.074999
0.075000
0.074999
0.076000
0.075000
0.075000
0.075000
0.075000
0.075000
0.075000
0.075000
0.075000
0.075000
0.075000
0.074999
0.075000
0.075000
0.075000
0.076001
0.075000
0.075000
0.074999
0.075000
0.074999
0.075000
0.075000
0.075000
0.074999
0.074999
0.075000
0.075000
0.075000
0.075000
0.074999
0.075000
0.074999
0.074999
0.074999
0.075000
0.074999
0.075000
0.075000
0.082000
0.086000
0.075000
0.074999
0.074999
0.074999
0.075000
0.075000
0.075000
0.074999
0.075000
0.075000
0.075000
0.075000
0.075000
0.074999
0.075000
0.074999
0.075000
0.074999
0.075000
0.075000
0.075000
0.074999
0.075000
0.074999
0.074999
0.075000
0.074999
0.076000
0.075000
0.075000
0.075000
0.074999
0.074999
0.075000
0.075000
0.076001
0.075000
0.074999
0.074999
0.075000
0.074999
0.075000
0.075000
0.075000
0.075000
0.075000
0.074999
0.074999
0.074999
0.075000
0.075000
0.074999
0.075000
0.075000
0.075000
0.075000
0.074999
0.075000
0.074999
0.075000
0.074999
0.075000
0.103001
0.086999
0.075000
0.075000
0.074999
0.075000
0.075000
0.075000
0.074999
0.075000
0.074000
0.075000
0.074999
0.075000
0.074999
0.075000
0.075000
0.075000
0.075000
0.074999
0.075000
0.075000
0.075000
0.075000
0.074000
0.075000
0.075000
0.074999
0.075000
0.075000
0.075000
0.075000
0.075000
0.074999
0.074999
0.075000
0.075000
0.074999
0.075000
0.075000
0.074999
0.074999
0.075000
0.076001
0.075000
0.075000
0.075000
0.074999
0.075000
0.074999
0.074999
0.075000
0.075000
0.074999
0.075000
0.075000
0.075000
0.074999
0.075000
0.075000
0.075000
0.076000
0.075000
0.075000
0.101999
0.085999
0.075000
0.075000
0.075000
0.074999
0.074999
0.075000
0.075000
0.074999
0.075000
0.075000
0.074999
0.075000
0.074999
0.074999
0.074999
0.076001
0.075000
0.075000
0.075000
0.075000
0.192001
0.075000
0.075000
0.074999
0.074999
0.075000
0.075000
0.074999
0.075000
0.075000
0.074999
0.075000
0.074999
0.075000
0.075000
0.075000
0.074999
0.074999
0.075000
0.075000
0.075000
0.075000
0.075000
0.075000
0.075000
