1.025000
1.021001
1.017001
1.016000
1.017001
1.016000
1.017000
1.031000
1.015999
1.024000
1.016000
1.014000
1.015000
1.014000
1.017000
1.016000
1.017000
1.016000
1.015000
1.014001
1.017001
1.015999
1.017001
1.016000
1.017000
1.015999
1.017000
1.015999
1.017000
1.016000
1.017000
1.016000
1.017000
1.015999
1.017001
1.015999
1.017001
1.019000
1.017000
1.014001
1.015000
1.014000
1.015000
1.014000
1.015000
1.014000
1.015000
1.016000
1.017001
1.016000
1.017001
1.016000
1.017001
1.016000
1.017001
1.016000
1.017001
1.015999
1.017001
1.016000
1.017001
1.016000
1.016000
1.016000
1.017000
1.016000
1.017001
1.016000
1.015000
1.014000
1.015000
1.014001
1.015000
1.014000
1.015000
1.014000
1.015000
1.014000
1.017000
1.015999
1.017001
1.015999
1.017000
1.016000
1.017000
1.016000
1.017000
1.015999
1.017001
1.016000
1.017000
1.016000
1.017001
1.016000
1.017000
1.015999
1.017001
1.019000
1.017000
1.016000
1.017001
1.015999
1.017000
1.016000
1.017000
1.016000
1.017001
1.016000
1.017000
1.015999
1.017000
1.016000
1.017001
1.019000
1.017000
1.015999
1.017000
1.016000
1.017000
1.016000
1.021000
1.016000
1.017001
1.015999
1.017001
1.016000
1.017000
1.016000
1.016000
1.018000
1.017001
1.015999
1.017001
1.019000
1.017000
1.016000
1.017000
1.016000
1.017000
1.016000
1.017000
1.016000
1.017000
1.015999
1.017000
1.015999
1.017000
1.015999
1.017001
1.016000
1.017000
1.016000
1.017001
1.016000
1.017000
1.015999
1.017001
1.019000
1.017001
1.016000
1.017001
1.015999
1.017000
1.015999
1.017001
1.015999
1.017000
1.016000
1.017000
1.015999
1.020000
1.015999
1.017000
1.016000
1.017001
1.015999
1.017000
1.016000
1.017001
1.016000
1.017000
1.016000
1.017001
1.016000
1.017000
17.740999
1.029000
1.016000
1.017001
1.016000
1.017001
1.015999
1.017001
1.016000
1.017000
1.016000
1.017000
1.015999
1.017000
1.016000
1.019999
1.016000
1.017001
1.016000
1.017000
1.015999
1.017000
1.016000
1.017001
1.015999
1.017000
1.015999
1.017001
1.016000
1.017000
1.016000
1.017001
1.019000
1.017001
1.015999
1.017001
1.016000
1.017000
1.019000
1.017000
1.016000
1.017000
1.016000
1.017001
1.016000
1.017000
1.015999
1.017001
1.014000
1.015000
1.014001
1.016000
1.014001
1.015000
1.014001
1.015000
1.014001
1.016000
1.014000
1.016000
1.014000
1.015000
1.014000
1.019000
1.015999
1.017001
1.016000
1.017001
1.019000
1.017000
1.015999
1.017000
1.016000
1.015999
1.015999
1.017000
1.016000
1.017000
1.016000
1.017001
1.016000
1.017001
1.019000
1.017000
1.016000
1.017000
1.016000
1.017001
1.015999
1.017000
1.016000
1.017001
1.015999
1.017000
1.015999
1.017001
1.016000
1.017000
1.015999
1.017001
1.016000
1.017000
1.016000
1.017001
1.016000
1.015000
1.014001
1.015000
1.015999
1.017001
1.016000
1.017000
1.016000
1.014999
1.014001
1.015000
1.019000
1.017000
1.016000
1.017000
1.019000
1.018000
1.016000
1.017000
1.016000
1.017000
1.016000
1.017001
1.016000
1.017001
1.016000
1.017001
1.015999
1.017000
1.016000
1.017001
1.016000
1.017000
1.015999
1.017000
1.016000
1.017001
1.016000
1.017001
1.016000
1.015999
1.016000
1.017001
1.016000
1.017000
1.019000
1.017000
1.016000
1.017000
1.016000
1.015000
1.015999
1.017000
1.016000
1.017001
1.016000
1.017000
1.016000
1.017000
1.016000
1.018001
1.014000
1.017000
1.016000
1.017000
1.016000
1.017001
1.016000
1.017000
1.016000
1.017000
1.015999
1.017000
1.015999
1.017000
1.016000
1.017000
1.016000
1.017000
1.016000
1.017000
1.014000
1.015000
1.016000
1.017000
1.016000
1.017000
1.016000
1.017001
1.016000
1.017000
1.015999
1.017000
1.019000
1.019000
1.019000
1.017000
1.016000
1.017000
1.015999
1.017000
1.014000
1.015999
1.014000
1.015000
1.016000
1.017000
1.016000
1.017001
1.015999
1.017001
1.015999
1.017000
1.015999
1.017000
1.016000
1.017000
1.015999
1.017000
1.015999
1.017001
1.015999
1.017000
1.016000
1.017000
1.016000
1.017000
1.016000
1.017000
1.015999
1.017001
1.016000
1.017001
1.015999
1.015000
1.014000
1.017001
1.015999
1.017000
1.015999
1.017001
1.016000
1.014001
1.015999
1.017000
1.016000
1.017000
1.015999
1.017000
1.015000
1.021001
1.014000
1.020000
1.023000
1.017001
1.016000
1.017001
1.015999
1.017000
1.015999
1.017000
1.015999
1.017000
1.014001
1.015000
1.016000
1.015000
1.016000
1.015000
1.021001
1.019000
1.014000
1.015000
1.014000
1.017000
1.015999
1.017001
1.015999
1.017000
1.016000
1.017000
1.016000
1.017000
1.015999
1.017001
1.022000
1.018999
1.015999
1.018000
1.015999
1.019000
1.015999
1.018000
1.015999
1.019000
1.016000
1.018000
1.016000
1.018001
1.016000
1.018001
1.016000
1.018000
1.016000
1.019000
1.016000
1.019000
1.020000
1.019000
1.016000
1.018000
1.015999
1.019000
1.016000
1.018001
1.016000
1.019000
1.014000
1.018000
1.015999
1.019000
1.016000
1.015000
1.014000
1.015000
1.014000
1.019000
1.014000
1.016000
1.015999
1.019000
1.016000
1.019000
1.015999
1.018000
1.016000
1.019000
1.015999
1.019000
1.016000
1.018001
1.015999
1.019000
1.016000
1.018000
1.016000
1.018000
1.016000
1.019000
1.016000
1.018000
1.016000
1.015000
1.016000
1.022000
1.016000
1.019000
1.016000
1.018001
1.015999
1.019000
1.015999
1.019000
1.015999
1.019000
1.016000
1.018000
1.016000
1.019000
1.016000
1.019000
1.016000
1.018999
1.016000
1.018000
1.016000
1.015000
1.015999
1.014999
1.014000
1.019000
1.016000
1.019000
1.014000
1.019000
1.018999
1.019000
1.016000
1.019000
1.015999
1.019000
1.016000
1.018999
1.016000
1.019000
1.016000
1.019000
1.016000
1.019000
1.016000
1.019000
1.016000
1.019000
1.016000
1.019000
1.016000
1.018001
1.016000
1.019000
1.015999
1.019000
1.015999
1.018001
1.015999
1.018000
1.016000
1.019000
1.015999
1.019000
1.016000
1.019000
1.015999
1.018000
1.015999
1.018000
1.015999
1.018001
1.016000
1.019000
1.016000
1.019000
1.015999
1.018001
1.016000
1.018000
1.016000
1.019000
1.015999
1.018000
1.015999
1.018000
1.015999
1.018001
1.016000
1.019000
1.019000
1.019000
1.015999
1.025000
1.015999
1.015000
1.016000
1.018001
1.016000
1.015999
1.016000
1.018000
1.016000
1.018000
1.016000
1.019000
1.015999
1.019000
1.018000
1.017000
1.016000
1.020000
1.015999
1.017000
1.016000
1.017000
1.016000
1.017001
1.015999
1.018000
1.016000
1.017001
1.016000
1.017001
1.015999
1.017001
1.016000
1.017000
1.016000
1.017001
1.016000
1.017000
1.016000
1.017001
1.016000
1.017001
1.015999
1.017000
1.016000
1.017001
1.016000
1.017001
1.016000
1.017000
1.016000
1.017001
1.019000
1.017000
1.016000
1.017001
1.016000
1.017000
1.016000
1.017000
1.015999
1.017000
1.016000
1.017000
1.016000
1.017000
1.016000
1.017001
1.016000
1.017000
1.016000
1.017001
1.043000
1.017001
1.016000
1.017000
1.015999
1.017001
1.016000
1.017000
1.015999
1.017001
1.015999
1.017000
1.015999
1.017001
1.015999
1.017001
1.016000
1.017001
1.016000
1.017001
1.016000
1.017001
1.016000
1.017001
1.016000
1.017001
1.016000
1.017001
1.016000
1.017001
1.016000
1.017000
1.016000
1.017000
1.016000
1.017001
1.019999
1.019999
1.016000
1.019999
1.016000
1.017000
1.016000
1.017000
1.016000
1.015000
1.016000
1.017001
1.016000
1.017001
1.014000
1.017000
1.014000
1.017000
1.015999
1.017000
1.014000
1.015000
1.016000
1.017000
1.016000
1.020000
1.016000
1.017000
1.014000
1.017000
1.016000
1.017001
1.015999
1.017000
1.016000
1.017000
1.016000
1.017000
1.015999
1.017001
1.016000
1.017001
1.016000
1.017001
1.016000
1.017001
1.016000
1.017001
1.016000
1.017001
1.016000
1.017000
1.016000
1.017001
1.016000
1.017000
1.021001
1.017001
1.016000
1.017000
1.016000
1.017000
1.015999
1.017000
1.015999
1.017000
1.016000
1.017001
1.016000
1.017001
1.016000
1.017000
1.016000
1.017000
1.016000
1.017000
1.016000
1.017000
1.015999
1.017001
1.016000
1.017000
1.016000
1.017000
1.016000
1.017001
1.016000
1.020000
1.016000
1.017001
1.016000
1.017001
1.016000
1.017000
1.016000
1.015000
1.016000
1.017001
1.016000
1.017000
1.016000
1.020000
1.016000
1.015000
1.016000
1.016000
1.014000
1.017000
1.014000
1.016000
1.016000
1.017000
1.016000
1.017000
1.015999
1.017000
1.016000
1.017001
1.016000
1.017000
1.016000
1.017001
1.016000
1.017001
1.016000
1.017001
1.016000
1.017001
1.016000
1.017001
1.015999
1.019999
1.016000
1.017001
1.016000
1.017001
1.016000
1.017001
1.016000
1.015000
1.016000
1.017001
1.014000
1.017001
1.016000
1.017000
1.014000
1.017001
1.015999
1.017000
1.016000
1.015000
1.016000
1.015999
1.019000
1.019999
1.016000
1.017001
1.015999
1.017000
1.016000
1.017000
1.016000
1.014001
1.018000
1.017001
1.015999
1.017000
1.016000
1.017000
1.016000
1.017001
1.016000
1.017001
1.016000
1.017000
1.016000
1.017001
1.016000
1.017001
1.016000
1.017001
1.016000
1.017001
1.016000
1.017001
1.016000
1.017001
1.015999
1.017001
1.016000
1.017000
1.015999
1.017000
1.016000
1.017001
1.016000
1.017000
1.015999
1.017000
1.015999
1.017000
1.016000
1.017000
1.016000
1.017001
1.016000
1.017000
1.016000
1.017000
1.016000
1.015000
1.016000
1.019999
1.015999
1.017000
1.016000
1.017000
1.015999
1.017001
1.015999
1.017000
1.015999
1.017001
1.016000
1.017000
1.016000
1.017000
1.016000
1.017000
1.016000
1.017001
1.016000
1.017000
1.016000
1.017000
1.016000
1.017000
1.016000
1.017000
1.016000
1.017000
1.016000
1.017000
1.016000
1.017000
1.016000
1.017001
1.016000
1.017000
1.016000
1.017000
1.016000
