0.169002
0.148002
0.149000
0.163000
0.155002
0.147000
0.149999
0.147000
0.138998
0.139002
0.138998
0.140000
0.137001
0.138000
0.137001
0.138998
0.138000
0.154998
0.137001
0.140999
0.139996
0.138998
0.138998
0.140000
0.138000
0.140000
0.156000
0.139002
0.140000
0.138998
0.139002
0.140000
0.138998
0.139002
0.138000
0.138998
0.138000
0.138998
0.140000
0.139002
0.138000
0.138998
0.138000
0.140999
0.138000
0.139002
0.139002
0.138000
0.138998
0.138000
0.138998
0.140999
0.138000
0.140000
0.138000
0.140000
0.138000
0.140000
0.140000
0.139002
0.140999
0.139002
0.136998
0.140000
0.140000
0.140999
0.139002
0.140000
0.138000
0.138000
0.139002
0.142001
0.138000
0.140000
0.138998
0.140999
0.140999
0.139002
0.138000
0.139002
0.138000
0.140000
0.140000
0.140999
0.139002
0.140999
0.138000
0.139002
0.140000
0.138000
0.139002
0.140000
0.139002
0.140000
0.140000
0.138998
0.138998
0.138003
0.138998
0.138003
0.138998
0.141002
0.140000
0.141002
0.138000
0.140000
0.140000
0.140000
0.138998
0.138998
0.138998
0.140999
0.138998
0.140999
0.138998
0.138998
0.139002
0.138000
0.140000
0.140000
0.139002
0.138000
0.141002
0.139002
0.138000
0.140000
0.140000
0.139002
0.138998
0.138000
0.138000
0.139996
0.140000
0.140000
0.138998
0.138000
0.136998
0.138000
0.140000
0.140000
0.138998
0.141002
0.140000
0.138998
0.138003
0.139002
0.140000
0.140000
0.140000
0.139002
0.138998
0.138000
0.139002
0.140000
0.138000
0.140999
0.138998
0.138998
0.138998
0.138000
0.139996
0.140000
0.140000
0.139002
0.140000
0.138998
0.138000
0.138998
0.139002
0.139002
0.140000
0.142999
0.140000
0.140000
0.138000
0.139002
0.139002
0.140000
0.138998
0.139002
0.138998
0.138998
0.138000
0.138003
0.140000
0.140000
0.138998
0.140000
0.139002
0.138003
0.138000
0.139002
0.138003
0.140000
0.138000
0.138998
0.139002
0.140000
0.141002
0.140000
0.138998
0.138000
0.139002
0.138000
0.138998
0.139002
0.139002
0.143003
0.140000
0.140999
0.138998
0.138998
0.138000
0.138000
0.161998
0.138000
0.140000
0.140000
0.140999
0.138000
0.139002
0.138998
0.138000
0.138998
0.140000
0.138998
0.163000
0.139002
0.156000
0.139002
0.138000
0.138000
0.139002
0.139002
0.137001
0.138000
0.138998
0.142001
0.138000
0.140000
0.161998
0.138998
0.140000
0.137001
0.139996
0.138000
0.138000
0.138000
0.138000
0.139002
0.136998
0.138998
0.139002
0.138000
0.138998
0.138998
0.138000
0.139002
0.138998
0.140000
0.139002
0.140000
0.139002
0.141002
0.140000
0.140000
0.138000
0.138998
0.138000
0.139002
0.139002
0.138000
0.139002
0.163000
0.138000
0.140999
0.141002
0.138998
0.140000
0.162002
0.139002
0.138998
0.138000
0.138000
0.140000
0.138000
0.138998
0.138000
0.140000
0.138998
0.138000
0.140000
0.139996
0.140000
0.138000
0.140000
0.140000
0.138998
0.138000
0.140000
0.138000
0.139002
0.138000
0.140000
0.139002
0.140000
0.138998
0.138000
0.141002
0.139002
0.138003
0.144001
0.138998
0.140000
0.137001
0.139002
0.139002
0.140000
0.139002
0.138000
0.139002
0.202999
0.139002
0.140000
0.140000
0.139002
0.138000
0.139002
0.140000
0.138998
0.138998
0.138998
0.140000
0.140000
0.139002
0.140999
0.138998
0.138000
0.140000
0.139002
0.140000
0.138998
0.138000
0.138000
0.138998
0.141002
0.139002
0.139002
0.139002
0.140000
0.139002
0.138000
0.141002
0.138000
0.140000
0.138998
0.140000
0.139002
0.137001
0.140000
0.140000
0.138998
0.139002
0.140000
0.138998
0.139002
0.138000
0.140000
0.138000
0.138998
0.161000
0.138000
0.139002
0.140000
0.138000
0.139002
0.140000
0.138003
0.138000
0.140000
0.138998
0.139002
0.138000
0.138998
0.139002
0.138998
0.138000
0.140000
0.137001
0.140000
0.139996
0.140000
0.138998
0.138000
0.138000
0.140000
0.139002
0.140999
0.139002
0.138003
0.137001
0.140000
0.138000
0.138000
0.140000
0.139002
0.140000
0.138998
0.138000
0.140000
0.139002
0.138998
0.138998
0.139002
0.138000
0.138998
0.138998
0.138998
0.137001
0.139002
0.138000
0.140000
0.140000
0.138000
0.138000
0.140000
0.138000
0.140000
0.140000
0.140000
0.137001
0.142001
0.140000
0.140000
0.138000
0.139002
0.140000
0.138003
0.162002
0.138000
0.138998
0.138998
0.138000
0.138000
0.138000
0.140000
0.137001
0.140999
0.139002
0.140000
0.138000
0.139002
0.139002
0.138000
0.138000
0.139002
0.139002
0.140000
0.140000
0.138998
0.140000
0.140000
0.136998
0.139002
0.138998
0.140000
0.139002
0.138000
0.139002
0.141002
0.139002
0.139002
0.138000
0.138000
0.138000
0.141002
0.139002
0.139002
0.139002
0.138998
0.138000
0.139002
0.139002
0.140000
0.140000
0.138003
0.154998
0.140000
0.138000
0.138000
0.139002
0.140000
0.137001
0.139002
0.137001
0.138000
0.139002
0.138000
0.138000
0.140000
0.138000
0.139002
0.137001
0.138003
0.139002
0.140000
0.141002
0.139002
0.140000
0.139002
0.138000
0.138000
0.140000
0.139002
0.140000
0.139002
0.140000
0.139002
0.138000
0.138000
0.140000
0.139002
0.139002
0.138000
0.139002
0.138998
0.139002
0.138998
0.138000
0.140000
0.137001
0.138000
0.138000
0.140000
0.140000
0.140000
0.140000
0.138998
0.163000
0.140999
0.140000
0.140999
0.140000
0.156000
0.138998
0.138000
0.139002
0.139002
0.139002
0.140000
0.138998
0.138000
0.140999
0.139002
0.138000
0.138000
0.138000
0.139996
0.138000
0.140999
0.139002
0.138998
0.138000
0.140000
0.140000
0.139002
0.138000
0.138998
0.140000
0.139002
0.138000
0.138000
0.140000
0.161998
0.162002
0.138998
0.140000
0.140000
0.138998
0.140999
0.138998
0.140000
0.138000
0.138000
0.138998
0.138000
0.139002
0.138000
0.138000
0.140000
0.138998
0.138000
0.138003
0.140000
0.138998
0.140000
0.137001
0.138998
0.139002
0.138998
0.138998
0.140000
0.138000
0.139002
0.138998
0.140000
0.138998
0.138000
0.139002
0.138998
0.138000
0.140000
0.138000
0.139002
0.140000
0.139002
0.138000
0.138998
0.138000
0.139002
0.138998
0.140000
0.137001
0.140000
0.140000
0.140000
0.137001
0.138000
0.136998
0.139002
0.138998
0.139002
0.139002
0.140000
0.138000
0.139002
0.138000
0.138003
0.139002
0.139002
0.138000
0.140999
0.138000
0.139002
0.137001
0.138000
0.138000
0.138000
0.141002
0.138998
0.139002
0.140000
0.137001
0.140000
0.140000
0.138000
0.138998
0.138998
0.137001
0.142001
0.139002
0.140000
0.138000
0.138000
0.138998
0.139002
0.139002
0.138998
0.140000
0.140999
0.137001
0.140000
0.138000
0.163998
0.162002
0.138003
0.140000
0.139002
0.138000
0.138998
0.139002
0.140000
0.138000
0.140000
0.138000
0.142001
0.138000
0.138000
0.139002
0.140000
0.138000
0.140000
0.140000
0.139002
0.138998
0.138000
0.138998
0.139002
0.138000
0.139002
0.138998
0.138998
0.138000
0.138000
0.138000
0.140000
0.139002
0.139002
0.138000
0.139002
0.140000
0.138998
0.138000
0.140000
0.138000
0.139002
0.156000
0.138000
0.139002
0.138000
0.139002
0.138000
0.138998
0.138000
0.138003
0.138998
0.137001
0.139002
0.140000
0.138000
0.138998
0.138998
0.138000
0.140000
0.138000
0.138000
0.162002
0.139002
0.138000
0.138000
0.138998
0.140000
0.138998
0.138000
0.140000
0.140000
0.137001
0.140000
0.139002
0.140000
0.139002
0.140000
0.138000
0.141002
0.138000
0.142001
0.138000
0.140000
0.139002
0.139002
0.138000
0.138000
0.138000
0.138998
0.140000
0.140000
0.138000
0.140000
0.139002
0.139002
0.139002
0.140000
0.140000
0.140000
0.138998
0.138998
0.139002
0.138000
0.138000
0.139002
0.140000
0.141002
0.139002
0.139002
0.139996
0.138000
0.138000
0.139002
0.138998
0.140000
0.138000
0.139002
0.138998
0.140000
0.138000
0.138998
0.138998
0.140000
0.140000
0.140000
0.138000
0.139002
0.139002
0.139002
0.139002
0.138998
0.138000
0.139002
0.139002
0.140000
0.138000
0.139002
0.140000
0.140999
0.140000
0.140000
0.140000
0.140000
0.138000
0.137001
0.139002
0.139002
0.138000
0.139002
0.139002
0.140000
0.137001
0.138000
0.139002
0.140000
0.138998
0.139002
0.140000
0.138003
0.139996
0.138003
0.139002
0.140000
0.138000
0.140000
0.138000
0.140999
0.138000
0.140000
0.137001
0.139002
0.136998
0.139002
0.138000
0.140000
0.138000
0.156000
0.138003
0.140999
0.138998
0.140999
0.138003
0.138003
0.136998
0.139002
0.139002
0.491999
0.138998
0.140000
0.138000
0.138000
0.138998
0.138998
0.138000
0.140000
0.138000
0.138998
0.137001
0.140000
0.138000
0.138000
0.138000
0.138000
0.139002
0.138998
0.139002
0.140000
0.138998
0.139002
0.138998
0.161998
0.138000
0.138998
0.139002
0.138998
0.140000
0.138000
0.138000
0.138998
0.140000
0.138000
0.138003
0.139002
0.139002
0.140000
0.138003
0.139002
0.140000
0.140000
0.139002
0.139002
0.136998
0.138000
0.139002
0.138000
0.139002
0.163000
0.138998
0.138998
0.138998
0.154998
0.140000
0.138000
0.138000
0.138000
0.138000
0.138998
0.139002
0.138000
0.138998
0.139002
0.136003
0.138998
0.138000
0.138998
0.163000
0.162002
0.140000
0.140000
0.137001
0.139002
0.139002
0.139002
0.138998
0.138998
0.138000
0.140000
0.138000
0.138000
0.138003
0.140000
0.138000
0.138998
0.138000
0.140000
0.139002
0.139002
0.138003
0.139002
0.138000
0.140999
0.139002
0.139002
0.139002
0.138000
0.138000
0.139002
0.140000
0.138000
0.136998
0.140000
0.137001
0.140999
0.137001
0.138998
0.140000
0.140000
0.205997
0.140000
0.137001
0.138998
0.139002
0.138000
0.138998
0.138998
0.140000
0.138998
0.138000
0.139002
0.139002
0.180997
0.137001
0.138998
0.138000
0.138000
0.138998
0.140000
0.138000
0.140000
0.138998
0.139002
0.138000
0.139002
0.139002
0.138000
