0.135000
0.127000
0.123000
0.123001
0.125000
0.122000
0.124000
0.122000
0.125000
0.122000
0.123000
0.123000
0.126000
0.141000
0.123000
0.142000
0.122000
0.122000
0.125000
0.124000
0.123000
0.122000
0.123000
0.122000
0.123001
0.122000
0.124999
0.122000
0.132000
0.122000
0.123001
0.124000
0.122000
0.122000
0.123000
0.123000
0.123000
0.122000
0.123000
0.123000
0.123000
0.123000
0.123001
0.123000
0.123000
0.122000
0.122000
0.122000
0.123001
0.122000
0.124000
0.122000
0.123000
0.122000
0.124999
0.122000
0.123000
0.122000
0.123000
0.122000
0.124000
0.122000
0.123000
0.122000
0.124000
0.122000
0.123001
0.122000
0.123001
0.122000
0.140000
0.122000
0.123000
0.122000
0.126000
0.122000
0.125000
0.122000
0.125000
0.122000
0.123000
0.122000
0.123000
0.122000
0.378000
0.122000
0.123000
0.122000
0.125000
0.122000
0.123000
0.122000
0.130001
0.123000
0.124999
0.123000
0.123000
0.123000
0.123001
0.122000
0.123001
0.122000
0.124000
0.122000
0.124000
0.122000
0.144000
0.122000
0.127000
0.122000
0.127000
0.122000
0.123001
0.122000
0.141000
0.122000
0.124000
0.123001
0.123000
0.122000
0.123000
0.139000
0.123000
0.122000
0.124000
0.122000
0.123000
0.122000
0.124000
0.122000
0.124000
0.122000
0.127001
0.122000
0.124000
0.122000
0.126000
0.122000
0.123001
0.123001
0.123000
0.122000
0.124000
0.122000
0.128999
0.124000
0.123000
0.122000
0.122000
0.123001
0.123000
0.123001
0.124000
0.122000
0.124000
0.122000
0.150000
0.123000
0.123000
0.122000
0.123001
0.122000
0.123001
0.122000
0.124999
0.124999
0.142000
0.123999
0.125000
0.122000
0.123000
0.125000
0.123000
0.122000
0.124999
0.122000
0.126000
0.141000
0.124000
0.122000
0.123000
0.122000
0.123000
0.122000
0.124000
0.124000
0.123001
0.122000
0.123001
0.122000
0.123000
0.122000
0.123001
0.128000
0.124000
0.122000
0.123001
0.122000
0.124000
0.122000
0.159000
0.122000
0.123000
0.138001
0.123000
0.124000
0.124000
0.122000
0.124000
0.134001
0.123000
0.122000
0.124000
0.122000
0.123001
0.123000
0.122000
0.138000
0.122000
0.122000
0.133000
0.123000
0.123000
0.122000
0.122000
0.122000
0.124000
0.122000
0.123000
0.122000
0.123001
0.134001
0.122000
0.123000
0.124000
0.151000
0.135000
0.123000
0.123000
0.122000
0.125000
0.122000
0.125000
0.132999
0.123000
0.122000
0.124000
0.122000
0.124000
0.132000
0.124000
0.122000
0.122000
0.122000
0.124000
0.122000
0.123000
0.122000
0.143000
0.122000
0.122000
0.122000
0.124000
0.122000
0.125000
0.122000
0.123000
0.123000
0.125000
0.132000
0.124000
0.122000
0.124000
0.122000
0.124000
0.122000
0.163000
0.123000
0.123000
0.122000
0.159000
0.122000
0.124000
0.122000
0.130000
0.122000
0.124000
0.122000
0.124000
0.122000
0.122000
0.122000
0.124000
0.140000
0.125000
0.123001
0.140000
0.127001
0.123000
0.122000
0.123000
0.122000
0.124999
0.122000
0.125000
0.123000
0.123000
0.122000
0.122000
0.122000
0.124000
0.122000
0.123000
0.139000
0.123000
0.122000
0.123001
0.123001
0.123000
0.125000
0.124000
0.122000
0.125000
0.123001
0.123000
0.122000
0.124000
0.122000
0.123000
0.122000
0.124000
0.123000
0.126000
0.122000
0.124000
0.123000
0.123000
0.122000
0.125000
0.122000
0.122000
0.122000
0.123001
0.122000
0.123000
0.122000
0.126000
0.122000
0.128999
0.125000
0.123000
0.124000
0.123000
0.122000
0.141000
0.123000
0.123000
0.123000
0.157000
0.122000
0.126000
0.122000
0.124000
0.123000
0.132000
0.122000
0.124000
0.127000
0.124000
0.122000
0.123000
0.123000
0.124999
0.122000
0.124000
0.124000
0.124000
0.138001
0.123001
0.122000
0.123999
0.122000
0.124000
0.122000
0.124000
0.122000
0.124000
0.122000
0.123000
0.122000
0.123000
0.122000
0.123001
0.128000
0.124000
0.122000
0.124000
0.122000
0.132000
0.122000
0.123000
0.122000
0.123000
0.124000
0.124000
0.122000
0.155000
0.122000
0.124000
0.339000
0.123000
0.139999
0.130000
0.134000
0.124999
0.122000
0.125000
0.132000
0.155000
0.122000
0.124000
0.132000
0.123000
0.122000
0.125000
0.122000
0.124999
0.122000
0.124000
0.122000
0.123000
0.122000
0.124999
0.123001
0.141000
0.122000
0.124000
0.138001
0.123000
0.122000
0.123001
0.138001
0.123000
0.123000
0.124000
0.122000
0.123000
0.122000
0.123001
0.122000
0.126000
0.123001
0.123000
0.122000
0.125000
0.122000
0.124000
0.136999
0.123000
0.122000
0.123000
0.122000
0.124999
0.122000
0.124000
0.122000
0.125000
0.122000
0.123000
0.122000
0.123000
0.122000
0.124000
0.122000
0.124000
0.122000
0.130000
0.123001
0.124000
0.124000
0.123001
0.123000
0.124000
0.132000
0.124000
0.123000
0.124000
0.122000
0.124999
0.122000
0.142000
0.140000
0.124999
0.122000
0.123000
0.122000
0.125000
0.122000
0.124000
0.122000
0.124000
0.139001
0.141000
0.122000
0.125000
0.122000
0.122000
0.122000
0.124000
0.122000
0.124000
0.143000
0.123001
0.122000
0.124000
0.122000
0.125000
0.122000
0.124000
0.122000
0.124000
0.122000
0.124000
0.122000
0.125000
0.138000
0.125000
0.139000
0.140000
0.140000
0.123000
0.122000
0.124000
0.143000
0.140999
0.122000
0.123000
0.123000
0.125000
0.122000
0.147000
0.123001
0.125000
0.124000
0.135000
0.122000
0.124000
0.122000
0.122000
0.122000
0.124000
0.123000
0.125000
0.122000
0.124000
0.132000
0.123000
0.132999
0.123000
0.122000
0.124000
0.122000
0.124999
0.122000
0.124999
0.122000
0.123000
0.122000
0.123000
0.122000
0.122000
0.122000
0.122000
0.122000
0.124000
0.122000
0.124000
0.122000
0.123000
0.122000
0.123000
0.122000
0.124999
0.122000
0.125000
0.122000
0.124000
0.122000
0.124000
0.122000
0.139000
0.122000
0.127000
0.122000
0.124000
0.122000
0.123001
0.122000
0.124999
0.122000
0.126000
0.122000
0.123000
0.122000
0.131001
0.124000
0.124000
0.122000
0.123001
0.123000
0.139001
0.122000
0.124000
0.122000
0.123001
0.122000
0.123001
0.122000
0.123000
0.123000
0.123001
0.122000
0.123001
0.122000
0.125000
0.122000
0.123000
0.122000
0.124000
0.122000
0.125000
0.122000
0.123001
0.123001
0.123000
0.123000
0.123000
0.122000
0.124999
0.122000
0.124000
0.124000
0.125000
0.122000
0.124000
0.122000
0.124000
0.122000
0.124000
0.123000
0.124000
0.122000
0.123000
0.122000
0.124999
0.122000
0.123000
0.122000
0.124000
0.122000
0.122000
0.122000
0.123000
0.122000
0.124000
0.123000
0.123000
0.122000
0.134001
0.124000
0.125000
0.122000
0.122000
0.124000
0.122000
0.122000
0.125000
0.144000
0.124000
0.122000
0.124000
0.131999
0.124000
0.122000
0.125000
0.122000
0.125000
0.122000
0.124000
0.122000
0.124000
0.132000
0.123000
0.122000
0.124000
0.122000
0.124000
0.149000
0.123000
0.128000
0.126000
0.122000
0.124000
0.131999
0.124000
0.132000
0.126000
0.122000
0.125000
0.122000
0.125000
0.123000
0.153000
0.122000
0.123000
0.128999
0.125000
0.122000
0.140999
0.122000
0.127000
0.122000
0.123000
0.122000
0.123001
0.122000
0.123000
0.122000
0.122000
0.122000
0.123001
0.122000
0.164000
0.127001
0.124000
0.138000
0.124000
0.122000
0.126000
0.122000
0.124000
0.122000
0.125000
0.123000
0.124999
0.122000
0.123000
0.122000
0.123000
0.122000
0.123000
0.128000
0.124000
0.122000
0.123000
0.128000
0.123000
0.122000
0.123999
0.122000
0.123000
0.122000
0.140000
0.123001
0.123000
0.123000
0.124000
0.140000
0.124000
0.122000
0.124000
0.122000
0.123000
0.122000
0.124000
0.139999
0.124999
0.122000
0.125000
0.122000
0.122000
0.138000
0.124000
0.140000
0.125000
0.122000
0.125000
0.138000
0.138000
0.122000
0.125000
0.122000
0.123001
0.127999
0.126000
0.122000
0.127000
0.123000
0.123001
0.122000
0.140000
0.122000
0.124000
0.122000
0.122000
0.122000
0.123000
0.123000
0.123000
0.122000
0.123000
0.123000
0.123000
0.125000
0.123000
0.122000
0.125000
0.122000
0.141000
0.122000
0.122000
0.123000
0.123000
0.123001
0.122000
0.122000
0.123000
0.122000
0.124000
0.124000
0.123000
0.122000
0.123000
0.122000
0.124000
0.128000
0.123001
0.123000
0.122000
0.122000
0.152000
0.122000
0.124999
0.122000
0.123000
0.136000
0.124000
0.122000
0.123000
0.156000
0.122000
0.128000
0.123000
0.122000
0.123000
0.122000
0.123000
0.122000
0.127000
0.139000
0.130000
0.123000
0.124000
0.142000
0.125000
0.123000
0.123001
0.141000
0.123001
0.122000
0.124000
0.123000
0.125000
0.122000
0.125000
0.122000
0.123000
0.122000
0.124000
0.122000
0.123000
0.122000
0.122000
0.123000
0.125000
0.122000
0.124000
0.157000
0.123000
0.122000
0.123000
0.143000
0.123001
0.122000
0.123000
0.128000
0.124000
0.123000
0.124000
0.122000
0.124000
0.122000
0.123000
0.122000
0.125000
0.138000
0.122000
0.125000
0.123000
0.122000
0.135000
0.133000
0.122000
0.122000
0.123000
0.122000
0.122000
0.122000
0.124000
0.133000
0.125000
0.122000
0.124000
0.123000
0.130000
0.123000
0.123000
0.122000
0.124000
0.122000
0.123000
0.122000
0.124000
0.122000
0.122000
0.123000
0.125000
0.122000
0.123000
0.140000
0.123001
0.127000
0.124000
0.123000
0.123001
0.122000
0.125000
0.122000
0.125000
0.122000
0.125000
0.122000
0.123001
0.122000
0.125000
0.122000
0.122000
0.120999
0.123000
0.122000
0.125000
0.122000
0.123001
0.122000
0.124000
0.122000
0.122000
0.122000
0.124000
0.142001
0.123001
0.122000
0.124000
0.122000
0.159000
0.122000
0.123000
0.155000
0.131000
0.122000
0.127000
0.122000
0.122000
0.122000
0.123000
0.122000
0.124000
0.122000
0.130000
0.123000
0.123000
0.122000
0.124000
0.122000
0.124000
0.122000
0.124000
0.124000
0.125000
0.123000
