49.140000
39.540000
38.600000
37.860000
37.960000
41.880000
38.760000
37.760000
37.720000
37.420000
37.420000
37.960000
37.600000
37.860000
37.780000
37.940000
37.860000
37.740000
41.220000
38.100000
38.340000
38.500000
37.400000
37.440000
37.720000
37.680000
37.940000
37.600000
37.920000
37.940000
38.440000
37.960000
37.640000
37.600000
37.740000
37.880000
37.840000
37.700000
37.860000
37.440000
37.620000
37.480000
37.460000
37.580000
37.600000
37.500000
37.480000
37.800000
37.480000
37.460000
37.220000
37.600000
37.540000
38.180000
37.620000
38.200000
38.140000
37.780000
37.220000
37.380000
37.320000
37.520000
37.480000
37.800000
37.540000
37.380000
37.220000
37.460000
39.920000
38.040000
37.840000
37.700000
37.640000
37.360000
37.200000
37.660000
37.220000
37.820000
37.540000
37.680000
38.400000
37.920000
37.240000
37.460000
38.020000
37.880000
37.760000
37.380000
37.400000
37.380000
37.500000
37.600000
37.540000
37.860000
37.820000
37.800000
37.560000
38.000000
37.220000
37.640000
38.180000
37.880000
38.540000
37.920000
37.520000
47.840000
38.340000
37.620000
37.220000
37.800000
37.220000
37.700000
37.760000
37.880000
37.460000
37.680000
38.340000
38.080000
38.020000
37.820000
37.220000
37.700000
37.600000
37.940000
37.620000
37.700000
37.400000
38.320000
38.000000
37.440000
37.560000
39.300000
38.160000
38.420000
37.800000
37.460000
37.240000
37.440000
37.380000
37.840000
37.220000
37.440000
37.220000
37.720000
37.240000
37.820000
37.280000
37.700000
38.180000
37.560000
37.220000
37.440000
37.660000
37.440000
37.500000
37.480000
38.240000
37.600000
37.540000
37.440000
37.540000
37.360000
37.720000
37.440000
38.020000
37.780000
37.220000
37.760000
37.360000
37.940000
37.600000
37.680000
37.560000
37.700000
37.540000
37.360000
37.240000
37.860000
37.220000
37.700000
37.960000
38.140000
37.620000
37.560000
37.500000
37.440000
37.620000
37.460000
37.240000
37.840000
37.540000
37.780000
37.560000
37.860000
37.500000
37.860000
38.120000
37.960000
37.340000
37.840000
37.240000
37.860000
37.560000
37.680000
37.240000
37.900000
37.540000
38.260000
37.600000
37.700000
37.220000
37.860000
38.100000
38.140000
37.400000
37.800000
37.540000
37.860000
37.340000
75.840000
37.640000
37.520000
37.240000
37.580000
37.240000
37.840000
37.220000
37.700000
38.120000
38.060000
37.540000
37.440000
38.480000
38.500000
37.620000
37.900000
37.600000
37.860000
37.240000
37.860000
37.800000
37.780000
37.440000
37.700000
38.120000
38.020000
37.240000
37.860000
37.380000
37.440000
37.240000
37.820000
37.240000
37.460000
37.540000
37.520000
37.500000
38.140000
37.880000
37.460000
38.140000
38.080000
37.620000
37.800000
37.700000
37.440000
37.240000
37.700000
37.240000
37.460000
37.720000
37.720000
37.620000
37.680000
37.240000
37.700000
38.060000
37.960000
37.880000
37.760000
37.560000
37.860000
37.540000
38.040000
37.300000
37.500000
37.220000
37.380000
37.620000
37.440000
37.240000
37.440000
37.820000
38.320000
37.500000
37.580000
37.340000
37.700000
37.240000
37.460000
37.560000
37.380000
37.600000
37.900000
37.540000
37.380000
37.220000
37.440000
38.240000
38.100000
37.320000
37.500000
37.220000
37.840000
37.540000
37.860000
37.540000
37.700000
37.240000
37.440000
37.540000
38.300000
37.780000
37.700000
38.100000
37.900000
37.400000
37.540000
37.440000
37.700000
37.460000
37.700000
37.380000
38.540000
37.800000
37.800000
37.260000
37.460000
37.240000
37.440000
38.060000
37.940000
37.680000
37.760000
37.540000
37.680000
37.200000
37.480000
37.460000
37.840000
37.220000
37.680000
37.220000
37.440000
37.560000
37.280000
37.500000
37.740000
37.900000
37.920000
37.240000
37.800000
37.220000
37.440000
37.240000
37.440000
37.540000
37.820000
37.600000
37.860000
37.240000
37.820000
37.860000
37.880000
37.540000
37.860000
37.560000
37.440000
37.560000
37.900000
37.220000
37.380000
37.540000
38.280000
37.980000
37.460000
37.600000
37.860000
38.000000
37.880000
37.240000
37.840000
37.540000
37.560000
37.540000
37.860000
37.740000
37.860000
37.240000
37.380000
37.560000
37.860000
37.220000
37.440000
37.820000
37.860000
37.560000
37.380000
37.240000
37.860000
37.760000
37.460000
37.240000
37.460000
37.540000
37.700000
37.240000
37.700000
37.240000
37.700000
38.140000
84.180000
37.580000
37.720000
37.520000
37.700000
37.540000
37.840000
37.240000
37.700000
37.560000
37.700000
37.540000
37.380000
38.280000
37.900000
37.880000
37.880000
37.220000
37.860000
37.540000
37.700000
37.540000
37.860000
37.560000
37.860000
37.540000
37.400000
37.540000
37.700000
37.540000
37.860000
37.920000
37.440000
37.240000
37.720000
37.240000
37.860000
37.540000
38.340000
37.840000
37.620000
37.240000
37.700000
37.560000
37.840000
37.560000
37.720000
37.820000
37.560000
37.540000
37.700000
37.900000
37.700000
37.740000
37.460000
37.540000
37.460000
37.540000
37.840000
37.540000
37.820000
37.220000
37.700000
37.820000
38.060000
37.540000
37.860000
37.540000
37.460000
37.540000
37.440000
37.240000
37.820000
37.600000
37.820000
37.560000
44.220000
37.540000
37.840000
37.860000
37.880000
37.540000
37.380000
37.540000
37.440000
37.540000
37.840000
37.560000
37.860000
37.860000
37.900000
37.220000
37.840000
37.540000
37.860000
37.820000
38.000000
37.540000
37.700000
37.440000
37.700000
37.560000
38.080000
37.220000
37.380000
37.220000
37.820000
37.560000
37.460000
37.540000
37.700000
37.860000
37.880000
37.220000
44.680000
38.420000
37.920000
37.540000
37.860000
37.560000
37.380000
37.220000
37.440000
37.240000
37.700000
37.240000
37.440000
38.240000
38.020000
37.540000
37.820000
37.240000
37.460000
37.540000
37.840000
37.280000
37.380000
37.540000
37.380000
37.560000
38.160000
37.340000
37.860000
37.820000
37.960000
37.560000
37.900000
37.660000
37.880000
37.500000
37.700000
37.540000
72.000000
37.860000
37.380000
37.240000
37.860000
37.540000
37.460000
37.860000
37.900000
37.240000
37.600000
37.480000
37.360000
38.200000
37.920000
37.480000
37.860000
37.240000
37.440000
37.540000
37.840000
37.560000
37.380000
37.900000
37.920000
37.560000
37.960000
37.220000
37.700000
37.540000
37.440000
37.460000
37.380000
37.240000
37.860000
37.540000
37.440000
37.560000
43.780000
37.800000
37.500000
37.600000
37.860000
37.220000
37.840000
37.540000
37.740000
37.220000
37.440000
37.540000
37.880000
37.420000
37.840000
37.220000
37.440000
37.700000
37.520000
37.440000
37.860000
37.540000
37.840000
37.560000
37.380000
37.220000
38.740000
37.700000
37.560000
37.240000
37.820000
37.540000
37.440000
38.200000
37.740000
37.580000
37.440000
37.540000
53.320000
37.840000
37.520000
37.700000
37.540000
37.480000
37.700000
37.540000
37.440000
37.540000
37.840000
37.960000
37.880000
37.980000
37.600000
37.220000
37.860000
37.540000
37.460000
37.540000
37.840000
37.220000
37.700000
37.560000
37.440000
37.560000
37.800000
38.220000
38.180000
37.240000
37.700000
37.240000
37.680000
37.560000
37.440000
37.540000
37.840000
37.560000
44.920000
38.380000
37.700000
37.220000
37.700000
38.140000
37.500000
37.540000
37.700000
37.560000
37.440000
37.540000
37.440000
37.620000
37.860000
37.600000
37.460000
37.240000
37.860000
37.240000
37.840000
37.560000
37.760000
37.500000
37.860000
37.220000
37.860000
37.600000
37.360000
37.240000
37.700000
37.540000
37.540000
37.240000
37.860000
37.220000
37.460000
37.860000
64.360000
37.560000
37.460000
37.540000
37.680000
37.560000
37.440000
37.240000
37.860000
37.560000
37.700000
37.540000
37.440000
38.560000
37.960000
37.880000
37.840000
37.240000
37.860000
37.240000
37.700000
37.540000
37.860000
37.240000
37.860000
37.540000
37.880000
37.500000
37.380000
37.540000
37.700000
38.280000
37.940000
37.540000
37.440000
37.220000
37.840000
37.540000
37.860000
37.940000
37.840000
37.300000
37.840000
37.240000
37.700000
37.220000
37.440000
37.940000
37.680000
37.340000
71.420000
37.540000
37.460000
37.240000
37.840000
37.700000
37.680000
37.240000
37.620000
37.240000
37.860000
37.220000
37.440000
38.160000
37.780000
37.540000
37.840000
37.560000
37.560000
37.560000
37.380000
37.540000
37.440000
37.540000
37.860000
37.220000
37.860000
37.240000
37.700000
37.980000
37.940000
37.700000
37.700000
37.540000
37.440000
37.240000
37.440000
37.540000
43.560000
37.580000
37.860000
37.540000
37.440000
37.560000
37.700000
37.880000
37.900000
37.340000
37.440000
37.220000
37.860000
37.300000
37.880000
37.220000
37.700000
37.540000
37.700000
37.220000
37.240000
37.240000
37.860000
37.900000
37.920000
37.560000
38.540000
37.780000
37.700000
37.560000
37.700000
37.560000
37.440000
37.540000
37.700000
37.220000
37.860000
37.540000
44.260000
37.480000
37.460000
37.540000
37.700000
37.240000
37.460000
37.220000
37.860000
37.740000
37.860000
37.540000
37.700000
38.000000
37.840000
37.900000
37.440000
37.840000
37.920000
37.540000
37.440000
37.540000
37.860000
37.220000
37.380000
37.540000
37.860000
37.220000
37.840000
37.240000
37.700000
37.560000
37.380000
37.540000
37.520000
37.220000
37.700000
37.540000
37.700000
38.080000
37.660000
37.560000
37.700000
37.620000
37.440000
37.540000
37.360000
37.540000
37.440000
38.200000
37.880000
37.620000
37.700000
37.220000
37.380000
37.600000
37.860000
37.240000
37.360000
37.560000
37.700000
37.540000
37.700000
37.540000
38.380000
37.960000
37.460000
37.540000
37.700000
37.220000
37.700000
37.240000
37.700000
37.560000
37.440000
37.540000
38.100000
37.240000
37.440000
37.220000
38.100000
37.960000
37.440000
37.560000
37.840000
37.240000
37.700000
37.460000
44.320000
38.220000
37.880000
37.500000
37.440000
37.560000
37.700000
37.240000
37.780000
37.460000
37.840000
37.540000
37.840000
37.520000
37.620000
37.300000
37.840000
37.540000
37.860000
37.220000
37.680000
37.540000
37.700000
37.220000
38.500000
37.800000
38.260000
37.740000
37.440000
37.240000
37.860000
37.240000
37.460000
37.220000
37.440000
37.220000
37.860000
37.240000
37.800000
37.660000
38.120000
37.480000
37.440000
37.560000
37.860000
37.240000
37.860000
37.220000
37.700000
37.380000
37.700000
38.320000
38.040000
37.220000
37.700000
37.220000
37.780000
37.760000
37.940000
37.560000
37.940000
