2464.320000
2500.600000
2507.960000
2491.520000
2779.960000
2470.000001
2468.000000
2597.900000
2494.420000
2495.279999
2484.399999
2472.360000
2478.360000
2510.320000
2489.000000
2507.180000
2462.200000
2522.000000
2480.380001
2502.380000
2499.679999
2493.059999
2478.180000
2480.400001
2465.840000
2477.000000
2471.200000
2468.480000
2558.320001
2452.099999
2458.580000
2482.620000
2475.460000
2480.340000
2457.200000
2446.840000
2737.740001
2496.220000
2582.880000
2494.380000
2487.680000
2490.180000
2478.000000
2513.580000
2492.740000
2500.740000
2488.940001
2522.560000
2464.219999
2477.180000
2469.500000
2482.840000
2472.360000
2499.340000
2479.220000
2482.780000
2478.240000
2472.840000
2453.780000
2463.000000
2457.140000
2479.560000
2519.500000
2498.800000
2467.499999
2456.720000
2457.300000
2464.780000
2486.520000
2463.640000
2462.239999
2460.540000
2486.240000
2487.100000
2468.520001
2473.460000
2448.420000
2477.500000
2468.200000
2525.140000
2655.160001
2500.600000
2468.440000
2475.160001
2765.300000
2486.740001
2863.820000
2493.700000
2487.380001
2482.780000
2498.160000
2491.080000
2521.220000
2505.460001
2471.740000
2441.280000
2459.159999
2486.720000
2489.800000
2475.780000
2454.020000
2466.420000
2505.100000
2534.179999
2490.000000
2476.480001
2441.980000
2469.420000
2461.120000
2483.220000
2471.400000
2502.480000
2455.440000
2458.200000
2568.700000
2508.020000
2468.480000
2478.980000
2468.060000
2476.900000
2477.660000
2498.600001
2579.040000
2543.160000
2564.520000
2469.120000
2490.480000
2844.160000
2475.840000
2486.540000
2537.500000
2559.020000
2514.500001
2529.460000
2590.100000
2482.020000
2449.340000
2609.980000
2471.000000
2491.359999
2467.580000
2466.680001
2434.460000
2460.440001
2459.020000
2485.620000
2483.060000
2543.900000
2488.260000
2462.400000
2455.580000
2473.200000
2508.280001
2471.920000
2495.180001
2475.540000
2480.760000
2487.799999
2472.080000
2484.900001
2459.580000
2467.879999
2452.060000
2483.180000
2457.160000
2490.259999
2469.339999
2498.660000
2680.740000
2508.640001
2469.060000
2470.580000
2455.360000
2461.620000
2488.160000
2501.960000
2484.040000
2457.100000
2458.780000
2459.600000
2587.060000
2489.420000
2478.800000
2477.440000
2451.920000
2451.119999
2487.620000
2485.720000
2492.560000
2489.280000
2489.420000
2471.840000
2487.120000
2509.620000
2477.440001
2482.880000
2445.640000
2480.319999
2465.040000
2483.200000
2477.480001
2489.540000
2465.799999
2486.920000
2482.400000
2506.820001
2493.620001
2499.520000
2479.959999
2478.180000
2635.400000
2494.040000
2505.720000
2507.940000
2460.360000
2527.460000
2510.200000
2565.720000
2601.740000
2507.300000
2478.720000
2489.480000
2472.360000
2515.540000
2477.440000
2461.180000
2440.760001
2473.700000
2463.760000
2498.360000
2454.320000
2587.840000
2462.320000
2489.200000
2595.200000
2498.800000
2493.040000
2485.320000
2474.680000
2459.740001
2466.680000
2489.999999
2477.059999
2475.000001
2466.960000
2500.380000
2482.860000
2502.820000
2528.100000
2483.200000
2449.420000
2763.859999
2462.520000
2501.300000
2483.320000
2491.120000
2460.200000
2460.640000
2473.240000
2494.460000
2457.540000
2484.080000
2709.220000
2475.400000
2465.200000
2512.260000
2490.580000
2575.900000
2485.240000
2453.880000
2457.140000
2600.780000
2508.160000
2467.020000
2462.680000
2464.140001
2463.359999
2505.780000
2494.620000
2490.640000
2481.980000
2465.780000
2471.080000
2487.620000
2488.580000
2473.020000
2450.160000
2477.580000
2774.280000
2526.260000
2473.800001
2507.200000
2830.980000
2484.140000
2499.880000
2508.220000
2751.820000
2462.380000
2459.020000
2450.360000
2469.360000
2496.739999
2493.000000
2505.540000
2477.820001
2470.820000
2482.700000
2495.619999
2503.300000
2499.700000
2480.560000
2487.900000
2472.760000
2520.700000
2485.000000
2497.060000
2474.560000
2488.060000
2479.460000
2482.400000
2463.400001
2504.100000
2457.380001
2460.639999
2458.780000
2478.859999
2473.260000
2462.920000
2451.720000
2445.280001
2482.020000
2514.000000
2508.540000
2572.699999
2472.600000
2475.959999
2527.960000
2477.780000
2475.360000
2469.740001
2449.980000
2459.520000
2457.660000
2535.519999
2492.140000
2498.300000
2449.260000
2472.340000
2459.880000
2493.939999
2457.960000
2483.060000
2447.240000
2466.600000
2498.920000
2482.140000
2472.100000
2481.320000
2472.020000
2485.200000
2476.200000
2493.160000
2518.060000
2495.620000
2488.860001
2470.040000
2487.140000
2473.820000
2463.620001
2478.120000
2450.400000
2462.160000
2478.000000
2522.779999
2481.799999
2578.919999
2433.820001
2480.640000
2454.640000
2500.600000
2487.919999
2489.240000
2468.580000
2489.160000
2486.140000
2510.460000
2501.100000
2492.640000
2474.580000
2477.940001
2495.240000
2477.580000
2500.680000
2481.900000
2461.580001
2447.140000
2548.040001
2613.640000
2489.920000
2494.060000
2475.480000
2481.459999
2518.040000
2509.200000
2492.960000
2463.300000
2457.020000
2489.960000
2470.820000
2493.180000
2479.640000
2498.100000
2468.119999
2477.540000
2484.119999
2485.360000
2800.000001
2479.239999
2460.500000
2470.520000
2488.080000
2505.980000
2498.939999
2498.819999
2483.500000
2486.360000
2470.720000
2486.340000
2504.080000
2500.440001
2470.180000
2483.360000
2493.980000
2508.300000
2722.120000
2505.020000
2439.620000
2472.879999
2451.859999
2501.360000
2566.300000
2500.420000
2480.740000
2484.480000
2488.800000
2494.840000
2489.980000
2490.580000
2472.960000
2475.300000
2486.240000
2490.240000
2523.880000
2490.780001
2480.740000
2481.160000
2780.080000
2678.499999
2480.760001
2476.560000
2448.360000
2450.000000
2458.579999
2503.240000
2501.860000
2613.240001
2456.139999
2489.760000
2475.280000
2513.400000
2579.700000
2506.600000
2498.580000
2527.199999
2466.600000
2492.420000
2538.420000
2588.320000
2480.260000
2473.260000
2513.760000
2521.600001
2564.520000
2568.720001
2474.440000
2466.240000
2498.560000
2495.440000
2511.060000
2508.780000
2482.799999
2479.220000
2484.359999
2506.840000
2495.660000
2500.960000
2845.720001
2519.040001
2490.960000
2729.280000
2535.620000
2471.480000
2442.240000
2468.000000
2476.299999
2487.640000
2487.180000
2461.820000
2451.640000
2452.740001
2465.260000
2473.280000
2482.660000
2473.820000
2464.400000
2457.920000
2473.300001
2549.840000
2494.560000
2477.560000
2451.400000
2458.360000
2466.580000
2473.480000
2472.340000
2472.260000
2441.440000
2473.860000
2465.400000
2508.780000
2498.219999
2502.040000
2469.260000
2490.840000
2495.840000
2519.200000
2500.680000
2485.180000
2477.480000
2462.640000
2820.460000
2474.119999
2493.760000
2483.940001
2468.740000
2472.180001
2471.659999
2469.460000
2493.720000
2479.240000
2468.620000
2476.840001
2471.580000
2501.260000
2472.180000
2478.480000
2447.900000
2475.500000
2452.099999
2495.800000
2471.600000
2454.440000
2434.240000
2453.820000
2476.240000
2615.280000
2603.820000
2561.100000
2570.580000
2485.920001
2477.200000
2497.980000
2509.960000
2503.540000
2469.560000
2450.460000
2460.660000
2471.800000
2470.500000
2481.540000
2467.400000
2754.420000
2767.360000
2503.420000
2492.320000
2491.460000
2477.160000
2472.900000
2463.540000
2487.080000
2476.720001
2487.340000
2453.699999
2482.280000
2486.160000
2482.860000
2470.860001
2463.420001
2454.899999
2452.640000
2456.940000
2474.260000
2485.760000
2495.220000
2457.080000
2448.400000
2477.340001
2472.440000
2480.760001
2480.040001
2442.279999
2477.940000
2742.920000
2501.800001
2486.700000
2518.300001
2474.760001
2485.420000
2502.239999
2508.660001
2738.620000
2493.620000
2797.800000
2467.260000
2471.040000
2488.080001
2472.900000
2461.140000
2462.580000
2446.800000
2458.000001
2503.780000
2508.180000
2488.020000
2478.120000
2480.700000
2479.760000
2473.460000
2481.240000
2480.080000
2462.400001
2459.660000
2457.140000
2483.279999
2495.840000
2490.200000
2459.179999
2504.000000
2488.720000
2526.700000
2503.980000
2511.720000
2478.440001
2479.080000
2501.140000
2626.479999
2496.060000
2488.220000
2476.900000
2486.880000
2492.660000
2474.420000
2480.740000
2470.740000
2658.960000
2479.820000
2471.800000
2471.180000
2503.200000
2467.020000
2448.460000
2479.580000
2450.120000
2497.320000
2485.900001
2481.140000
2446.580000
2473.259999
2460.039999
2495.879999
2469.240000
2506.960000
2438.180000
2452.360000
2460.059999
2472.920000
2469.719999
2470.380001
2473.460000
2468.680000
2474.400000
2489.320001
2505.140000
2506.659999
2448.740000
2560.719999
2464.260001
2473.680000
2469.839999
2476.320000
2451.680000
2493.720000
2489.340001
2496.540000
2487.200000
2864.800001
2702.599999
2499.679999
2478.460000
2500.140000
2491.740000
2487.640000
2449.100001
2452.680000
2460.220000
2472.100000
2489.060000
2463.560000
2462.460000
2477.279999
2470.180000
2475.920000
2481.080000
2485.940000
2468.920000
2451.420000
2451.700000
2471.760000
2465.460001
2473.500000
2584.860000
2480.680000
2479.160001
2513.700000
2494.200000
2486.360000
2468.099999
2499.920000
2439.720000
2483.779999
2468.800000
2460.660000
2453.520000
2459.079999
2467.860000
2475.020000
2795.380000
2491.100000
2471.980000
2475.400000
2482.960000
2627.980000
2556.840001
2458.280000
2461.680000
2482.980000
2460.380000
2480.200000
2489.880000
2502.380000
2456.480000
2471.000000
2447.280000
2477.720001
2455.040000
2470.440000
2445.140000
2481.060000
2470.240000
2485.540001
2493.120000
2487.980000
2476.640000
2500.000000
2499.500000
2498.040000
2497.500001
2485.360000
2475.080000
2474.780000
2480.740000
2505.660000
2516.600000
2502.860000
2477.460000
2490.200000
2488.180000
2508.180000
2472.580000
2513.960000
2502.100000
2489.460000
2471.260000
2513.820000
2481.780000
2511.320000
2456.280000
2498.579999
2478.680000
2487.980000
2475.120000
2459.380000
2426.500000
2460.180000
2471.940000
2507.440000
2514.500000
2479.600000
2486.600000
2470.840000
2499.660000
2505.120000
2501.259999
2474.060000
2463.719999
2464.580000
2478.740000
2500.300000
2509.520000
2510.220001
2473.999999
2563.180000
2525.860000
2556.400000
2539.840001
2638.379999
2593.680000
2506.720000
2499.520000
2881.080000
2552.740000
2581.600000
2532.680000
2491.920000
2486.579999
2510.080000
2481.840000
2471.519999
2447.160000
2453.679999
2467.160000
2476.180000
2515.060000
2494.700001
2482.040000
2469.100000
2461.380000
2474.600000
2487.640000
2468.060000
2455.039999
2478.260000
2478.100000
2504.120000
2463.020000
2463.700000
2449.500000
2480.460000
2467.800000
2493.820000
2458.600000
2492.820000
2463.440000
2477.780000
2495.060001
2498.620000
2498.120001
2500.700000
2473.320000
2483.700001
2815.820000
2490.060000
2493.060000
2487.100000
2460.840000
2468.940000
2466.840000
2517.019999
2464.940000
2467.900000
2447.740001
2485.160000
2488.660000
2500.640000
2480.800000
2474.520000
2436.360000
2482.940000
2470.500000
2493.840000
2466.620000
2465.380000
2445.580000
2499.700000
2467.080001
2480.960000
2476.899999
2469.120000
2452.400000
2455.560001
2457.880000
2479.440001
2475.160000
2462.760000
2473.340000
2557.999999
2494.020000
2495.580000
2476.000000
2479.259999
2455.260000
2826.780000
2477.780000
2506.420000
2552.720000
2542.880001
2513.280001
2580.140000
2489.320001
2520.180000
2509.459999
2501.320001
2444.180000
2469.120000
2461.880000
2491.240000
2461.700000
2458.020000
2476.240000
2474.119999
2516.120000
2495.700000
2481.960000
2467.020000
2465.299999
2461.040000
2458.020000
2475.720000
2492.620000
2500.080001
2481.540000
2489.540000
2481.880001
2512.140000
2457.040000
2470.480000
2443.500000
2484.660001
2463.380000
2497.599999
2470.000000
2485.980000
2752.360000
2487.680000
2481.880000
2511.800000
2515.540000
2483.500000
2480.099999
2454.760000
2466.220001
2468.660000
2489.759999
2480.240000
2446.040000
2451.420001
2475.060000
2518.500000
2504.880000
2481.180000
2452.800000
2472.340001
2575.480000
2532.320000
2454.080000
2454.480000
2454.020000
2473.660000
2449.000000
2487.180000
2476.840000
2491.420001
2464.160000
2487.500000
2459.799999
2492.240000
2476.060000
2458.980000
2448.180000
2438.100000
2467.820000
2475.100000
2490.020000
2625.860000
2488.260000
2475.520000
2489.720000
2483.920000
2477.480000
2465.120000
