221.440000
206.060001
221.420000
206.020000
221.380000
205.800000
205.160000
217.660001
223.360000
215.140000
218.780001
215.080000
253.720000
206.180000
223.060000
206.120000
254.940000
206.280000
223.980000
206.200000
254.840001
212.860000
254.540000
215.240000
238.940000
206.139999
237.940000
206.100000
256.120000
205.999999
255.900000
215.220000
238.160000
215.100000
222.980000
274.480000
218.800000
206.220000
255.180000
215.220001
221.320000
206.120000
225.180000
215.220000
204.580000
215.140000
203.280000
215.220001
206.120000
206.220000
260.740000
215.220001
223.060000
215.020000
244.000000
215.160000
254.280000
215.220000
201.040001
215.040000
252.040000
215.180000
253.860001
215.220000
281.199999
206.100000
256.180000
215.220001
254.780000
206.080000
252.300000
215.220000
213.760001
215.220000
223.019999
215.180000
253.780000
215.220001
224.700000
215.240000
221.039999
206.200000
220.840000
215.220000
223.160001
206.139999
253.460000
206.160000
253.140000
206.140000
222.440000
215.220000
248.120001
215.220000
202.180000
206.060000
254.000000
215.220000
252.320000
206.100000
206.139999
206.180000
222.100000
205.900000
255.820000
215.220000
259.420000
206.160000
222.600000
215.220000
255.520000
206.040001
223.620000
215.100000
252.040001
206.040000
255.120000
215.220000
222.700000
215.140000
271.020000
215.180000
214.960000
241.540000
254.160000
215.220001
223.940000
215.220000
255.260000
215.080000
223.820000
215.220000
254.780000
215.220001
226.560000
215.200000
253.400000
215.220000
221.539999
205.999999
253.260001
215.120000
253.360000
215.180000
202.180000
206.220000
202.520000
215.220001
202.180000
231.180000
222.980000
215.140000
254.840000
206.080000
250.159999
206.119999
225.300000
206.220000
254.620001
206.060001
203.460000
206.140000
256.260000
260.380000
255.700000
209.460001
255.460001
206.280001
255.680000
206.840000
242.600000
215.919999
215.380000
206.479999
219.180000
209.780000
244.900000
206.640000
236.920000
205.960001
223.920001
206.220000
252.900000
215.100000
253.360000
215.160000
215.080000
215.200000
202.180000
205.960000
229.160000
215.220000
202.180000
206.160000
255.840000
206.360000
202.179999
206.200000
202.180000
215.220000
255.880000
206.120000
254.680000
215.220001
221.000000
215.240000
239.560000
215.240001
201.060000
206.240000
255.059999
206.239999
214.960000
206.100000
238.820000
206.160000
202.180000
215.100000
238.580000
215.840001
253.339999
215.200000
253.860000
206.300000
255.900000
215.220000
253.959999
205.980000
223.280000
215.220001
218.780000
215.220000
223.560000
215.400000
220.620000
206.120000
223.860000
215.220000
253.760000
215.220000
253.699999
215.220000
223.060000
215.220000
254.960001
215.220000
220.760000
211.660000
255.180000
215.140000
223.580000
206.240000
202.200000
206.180000
222.580000
206.080001
252.940000
215.200000
254.980001
215.120000
218.800000
230.800000
222.520000
206.080000
205.920001
215.220001
223.160000
215.159999
202.180000
205.960000
223.320001
206.120000
255.900000
215.220000
223.019999
215.160000
209.320000
215.220001
254.000000
206.160000
253.640001
206.220000
255.260000
205.980000
218.720000
206.100000
252.600000
215.220000
253.620001
206.080000
249.980000
206.120000
222.820000
206.280001
223.620000
206.099999
253.060000
215.220001
255.080000
206.220000
253.260000
206.120000
238.280000
206.220000
265.480000
205.879999
253.200000
206.180000
254.980000
215.220001
255.080000
206.080001
253.700000
206.160001
253.120000
215.060000
222.940001
215.140000
236.160000
206.040001
255.120000
206.180000
240.240000
215.160000
223.640000
215.120000
223.860000
205.980000
223.820000
215.120001
254.320000
215.200000
228.000000
215.200000
223.900001
205.960000
222.620000
215.220000
223.280000
215.140000
221.060000
206.280001
253.920000
215.180000
254.620000
215.220001
271.440000
206.060001
202.180000
215.220000
253.240000
205.960000
252.660000
215.220000
214.919999
205.840000
223.700000
206.060000
255.840000
215.040000
215.100000
211.960000
254.819999
215.220000
223.860000
206.200000
254.400000
206.080001
253.800000
206.040000
255.899999
215.180000
253.780000
215.120000
222.800000
231.339999
255.260000
206.160001
215.180000
206.240000
223.479999
206.180000
222.960000
215.180000
238.300000
206.200000
223.920000
206.280000
215.039999
211.180000
203.260000
215.220000
215.980000
206.200000
221.899999
215.120000
239.999999
241.520000
202.180000
206.080000
254.340000
206.180000
214.800000
215.140000
266.840000
215.240001
254.340000
215.220000
215.040000
215.220000
253.800000
215.220001
223.480000
215.220000
255.200000
215.100000
255.280000
206.180000
215.179999
215.120001
220.880000
206.220000
252.480000
208.880000
215.220000
206.160000
215.200000
205.980000
252.699999
206.200000
215.200000
206.139999
242.860000
205.980000
239.200000
206.200000
253.920000
206.160000
223.820000
215.060000
202.540000
215.140000
253.000000
206.080000
254.740001
206.260000
269.640001
206.139999
223.000000
215.220001
253.479999
215.100000
223.360000
215.220000
255.040000
215.200000
254.220000
206.220000
224.859999
215.200000
207.680000
215.220000
238.799999
206.000000
255.060000
206.220000
253.120000
206.080000
254.380000
215.220000
254.820000
206.200000
222.880000
206.100000
203.620000
206.300000
215.080000
241.540000
252.859999
205.999999
238.600000
206.220000
211.980000
206.060001
252.800001
206.160001
254.640000
215.140000
212.720000
211.800001
252.960000
206.180001
221.320000
206.119999
253.780000
215.220000
254.260000
215.220000
254.940000
215.220001
213.760001
215.220000
253.560000
222.200000
238.520000
206.180001
253.100000
206.139999
255.900000
206.160001
202.180000
215.220001
222.220000
206.220000
222.300000
215.240000
253.260000
221.040000
222.680000
215.240001
218.720000
206.280001
254.380000
206.280001
215.380000
215.220001
253.820000
215.140000
253.540000
215.140000
221.620000
222.899999
201.060000
206.100000
254.200000
215.220000
202.440000
215.220000
213.540000
206.180000
202.180000
215.220000
253.920000
206.180000
238.600000
206.140000
260.840001
215.220000
214.960000
206.060000
254.980000
215.200000
222.960001
206.220000
214.980000
215.220001
222.880000
215.220000
238.320000
215.200000
222.960000
215.220000
203.600001
215.220001
254.000000
215.179999
204.800000
215.240000
223.239999
215.220000
223.280000
215.220001
223.020000
215.060000
260.380000
206.220000
254.000000
206.060001
222.800001
206.240000
234.640000
215.220001
253.140001
215.140000
253.920000
215.220000
215.020000
215.240000
215.040000
215.220000
254.840001
205.940001
254.840000
215.220000
224.020000
215.220001
252.660001
215.160000
239.780000
206.100000
221.340000
215.220000
218.780000
212.239999
223.700001
215.180000
223.020000
215.080000
253.700000
215.220000
254.260000
215.180000
221.320000
215.200000
202.460000
206.160000
253.360000
224.080000
254.280000
215.200000
223.060001
215.220000
221.280000
215.100000
253.719999
215.040000
214.980001
215.160000
223.780000
215.220000
202.180000
220.900000
253.880001
215.220000
215.220001
206.120000
222.800000
208.780000
202.180000
206.180000
221.759999
205.980000
223.160000
206.120000
255.279999
206.139999
268.040000
215.140000
253.439999
206.080000
223.300000
206.139999
223.060000
206.160001
221.540000
206.240000
211.480000
206.120000
202.180000
215.220000
243.060000
215.200000
252.660000
215.220000
238.800000
215.220000
252.480000
205.940001
255.039999
215.220000
223.920000
206.180001
222.240000
215.220000
229.580000
205.900000
202.179999
215.220001
221.679999
206.040001
221.680000
208.780000
203.620000
205.920000
202.180000
206.240000
222.820000
215.220000
252.520001
220.980000
223.420001
215.040000
254.480000
215.160000
213.520000
215.220000
255.300000
206.220000
203.840001
215.220000
222.680000
215.180000
222.040000
220.700000
223.580000
215.220001
224.020000
215.200000
240.120000
215.220000
222.040000
206.100000
252.880001
206.200000
204.560000
215.220000
254.340000
206.160000
223.280000
205.940000
222.720000
215.220000
252.400000
215.220000
220.840000
215.220001
253.440000
215.200000
222.720000
215.080000
255.159999
206.140000
242.140000
215.100000
253.160000
206.140000
252.979999
206.060001
221.340000
215.179999
222.080001
215.140000
251.940000
215.040000
255.280000
215.140000
231.339999
215.220000
223.160001
206.140000
253.459999
205.980000
255.040000
215.220000
222.600000
215.100001
253.020000
215.220000
254.560000
215.220001
267.740000
215.020000
253.020001
215.240000
223.020000
215.220001
218.800000
215.020000
253.460000
206.239999
203.820000
215.220000
255.300000
215.220001
217.480000
215.220000
215.040000
215.200000
255.179999
206.040001
213.800000
206.160001
202.180000
215.159999
218.720000
215.220000
254.600000
215.140000
269.020000
215.240000
253.700000
215.220000
202.180000
206.160000
222.720000
206.280001
202.180000
215.240000
254.340000
215.220001
253.100000
206.100000
239.200000
206.140000
220.840001
215.220001
254.319999
215.120000
215.180000
206.160001
203.340000
215.140000
255.820001
205.960000
255.820000
206.140000
252.300001
214.380000
205.140000
215.220000
253.780000
215.220001
253.100000
215.220001
253.340000
206.160001
254.620001
215.200000
253.099999
215.220001
223.080000
222.220000
239.860000
215.240000
255.100000
215.220001
255.020000
206.140000
203.580000
206.220000
203.500000
206.200000
222.540000
215.220001
253.560000
211.840000
222.800000
215.240000
221.020000
215.220001
222.100000
215.220000
215.120000
215.220001
203.580000
215.220000
254.640000
206.040001
223.280001
206.139999
221.560000
206.019999
254.360000
215.240001
222.800001
215.080000
203.360000
215.080000
253.800000
206.220000
254.860000
215.220000
221.820001
215.179999
253.240000
215.220001
255.820001
215.240000
205.000000
215.160000
255.820001
215.220000
223.680000
215.160000
239.560000
206.200000
255.700000
215.220001
259.920000
215.100000
253.340000
206.020000
215.200000
215.220000
215.200000
205.960000
221.200000
215.200000
254.220000
215.220001
223.220000
215.080000
235.900000
206.180000
253.700000
215.080000
239.760000
206.240000
222.160000
215.080000
223.700000
215.220000
215.380000
215.220001
213.459999
206.240000
203.280000
215.240000
225.140000
206.220000
238.279999
215.220000
253.120000
215.220000
252.880001
215.140000
203.580000
215.160000
203.360001
215.140000
221.960000
212.020000
215.980000
206.180000
218.720000
215.200000
202.200000
215.120001
238.600001
215.220001
254.260000
206.200000
255.240001
206.060000
222.400000
228.820000
255.040000
215.140000
254.340000
215.120001
238.280000
206.120000
204.560000
206.100000
221.740000
215.240001
202.180000
206.220000
253.520000
215.160000
253.680000
206.119999
252.720000
206.080000
215.080000
215.100000
223.840000
206.100000
222.920001
215.220001
202.180000
215.220000
203.320000
206.040000
254.740000
215.220001
215.060000
215.220000
255.740000
215.220000
254.780000
215.220001
223.280001
206.240000
254.620000
206.140000
202.280000
215.220000
260.600000
215.200000
221.880000
215.220001
254.160000
206.100000
223.080000
215.220000
215.200000
215.220000
213.440000
206.060000
