232.705000
236.136000
234.412001
230.637000
231.682001
225.390000
231.852001
233.246000
231.556999
232.920000
234.275000
232.491000
232.121000
229.430000
233.566999
228.562000
227.501000
233.434000
232.105000
232.317001
231.751001
232.902000
233.271000
229.530000
231.963000
235.764000
231.776000
233.957000
237.478000
231.678000
230.973000
231.065000
233.559000
238.932000
231.388000
233.988000
233.668000
232.866000
232.718000
231.361000
236.011000
229.153000
231.287000
230.194001
233.668000
234.515000
233.015000
225.873000
235.618000
232.703000
232.377000
230.691000
232.522001
235.629000
233.488000
289.235000
233.520000
231.562001
230.556999
231.058000
230.138000
230.548000
231.752000
231.762000
231.567000
231.826000
230.942001
231.664999
230.470001
236.761000
230.365001
235.271000
229.938000
231.232001
233.158000
235.218000
228.589000
236.747000
235.798000
233.457000
230.853000
230.788000
231.158000
232.754000
234.086000
231.582000
231.948000
230.535000
234.454000
230.437000
233.305000
232.497000
232.098999
228.423000
231.243000
228.510000
232.439999
230.001001
235.293999
264.666000
235.536000
230.946000
231.935999
233.966000
232.708000
232.923999
229.545999
232.257999
233.198000
234.680000
230.791000
232.940000
233.182999
231.128001
231.106000
231.207000
231.422000
233.499000
234.298999
229.417000
232.759000
239.254001
233.003000
230.810000
231.383001
231.072000
232.468000
230.159000
229.335000
230.283000
230.516000
234.680000
233.463000
232.274001
233.379000
229.686000
229.246000
233.534000
232.147001
235.399000
232.966000
231.926000
230.791001
263.363999
230.848000
233.685000
225.879000
230.590000
233.042000
231.947000
233.828001
229.223000
230.969001
232.265000
231.000000
230.508000
230.950000
233.081000
230.911000
234.915000
232.966000
233.124000
234.769001
231.019000
231.792000
241.003000
235.447001
232.858000
230.319000
228.008999
234.213999
230.947000
233.208001
228.561999
233.495001
230.340000
232.195000
226.324000
232.372000
230.188000
233.406000
234.922000
232.101000
231.029000
233.750001
229.969000
232.988000
234.438000
227.603000
230.704000
232.849000
232.737000
233.316001
232.816000
230.009000
232.013000
230.919000
232.979001
230.327000
232.534000
233.711001
233.480001
230.895000
232.217000
234.165000
231.035001
230.948000
229.981000
236.660000
255.438000
231.701001
230.091000
231.283000
232.672000
231.826000
231.468000
231.479000
230.967000
229.245001
232.945000
232.538000
233.067000
234.528000
231.929000
233.548000
233.208000
235.600000
230.332000
232.742000
232.569000
233.948001
238.380000
232.995000
232.610000
235.645000
231.079999
232.927000
229.983000
231.610999
232.257999
231.824000
232.319000
230.267000
236.870999
231.586999
231.206000
228.788000
231.961001
231.803000
233.472000
226.739000
233.409000
231.675000
238.880000
232.575000
231.300999
233.751000
231.420999
231.590000
233.986000
232.799000
229.263000
235.673000
236.275000
230.468000
232.413000
232.987000
232.268000
231.544000
236.572000
232.306000
229.569000
230.575000
232.755000
234.994000
238.327000
230.811001
232.414001
230.598000
234.589000
230.101001
230.671000
232.825000
230.550000
230.720000
229.089000
236.557000
228.333000
232.231000
230.706000
233.735001
230.645000
231.989000
231.493000
233.580001
233.377000
229.533000
255.072000
234.278000
231.354000
231.308000
229.656000
230.396001
232.497000
230.607000
232.944000
233.120000
231.595000
233.214000
228.646000
233.588000
231.973000
231.639000
235.592999
229.707000
231.595000
231.351000
231.269000
232.220000
240.193999
231.385000
231.613000
230.995000
231.492000
232.496000
232.815000
235.546000
231.880000
237.844001
231.207000
234.990000
231.848001
232.659000
234.740000
230.533000
230.524000
233.794999
231.828000
232.540000
232.256999
228.790000
262.321000
232.859000
230.873000
231.292000
228.972000
230.919000
229.195001
230.676999
232.371000
228.258000
231.861000
231.629000
229.732000
233.858000
234.405001
232.362000
230.638999
232.252000
231.293000
233.166000
233.945000
233.534000
237.548999
233.049001
229.204000
232.521000
233.318000
232.623000
231.515000
236.137000
230.389000
230.294000
232.259000
230.489001
231.104000
230.647000
231.667000
230.553000
233.111000
231.319000
231.403000
224.409000
230.631000
231.377000
267.051000
230.665000
232.045000
232.957000
232.078000
233.289000
225.761999
233.867001
231.275000
231.616001
230.819000
231.366000
231.659000
233.442000
233.291999
231.964001
233.363001
230.028001
230.571000
234.804000
234.490000
231.516000
235.097000
229.798000
231.709000
232.238000
233.784000
232.205000
232.601000
233.099000
233.664000
231.810000
233.116000
232.150001
232.724000
231.591000
233.391000
228.750000
235.006000
233.906000
227.592000
232.857000
231.455999
229.228000
236.630999
229.752000
233.133000
230.264001
232.616000
230.106000
230.142000
230.489000
231.727000
229.844000
232.362000
233.992999
232.518000
231.726999
231.352000
232.539000
231.625999
229.196000
229.046000
232.098000
233.314999
231.726000
233.909000
231.109000
231.799000
231.562000
232.768000
231.972000
233.354000
232.102000
226.591000
232.096000
226.724001
232.514000
231.925000
229.573000
235.940000
233.889000
232.652999
234.393000
231.256001
233.668000
227.102000
231.907000
230.087000
232.983001
231.737000
230.236000
231.067000
232.357000
231.259000
233.863001
229.659000
228.585000
231.942000
234.292000
230.116000
229.610001
233.096001
230.055000
231.937001
229.742000
231.278000
233.488000
231.683000
234.883999
232.241999
236.006000
232.637000
231.016000
228.815001
233.438000
231.423000
231.813000
233.284000
232.266000
228.964999
231.697000
230.614000
231.231000
231.455000
230.339000
231.081000
232.493000
233.076001
231.213000
236.257000
233.765000
234.199001
236.594999
233.237000
229.289001
228.642000
230.763000
233.093000
232.050000
232.194001
233.866000
231.607000
230.844000
233.988000
232.195999
230.446001
230.219000
233.658000
233.336000
231.200000
233.175000
228.516000
233.331000
237.036000
232.937000
232.024999
231.439000
232.315000
230.151000
232.325001
231.208000
232.106000
231.477000
232.638000
229.066000
230.999000
233.686000
230.676999
231.126999
231.614000
229.338000
231.502000
229.939000
231.437000
228.974000
232.088001
229.803000
231.225001
232.666000
231.195000
232.902000
231.121000
232.394001
230.677000
234.995000
230.067000
226.585000
231.191000
231.364000
228.836999
229.795001
235.162000
230.806001
232.715000
232.628999
229.061000
234.556001
231.788000
231.948000
232.952000
229.681999
232.922001
232.882000
232.455000
229.006000
232.788000
232.491000
227.115000
227.298000
233.515999
229.729000
231.630000
231.522000
228.759000
233.629000
233.888000
233.661001
232.699000
232.513000
227.829000
236.065000
227.494000
234.931000
232.187000
231.122000
232.376000
229.279000
230.285000
231.041000
231.896000
230.145999
237.589000
232.221001
231.681000
232.218000
231.649000
232.710000
230.621000
233.646001
231.290000
230.511000
232.571000
234.762000
237.745000
236.327000
231.137000
231.027000
232.921001
232.048000
230.219999
229.121001
233.287000
227.776000
231.907000
231.539001
234.731000
229.259000
233.156000
232.487001
231.029999
231.361000
227.121999
235.886000
237.768000
231.872000
231.766000
230.928000
228.521000
233.559000
231.480000
229.629000
233.087000
231.958000
232.267000
229.002000
234.567000
231.172999
229.360000
231.987000
231.756000
234.480999
232.467000
226.596000
233.112000
232.770001
238.195000
231.675999
232.014000
235.867999
234.098000
230.367000
231.602000
232.566000
227.194000
224.016001
232.074999
232.155000
233.229999
230.328000
230.215999
229.307001
232.607000
232.234000
233.220000
231.546000
232.848001
233.175999
270.304999
232.939000
233.128000
233.250001
230.234999
229.814000
235.040001
231.923000
230.870000
227.913000
231.599000
230.204000
232.153000
229.111000
227.987000
230.920000
232.226000
229.204000
231.644000
230.961000
226.491000
228.210000
239.397000
229.344000
232.055000
232.300000
232.016000
224.926000
228.144000
233.681000
232.096000
231.513000
227.617000
229.990001
233.131001
233.201000
230.575000
228.351000
229.642999
232.196000
228.819000
232.803000
229.169000
227.825000
230.901000
233.313000
230.710000
226.580000
235.064000
229.991999
230.591000
231.691000
239.271000
227.070000
232.174000
234.711000
231.929000
231.354000
230.823000
236.034000
229.975000
232.539999
231.792000
232.356000
233.439000
231.261000
235.406000
232.348000
231.381999
231.259000
236.995000
230.534000
231.993999
230.760000
230.250000
232.977000
232.341000
232.102999
232.046000
230.749999
231.060000
228.825999
228.810000
229.149001
231.612001
231.571000
232.748000
226.621000
228.403000
231.164000
235.342000
228.895000
230.487000
230.693000
232.690000
233.522000
232.666000
232.341000
232.456001
239.720000
232.198000
236.355999
232.096000
230.937000
230.608000
232.010000
232.638001
230.052000
234.769000
230.688999
233.315000
230.866999
230.788000
231.784999
231.207000
231.110999
232.102999
233.680001
233.024000
230.787001
234.807000
230.240000
234.874000
230.308000
228.048000
233.364000
232.545000
232.663999
234.440000
231.268001
234.509001
232.225000
230.578001
257.985000
231.040000
235.160000
232.293000
230.067001
233.690999
230.939000
232.810000
229.896000
232.543999
230.632000
232.060000
233.400000
238.326000
229.602000
234.043000
231.746000
229.619000
230.816000
231.325000
232.048000
231.183000
237.603000
232.968000
228.690000
227.479000
225.556000
230.228000
233.571000
232.478000
232.486000
236.396000
231.201001
234.343000
230.039001
233.306000
231.935999
228.318000
231.777000
231.620000
233.552000
232.476000
233.082000
230.055000
240.778000
233.310000
232.271000
229.106000
234.478001
233.847000
228.456000
233.205000
230.319000
230.130000
233.086000
230.230000
230.274000
232.391000
232.140000
231.997000
232.810999
235.861000
231.292999
231.319000
234.414999
231.788999
255.321000
234.407000
230.329000
231.216000
233.490000
231.841000
232.196000
231.405000
234.100000
231.670000
229.828000
230.679000
233.754000
233.183000
232.042000
230.888001
233.720000
232.933000
231.894000
231.707999
229.718000
230.500001
238.557000
235.198000
230.666000
232.264999
230.769000
230.055000
235.113000
229.801000
230.374000
231.654000
233.166001
231.272000
233.977000
233.730000
232.654000
231.610000
230.218000
232.086000
232.269000
233.151000
233.942000
229.644000
231.033000
231.013000
232.506000
231.851000
231.423000
229.692000
228.951000
233.317000
230.663001
232.693000
230.486000
233.071000
229.183001
233.812001
233.683000
234.577000
235.727000
227.481000
231.831000
232.930999
230.333000
231.848000
229.755000
234.687001
234.144000
231.609000
227.671999
228.787000
234.073000
227.619000
232.210000
231.459999
231.966000
234.095000
232.638000
231.663000
231.957001
230.287000
233.699000
233.235000
232.493000
231.777000
233.686999
230.354000
231.946000
235.576000
230.393000
229.436000
231.787000
234.132000
228.014000
232.469000
234.528000
230.139000
230.513000
232.089999
232.555999
230.972000
233.288000
232.317000
233.116001
230.878999
231.705000
232.949000
