59.830000
60.975000
58.375000
56.880000
53.035000
52.226000
51.512000
51.528000
52.717000
53.318000
49.374000
49.278000
51.075000
52.009000
51.733000
48.840000
50.000000
48.030000
50.931000
48.617000
48.118000
48.185000
47.041000
45.695000
46.781000
50.372000
52.812000
54.116000
51.896000
54.608000
51.319000
49.353000
50.037000
49.359000
48.430000
55.773000
49.855000
49.249000
58.958000
51.988000
52.646000
50.531000
50.231000
50.623000
49.908000
48.524000
50.365000
49.679000
49.423000
48.778000
48.598000
48.057000
52.702000
52.461000
50.085000
48.844000
49.646000
48.799000
50.219000
49.267000
48.066000
46.982000
46.542000
49.539000
53.124000
50.433000
51.071000
49.877000
49.542000
50.861000
56.211000
49.410000
51.730000
52.178000
50.431000
49.959000
51.618000
50.592000
50.599000
48.563000
50.955000
54.450000
49.455000
48.602000
49.062000
48.583000
48.710000
54.249000
50.962000
48.566000
48.109000
49.110000
47.815000
53.516000
49.887000
50.527000
50.848000
50.355000
50.139000
49.650000
51.145000
49.198000
49.154000
49.448000
51.577000
48.676000
48.601000
47.857000
46.174000
47.421000
52.615000
48.422000
47.304000
47.806000
47.902000
47.664000
48.088000
48.954000
49.045000
48.231000
49.065000
52.022000
49.534000
47.609000
48.090000
48.681000
48.626000
54.389000
48.833000
49.401000
49.151000
49.070000
48.359000
50.093000
50.068000
48.087000
49.130000
48.390000
50.729000
49.941000
48.624000
48.777000
49.753000
48.250000
54.996000
50.335000
50.747000
49.763000
48.718000
50.354000
54.846000
51.326000
50.229000
49.602000
49.532000
49.335000
53.666000
54.462000
51.452000
49.866000
50.489000
52.765000
51.551000
48.899000
50.447000
50.407000
50.107000
54.440000
51.513000
49.476000
56.227000
49.068000
50.226000
57.009000
51.545000
50.479000
49.703000
49.754000
50.682000
54.212000
51.177000
51.274000
50.001000
50.059000
49.425000
50.445000
49.504000
49.392000
48.456000
49.599000
48.855000
48.574000
48.353000
48.189000
48.210000
48.042000
54.243000
49.947000
49.857000
49.391000
48.675000
48.931000
49.815000
48.963000
49.172000
48.420000
49.754000
49.126000
48.708000
49.362000
47.425000
46.941000
47.361000
48.423000
48.068000
46.853000
47.386000
46.710000
46.742000
55.098000
48.971000
48.642000
50.159000
50.329000
50.184000
52.268000
50.141000
49.315000
49.699000
50.496000
50.673000
50.095000
48.877000
49.037000
49.564000
48.882000
54.007000
51.141000
49.707000
49.489000
49.241000
50.573000
53.185000
50.984000
49.657000
49.945000
49.563000
50.626000
51.863000
49.036000
50.914000
49.456000
49.265000
48.917000
49.216000
48.927000
50.342000
49.904000
49.257000
52.705000
50.911000
49.359000
49.842000
47.934000
49.276000
49.333000
48.336000
49.163000
48.619000
48.888000
52.299000
49.869000
48.989000
49.393000
48.913000
47.684000
53.121000
49.735000
50.527000
51.572000
49.799000
49.347000
50.300000
50.325000
49.840000
49.990000
49.638000
54.700000
51.407000
53.240000
49.233000
49.483000
48.472000
51.231000
49.019000
47.946000
47.735000
49.449000
48.982000
53.062000
49.850000
48.505000
49.710000
49.627000
53.122000
49.254000
47.953000
47.782000
48.221000
48.417000
51.337000
47.602000
49.564000
49.199000
48.735000
49.976000
49.789000
48.577000
48.679000
48.443000
48.017000
51.799000
50.598000
49.458000
49.185000
48.611000
49.513000
51.136000
49.271000
49.381000
50.050000
49.517000
53.609000
49.886000
50.044000
49.793000
47.985000
49.207000
48.748000
49.490000
48.157000
49.873000
47.770000
48.200000
48.620000
47.869000
48.181000
48.547000
47.835000
47.208000
48.115000
48.163000
47.154000
48.465000
47.057000
47.793000
48.190000
47.098000
46.979000
47.109000
47.124000
48.244000
46.561000
47.111000
47.415000
46.675000
47.655000
46.654000
46.759000
47.113000
46.118000
46.747000
46.367000
46.229000
46.068000
45.964000
46.352000
46.158000
45.808000
45.835000
46.360000
46.086000
57.777000
46.187000
47.783000
47.720000
47.428000
47.157000
47.468000
46.851000
46.868000
46.915000
46.842000
46.280000
47.318000
46.770000
45.170000
45.751000
45.886000
46.169000
46.978000
46.473000
48.423000
53.735000
53.727000
53.213000
52.160000
49.464000
48.466000
50.061000
54.328000
49.986000
49.637000
47.670000
49.570000
49.166000
47.821000
49.034000
47.742000
46.629000
47.790000
48.069000
47.838000
46.513000
46.606000
47.415000
47.447000
47.703000
47.259000
46.308000
47.315000
47.433000
47.088000
45.775000
46.910000
46.836000
48.086000
48.588000
46.747000
47.695000
46.814000
47.303000
46.108000
46.240000
47.622000
46.889000
46.830000
47.104000
46.634000
47.114000
48.335000
45.944000
45.655000
46.104000
46.755000
46.597000
46.599000
46.657000
46.319000
47.300000
46.472000
47.216000
47.443000
47.905000
46.385000
46.100000
46.397000
45.725000
45.009000
45.684000
46.089000
47.216000
45.534000
45.204000
45.582000
47.813000
45.803000
45.168000
45.532000
45.371000
45.946000
46.061000
47.333000
45.374000
46.273000
45.940000
45.743000
46.278000
45.802000
46.849000
44.234000
46.059000
45.233000
45.499000
45.975000
46.451000
46.432000
46.357000
47.376000
44.582000
46.338000
45.971000
45.745000
46.667000
45.992000
46.212000
45.216000
45.646000
46.414000
45.421000
46.185000
45.986000
45.769000
45.148000
46.168000
47.492000
46.561000
45.944000
45.920000
45.894000
46.819000
46.331000
45.427000
46.704000
45.975000
47.198000
46.402000
46.162000
45.815000
50.248000
49.672000
48.244000
47.407000
48.129000
47.654000
46.765000
47.319000
46.714000
46.622000
46.371000
46.900000
47.691000
46.523000
46.217000
46.624000
47.675000
45.855000
45.498000
46.017000
45.587000
45.653000
45.924000
47.803000
46.504000
45.687000
46.009000
46.221000
46.507000
47.880000
46.073000
46.123000
45.512000
45.865000
46.191000
45.365000
44.603000
45.548000
46.486000
46.371000
45.437000
45.911000
45.754000
45.918000
45.050000
46.398000
46.596000
46.994000
46.229000
46.121000
45.707000
46.335000
46.488000
45.726000
46.752000
46.417000
46.125000
46.378000
46.688000
46.016000
46.555000
45.634000
45.694000
45.762000
45.361000
45.791000
47.139000
46.270000
45.858000
45.678000
45.559000
45.636000
46.105000
49.933000
47.499000
46.616000
46.720000
46.481000
46.621000
47.636000
46.792000
45.585000
45.287000
46.747000
46.590000
46.973000
45.487000
46.356000
44.573000
46.362000
44.919000
44.564000
45.445000
45.368000
45.215000
45.693000
45.563000
44.819000
45.396000
45.874000
45.715000
46.210000
44.932000
45.191000
45.061000
45.030000
45.155000
45.332000
44.745000
45.358000
44.787000
44.358000
45.105000
45.146000
44.311000
44.327000
45.073000
44.966000
44.033000
45.495000
44.911000
44.812000
44.529000
44.843000
44.569000
44.570000
44.607000
44.154000
44.150000
45.608000
44.458000
44.464000
44.846000
46.252000
45.906000
45.109000
45.765000
45.428000
45.649000
46.341000
45.644000
45.363000
45.164000
46.417000
44.872000
45.185000
44.914000
45.074000
45.906000
44.656000
45.607000
45.287000
46.540000
44.668000
45.069000
45.309000
45.717000
45.647000
45.514000
45.885000
46.286000
45.276000
46.172000
44.558000
44.856000
44.663000
45.617000
45.365000
44.911000
45.485000
44.656000
44.762000
45.199000
45.397000
46.158000
45.975000
45.738000
46.609000
46.457000
45.448000
45.611000
45.137000
44.935000
45.876000
45.034000
45.144000
45.286000
44.590000
44.995000
46.157000
45.468000
45.371000
46.243000
45.498000
44.204000
45.356000
45.281000
44.626000
45.699000
46.521000
46.849000
46.520000
46.557000
45.472000
45.386000
46.048000
47.216000
46.623000
46.412000
46.676000
46.404000
46.327000
45.882000
46.030000
45.965000
46.805000
46.083000
45.809000
46.414000
45.621000
45.453000
45.412000
45.660000
45.507000
46.069000
46.065000
45.770000
46.948000
48.063000
45.727000
47.058000
45.275000
45.389000
45.658000
45.037000
45.265000
45.379000
45.492000
45.944000
46.410000
46.571000
45.850000
46.021000
46.086000
45.656000
46.366000
44.993000
45.495000
45.769000
45.719000
45.776000
45.934000
46.059000
46.088000
45.100000
45.482000
45.666000
45.366000
45.180000
45.090000
45.065000
45.218000
44.577000
45.126000
45.121000
45.657000
45.160000
45.300000
45.452000
45.712000
45.899000
44.975000
44.753000
46.048000
44.916000
44.733000
46.095000
45.088000
45.457000
45.687000
45.006000
45.319000
45.938000
46.145000
46.227000
45.585000
45.835000
46.174000
45.903000
46.067000
46.520000
46.222000
45.857000
46.082000
45.271000
45.620000
46.269000
45.812000
45.705000
45.605000
45.429000
45.236000
45.638000
45.127000
45.004000
45.391000
45.593000
44.851000
45.152000
45.037000
45.141000
45.161000
45.180000
44.757000
44.898000
44.743000
45.057000
44.847000
44.682000
45.158000
46.384000
45.779000
45.804000
45.014000
45.105000
45.094000
44.975000
46.122000
45.157000
45.555000
45.176000
45.245000
45.698000
44.618000
45.534000
44.964000
45.597000
44.349000
45.354000
45.140000
45.000000
45.211000
45.550000
45.466000
45.733000
45.802000
45.599000
45.927000
45.251000
45.387000
45.551000
44.919000
46.452000
46.246000
45.063000
45.517000
45.406000
45.635000
45.399000
44.910000
45.591000
45.753000
46.153000
45.581000
45.828000
44.879000
46.214000
45.272000
46.994000
45.983000
45.430000
45.323000
45.394000
45.415000
45.859000
44.870000
45.679000
44.886000
44.134000
44.747000
44.493000
44.683000
44.523000
44.360000
44.321000
44.222000
45.682000
45.937000
45.464000
44.973000
45.010000
44.906000
45.424000
45.206000
44.997000
45.016000
45.555000
44.514000
44.939000
44.667000
45.461000
44.720000
45.060000
44.878000
45.505000
45.272000
45.136000
45.296000
45.443000
45.151000
45.002000
45.959000
45.214000
45.206000
45.030000
45.935000
44.506000
44.807000
45.089000
44.331000
44.917000
45.094000
61.026000
57.314000
52.991000
55.601000
55.271000
56.334000
53.759000
49.928000
49.460000
48.823000
52.210000
51.439000
49.300000
49.608000
48.804000
48.470000
47.424000
51.364000
49.503000
49.265000
52.208000
50.837000
49.620000
52.444000
50.375000
47.923000
47.518000
48.285000
49.027000
47.062000
52.660000
50.372000
48.024000
48.082000
47.727000
45.562000
47.896000
47.018000
48.464000
47.159000
51.446000
46.187000
47.105000
47.340000
47.647000
47.553000
49.171000
46.250000
48.917000
