0.149000
0.152000
0.160000
0.157000
0.170000
0.160000
0.157000
0.157000
0.157000
0.157000
0.159000
0.171000
0.160000
0.157000
0.158000
0.167000
0.169000
0.158000
0.166000
0.167000
0.157000
0.157000
0.158000
0.157000
0.157000
0.157000
0.167000
0.157000
0.157000
0.157000
0.151000
0.160000
0.157000
0.157000
0.157000
0.157000
0.157000
0.157000
0.157000
0.157000
0.157000
0.157000
0.157000
0.152000
0.161000
0.157000
0.157000
0.170000
0.170000
0.157000
0.157000
0.157000
0.168000
0.158000
0.152000
0.160000
0.160000
0.158000
0.157000
0.152000
0.160000
0.157000
0.157000
0.158000
0.152000
0.160000
0.157000
0.157000
0.158000
0.157000
0.157000
0.157000
0.168000
0.157000
0.152000
0.160000
0.157000
0.158000
0.152000
0.160000
0.157000
0.174000
0.160000
0.167000
0.167000
0.157000
0.152000
0.160000
0.157000
0.157000
0.157000
0.157000
0.157000
0.157000
0.158000
0.157000
0.157000
0.157000
0.157000
0.152000
0.160000
0.158000
0.152000
0.160000
0.158000
0.152000
0.161000
0.166000
0.157000
0.157000
0.158000
0.166000
0.157000
0.157000
0.157000
0.170000
0.160000
0.157000
0.152000
0.160000
0.157000
0.157000
0.157000
0.152000
0.160000
0.157000
0.152000
0.170000
0.157000
0.157000
0.157000
0.152000
0.160000
0.157000
0.156000
0.160000
0.157000
0.157000
0.157000
0.157000
0.157000
0.152000
0.160000
0.157000
0.157000
0.157000
0.156000
0.158000
0.157000
0.157000
0.157000
0.157000
0.157000
0.157000
0.152000
0.160000
0.158000
0.157000
0.157000
0.157000
0.157000
0.167000
0.157000
0.158000
0.157000
0.158000
0.158000
0.157000
0.158000
0.167000
0.167000
0.158000
0.157000
0.167000
0.157000
0.170000
0.160000
0.157000
0.157000
0.157000
0.157000
0.157000
0.152000
0.170000
0.158000
0.167000
0.157000
0.167000
0.167000
0.157000
0.167000
0.157000
0.157000
0.157000
0.157000
0.157000
0.157000
0.157000
0.157000
0.157000
0.157000
0.157000
0.158000
0.167000
0.157000
0.157000
0.167000
0.157000
0.167000
0.156000
0.157000
0.157000
0.156000
0.152000
0.160000
0.167000
0.157000
0.157000
0.157000
0.157000
0.157000
0.157000
0.157000
0.156000
0.167000
0.158000
0.167000
0.157000
0.157000
0.157000
0.157000
0.157000
0.157000
0.157000
0.152000
0.160000
0.157000
0.152000
0.170000
0.157000
0.157000
0.157000
0.157000
0.168000
0.152000
0.160000
0.157000
0.158000
0.157000
0.157000
0.158000
0.161000
0.157000
0.157000
0.157000
0.157000
0.157000
0.157000
0.157000
0.152000
0.160000
0.157000
0.157000
0.171000
0.160000
0.157000
0.156000
0.157000
0.158000
0.157000
0.152000
0.160000
0.158000
0.157000
0.159000
0.157000
0.157000
0.157000
0.157000
0.157000
0.157000
0.157000
0.152000
0.160000
0.158000
0.157000
0.157000
0.157000
0.158000
0.157000
0.157000
0.157000
0.157000
0.157000
0.152000
0.160000
0.158000
0.157000
0.152000
0.160000
0.159000
0.157000
0.157000
0.157000
0.158000
0.157000
0.157000
0.157000
0.158000
0.157000
0.157000
0.157000
0.157000
0.157000
0.157000
0.157000
0.157000
0.156000
0.157000
0.157000
0.157000
0.157000
0.152000
0.160000
0.157000
0.157000
0.157000
0.157000
0.157000
0.157000
0.157000
0.157000
0.158000
0.157000
0.161000
0.157000
0.158000
0.157000
0.157000
0.157000
0.157000
0.157000
0.158000
0.157000
0.157000
0.158000
0.157000
0.157000
0.157000
0.157000
0.157000
0.157000
0.157000
0.158000
0.157000
0.157000
0.157000
0.152000
0.160000
0.157000
0.157000
0.157000
0.157000
0.157000
0.157000
0.157000
0.157000
0.157000
0.159000
0.157000
0.157000
0.157000
0.157000
0.157000
0.157000
0.158000
0.157000
0.157000
0.157000
0.152000
0.160000
0.157000
0.157000
0.157000
0.157000
0.157000
0.157000
0.157000
0.152000
0.170000
0.157000
0.157000
0.157000
0.152000
0.160000
0.157000
0.157000
0.157000
0.167000
0.157000
0.166000
0.159000
0.157000
0.157000
0.157000
0.152000
0.160000
0.157000
0.157000
0.157000
0.157000
0.157000
0.157000
0.157000
0.158000
0.152000
0.170000
0.157000
0.157000
0.157000
0.167000
0.157000
0.157000
0.167000
0.157000
0.183000
0.157000
0.157000
0.158000
0.167000
0.158000
0.152000
0.160000
0.157000
0.152000
0.160000
0.157000
0.166000
0.157000
0.170000
0.160000
0.167000
0.157000
0.152000
0.160000
0.157000
0.152000
0.160000
0.157000
0.157000
0.152000
0.170000
0.157000
0.166000
0.157000
0.157000
0.157000
0.158000
0.157000
0.158000
0.157000
0.157000
0.157000
0.157000
0.157000
0.151000
0.160000
0.158000
0.157000
0.157000
0.157000
0.157000
0.152000
0.160000
0.157000
0.157000
0.152000
0.160000
0.157000
0.157000
0.152000
0.160000
0.157000
0.166000
0.161000
0.167000
0.157000
0.166000
0.157000
0.160000
0.157000
0.157000
0.157000
0.157000
0.157000
0.152000
0.170000
0.166000
0.157000
0.157000
0.157000
0.157000
0.152000
0.160000
0.157000
0.157000
0.152000
0.160000
0.157000
0.157000
0.157000
0.157000
0.157000
0.167000
0.157000
0.157000
0.152000
0.160000
0.157000
0.157000
0.170000
0.160000
0.157000
0.157000
0.152000
0.160000
0.157000
0.170000
0.161000
0.157000
0.157000
0.152000
0.160000
0.157000
0.157000
0.159000
0.157000
0.167000
0.157000
0.157000
0.157000
0.152000
0.160000
0.157000
0.157000
0.157000
0.157000
0.167000
0.157000
0.157000
0.157000
0.157000
0.159000
0.180000
0.152000
0.160000
0.159000
0.167000
0.157000
0.170000
0.160000
0.157000
0.157000
0.159000
0.152000
0.160000
0.157000
0.159000
0.157000
0.158000
0.157000
0.157000
0.157000
0.157000
0.157000
0.158000
0.158000
0.156000
0.157000
0.157000
0.157000
0.157000
0.158000
0.157000
0.157000
0.157000
0.157000
0.167000
0.157000
0.157000
0.449000
0.152000
0.162000
0.157000
0.157000
0.157000
0.157000
0.157000
0.159000
0.158000
0.152000
0.160000
0.158000
0.152000
0.160000
0.157000
0.167000
0.157000
0.157000
0.166000
0.167000
0.158000
0.152000
0.160000
0.157000
0.157000
0.157000
0.157000
0.158000
0.159000
0.158000
0.157000
0.157000
0.157000
0.157000
0.157000
0.158000
0.157000
0.157000
0.157000
0.157000
0.157000
0.157000
0.158000
0.152000
0.160000
0.166000
0.157000
0.157000
0.157000
0.157000
0.158000
0.158000
0.158000
0.157000
0.157000
0.156000
0.157000
0.157000
0.157000
0.157000
0.157000
0.157000
0.157000
0.158000
0.152000
0.169000
0.158000
0.152000
0.160000
0.168000
0.157000
0.157000
0.157000
0.158000
0.152000
0.160000
0.157000
0.158000
0.157000
0.157000
0.168000
0.171000
0.160000
0.158000
0.158000
0.157000
0.157000
0.157000
0.157000
0.157000
0.159000
0.157000
0.157000
0.157000
0.157000
0.167000
0.159000
0.158000
0.157000
0.157000
0.157000
0.157000
0.157000
0.158000
0.157000
0.157000
0.157000
0.158000
0.158000
0.159000
0.166000
0.167000
0.157000
0.158000
0.157000
0.158000
0.157000
0.158000
0.157000
0.167000
0.158000
0.158000
0.157000
0.157000
0.157000
0.157000
0.158000
0.157000
0.157000
0.157000
0.157000
0.157000
0.165000
0.161000
0.157000
0.158000
0.161000
0.157000
0.164000
0.165000
0.157000
0.158000
0.157000
0.168000
0.157000
0.157000
0.167000
0.158000
0.152000
0.160000
0.157000
0.168000
0.157000
0.158000
0.157000
0.157000
0.157000
0.157000
0.157000
0.170000
0.157000
0.157000
0.157000
0.157000
0.157000
0.157000
0.158000
0.157000
0.157000
0.157000
0.169000
0.157000
0.169000
0.158000
0.157000
0.158000
0.170000
0.160000
0.157000
0.164000
0.157000
0.157000
0.157000
0.157000
0.157000
0.163000
0.157000
0.157000
0.157000
0.158000
0.152000
0.160000
0.157000
0.157000
0.157000
0.157000
0.157000
0.158000
0.161000
0.157000
0.157000
0.157000
0.157000
0.157000
0.157000
0.157000
0.157000
0.158000
0.151000
0.160000
0.157000
0.157000
0.157000
0.158000
0.152000
0.160000
0.157000
0.157000
0.157000
0.157000
0.157000
0.159000
0.157000
0.157000
0.156000
0.157000
0.157000
0.157000
0.157000
0.158000
0.157000
0.157000
0.157000
0.157000
0.157000
0.158000
0.157000
0.158000
0.157000
0.157000
0.169000
0.157000
0.157000
0.157000
0.158000
0.167000
0.157000
0.157000
0.157000
0.158000
0.157000
0.157000
0.156000
0.160000
0.157000
0.158000
0.170000
0.152000
0.160000
0.158000
0.156000
0.167000
0.157000
0.169000
0.170000
0.157000
0.157000
0.157000
0.166000
0.157000
0.157000
0.167000
0.157000
0.157000
0.157000
0.158000
0.167000
0.157000
0.157000
0.158000
0.163000
0.158000
0.157000
0.159000
0.157000
0.157000
0.159000
0.165000
0.157000
0.157000
0.156000
0.156000
0.157000
0.157000
0.157000
0.157000
0.156000
0.157000
0.158000
0.158000
0.157000
0.158000
0.157000
0.164000
0.164000
0.158000
0.157000
0.157000
0.167000
0.168000
0.152000
0.160000
0.157000
0.158000
0.152000
0.160000
0.157000
0.157000
0.157000
0.157000
0.157000
0.157000
0.157000
0.157000
0.158000
0.165000
0.164000
0.157000
0.157000
0.157000
0.157000
0.157000
0.157000
0.157000
0.157000
0.157000
0.157000
0.167000
0.157000
0.157000
0.157000
0.157000
0.158000
0.157000
0.169000
0.158000
0.169000
0.169000
0.157000
0.157000
0.157000
0.157000
0.158000
0.152000
0.160000
0.157000
0.152000
0.160000
0.157000
0.157000
0.163000
0.157000
0.158000
0.161000
0.157000
0.157000
0.157000
0.157000
0.157000
0.169000
0.158000
0.151000
0.160000
0.157000
0.157000
0.157000
0.157000
0.157000
0.158000
0.152000
0.164000
0.164000
0.157000
0.168000
0.167000
0.157000
0.166000
0.165000
0.157000
0.158000
0.157000
0.158000
0.160000
0.158000
0.157000
0.157000
0.158000
0.158000
0.170000
0.160000
0.157000
0.157000
0.157000
0.158000
0.157000
0.157000
0.157000
0.157000
0.169000
