1279.100999
1285.471002
1278.967999
1285.621000
1285.869000
1279.298000
1285.568999
1278.355001
1285.776000
1278.943000
1284.612000
1286.102001
1284.224000
1277.789999
1284.875000
1285.199000
1278.298000
1285.504000
1282.296000
1284.716001
1279.409001
1285.874000
1278.267000
1285.554999
1278.486000
1324.922999
1279.012000
1284.633001
1279.858999
1285.495998
1279.097000
1284.467001
1283.622999
1284.963999
1278.809000
1284.600001
1278.555999
1284.839001
1278.468000
1291.152000
1278.417001
1285.681000
1278.153000
1285.169000
1277.998999
1285.040999
1284.233000
1284.630001
1277.865000
1284.854000
1277.528999
1284.227999
1278.369000
1320.940001
1278.791001
1284.805000
1278.554000
1284.980999
1278.424000
1285.445001
1283.792000
1278.217001
1285.765000
1278.572001
1284.608999
1278.591000
1285.173999
1284.863001
1279.083999
1284.978999
1278.234001
1284.549000
1278.758001
1286.192000
1283.623001
1279.172000
1285.264000
1278.328000
1285.662001
1278.749999
1285.654999
1292.912999
1285.099000
1278.925000
1285.201998
1278.154001
1284.836000
1277.966000
1290.871000
1285.533000
1278.694000
1285.244999
1278.551999
1285.345001
1278.573999
1291.864000
1278.440999
1285.133999
1278.532999
1285.749000
1279.163999
1285.075000
1284.392999
1285.605000
1278.569000
1285.531001
1278.936001
1285.820000
1278.294001
1300.905999
1278.091000
1284.613999
1278.468000
1285.088001
1278.156001
1285.178000
1284.024000
1285.322001
1278.398000
1285.390001
1279.104000
1284.979001
1279.258000
1291.352000
1278.344000
1284.519000
1279.251000
1285.107002
1277.975000
1284.432000
1278.378999
1286.202000
1284.976000
1285.417000
1284.963001
1285.629999
1284.697002
1285.323000
1284.787999
1278.581001
1285.263000
1278.162999
1284.407999
1278.269000
1286.031000
1284.668000
1285.966000
1278.864000
1285.344999
1278.198000
1285.206001
1277.775001
1291.412000
1278.976999
1285.553001
1278.352000
1285.449998
1278.286999
1284.326999
1283.583000
1284.639001
1278.508000
1284.813000
1279.214000
1286.024000
1279.043000
1300.873000
1285.261000
1277.629999
1285.322001
1278.416000
1285.188001
1278.497001
1291.347001
1285.102000
1279.248001
1284.967000
1277.868001
1285.165001
1278.773999
1291.201999
1284.960000
1279.292000
1285.089999
1278.057002
1285.676001
1278.832000
1290.317999
1279.154999
1285.495000
1278.454999
1285.507001
1278.953001
1285.461999
1293.850999
1285.762001
1278.694000
1284.930000
1279.016001
1285.317000
1278.722001
1291.286999
1278.519999
1284.984998
1278.024999
1285.220001
1278.099000
1284.684999
1284.527000
1284.709999
1278.880000
1285.377000
1278.820001
1285.706000
1279.286999
1290.630000
1277.860001
1284.559000
1278.486000
1285.200000
1278.302999
1284.647999
1292.408999
1286.203001
1279.056000
1285.337999
1277.905000
1285.435999
1279.131001
1290.679999
1278.514002
1286.349999
1278.265001
1285.200000
1278.615000
1285.180999
1292.495999
1284.415001
1279.090000
1285.289999
1278.495001
1284.886999
1279.053999
1290.780000
1278.772999
1284.614000
1279.339999
1285.851000
1278.819000
1285.165999
1284.427999
1284.892000
1278.930999
1284.894001
1278.689001
1285.068000
1278.671000
1285.549998
1278.932000
1285.312001
1278.510999
1285.598999
1279.163001
1285.078000
1278.458999
1285.124000
1278.716000
1284.336001
1278.733000
1285.554001
1278.986000
1284.521999
1284.802001
1284.696000
1278.533000
1285.410000
1278.611999
1285.661001
1278.362000
1296.233000
1278.710000
1285.150999
1278.889999
1285.652000
1279.116001
1285.239000
1283.364000
1285.249000
1279.695000
1285.499001
1279.423000
1285.346000
1278.140999
1290.701000
1277.884999
1285.450999
1279.541001
1285.786999
1278.847001
1284.973999
1283.990001
1285.579000
1279.042000
1284.840999
1278.617000
1284.751998
1278.493000
1299.424000
1278.578000
1284.752999
1277.984001
1285.609001
1277.817000
1285.310000
1284.437001
1285.828000
1278.470000
1284.654999
1277.942000
1286.115000
1278.693002
1291.981999
1278.387001
1285.241000
1278.890001
1285.234001
1278.684000
1285.458999
1284.477001
1285.222000
1278.291000
1285.139000
1279.310001
1284.627000
1278.596001
1298.452999
1278.210999
1284.969000
1278.301001
1284.903001
1279.228000
1285.839001
1283.544000
1285.546999
1278.049000
1285.365000
1278.920000
1285.228001
1278.585000
1291.292999
1278.542999
1285.589000
1279.611001
1285.510000
1279.269999
1285.269000
1282.697000
1285.251999
1278.625000
1285.413999
1278.238000
1286.117001
1278.854001
1302.683000
1278.132999
1285.824999
1278.821999
1285.468999
1277.950000
1285.554999
1284.172000
1285.324000
1277.636999
1285.340000
1278.801000
1284.982001
1278.679000
1291.922001
1278.321000
1285.603998
1278.697999
1284.872999
1278.800000
1285.405999
1278.471000
1285.778001
1278.528001
1284.968000
1278.349001
1285.093000
1278.809000
1285.357000
1278.898999
1284.953000
1279.049000
1285.305001
1278.042000
1284.368001
1278.801000
1291.278001
1280.994000
1285.232000
1278.956000
1284.552000
1278.481999
1285.893001
1284.597000
1285.434999
1278.688001
1285.154000
1278.998999
1285.404000
1278.281000
1290.058000
1285.310000
1278.670000
1285.401002
1278.831000
1284.916000
1278.166000
1305.749001
1278.818000
1285.041001
1278.773999
1284.979999
1278.388999
1284.947000
1284.922000
1285.449000
1278.624000
1284.977000
1280.843999
1284.352999
1278.694998
1290.713001
1278.173000
1284.982000
1278.194999
1285.335001
1278.158000
1285.232000
1283.824999
1285.706000
1278.789999
1284.917001
1279.020000
1285.416000
1278.211001
1300.341001
1278.060000
1285.038000
1278.693998
1284.645999
1278.904000
1285.258999
1283.535000
1285.112999
1278.480001
1285.095001
1278.560001
1285.025999
1278.887000
1292.212000
1278.980000
1285.004001
1278.274000
1286.092000
1278.862000
1285.453001
1283.747999
1285.800001
1279.035000
1285.083000
1278.458001
1284.743002
1278.363999
1299.005000
1279.658001
1285.358999
1278.968999
1284.869000
1278.161000
1285.343001
1283.058001
1285.417000
1278.508000
1285.695000
1278.748000
1284.945000
1279.056000
1290.739000
1279.196000
1285.142999
1279.250000
1285.052000
1278.609000
1284.849001
1283.306999
1285.270000
1278.261999
1285.750000
1277.976001
1285.139000
1278.181000
1299.911000
1279.146999
1284.984998
1278.666001
1278.996000
1285.267001
1278.626999
1286.339000
1285.241999
1284.860998
1284.851000
1285.375001
1285.164000
1285.189001
1285.809999
1285.047000
1285.044001
1284.758000
1285.268001
1285.095001
1285.561001
1285.120001
1290.068001
1284.415999
1285.449998
1285.419000
1285.001999
1285.253000
1285.383999
1300.451001
1284.834001
1284.338001
1285.834000
1285.308000
1285.356000
1285.271000
1290.955000
1285.250999
1285.627000
1285.035001
1284.748999
1285.234001
1285.732999
1291.532001
1285.088999
1284.496000
1286.215000
1285.104999
1285.288999
1286.071001
1290.550001
1285.048001
1285.604000
1285.745000
1285.627000
1284.988999
1285.628000
1303.419000
1285.772000
1285.561001
1284.877000
1285.474000
1285.608999
1285.697000
1290.490001
1285.027999
1285.072001
1284.911001
1284.878999
1284.933001
1285.479000
1291.676000
1286.192000
1284.909001
1285.514999
1284.854000
1285.306999
1285.541000
1290.292000
1285.553001
1285.170000
1284.812000
1284.743000
1285.328001
1285.177000
1295.592999
1285.758000
1285.346000
1285.568999
1285.676001
1284.677001
1285.528999
1296.544001
1285.317000
1285.194000
1284.694001
1284.849999
1285.503000
1285.489999
1292.017000
1285.908999
1286.156999
1286.001001
1285.515999
1285.762999
1285.184002
1289.990000
1285.117000
1285.034999
1284.982000
1284.964001
1284.259001
1285.156000
1300.356999
1285.434999
1284.917999
1285.380000
1285.182999
1285.472000
1285.183001
1291.005000
1285.132000
1284.978000
1286.054000
1285.464000
1285.223000
1285.503000
1298.143001
1285.147000
1284.689000
1285.035001
1285.960000
1284.530999
1285.481999
1290.766999
1285.805000
1285.517002
1285.262000
1285.095001
1285.473000
1285.027999
1299.026001
1285.704000
1285.091002
1285.610000
1285.238000
1284.878001
1286.292000
1290.581999
1284.996001
1284.841999
1285.137001
1285.210999
1284.825001
1285.362000
1291.621000
1285.910999
1285.181999
1285.085000
1285.379998
1285.574000
1285.078000
1289.711999
1284.977999
1285.163000
1285.867000
1285.410000
1285.583999
1285.550000
1295.695001
1285.692999
1285.976000
1285.616999
1285.871001
1286.160000
1285.983000
1284.923000
1285.812000
1285.015000
1285.361001
1285.015000
1285.374999
1285.335999
1284.721998
1285.146000
1285.362000
1285.757000
1285.193000
1285.145000
1285.933999
1285.355000
1289.625000
1285.163999
1285.296001
1285.758000
1285.116000
1284.988999
1285.469001
1296.665000
1284.591001
1285.132000
1285.182999
1285.194000
1284.723001
1285.676999
1290.315000
1284.972001
1284.758000
1285.661999
1284.993000
1285.270000
1284.832001
1290.839002
1285.288999
1285.603000
1285.809001
1284.782000
1285.205999
1285.010001
1290.812001
1284.477001
1286.599999
1286.437999
1285.146000
1284.787999
1285.722001
1302.370001
1285.843000
1284.944000
1284.897000
1285.800001
1284.557000
1284.882000
1289.565999
1285.977000
1284.611000
1285.268001
1285.719000
1285.192000
1286.085000
1292.073000
1284.744000
1284.765001
1284.692999
1285.428001
1285.634002
1285.581000
1289.554000
1284.624999
1285.592001
1285.091002
1285.869999
1285.416001
1284.693999
1291.084999
1284.647999
1284.366000
1286.705000
1285.771001
1285.484999
1285.359001
1289.797999
1285.172001
1286.022000
1285.222001
1284.743000
1285.003001
1285.240000
1291.286999
1285.540000
1285.259999
1284.730000
1284.461001
1285.515001
1285.352999
1289.613999
1285.407001
1285.378000
1284.808001
1286.420999
1285.193000
1285.287000
1290.897999
1284.734000
1285.171000
1285.803000
1285.226999
1285.279000
1284.616999
1290.042000
1285.037002
1284.783000
1285.620999
1285.085000
1284.503000
1285.366001
1291.422000
1284.916000
1286.287000
1285.724001
1284.945000
1284.948999
1284.976000
1290.278001
1285.187000
1284.952000
1285.094999
1284.938000
1285.138000
1285.130000
1291.097000
1284.858000
1284.817001
1285.864001
1284.715999
1285.496000
1284.786999
1289.406002
1285.713000
1285.792999
1286.170000
1285.145000
1286.300002
1284.739999
1291.523000
1286.131000
1284.948999
1284.932001
1285.127001
1284.985000
1284.805000
1289.279999
1285.309000
1285.362000
1285.847001
1285.732999
1285.201998
1284.466000
1284.757001
1286.529999
1285.387000
1284.445999
1285.507001
1286.313001
1284.809001
1285.396999
1285.436001
1285.504000
1285.610000
1285.772000
1284.835001
1285.065001
1285.070000
1291.156000
1285.529001
1284.382001
1284.553999
1285.535999
1285.150001
1285.085000
1291.009000
1285.178000
1284.897000
1288.497999
1285.498001
1285.450000
1286.323000
1290.827999
1285.264000
1285.297999
1285.980999
1284.232000
1285.371998
1285.158001
1290.363001
1284.713000
1285.528000
1284.622001
1285.212001
1287.761999
1285.183001
1291.071001
1285.017001
1285.607001
1284.971999
1285.845000
1285.233000
1285.161000
1289.630000
1285.685001
1285.193000
1284.922000
1285.468999
1285.534000
1285.298001
1291.298000
1284.836000
1285.233999
1285.115000
1285.020001
1285.391999
1284.775000
1289.444001
1285.297001
1285.692999
1285.300002
1285.459999
1285.274001
1285.030000
1291.751999
1285.613999
1285.385001
1285.852000
1284.916000
1284.341000
1285.280999
1289.561000
1285.611000
1284.399999
1284.862999
1285.032000
1284.900000
1284.916000
1290.345000
1285.125000
1284.932999
1285.305001
1285.848999
1284.922000
1285.026001
1289.580999
1285.109000
1284.778999
1284.975000
1285.031000
1285.089999
1284.758000
1289.362999
1284.430001
1284.909999
1284.890000
1285.031000
1285.138000
1285.437001
1289.731000
1286.096001
1284.905000
1284.730999
1285.043001
1285.782000
1285.072999
1289.031999
1288.179999
1285.014000
1285.620000
1285.326000
1285.125000
1285.381000
1288.312001
1285.104001
1284.816001
1285.755001
1285.261000
1286.149999
1285.066999
1288.954001
1285.686001
1285.290001
1285.866000
1285.683000
1285.581000
1286.425000
1296.010999
1285.293000
1285.293000
1284.835000
1284.909999
1285.910001
1285.139000
1292.290000
1284.971001
1285.257000
1285.317998
1285.304999
1285.552001
1285.173001
1289.632000
1285.652000
1284.713000
1285.665000
1284.930000
1284.730000
1285.601001
1290.949998
1284.879999
1286.272999
