0.134000
0.342000
0.125000
0.121000
0.120000
0.122000
0.146001
0.117000
0.133000
0.119001
0.116999
0.119000
0.120000
0.117000
0.117000
0.142001
0.140000
0.117000
0.115000
0.117000
0.115000
0.116000
0.115001
0.136000
0.137000
0.118000
0.117000
0.120000
0.115001
0.120000
0.119000
0.118000
0.117000
0.116000
0.115000
0.122000
0.115000
0.116000
0.140999
0.148000
0.119000
0.120001
0.115000
0.116000
0.116999
0.119000
0.120000
0.115001
0.117000
0.146000
0.142000
0.117000
0.115000
0.118000
0.116000
0.118000
0.119000
0.141000
0.120000
0.121000
0.117000
0.117000
0.115000
0.117000
0.115000
0.123000
0.115000
0.118000
0.115001
0.120000
0.117000
0.119000
0.116000
0.122000
0.120000
0.141000
0.136000
0.118000
0.116999
0.117000
0.115000
0.115001
0.115001
0.122000
0.116000
0.115000
0.120000
0.118000
0.116000
0.120000
0.115000
0.118000
0.116000
0.118000
0.117000
0.119001
0.119000
0.115000
0.115001
0.119001
0.115000
0.119001
0.119000
0.121000
0.117000
0.119000
0.120000
0.119000
0.117000
0.120000
0.120000
0.120000
0.116999
0.123000
0.115001
0.119000
0.117000
0.119000
0.117000
0.116000
0.116000
0.118000
0.115000
0.119000
0.115000
0.123001
0.115001
0.118000
0.119000
0.117000
0.115000
0.119000
0.115000
0.117000
0.116000
0.119000
0.120000
0.122000
0.115000
0.116999
0.116000
0.119001
0.115001
0.118000
0.120000
0.123001
0.119000
0.116999
0.116000
0.119000
0.117000
0.119000
0.115000
0.118000
0.118000
0.142000
0.115001
0.116000
0.115000
0.117000
0.115000
0.120000
0.116000
0.122000
0.120000
0.116001
0.116001
0.119001
0.117000
0.116000
0.117000
0.119000
0.117000
0.116000
0.117000
0.119000
0.116999
0.119001
0.115000
0.120000
0.146001
0.145000
0.116999
0.115001
0.117000
0.116001
0.117000
0.119001
0.120000
0.116999
0.115000
0.118000
0.117000
0.118000
0.146001
0.118000
0.115000
0.116999
0.117000
0.139999
0.116000
0.119000
0.120000
0.118000
0.143999
0.122000
0.115001
0.119000
0.115000
0.119001
0.117000
0.120000
0.117000
0.121000
0.115001
0.122000
0.115000
0.117000
0.115000
0.116000
0.145000
0.116999
0.116000
0.118000
0.117000
0.120000
0.115000
0.122000
0.117000
0.119000
0.115001
0.116000
0.144999
0.120000
0.120000
0.118000
0.115001
0.118000
0.116000
0.121000
0.120000
0.116999
0.117000
0.117000
0.115000
0.118000
0.115000
0.117000
0.115000
0.115001
0.115001
0.119001
0.115000
0.118000
0.115000
0.116999
0.116999
0.115000
0.117000
0.118000
0.117000
0.120000
0.117000
0.119001
0.117000
0.121000
0.119001
0.119000
0.145000
0.141000
0.118000
0.121000
0.116000
0.116000
0.120000
0.120000
0.116999
0.116000
0.115000
0.118000
0.116000
0.116000
0.115001
0.116000
0.116999
0.116000
0.116000
0.118000
0.117000
0.119000
0.115000
0.115001
0.115000
0.116000
0.115000
0.118000
0.116000
0.116000
0.117000
0.116000
0.117000
0.136000
0.116000
0.118000
0.120000
0.116000
0.117000
0.116001
0.117000
0.126000
0.120000
0.116999
0.120000
0.142001
0.116000
0.118000
0.115000
0.121000
0.117000
0.118000
0.117000
0.142000
0.141000
0.119001
0.115001
0.117000
0.118000
0.118000
0.117000
0.136000
0.145000
0.137000
0.119001
0.116999
0.121000
0.116000
0.116999
0.118000
0.119000
0.116000
0.144999
0.170000
0.143000
0.117000
0.115001
0.120000
0.115000
0.121000
0.115000
0.118000
0.115000
0.119000
0.117000
0.118000
0.115001
0.123000
0.141000
0.149000
0.120000
0.117000
0.117000
0.120999
0.116000
0.116999
0.119000
0.121000
0.117000
0.117000
0.119001
0.116000
0.115000
0.116000
0.116999
0.116000
0.115000
0.117000
0.115000
0.116000
0.119001
0.117000
0.116000
0.118000
0.115000
0.118000
0.119000
0.119000
0.116000
0.121000
0.116000
0.115000
0.116000
0.121000
0.115000
0.116000
0.115000
0.117000
0.117000
0.119000
0.120000
0.121000
0.116999
0.117000
0.115001
0.122000
0.115001
0.118000
0.117000
0.118000
0.117000
0.117000
0.117000
0.116999
0.116999
0.117000
0.115000
0.119000
0.120000
0.118000
0.115001
0.119000
0.119000
0.119000
0.115001
0.117000
0.115001
0.118000
0.119000
0.141000
0.116000
0.117000
0.115000
0.115000
0.117000
0.142000
0.115000
0.116999
0.116999
0.122000
0.117000
0.118000
0.117000
0.118000
0.115000
0.119000
0.116000
0.122000
0.143000
0.118000
0.115000
0.116000
0.142001
0.141000
0.115000
0.116000
0.115000
0.119000
0.117000
0.118000
0.119001
0.119000
0.115000
0.120999
0.115000
0.119000
0.119000
0.118000
0.116000
0.118000
0.117000
0.117000
0.116000
0.116000
0.117000
0.117000
0.119000
0.123000
0.115001
0.116000
0.117000
0.118000
0.117000
0.122000
0.117000
0.117000
0.116000
0.115001
0.115000
0.140000
0.116999
0.118000
0.117000
0.120000
0.115001
0.115001
0.115000
0.122000
0.118000
0.118000
0.117000
0.118000
0.117000
0.116000
0.117000
0.116001
0.120000
0.121000
0.120000
0.119001
0.117000
0.117000
0.117000
0.118000
0.117000
0.118000
0.116001
0.119000
0.115000
0.117000
0.117000
0.121000
0.117000
0.118000
0.117000
0.118000
0.117000
0.117000
0.117000
0.136000
0.118000
0.118000
0.115000
0.118000
0.116999
0.116000
0.116999
0.118000
0.116000
0.116000
0.120000
0.120000
0.117000
0.134001
0.115000
0.117000
0.115000
0.118000
0.119000
0.115000
0.117000
0.117000
0.117000
0.119000
0.120000
0.119000
0.116999
0.118000
0.119000
0.118000
0.115001
0.120000
0.117000
0.115001
0.120000
0.118000
0.121000
0.119000
0.115000
0.117000
0.116000
0.116000
0.119000
0.116999
0.115001
0.120000
0.119000
0.120000
0.117000
0.119000
0.119000
0.116000
0.120000
0.121000
0.115001
0.116000
0.116999
0.120999
0.117000
0.117000
0.119000
0.115000
0.115001
0.119001
0.117000
0.121000
0.115000
0.117000
0.115001
0.115000
0.116999
0.119000
0.117000
0.116999
0.117000
0.118000
0.116000
0.121000
0.115000
0.118000
0.120000
0.118000
0.119001
0.118000
0.117000
0.117000
0.116999
0.120000
0.115000
0.119001
0.116000
0.115000
0.117000
0.148000
0.116000
0.116000
0.117000
0.115001
0.120000
0.118000
0.116999
0.124000
0.117000
0.118000
0.119000
0.121000
0.115000
0.116000
0.117000
0.117000
0.118000
0.115000
0.115000
0.117000
0.120000
0.118000
0.116000
0.119000
0.137000
0.118000
0.115000
0.148000
0.119000
0.117000
0.115000
0.118000
0.119000
0.121000
0.119001
0.124000
0.134000
0.119000
0.117000
0.119000
0.115000
0.123000
0.117000
0.122000
0.115000
0.116000
0.119000
0.118000
0.115000
0.140000
0.119000
0.119001
0.120000
0.119000
0.115001
0.120000
0.115000
0.116999
0.117000
0.142001
0.117000
0.116000
0.117000
0.120000
0.117000
0.118000
0.116999
0.116000
0.115001
0.119001
0.115001
0.117000
0.115000
0.116000
0.115001
0.115000
0.115000
0.120000
0.115000
0.116000
0.140000
0.140000
0.115000
0.119001
0.117000
0.116000
0.115001
0.118000
0.115000
0.118000
0.115000
0.118000
0.117000
0.117000
0.119000
0.119000
0.115000
0.118000
0.117000
0.118000
0.118000
0.118000
0.116000
0.116000
0.116999
0.117000
0.120000
0.116000
0.119001
0.119001
0.120000
0.116000
0.116001
0.118000
0.119000
0.116000
0.115000
0.117000
0.119001
0.116000
0.115000
0.115001
0.115000
0.115001
0.117000
0.118000
0.115001
0.119000
0.116999
0.116999
0.116000
0.118000
0.117000
0.116000
0.117000
0.118000
0.115001
0.117000
0.119000
0.116000
0.115000
0.120000
0.116000
0.115000
0.137000
0.140000
0.115001
0.117000
0.143000
0.119001
0.116000
0.117000
0.117000
0.118000
0.119000
0.118000
0.117000
0.117000
0.115000
0.117000
0.117000
0.120000
0.119000
0.123000
0.115001
0.119000
0.116999
0.117000
0.117000
0.119000
0.119000
0.116000
0.117000
0.117000
0.115000
0.127000
0.117000
0.136000
0.117000
0.124000
0.116000
0.120000
0.115000
0.119001
0.142000
0.117000
0.115000
0.116999
0.115000
0.116000
0.119000
0.119000
0.115001
0.122000
0.117000
0.119001
0.118000
0.118000
0.115001
0.124999
0.115001
0.118000
0.117000
0.118000
0.119000
0.119000
0.120000
0.118000
0.117000
0.118000
0.117000
0.117000
0.115000
0.119000
0.115001
0.119000
0.140000
0.117000
0.117000
0.120000
0.136999
0.116000
0.117000
0.120000
0.115000
0.118000
0.117000
0.116000
0.123000
0.115001
0.120000
0.118000
0.115000
0.119000
0.116001
0.144000
0.140999
0.116000
0.120000
0.121000
0.117000
0.119000
0.119001
0.116000
0.117000
0.116000
0.523000
0.283000
0.120999
0.119000
0.119000
0.124000
0.115000
0.117000
0.120000
0.116999
0.116999
0.118000
0.115000
0.118000
0.115000
0.116000
0.119001
0.124000
0.115000
0.115000
0.115000
0.119000
0.116000
0.119000
0.120000
0.118000
0.119000
0.118000
0.115001
0.117000
0.116999
0.119001
0.118000
0.121000
0.115001
0.119001
0.115000
0.118000
0.117000
0.116001
0.115000
0.118000
0.120000
0.120000
0.115000
0.116000
0.115001
0.119000
0.115001
0.115000
0.120000
0.119000
0.115000
0.116000
0.116999
0.118000
0.117000
0.119000
0.116000
0.125000
0.116000
0.118000
0.120000
0.119001
0.115001
0.116000
0.117000
0.116001
0.119000
0.118000
0.119001
0.122000
0.119001
0.118000
0.116999
0.116000
0.119000
0.115000
0.118000
0.117000
0.117000
0.121000
0.115000
0.120999
0.117000
0.120000
0.115001
0.116000
0.116000
0.120999
0.115001
0.115000
0.115000
0.118000
0.120000
0.118000
0.144999
0.116999
0.119000
0.120000
0.115000
0.118000
0.116000
0.118000
0.116999
0.120000
0.120000
0.115000
0.115001
0.116000
0.115000
0.119000
0.115000
0.116999
0.117000
0.118000
0.119000
0.119000
0.117000
0.122000
0.115001
0.116999
0.117000
0.140000
0.117000
0.118000
0.120000
0.118000
0.115000
0.116000
0.120000
0.118000
