0.480000
0.459999
0.480000
0.459999
0.459999
0.840001
0.480000
0.480000
0.459999
0.480000
0.480000
0.480000
0.480000
0.480000
0.480000
0.480000
0.480000
0.459999
0.480000
0.480000
0.480000
0.480000
0.480000
0.880003
0.480000
0.480000
0.480000
0.480000
0.919998
0.500001
0.480000
0.460003
0.799999
0.480000
0.480000
0.480000
0.480000
0.480000
0.780001
0.459999
0.480000
0.480000
0.459999
0.480000
0.480000
0.459999
0.480000
0.840001
0.459999
0.480000
0.480000
0.660002
0.480000
0.459999
0.480000
0.499997
0.480000
0.459999
0.459999
0.480000
0.480000
0.700001
0.480000
0.480000
0.480000
0.459999
0.480000
0.480000
0.799999
0.460003
0.480000
0.480000
0.480000
0.739999
0.480000
0.480000
0.480000
0.480000
0.459999
0.480000
0.480000
0.480000
0.480000
0.480000
0.840001
0.459999
0.480000
0.480000
0.860002
0.480000
0.480000
0.900000
0.460003
0.480000
0.480000
0.599999
0.480000
0.460003
0.480000
0.860002
0.480000
0.480000
0.480000
0.680000
0.459999
0.879999
0.480000
0.480000
0.800002
0.480000
0.480000
0.799999
0.480000
0.620000
0.480000
0.480000
0.880003
0.480000
0.720002
0.480000
0.459999
0.720002
0.900000
0.480000
0.480000
0.480000
0.480000
0.480000
0.480000
0.480000
0.459999
0.480000
0.459999
0.480000
0.480000
0.480000
0.480000
0.480000
0.480000
0.460003
0.480000
0.480000
0.480000
0.480000
0.480000
0.480000
0.480000
0.480000
0.480000
0.480004
0.480000
0.480000
0.480000
0.840001
0.480000
0.459999
0.480000
0.459999
0.480000
0.480000
0.459999
0.459999
0.480000
0.460003
0.460003
0.480000
0.460003
0.480000
0.480000
0.480000
0.459999
0.480000
0.480000
0.480000
0.480000
0.480000
0.500001
0.480000
0.459999
0.459999
0.480000
0.480004
0.480000
0.480000
0.480000
0.480000
0.480000
0.480000
0.480000
0.480000
0.480000
0.480000
0.480000
0.480000
0.480000
0.459999
0.459999
0.480000
0.480000
0.480000
0.480000
0.480000
0.480000
0.480000
0.480000
0.480000
0.480000
0.500001
0.480000
0.459999
0.480000
0.480000
0.459999
0.480000
0.480000
0.480000
0.480000
0.480000
0.480000
0.480000
0.480000
0.480000
0.480000
0.480000
0.480000
0.480000
0.459999
0.459999
0.480000
0.939999
0.480000
0.480000
0.480000
0.480000
0.480000
0.480000
0.480000
0.480000
0.459999
0.680000
0.480000
0.480000
0.480000
0.480000
0.480000
0.480000
0.480000
0.480000
0.459999
0.480000
0.459999
0.480000
0.480000
0.480000
0.480000
0.460003
0.480000
0.480000
0.480000
0.480000
0.480000
0.480000
0.480000
0.480000
0.480000
0.480000
0.480004
0.480000
0.480000
0.480000
0.459999
0.879999
0.480000
0.480000
0.480000
0.480004
0.480000
0.480000
0.480000
0.480000
0.480000
0.480000
0.480000
0.480000
0.459999
0.480000
0.480000
0.480000
0.719998
0.480000
0.480000
0.480000
0.480000
0.480000
0.480000
0.459999
0.480000
0.480000
0.459999
0.480000
0.480000
0.480000
0.460003
0.480000
0.480000
0.480000
0.459999
0.480000
0.480000
0.480000
0.480000
0.459999
0.480000
0.480000
0.480000
0.460003
0.480000
0.459999
0.480000
0.480000
0.480000
0.480000
0.480000
0.480000
0.860002
0.459999
0.480000
0.480000
0.480000
0.480000
0.480000
0.480000
0.499997
0.480000
0.480000
0.459999
0.459999
0.820000
0.480000
0.480000
0.480000
0.459999
0.480000
0.480000
0.459999
0.480000
0.480000
0.480000
0.480000
0.480000
0.460003
0.480000
0.480000
0.480000
0.480000
0.480000
0.480000
0.480000
0.480000
0.459999
0.480000
0.480000
0.480000
0.460003
0.480000
0.480000
0.480000
0.459999
0.480000
0.459999
0.480000
0.480000
0.480000
0.480000
0.480000
0.480000
0.480000
0.459999
0.460003
0.480000
0.480000
0.480000
0.480000
0.480004
0.480000
0.480000
0.480000
0.480000
0.480000
0.480000
0.480004
0.480000
0.459999
0.480000
0.459999
0.459999
0.480000
0.480000
0.459999
0.480000
0.480000
0.480000
0.459999
0.480000
0.459999
0.480000
0.460003
0.480000
0.480000
0.579998
0.480000
0.459999
0.480000
0.480000
0.480000
0.459999
0.480000
0.459999
0.480000
0.459999
0.480000
0.480000
0.480004
0.480000
0.459999
0.480000
0.480000
0.480000
0.459999
0.480000
0.480000
0.480000
0.480000
0.460003
0.480000
0.579998
0.459999
0.480000
0.480000
0.480000
0.480000
0.460003
0.459999
0.459999
0.760000
0.480000
0.480000
0.480000
0.460003
0.480000
0.480000
0.480000
0.459999
0.480000
0.480000
0.480000
0.480000
0.480000
0.480000
0.480000
0.480000
0.480000
0.480000
0.480000
0.480000
0.480000
0.459999
0.480000
0.480000
0.480000
0.480000
0.480000
0.480000
0.480000
0.460003
0.480000
0.480000
0.459999
0.480000
0.459999
0.480000
0.480000
0.480004
0.480000
0.480000
0.480000
0.480000
0.480000
0.480000
0.480000
0.480000
0.480000
0.480000
0.480000
0.480000
0.739999
0.480000
0.460003
0.500001
0.480000
0.480000
0.500001
0.500001
0.480000
0.480000
0.480000
0.480000
0.480000
0.480000
0.480000
0.480000
0.480004
0.499997
0.460003
0.480000
0.480000
0.480000
0.480000
0.480000
0.459999
0.480000
0.480000
0.480000
0.480000
0.480000
0.480000
0.480000
0.480000
0.480000
0.459999
0.480000
0.480000
0.900000
0.480000
0.460003
0.480000
0.480000
0.480000
0.480000
0.480000
0.480000
0.500001
0.480000
0.480000
0.919998
0.480000
0.480000
0.480000
0.820003
0.480000
0.480000
0.480000
0.640001
0.480000
0.480000
0.480000
0.480000
0.840001
0.480000
0.879999
0.480000
0.760000
0.480000
0.760000
0.460003
0.480000
0.460003
0.480000
0.460003
0.760000
0.459999
0.480000
0.480000
0.480000
0.739999
0.480000
0.480000
0.459999
0.480000
0.880003
0.599999
0.760000
0.480000
0.480000
0.840001
0.480000
0.480000
0.480000
0.739999
0.480000
0.480000
0.480000
0.459999
0.820000
0.480000
0.739999
0.480000
0.860002
0.460003
0.459999
0.480000
0.480000
0.820000
0.480000
0.480000
0.480000
0.459999
0.859998
0.480000
0.820000
0.480000
0.480000
0.480000
0.480000
0.480000
0.900000
0.480000
0.480000
0.459999
0.480000
0.900000
0.480000
0.780001
0.480000
0.480000
0.480000
0.459999
0.480000
0.480000
0.739999
0.480000
0.459999
0.480000
0.760000
0.480000
0.480000
0.480000
0.779998
0.480000
0.459999
0.480000
0.899997
0.480000
0.480000
0.480000
0.480000
0.480000
0.480000
0.799999
0.480000
0.480000
0.480000
0.480000
0.480000
0.499997
0.480000
0.480000
0.720002
0.480000
0.840001
0.480004
0.480000
0.780001
0.480000
0.840001
0.480000
0.480000
0.820000
0.459999
0.480000
0.480000
0.480000
0.480000
0.459999
0.480000
0.480000
0.480004
0.480000
0.680000
0.460003
0.480000
0.459999
0.740003
0.480000
0.480000
0.720002
0.459999
0.480000
0.480000
0.480000
0.659999
0.480000
0.480000
0.859998
0.459999
0.760000
0.459999
0.480000
0.480000
0.480000
0.480000
0.480000
0.700001
0.459999
0.480000
0.900000
0.480000
0.680000
0.459999
0.800002
0.460003
0.480000
0.760000
0.480000
0.480000
0.480000
0.480000
0.480000
0.820000
0.459999
0.480000
0.480000
0.459999
0.480000
0.480000
0.460003
0.480000
0.480000
0.840001
0.480000
0.500001
0.480000
0.480000
0.480000
0.900000
0.480000
0.480000
0.480000
0.500001
0.480000
0.459999
0.480000
0.480000
0.680000
0.480000
0.480000
0.480000
0.480000
0.459999
0.480000
0.480000
0.820000
0.480000
0.480000
0.900000
0.480000
0.480000
0.879999
0.480000
0.480000
0.820000
0.459999
0.760000
0.480000
0.660002
0.480000
0.460003
0.840001
0.480000
0.480000
0.900000
0.680000
0.480000
0.799999
0.480000
0.480000
0.480000
0.480000
0.660002
0.480000
0.480000
0.480000
0.480000
0.800002
0.480000
0.480000
0.459999
0.480000
0.480000
0.480000
0.779998
0.480000
0.459999
0.480000
0.739999
0.460003
0.480000
0.480000
0.739999
0.559997
0.480000
0.760000
0.480000
0.480000
0.620000
0.460003
0.480000
0.820000
0.459999
0.459999
0.739999
0.480000
0.480000
0.480000
0.459999
0.480000
0.480000
0.740003
0.480000
0.459999
0.480000
0.480000
0.480000
0.480000
0.780001
0.480000
0.480000
0.840001
0.480000
0.480000
0.480000
0.480000
0.700001
0.480000
0.480000
0.480000
0.759996
0.459999
0.480000
0.480000
0.460003
0.480000
0.699997
0.459999
0.480000
0.480000
0.839997
0.480000
0.459999
0.480000
0.920001
0.480000
0.480000
0.660002
0.480000
0.460003
0.480000
0.480000
0.700001
0.459999
0.480000
0.480000
0.480000
0.860002
0.480000
0.840001
0.480000
0.480000
0.700001
0.500001
0.480000
0.480000
0.780001
0.480000
0.859998
0.480000
0.680003
0.680000
0.480000
0.480000
0.459999
0.860002
0.480000
0.480000
0.840001
0.480000
0.480000
0.480000
0.480000
0.659999
0.459999
0.480000
0.480000
0.460003
0.860002
0.480000
0.480000
0.839997
0.460003
0.700001
0.480000
0.860002
0.480000
0.480000
0.480000
0.480000
0.480000
0.480000
0.920001
0.480000
0.480000
0.480000
0.480000
0.480000
0.840001
0.480000
0.480000
0.480000
0.480000
0.719998
0.480000
0.919998
0.480000
0.480000
0.680000
0.480000
0.480000
0.480000
0.780001
0.480000
0.480000
0.480000
0.480000
0.480000
0.780001
0.480000
0.839997
0.460003
0.480000
0.480000
0.480000
0.459999
0.480000
0.660002
0.480000
0.480000
0.480000
0.459999
0.480000
0.680000
0.480000
0.480000
0.460003
0.480000
0.460003
0.480000
0.480000
0.680003
0.480000
0.459999
0.480000
0.480000
0.700001
0.480000
0.820000
0.480000
0.460003
0.739999
0.480000
0.480000
0.480000
0.459999
0.480000
0.480000
0.879999
0.480000
0.840001
0.480000
0.799999
0.480000
0.480000
0.820003
0.480000
0.480000
0.480000
0.780001
0.459999
0.740003
0.480000
0.480000
0.480000
0.480000
0.480000
0.480000
0.480000
0.840001
0.459999
0.480000
0.480000
0.480000
