0.960000
1.079999
1.279999
1.199998
1.220003
1.100000
0.840001
0.860002
0.879999
0.879999
0.840001
0.840001
0.839997
0.840001
0.840001
0.840001
0.840001
0.860002
0.840001
0.859998
0.840001
0.859998
0.840001
0.860002
0.840001
0.860002
0.839997
0.840001
0.860002
1.080003
0.840001
0.860002
0.859998
0.860002
0.859998
0.859998
0.840001
0.860002
0.840001
0.860002
0.839997
0.840001
0.859998
0.860002
0.860002
0.859998
0.859998
0.840001
0.860002
1.060002
0.839997
0.859998
0.859998
0.860002
0.860002
0.859998
0.860002
0.859998
0.839997
0.960000
0.859998
0.859998
0.840001
0.840001
0.840001
0.839997
0.859998
0.859998
0.839997
0.860002
0.859998
0.859998
0.860002
0.840001
1.219999
0.839997
0.860002
0.839997
0.839997
0.840001
0.840001
0.840001
0.840001
1.260001
0.859998
0.860002
0.860002
1.040000
0.840001
1.240000
0.960000
0.839997
0.860002
0.859998
0.840001
0.960000
0.860002
0.839997
0.860002
0.860002
0.840001
0.860002
0.840001
0.859998
0.840001
0.840001
1.039997
0.939999
0.859998
0.840001
1.180001
0.859998
0.840001
0.840001
0.840001
0.840001
0.860002
0.859998
0.860002
0.860002
0.859998
0.840001
0.860002
0.840001
0.859998
0.860002
1.040000
0.859998
0.860002
0.839997
0.860002
0.859998
0.840001
0.839997
0.860002
0.840001
0.860002
0.859998
0.860002
0.840001
0.840001
1.140002
0.859998
0.840001
0.999998
0.859998
1.100000
0.860002
0.860002
0.840001
0.840001
0.859998
1.200002
0.860002
1.040000
0.840001
0.840001
0.859998
0.840001
0.840001
0.840001
1.040000
0.900000
0.859998
0.860002
0.840001
0.840001
1.040000
0.860002
0.860002
0.840001
0.859998
0.840001
0.859998
0.860002
0.859998
0.840001
0.840001
0.860002
0.840001
0.839997
0.839997
0.840001
0.860002
0.840001
0.859998
0.840001
0.840001
0.840001
0.840001
0.860002
0.860002
0.840001
0.860002
0.859998
0.840001
0.840001
0.840001
1.040000
1.260001
0.859998
0.840001
0.859998
0.860002
0.839997
0.860002
0.860002
1.259997
0.860002
0.860002
0.860002
0.840001
0.840001
0.860002
0.859998
0.859998
0.840001
0.840001
0.840001
0.839997
0.860002
0.860002
0.859998
0.860002
0.840001
0.860002
0.859998
0.840001
0.860002
0.859998
0.840001
0.840001
0.840001
0.859998
0.860002
0.859998
0.840001
0.840001
0.840001
0.840001
0.860002
0.839997
0.840001
0.860002
0.839997
0.839997
0.839997
0.860002
0.840001
0.859998
0.839997
0.860002
0.860002
0.859998
0.860002
0.860002
0.860002
0.840001
0.859998
0.840001
1.040000
1.100000
1.240000
0.860002
0.859998
0.859998
0.859998
0.840001
0.859998
0.860002
0.859998
1.100000
0.860002
0.859998
0.840001
0.839997
0.859998
0.860002
0.860002
0.840001
0.860002
0.840001
0.839997
0.840001
0.859998
0.840001
0.859998
0.840001
0.860002
1.259997
0.860002
0.859998
0.879999
0.840001
0.960000
0.859998
0.840001
0.840001
0.960000
0.840001
0.860002
0.859998
0.860002
0.860002
0.859998
0.859998
0.859998
0.840001
0.859998
0.860002
1.040000
0.840001
0.860002
0.860002
0.840001
0.840001
0.840001
0.840001
0.840001
0.840001
0.859998
0.839997
0.860002
0.840001
0.860002
0.860002
1.100000
0.859998
0.859998
0.840001
0.859998
0.860002
0.860002
0.839997
0.840001
0.839997
0.840001
0.860002
0.859998
0.840001
0.860002
0.859998
0.860002
0.860002
0.840001
0.859998
0.820000
0.840001
0.840001
0.840001
0.840001
0.859998
0.859998
0.839997
0.840001
0.840001
0.839997
0.839997
0.859998
0.840001
0.840001
0.840001
0.839997
1.219999
1.120001
0.839997
0.859998
0.860002
0.879999
0.839997
0.840001
0.859998
0.840001
0.840001
0.840001
0.860002
0.860002
0.840001
1.199998
0.859998
0.839997
0.859998
0.840001
1.160000
0.859998
0.840001
0.840001
0.860002
0.839997
0.860002
0.860002
0.840001
0.840001
0.859998
0.859998
0.859998
0.859998
0.839997
0.839997
1.260001
0.840001
0.860002
0.860002
0.859998
1.259997
0.860002
0.860002
0.860002
0.840001
0.859998
0.840001
1.040000
0.860002
1.139998
0.859998
0.860002
0.860002
0.839997
0.859998
1.079999
0.840001
0.859998
0.859998
0.840001
0.840001
0.859998
0.860002
0.839997
0.840001
0.859998
0.839997
0.860002
0.839997
0.860002
0.840001
0.860002
0.859998
0.839997
0.840001
0.840001
0.840001
0.860002
0.960000
0.840001
1.160000
0.860002
0.839997
0.840001
0.840001
0.840001
1.219999
0.840001
0.860002
1.040000
0.860002
0.859998
0.840001
0.860002
0.840001
0.840001
0.839997
0.840001
0.860002
0.859998
0.840001
0.859998
0.859998
0.860002
0.839997
0.840001
0.840001
0.840001
0.859998
0.839997
0.860002
0.859998
0.860002
0.999998
0.840001
0.839997
0.840001
0.860002
0.860002
0.860002
0.860002
0.840001
0.859998
0.840001
0.840001
0.840001
0.840001
0.859998
0.860002
0.840001
0.860002
0.840001
0.840001
0.840001
0.840001
0.860002
0.839997
0.859998
0.860002
0.839997
0.859998
0.859998
0.840001
0.840001
0.840001
0.859998
0.840001
0.840001
0.860002
0.859998
0.860002
0.859998
0.840001
0.840001
0.840001
0.860002
0.840001
0.840001
0.840001
0.860002
0.860002
0.859998
0.859998
0.860002
0.859998
0.839997
0.840001
1.180001
0.840001
0.840001
0.859998
0.840001
0.839997
0.859998
0.840001
0.840001
0.840001
1.019999
0.840001
0.840001
0.840001
0.859998
0.859998
0.860002
0.860002
0.859998
0.840001
0.839997
0.860002
0.859998
0.859998
5.939998
0.859998
1.260001
0.859998
0.860002
0.840001
0.860002
1.199998
0.860002
0.860002
0.840001
0.840001
0.860002
0.860002
0.840001
0.840001
0.839997
0.839997
0.859998
1.280002
0.840001
0.840001
0.860002
0.860002
0.860002
0.860002
0.859998
0.840001
0.860002
1.100000
0.840001
0.859998
0.840001
0.840001
1.060002
1.260001
0.840001
0.840001
0.840001
0.859998
0.840001
0.860002
0.859998
0.839997
0.820000
0.839997
0.859998
0.859998
0.859998
0.840001
0.840001
0.839997
0.840001
0.860002
0.840001
0.840001
0.839997
0.840001
0.840001
0.840001
0.860002
0.840001
0.840001
0.839997
0.840001
0.840001
0.860002
0.839997
0.840001
0.840001
0.840001
0.839997
0.859998
0.859998
0.839997
0.859998
1.240000
0.839997
0.840001
0.860002
0.859998
0.840001
0.859998
0.840001
0.859998
0.840001
0.859998
0.859998
1.059998
0.840001
1.019999
0.840001
0.840001
0.859998
0.840001
0.840001
0.840001
1.100000
0.859998
0.879999
0.840001
0.860002
0.859998
0.860002
0.860002
0.840001
0.840001
0.840001
0.860002
0.840001
0.840001
0.860002
0.840001
1.200002
0.840001
0.860002
0.860002
0.859998
0.859998
0.859998
0.840001
0.860002
0.840001
0.839997
0.860002
0.859998
0.859998
0.840001
0.840001
0.860002
0.840001
0.840001
1.079999
0.840001
0.840001
0.840001
0.859998
0.859998
0.860002
0.840001
0.859998
0.860002
1.100000
0.860002
0.860002
1.240000
0.860002
0.859998
0.859998
0.859998
0.840001
0.860002
0.840001
0.840001
0.859998
0.859998
0.840001
0.840001
0.859998
0.860002
0.859998
0.859998
0.840001
1.140002
0.840001
0.859998
0.840001
0.860002
0.860002
0.840001
0.840001
0.860002
0.860002
0.840001
0.840001
0.859998
0.859998
0.840001
0.839997
0.859998
0.840001
1.100000
0.860002
0.859998
0.859998
0.840001
1.160003
0.840001
0.860002
0.840001
0.860002
0.840001
0.840001
0.860002
0.859998
1.140002
0.860002
0.839997
0.840001
0.859998
0.839997
0.839997
1.219999
1.219999
0.859998
0.839997
0.840001
0.860002
0.860002
1.280002
0.860002
0.839997
0.859998
0.860002
0.859998
0.859998
0.839997
0.859998
0.840001
1.100000
0.859998
0.860002
0.839997
0.860002
0.860002
0.860002
0.840001
0.840001
0.860002
0.860002
0.839997
0.860002
0.859998
0.879999
0.860002
0.860002
0.860002
0.840001
1.200002
0.860002
0.840001
0.840001
0.859998
0.859998
0.860002
0.839997
0.839997
0.860002
1.200002
0.840001
0.860002
0.960000
0.859998
0.840001
0.860002
0.840001
0.860002
1.259997
0.860002
0.840001
0.840001
0.840001
0.860002
0.859998
0.859998
0.840001
0.840001
0.840001
0.840001
1.079999
0.859998
0.860002
0.860002
0.860002
0.840001
0.860002
0.839997
0.859998
0.840001
0.860002
0.840001
0.859998
0.840001
0.859998
0.860002
0.840001
0.860002
0.860002
0.860002
0.859998
0.840001
0.860002
0.859998
0.860002
0.860002
0.859998
0.860002
0.859998
0.859998
0.859998
0.840001
0.840001
0.840001
0.860002
0.840001
0.839997
0.840001
0.840001
0.840001
0.860002
0.859998
0.860002
0.860002
0.859998
1.100000
0.840001
0.840001
0.840001
0.839997
0.860002
0.860002
0.859998
0.859998
0.839997
0.859998
0.839997
0.860002
0.840001
0.860002
0.859998
0.839997
0.859998
0.840001
0.859998
0.859998
0.859998
1.139998
0.859998
0.859998
0.840001
0.839997
0.860002
0.859998
0.840001
0.860002
0.840001
0.859998
0.859998
0.859998
0.840001
0.860002
0.840001
0.840001
0.839997
0.859998
0.860002
0.840001
0.840001
0.859998
0.839997
0.859998
0.860002
0.840001
0.860002
0.860002
0.840001
0.860002
0.860002
0.860002
0.859998
0.840001
0.860002
0.840001
0.840001
0.840001
0.859998
0.859998
0.879999
0.860002
1.260001
0.859998
0.859998
0.859998
0.860002
0.859998
0.859998
0.839997
0.860002
0.840001
1.019999
0.859998
0.860002
0.939999
0.840001
0.859998
0.859998
0.839997
0.840001
0.859998
0.840001
0.860002
0.840001
0.840001
0.840001
0.860002
0.860002
0.840001
0.859998
0.860002
0.860002
1.119997
0.859998
0.840001
0.839997
0.840001
0.840001
0.840001
1.040000
0.840001
0.860002
0.840001
1.200002
0.860002
0.859998
0.840001
0.840001
0.860002
0.859998
1.120001
0.860002
0.840001
0.860002
0.860002
0.860002
0.860002
0.840001
0.839997
0.860002
0.939999
0.859998
0.840001
0.840001
0.840001
0.840001
0.860002
