5.657000
4.532000
4.329000
4.266000
4.262000
4.258000
4.161000
4.175000
4.183000
4.127000
4.139000
4.203999
4.110000
4.104001
4.108000
4.123000
4.064000
4.077001
4.059000
4.065000
4.058001
4.202000
3.989000
4.163000
4.102000
3.984001
3.973000
4.086000
3.959000
4.113000
3.967000
4.056000
3.977000
4.080000
4.090000
3.891001
4.078999
3.908000
3.969000
3.939000
4.097000
7.166999
5.104001
4.482000
4.342000
4.287000
4.247000
4.156999
4.140000
4.138000
4.177000
4.160999
4.172000
4.326000
4.400000
3.983000
4.114999
4.125000
4.186000
4.167001
4.195000
4.260001
4.140000
4.184000
3.964000
4.134000
4.201001
4.231000
4.104000
4.162000
4.365000
4.306001
4.210999
4.144000
4.141000
4.165000
4.109999
4.137000
4.129000
4.108000
4.089001
4.077000
4.061000
4.122000
4.053000
4.034000
4.023000
4.245000
4.249000
4.161000
3.952000
3.893000
3.685000
3.955000
3.738000
3.749000
3.594999
3.708000
3.678000
3.765000
3.515000
3.637000
3.581000
3.823000
3.531001
3.524000
3.695000
3.774000
3.694001
3.610000
3.397000
3.556000
3.578001
3.609001
3.668000
3.900000
3.890000
3.872001
3.906000
3.640000
3.972000
4.071000
3.973000
3.851000
3.725000
3.502000
3.658000
3.398000
3.352000
3.728000
3.326001
3.336000
3.434001
3.464000
3.698000
3.451000
3.314001
3.555000
3.485000
3.453000
3.555000
3.213000
3.403000
3.261000
3.151000
3.069000
3.743000
3.180000
2.913000
3.343999
2.987000
3.106000
2.861000
2.916000
3.010000
2.889999
2.700000
3.122000
2.723000
2.717000
2.708999
3.234999
2.810000
3.106000
3.024000
2.964000
3.020001
2.881000
2.919001
3.417000
2.923000
3.060000
3.373999
3.210000
3.041000
3.196000
3.222000
2.890000
2.876000
3.343000
3.879000
3.695000
3.525000
3.214000
3.204999
3.165000
2.783000
2.981000
2.999000
2.898999
2.828000
3.078000
2.814000
3.216000
3.172999
3.051000
3.350000
3.231000
3.102000
2.908000
3.032000
3.048000
2.780000
3.195999
3.440000
3.241000
2.883000
3.385000
2.908001
3.194000
3.157000
3.289999
3.049999
3.208000
3.206000
3.167000
3.173000
3.029000
3.222000
3.244000
3.192999
3.041000
3.562000
3.141000
3.059001
3.452000
3.038000
3.080999
2.987000
3.332000
2.975999
3.140001
3.132001
3.429000
3.158000
2.784000
3.000000
3.155001
2.870000
3.251000
3.438001
3.114000
3.411001
3.245001
2.764001
3.199000
3.008001
2.928000
2.771000
3.071000
3.098000
3.109000
3.239000
3.227000
3.262000
3.054000
2.882000
2.764001
3.152000
2.672999
2.933000
3.194000
3.300000
3.040000
3.190000
2.949000
2.962000
2.902000
2.737001
2.658000
2.722000
2.716000
2.816000
2.822000
2.951000
2.995000
3.143000
3.119000
3.293999
3.006000
3.226001
3.194000
3.109000
3.285000
3.079000
3.296001
3.144001
3.137000
3.196000
3.343000
2.982999
3.121000
3.467000
2.853001
3.066001
2.999000
2.931000
2.981000
2.808000
2.815001
2.992000
3.111000
3.022000
3.057000
2.968000
3.219000
2.942001
2.870000
2.869000
2.991999
3.061000
2.980000
3.028000
2.972000
2.750000
2.946000
2.917000
3.083000
2.940000
3.092000
2.931000
3.140000
2.882999
2.812999
2.704000
3.069000
2.487000
2.867000
2.785000
2.793999
3.003000
2.682000
2.523000
2.630000
3.164001
2.632000
2.526999
2.983000
2.924001
3.000000
2.834001
2.846001
2.712000
2.961000
3.025999
2.892000
2.835000
3.016000
3.017001
3.405000
4.155000
3.878000
3.202001
3.230999
2.860000
3.067000
3.151000
2.814000
3.064000
2.830000
3.476000
2.981000
3.331000
3.113000
3.656000
3.024000
3.179001
3.204000
3.097000
3.252001
3.137000
3.254000
3.057000
3.103000
2.796000
2.735000
3.184999
3.174000
3.064999
2.812000
2.838000
3.014000
3.172999
2.962001
3.111999
3.284000
2.835000
3.163001
3.195001
2.815000
2.981000
2.723000
3.054000
3.428000
3.323001
3.164999
3.106001
2.812999
3.404000
3.013001
3.235000
2.810000
3.024001
3.071000
3.070000
3.040000
3.025000
2.921999
2.841000
2.994000
3.377999
2.820000
2.908000
2.894000
3.042000
2.931000
3.420000
3.479000
3.218000
2.992000
2.971000
3.042000
3.114999
3.055000
2.936000
3.162000
3.183000
3.146000
3.101000
3.186001
3.341001
3.578000
3.094000
3.157999
3.156001
3.216000
2.951000
2.987999
3.080000
2.919001
3.246000
3.194001
3.175000
3.500000
3.111000
3.145000
3.136000
3.220000
3.002000
2.939000
2.836000
2.990000
3.282000
3.242000
3.193000
3.012001
3.492000
3.238000
3.124001
3.179001
3.101000
2.850000
3.437000
2.977000
3.025999
3.117000
2.977001
3.265001
3.191000
3.135000
3.177000
3.283001
3.507000
3.223999
3.240000
3.170000
3.669000
3.151000
3.194000
3.123000
3.009001
3.175001
2.962000
3.080000
3.170000
3.531000
3.173000
2.929999
3.191001
3.191000
2.804000
3.170000
3.103000
2.941000
3.144000
2.898999
2.935000
3.307000
3.045000
3.086001
2.919000
3.158000
3.034000
3.119000
3.436000
3.427000
2.925000
2.821000
3.030000
3.256001
2.864000
3.119000
2.963000
2.892000
2.873000
2.936999
3.309000
2.955000
3.069000
2.795000
4.111000
3.645000
3.339000
3.427000
3.454000
3.429000
3.187999
3.063000
3.070001
3.270000
3.113001
3.351999
3.126000
3.118000
2.932000
3.366000
3.124001
3.198000
3.261999
3.088000
3.670000
3.383000
3.162000
3.655001
3.478000
3.665000
3.113000
3.285999
3.333000
3.431001
3.244000
3.168000
3.235000
3.033999
3.497000
3.119000
3.169999
3.208000
3.097000
3.129000
3.121000
3.239000
3.279000
3.290000
3.121001
3.098000
2.932000
2.919001
2.971999
2.921000
3.099000
2.934000
3.156001
3.024001
3.101001
2.998999
3.060000
2.901000
3.192999
3.007000
3.177000
2.892000
3.057000
3.030000
2.826001
2.832999
3.197000
3.088000
2.999000
3.469001
3.412000
2.875000
3.346000
3.332000
3.174000
3.311000
3.210000
3.212000
3.151000
2.917000
3.180000
3.216000
3.177000
3.115000
3.349000
3.437000
3.304000
3.017000
3.137000
3.122000
2.785000
2.976000
3.258000
3.307001
3.250000
2.944000
3.110000
2.831999
2.917000
2.991999
2.929999
3.520000
3.068000
3.222000
3.010000
3.389000
2.857000
2.846001
2.969000
3.261000
3.248001
3.188999
2.938000
3.148001
2.994000
2.545000
2.534000
3.033999
2.843000
2.874000
3.063000
3.447000
3.184000
2.907000
3.071000
3.060000
2.776000
3.037000
2.838000
2.873001
2.845000
2.851000
3.157000
3.113001
3.019000
2.929999
3.051001
3.142000
3.437000
2.981001
2.636000
2.667001
2.882999
3.001000
2.897000
2.650000
2.951000
2.761000
3.207000
2.894999
3.017000
2.863999
3.352000
3.152000
3.334000
3.147000
3.019000
3.033000
2.865001
2.735000
2.843000
2.590000
3.151000
2.951001
2.844000
2.669999
3.529000
2.691000
2.698000
3.167000
7.462000
4.850000
4.335999
4.122999
4.063000
4.094000
4.035000
4.201000
4.030000
4.004001
4.310000
4.170000
3.954000
4.028000
3.942001
4.213000
3.966000
3.997999
3.962999
4.152000
3.917000
3.959000
3.895000
4.114000
4.087000
3.978000
4.175000
4.101000
4.137999
3.835000
3.967000
3.990000
3.977001
3.810000
3.759000
3.835000
3.962000
3.840000
4.004000
4.090001
3.932000
3.830000
3.917000
3.908000
3.893000
3.905999
3.677000
3.854999
3.852000
3.841000
3.769000
3.524000
3.612000
3.740001
3.451000
3.524000
3.877999
3.544000
3.713001
3.711000
3.823000
3.467000
3.388000
3.319001
3.276001
3.540001
3.357001
3.389000
3.635000
3.571000
3.302000
3.593000
3.392000
3.647000
3.691000
3.888000
3.553000
3.732000
3.705000
3.624001
3.537999
3.781000
3.453000
3.344000
3.444000
3.598000
3.391000
3.444000
3.614000
3.577000
3.420000
3.477000
3.396000
3.593001
3.576000
3.196999
3.226999
3.049000
3.033000
3.076000
3.020001
3.240000
3.211999
3.223999
3.370000
3.360000
3.111999
3.125000
3.318001
3.450001
3.226000
3.118000
3.209000
3.565000
3.177000
3.296000
2.809000
2.905000
3.182000
2.972000
2.904000
2.985001
3.068000
3.293000
3.011000
2.970001
2.955000
3.388000
2.804000
3.033999
2.664000
3.045000
2.874000
2.863000
3.014000
3.084000
3.001000
2.524000
2.581000
3.384000
3.162000
2.860000
2.965000
2.577000
2.931000
3.029000
3.149000
2.859000
2.873001
3.011000
3.080000
3.018000
2.903000
4.027001
3.339999
3.425000
3.346000
3.215000
3.221000
3.264000
3.173000
3.587999
3.244000
3.190001
2.841000
3.020000
3.188999
3.021999
2.758000
3.132000
2.976000
3.141000
3.018000
3.342000
3.244000
3.165999
3.387000
3.011000
3.525999
3.390000
3.011000
3.018999
3.140000
2.704999
2.664000
2.672001
2.858000
2.831000
2.834001
2.794000
2.942001
2.991000
3.148000
2.950000
2.962000
2.998999
3.461000
3.136001
3.145000
3.175001
3.142000
2.675001
2.975999
2.981000
3.109000
2.997000
3.162000
3.160000
2.976000
3.074000
3.004000
3.105001
2.969000
2.801999
2.814000
3.070000
2.822000
2.524001
2.533000
2.736000
2.672000
3.021000
3.302000
2.837000
3.086000
2.808999
2.988000
3.152000
2.809000
2.971000
2.891000
3.262000
3.096000
3.133000
2.653999
2.812000
2.831000
2.834001
2.801000
2.842000
2.806000
2.832999
2.977000
3.329000
3.059000
3.005000
3.186000
2.532000
2.715000
2.532000
2.518999
2.728000
2.692000
2.719000
2.737000
2.750000
2.726001
3.071999
2.867000
2.705000
2.919001
3.134000
2.524001
3.073000
2.863999
3.211000
2.709000
2.915000
2.868000
3.169000
2.862000
2.817000
3.005000
2.898000
2.827000
2.681000
2.907000
2.855999
2.671000
2.624000
3.165999
2.868000
2.917000
2.743999
3.073000
3.121000
2.725000
2.769000
2.898000
3.179000
2.830001
3.217000
2.955000
2.693000
2.727000
2.919000
3.014000
2.727000
2.673000
2.668000
2.834000
2.937000
3.069000
2.929000
2.796000
3.003000
3.075000
2.877000
2.835000
3.064000
