0.127000
0.125000
0.111001
0.111000
0.107000
0.116000
0.120000
0.106000
0.106000
0.105000
0.107000
0.104000
0.108000
0.104001
0.107000
0.104000
0.108000
0.105000
0.109000
0.104000
0.107000
0.105999
0.126000
0.105000
0.107000
0.107000
0.107000
0.105000
0.105000
0.105000
0.108000
0.104000
0.105000
0.104000
0.104000
0.105000
0.106000
0.105000
0.104000
0.421000
0.106000
0.105000
0.106000
0.104000
0.105999
0.105000
0.108000
0.104000
0.109000
0.105000
0.108000
0.106000
0.108000
0.105000
0.106000
0.105000
0.108000
0.105000
0.172000
0.104000
0.105000
0.105000
0.107000
0.104000
0.107000
0.105000
0.105999
0.108000
0.107001
0.105000
0.118000
0.106000
0.106000
0.105000
0.108000
0.105000
0.107001
0.105000
0.101999
0.105000
0.106000
0.104000
0.109000
0.105000
0.105000
0.105000
0.106000
0.104999
0.109000
0.106000
0.107000
0.104000
0.105000
0.105000
0.105999
0.104000
0.104000
0.106000
0.105999
0.104000
0.106000
0.105000
0.109000
0.105000
0.107000
0.105000
0.105000
0.105000
0.105000
0.104000
0.107001
0.104000
0.108000
0.107000
0.104000
0.105000
0.105999
0.105000
0.107000
0.105000
0.105000
0.104001
0.105000
0.105000
0.105000
0.105000
0.108000
0.105000
0.105000
0.104000
0.109000
0.105000
0.109000
0.108000
0.119001
0.105000
0.104001
0.104001
0.109000
0.104000
0.108000
0.105000
0.109999
0.105000
0.105000
0.105000
0.104999
0.104000
0.105999
0.104000
0.107001
0.105000
0.105000
0.105000
0.107001
0.105000
0.108000
0.104000
0.107001
0.104999
0.105000
0.104001
0.107001
0.104000
0.105000
0.105000
0.105000
0.106000
0.106000
0.105000
0.105000
0.105000
0.105000
0.104000
0.107000
0.106000
0.106000
0.105000
0.108001
0.105000
0.106000
0.103000
0.105000
0.104000
0.105999
0.104000
0.108999
0.104000
0.105999
0.104000
0.105000
0.105000
0.105000
0.104000
0.107001
0.109000
0.105000
0.106000
0.119000
0.104000
0.108001
0.105000
0.108000
0.105000
0.107000
0.104001
0.108000
0.105000
0.109000
0.104999
0.105000
0.105000
0.108000
0.104000
0.107000
0.104000
0.105000
0.105000
0.106000
0.105000
0.106000
0.104000
0.107000
0.104000
0.107000
0.105999
0.105000
0.104000
0.109000
0.104000
0.106000
0.104001
0.107001
0.105000
0.333000
0.105000
0.107000
0.105000
0.105000
0.105000
0.107001
0.105000
0.107000
0.104000
0.105000
0.104000
0.105999
0.105000
0.109000
0.104000
0.107000
0.106000
0.106000
0.104000
0.107000
0.104000
0.108999
0.105000
0.105000
0.105000
0.105000
0.106000
0.118000
0.105000
0.105000
0.105000
0.133000
0.105000
0.105000
0.105000
0.105999
0.104999
0.108000
0.106000
0.106000
0.105000
0.105999
0.104000
0.108001
0.105000
0.107000
0.104999
0.104000
0.105000
0.105000
0.106000
0.108000
0.105000
0.106000
0.105000
0.109999
0.104000
0.107000
0.105000
0.105000
0.105999
0.109000
0.104000
0.107000
0.104001
0.107001
0.104001
0.106000
0.105000
0.107000
0.104001
0.105000
0.105000
0.107000
0.104000
0.105000
0.104000
0.107001
0.105000
0.107000
0.104000
0.107000
0.109000
0.106000
0.105000
0.105000
0.105000
0.108000
0.136000
0.107000
0.171000
0.147000
0.105000
0.105000
0.419000
0.109000
0.104001
0.107000
0.104000
0.105000
0.105000
0.108000
0.108000
0.107001
0.104000
0.107000
0.105999
0.108000
0.105000
0.108000
0.105000
0.107001
0.104999
0.105000
0.104000
0.107001
0.105000
0.108000
0.104999
0.128999
0.104000
0.105000
0.105000
0.105000
0.104999
0.104000
0.104000
0.105000
0.104000
0.108000
0.104001
0.104000
0.105000
0.104999
0.105000
0.107000
0.104000
0.108001
0.106000
0.107000
0.103001
0.105000
0.126000
0.109000
0.104000
0.109000
0.104000
0.107000
0.104000
0.106000
0.105000
0.106000
0.105000
0.107001
0.105000
0.118000
0.104000
0.104000
0.105000
0.107000
0.105000
0.126000
0.105000
0.107001
0.104000
0.105000
0.104000
0.108000
0.105000
0.109999
0.104001
0.108000
0.105000
0.104000
0.104000
0.107001
0.104000
0.104000
0.105000
0.104000
0.104000
0.105000
0.105000
0.105000
0.104000
0.110000
0.106000
0.438000
0.104000
0.132999
0.104999
0.107001
0.104001
0.105000
0.104000
0.104000
0.104999
0.106000
0.104000
0.107001
0.105000
0.109000
0.104000
0.108000
0.104000
0.107000
0.104000
0.104000
0.105000
0.107000
0.104000
0.105000
0.104000
0.109000
0.103000
0.106000
0.105000
0.108000
0.135000
0.120000
0.104000
0.109999
0.105000
0.104000
0.105000
0.106000
0.104001
0.109999
0.105000
0.104999
0.105000
0.104999
0.108000
0.105000
0.105000
0.106000
0.105000
0.104999
0.174000
0.108000
0.104001
0.108000
0.104000
0.108000
0.105000
0.107000
0.134001
0.107000
0.364999
0.108001
0.105000
0.108000
0.105000
0.104999
0.104001
0.105000
0.104000
0.107000
0.105000
0.109000
0.105000
0.105999
0.105000
0.105000
0.104001
0.106000
0.105000
0.109000
0.105000
0.105999
0.105000
0.104001
0.105000
0.105000
0.106000
0.104000
0.105000
0.109000
0.105000
0.104000
0.105000
0.108001
0.105000
0.119000
0.105000
0.106000
0.104000
0.108000
0.105000
0.105000
0.105000
0.107000
0.105000
0.106000
0.105000
0.105000
0.104000
0.104000
0.105000
0.105000
0.105000
0.105000
0.104000
0.103000
0.105000
0.105000
0.105000
0.105000
0.104000
0.107000
0.104000
0.107000
0.104000
0.107000
0.104000
0.104001
0.105000
0.107000
0.105999
0.107001
0.105000
0.105999
0.104000
0.105999
0.104999
0.105000
0.104000
0.108000
0.105000
0.107001
0.105000
0.105999
0.105000
0.109000
0.104000
0.107000
0.105000
0.107000
0.104000
0.105999
0.105000
0.105000
0.105999
0.107000
0.104000
0.108999
0.134001
0.116000
0.104000
0.109000
0.104001
0.108000
0.104000
0.108000
0.105000
0.105000
0.105000
0.107000
0.105000
0.105000
0.104999
0.106000
0.104000
0.107001
0.104000
0.105000
0.104000
0.105000
0.105000
0.106000
0.101000
0.106000
0.108000
0.107000
0.106000
0.108000
0.106000
0.105999
0.104000
0.105000
0.105000
0.104001
0.105000
0.105000
0.104000
0.104999
0.105000
0.105000
0.104000
0.107000
0.104001
0.108000
0.104001
0.108999
0.104000
0.126000
0.105000
0.104000
0.105000
0.108000
0.104000
0.107001
0.105000
0.104999
0.104000
0.107000
0.107001
0.108000
0.105000
0.107000
0.106000
0.117000
0.105000
0.106000
0.105000
0.107000
0.105000
0.106000
0.106000
0.106000
0.104000
0.109000
0.104999
0.107000
0.104000
0.108000
0.105000
0.107000
0.105000
0.106000
0.105000
0.104001
0.105000
0.105999
0.104000
0.107001
0.104000
0.105000
0.104000
0.107000
0.104000
0.105000
0.105000
0.109000
0.106000
0.108000
0.105000
0.107000
0.105000
0.109999
0.104000
0.105000
0.101999
0.105000
0.104001
0.107001
0.104000
0.107000
0.104000
0.105000
0.105000
0.108999
0.104001
0.105000
0.104000
0.105000
0.104000
0.107001
0.104000
0.105000
0.105000
0.105999
0.103000
0.105000
0.105000
0.119000
0.104000
0.109000
0.105000
0.107000
0.104001
0.104999
0.105000
0.107001
0.104001
0.105000
0.105000
0.107000
0.104000
0.109000
0.104000
0.105000
0.104001
0.108000
0.104000
0.105000
0.105000
0.105000
0.105000
0.101999
0.105000
0.105000
0.105000
0.105999
0.104000
0.135000
0.104999
0.107000
0.104000
0.107001
0.105000
0.106000
0.105000
0.107000
0.105000
0.107000
0.105000
0.107000
0.105000
0.109000
0.105000
0.107001
0.105000
0.105000
0.105000
0.105000
0.106000
0.105000
0.105000
0.107000
0.105000
0.104001
0.104000
0.107000
0.105000
0.107000
0.106000
0.106000
0.106000
0.117000
0.104000
0.107000
0.105000
0.107000
0.107001
0.105999
0.104000
0.105000
0.105999
0.108000
0.104000
0.105000
0.104999
0.107000
0.104000
0.105999
0.104000
0.108001
0.105000
0.106000
0.104000
0.107000
0.105000
0.107000
0.104999
0.108999
0.105000
0.104000
0.105000
0.104000
0.105000
0.105999
0.105000
0.105000
0.104000
0.107000
0.104001
0.107001
0.104000
0.105000
0.104000
0.105000
0.106000
0.107001
0.105000
0.108999
0.105000
0.106000
0.104000
0.106000
0.105000
0.107001
0.105000
0.106000
0.104000
0.104000
0.105000
0.107001
0.104001
0.104001
0.104000
0.107001
0.106000
0.118000
0.107000
0.109000
0.104000
0.107001
0.104000
0.108001
0.105000
0.105000
0.106000
0.107001
0.104000
0.107000
0.104000
0.105000
0.105000
0.107000
0.104001
0.108000
0.105000
0.108000
0.105000
0.105000
0.105000
0.108000
0.104000
0.107000
0.105000
0.109000
0.104000
0.104000
0.105000
0.109000
0.104000
0.107001
0.105000
0.106000
0.105000
0.107000
0.106000
0.107000
0.105000
0.106000
0.104000
0.105000
0.104000
0.107000
0.104000
0.107001
0.104000
0.107000
0.105000
0.107000
0.105000
0.108001
0.105000
0.108000
0.132999
0.107001
0.104000
0.105000
0.105000
0.107000
0.108001
0.118000
0.104000
0.105000
0.106000
0.105000
0.103000
0.104000
0.105000
0.105000
0.105000
0.109000
0.105000
0.109000
0.107000
0.105999
0.105000
0.104000
0.105000
0.105000
0.105000
0.105000
0.104000
0.106000
0.104000
0.107000
0.104000
0.107000
0.104000
0.105999
0.105000
0.106000
0.105000
0.104999
0.104000
0.109000
0.105000
0.107000
0.104001
0.107000
0.104000
0.105000
0.104000
0.105999
0.105000
0.107001
0.105000
0.106000
0.104000
0.105000
0.104999
0.107000
0.105000
0.107001
0.105000
0.105999
0.105000
0.106000
0.102000
0.104000
0.104999
0.105000
0.104000
0.109999
0.105000
0.118000
0.104001
0.105999
0.104000
0.105999
0.105000
0.104001
0.106000
0.106000
0.104000
0.109000
0.105000
0.108000
0.105000
0.104999
0.104000
0.104000
0.105000
0.107000
0.105000
0.108000
0.104000
0.107001
0.104999
0.106000
0.105000
0.106000
0.105000
0.104000
0.104001
0.106000
0.105000
0.106000
0.105000
