0.147999
0.149000
0.162000
0.131000
0.130000
0.131000
0.131000
0.132000
0.130001
0.131001
0.131000
0.132000
0.131000
0.130000
0.132999
0.194999
0.131000
0.155000
0.131000
0.131000
0.131000
0.132000
0.131001
0.131000
0.130001
0.132999
0.131001
0.132000
0.130000
0.131000
0.130000
0.131000
0.131000
0.131000
0.130000
0.131000
0.131000
0.131000
0.130000
0.131000
0.130001
0.162000
0.131000
0.170000
0.130000
0.131000
0.131000
0.132000
0.130000
0.131000
0.130000
0.131000
0.131000
0.132000
0.130001
0.131000
0.130001
0.131000
0.130000
0.132000
0.132000
0.132000
0.131001
0.133000
0.130001
0.131000
0.130001
0.131000
0.162000
0.158001
0.130001
0.131000
0.131000
0.131000
0.130001
0.131000
0.130000
0.198000
0.134001
0.131000
0.130001
0.131000
0.131000
0.132000
0.130000
0.131000
0.130000
0.131001
0.131000
0.131000
0.131001
0.131000
0.131000
0.131000
0.130000
0.131000
0.130001
0.131000
0.158000
0.132000
0.131001
0.132000
0.130000
0.131001
0.130000
0.131000
0.130001
0.131000
0.131000
0.132000
0.131000
0.131000
0.131000
0.131000
0.130001
0.131000
0.131000
0.132000
0.132000
0.131000
0.130001
0.131000
0.190999
0.132000
0.131000
0.131000
0.131000
0.132999
0.131000
0.131000
0.130000
0.131000
0.130001
0.132000
0.131000
0.132000
0.130000
0.132000
0.130001
0.131001
0.131000
0.131000
0.131000
0.131001
0.130001
0.131000
0.131000
0.132000
0.130001
0.198000
0.130001
0.131000
0.131000
0.132000
0.130000
0.132000
0.131000
0.131999
0.130000
0.131000
0.130000
0.131000
0.131001
0.132000
0.132000
0.131000
0.162000
0.197000
0.131000
0.162000
0.130000
0.131000
0.195000
0.132000
0.162000
0.162000
0.130001
0.162000
0.162001
0.131000
0.130000
0.131000
0.131000
0.133000
0.130001
0.131000
0.130001
0.131000
0.131000
0.132000
0.130000
0.131000
0.131000
0.132000
0.130000
0.131001
0.130000
0.131000
0.131000
0.131000
0.131000
0.131000
0.131000
0.131000
0.130000
0.131000
0.130001
0.131000
0.131001
0.171000
0.131000
0.132000
0.130001
0.131000
0.130000
0.131001
0.130000
0.131000
0.131000
0.132000
0.131000
0.131000
0.131000
0.131000
0.130000
0.131000
0.130000
0.132000
0.130000
0.131000
0.131001
0.132000
0.130001
0.131000
0.162000
0.198000
0.131000
0.131999
0.162000
0.170000
0.131000
0.132000
0.131000
0.132000
0.130000
0.131000
0.131001
0.131999
0.130001
0.131000
0.130000
0.131000
0.131000
0.131000
0.130001
0.132000
0.162000
0.199000
0.162000
0.131000
0.130000
0.131000
0.131000
0.132000
0.130000
0.132000
0.131000
0.132000
0.130001
0.131000
0.130001
0.131000
0.133000
0.132000
0.155000
0.131000
0.132000
0.132000
0.131000
0.131000
0.130001
0.131000
0.131000
0.157000
0.130000
0.131000
0.130001
0.131001
0.130001
0.130001
0.130001
0.131000
0.131000
0.132000
0.132000
0.131000
0.131000
0.131000
0.130000
0.131000
0.130001
0.131000
0.130001
0.132000
0.192001
0.132000
0.131000
0.132000
0.130001
0.130000
0.131999
0.132000
0.131000
0.162000
0.194000
0.131001
0.130001
0.131000
0.131000
0.131000
0.130001
0.131000
0.130000
0.162000
0.193000
0.131000
0.130001
0.131000
0.131000
0.131000
0.131000
0.162000
0.131000
0.131000
0.131000
0.131000
0.130001
0.131001
0.192000
0.131000
0.131000
0.158001
0.131000
0.131000
0.130001
0.131000
0.130000
0.132000
0.131000
0.162000
0.162000
0.132000
0.131000
0.131000
0.130001
0.131001
0.131000
0.132000
0.131000
0.132000
0.130001
0.131000
0.132000
0.131000
0.130000
0.131000
0.132000
0.132000
0.133000
0.131001
0.131000
0.131000
0.130001
0.131000
0.130001
0.162000
0.192001
0.132000
0.131000
0.131000
0.130001
0.131000
0.131000
0.132000
0.131000
0.131001
0.130000
0.132000
0.131000
0.131000
0.130000
0.131000
0.131000
0.132000
0.130000
0.132000
0.130000
0.131000
0.130001
0.131000
0.130000
0.131001
0.131000
0.132000
0.132000
0.131000
0.131000
0.131000
0.130000
0.131000
0.130000
0.131000
0.130001
0.132000
0.132000
0.132000
0.131000
0.132000
0.130000
0.131000
0.130001
0.131000
0.131000
0.131000
0.130001
0.131000
0.132000
0.133000
0.130001
0.131000
0.130000
0.131000
0.131000
0.132000
0.130000
0.131000
0.131000
0.131999
0.131000
0.131001
0.131000
0.131000
0.131000
0.131000
0.131000
0.131000
0.130000
0.131001
0.130000
0.131000
0.131000
0.132000
0.131001
0.131000
0.130001
0.131000
0.130000
0.131000
0.132000
0.131001
0.131001
0.132000
0.131000
0.131000
0.130001
0.132000
0.130000
0.132000
0.131000
0.132000
0.130000
0.131000
0.131000
0.131000
0.130000
0.131000
0.131001
0.132000
0.131000
0.131000
0.131000
0.131000
0.131001
0.131001
0.130001
0.131000
0.130001
0.132000
0.131000
0.132000
0.131000
0.132000
0.130000
0.162000
0.130000
0.131000
0.132000
0.131000
0.130000
0.162000
0.131001
0.132000
0.131000
0.132000
0.130000
0.131000
0.131001
0.132000
0.130000
0.131000
0.130001
0.131000
0.131000
0.132000
0.132000
0.131000
0.131000
0.131000
0.130000
0.131000
0.379000
0.130001
0.131999
0.132000
0.131000
0.131000
0.162000
0.131000
0.130001
0.131000
0.131000
0.132000
0.130000
0.131000
0.131000
0.162000
0.130001
0.131000
0.130000
0.132000
0.131000
0.132000
0.133000
0.131000
0.130001
0.132000
0.131001
0.131000
0.130001
0.131001
0.131000
0.132000
0.130000
0.134000
0.130000
0.132000
0.130001
0.131000
0.130001
0.131000
0.131000
0.132000
0.162001
0.131000
0.131001
0.131000
0.162000
0.132000
0.130001
0.131000
0.131000
0.132000
0.132999
0.131000
0.130001
0.133000
0.131000
0.132000
0.132000
0.131000
0.131001
0.132000
0.130000
0.131000
0.130001
0.131000
0.134000
0.132000
0.130000
0.131000
0.130001
0.133000
0.130000
0.131000
0.130000
0.131000
0.131000
0.132000
0.132000
0.131000
0.131000
0.131000
0.130001
0.131000
0.130000
0.131000
0.130000
0.131000
0.131000
0.132000
0.131000
0.131001
0.130000
0.131000
0.130000
0.131000
0.131000
0.131000
0.130000
0.132000
0.131000
0.131000
0.130001
0.131000
0.130000
0.131000
0.131000
0.165000
0.130000
0.131000
0.130000
0.131000
0.131000
0.132000
0.131001
0.131000
0.131000
0.132000
0.130001
0.131000
0.131000
0.132000
0.130000
0.131001
0.131000
0.132000
0.131000
0.131001
0.130000
0.131001
0.131000
0.132000
0.131001
0.131001
0.131000
0.132000
0.131000
0.131001
0.130001
0.131000
0.131000
0.131999
0.130000
0.132000
0.130001
0.132000
0.130000
0.131000
0.131000
0.131001
0.131000
0.132000
0.131000
0.131000
0.132000
0.131001
0.130000
0.131000
0.130000
0.131001
0.130001
0.132000
0.132000
0.132000
0.131000
0.132000
0.130001
0.131000
0.130001
0.131000
0.131000
0.131001
0.130000
0.131000
0.131000
0.132000
0.131000
0.131000
0.130001
0.131001
0.131000
0.132000
0.131000
0.132000
0.130001
0.131001
0.132000
0.131000
0.130000
0.131001
0.131000
0.131999
0.131000
0.131000
0.131001
0.131000
0.133000
0.131000
0.130000
0.131000
0.130000
0.132000
0.131000
0.132000
0.130001
0.132000
0.130001
0.130001
0.130000
0.131001
0.131000
0.131000
0.130001
0.131000
0.131000
0.132000
0.130001
0.131000
0.131001
0.131000
0.130000
0.131000
0.131000
0.132000
0.132000
0.131000
0.131001
0.131000
0.131999
0.131000
0.131000
0.132000
0.131000
0.131001
0.131000
0.131001
0.131001
0.131000
0.130000
0.132000
0.130000
0.131999
0.131000
0.132000
0.131000
0.132000
0.130000
0.202000
0.131001
0.131000
0.131000
0.131000
0.131000
0.132000
0.131000
0.131000
0.131001
0.131000
0.130000
0.131000
0.131000
0.132000
0.130001
0.131001
0.131000
0.134000
0.130001
0.131000
0.131000
0.131000
0.132999
0.131000
0.131000
0.131001
0.131000
0.132000
0.131000
0.162000
0.130000
0.131000
0.130001
0.131000
0.132000
0.132000
0.131000
0.132000
0.131999
0.131000
0.130000
0.131000
0.134001
0.162000
0.131000
0.131999
0.131000
0.131000
0.132000
0.131000
0.130000
0.131000
0.132000
0.132000
0.130000
0.131000
0.131001
0.132000
0.131000
0.131000
0.130000
0.131000
0.131000
0.132000
0.131001
0.131000
0.131000
0.131999
0.131000
0.131001
0.130000
0.132999
0.131000
0.131001
0.131001
0.131000
0.130001
0.131000
0.130001
0.131000
0.130001
0.131001
0.130000
0.131000
0.131000
0.131001
0.131000
0.131000
0.134000
0.131001
0.130000
0.131000
0.132999
0.131000
0.131000
0.131000
0.131000
0.132000
0.130001
0.131000
0.130000
0.131000
0.131001
0.132000
0.131000
0.131000
0.131000
0.132000
0.131000
0.131000
0.130001
0.131000
0.131000
0.132000
0.131001
0.132000
0.130001
0.131000
0.132000
0.131000
0.130000
0.162000
0.131000
0.132000
0.131000
0.131001
0.131000
0.131000
0.130000
0.131001
0.130000
0.131000
0.131000
0.132000
0.131000
0.132000
0.131000
0.132000
0.131000
0.131000
0.130000
0.131000
0.130000
0.131001
0.131000
0.131000
0.130000
0.132000
0.131000
0.131000
0.130001
0.131000
0.200000
0.131001
0.131001
0.131999
0.130000
0.131000
0.131000
0.131000
0.130000
0.131000
0.130000
0.132000
0.131000
0.131001
0.131001
0.131001
0.131999
0.131000
0.130000
0.131000
0.130000
0.132000
0.131000
0.131999
0.132999
0.132000
0.131000
0.133000
0.130000
0.131000
0.130001
0.131000
0.131000
0.131000
0.130001
0.131000
0.131000
0.131001
0.134000
0.131000
0.130000
0.131000
0.131000
0.131000
0.130001
0.131000
0.131000
0.132000
0.130000
0.131000
0.130001
0.131000
0.131001
0.131000
0.134000
0.131000
0.131001
0.131000
0.154000
0.131001
0.130000
0.131001
0.132000
0.132000
0.132000
0.171000
0.131001
0.132000
0.130001
0.131001
0.130001
0.131000
0.131000
0.131000
0.156000
0.131000
0.131000
0.132000
0.130001
0.131000
