15252.435001
15243.497001
15209.587999
15261.954000
15255.904999
15257.933000
15248.286000
15257.464999
15243.931999
15218.054000
15253.425000
15249.238001
15250.502000
15218.473000
15255.863000
15189.579999
15248.818001
15260.206999
15242.376000
15256.399000
15247.420000
15264.890000
15248.200001
15207.576999
15258.041000
15268.022999
15247.272000
15247.974999
15246.469000
15180.644000
15247.030001
15253.799999
15246.559000
15208.005000
15256.649999
15206.519000
15250.120001
15216.157999
15250.132000
15256.330000
15259.453001
15221.185001
15249.690000
15254.683001
15252.292000
15251.215000
15238.384999
15218.829000
15240.637001
15251.455000
15256.013000
15249.469999
15264.000000
15276.079999
15256.479999
15216.801999
15241.753001
15284.440000
15232.313000
15298.597999
15287.881000
15277.205000
15211.461000
15249.262000
15260.017999
15211.030999
15197.679000
15267.622000
15245.653000
15277.021000
15195.722001
15256.580001
15218.928000
15254.346000
15268.725000
15192.338999
15250.553001
15259.626999
15256.018000
15188.023001
15268.710000
15190.958001
15241.160000
15258.621000
15263.797000
15244.167000
15261.130000
15199.685000
15249.156000
15192.117000
15257.617999
15210.444000
15265.802000
15203.280000
15259.424999
15210.369000
15260.706000
15251.445999
15257.142000
15251.397999
15281.953001
15251.186000
15251.796000
15213.059999
15258.415999
15261.253001
15260.921000
15224.579999
15252.576999
15249.877000
15258.449001
15184.998000
15247.222001
15240.132000
15252.304999
15249.750001
15256.326001
15266.660001
15264.007000
15260.826001
15254.529001
15211.681999
15260.227999
15227.197001
15254.290000
15217.500001
15258.780001
15242.346000
15250.687001
15184.105000
15251.459001
15247.337000
15250.542000
15213.691000
15247.830000
15210.712001
15248.319000
15247.393001
15257.425999
15242.028000
15247.841999
15177.674999
15259.102998
15245.656000
15243.160000
15219.456999
15245.620999
15208.052000
15251.464998
15254.218001
15253.943000
15250.914000
15250.934999
15246.564999
15249.437001
15183.652001
15253.686000
15255.825998
15256.699000
15249.370001
15254.952999
15251.069000
15250.134999
15246.432999
15253.955999
15189.357001
15253.346000
15250.209000
15255.450001
15246.245999
15250.969000
15244.030001
15193.048000
15252.937000
15241.955001
15266.071999
15174.330002
15246.275999
15183.718001
15251.661001
15252.712000
15251.169000
15266.867999
15252.958000
15253.575999
15240.257999
15189.876001
15242.215000
15208.820999
15254.296999
15265.906999
15252.099000
15259.381000
15248.537999
15255.795000
15242.995000
15208.570000
15249.226999
15252.884001
15237.546999
15242.445000
15247.804999
15184.852000
15241.425000
15185.748000
15248.304999
15251.736000
15248.675000
15241.312999
15261.012001
15216.178998
15260.559000
15221.484000
15269.321999
15245.817000
15273.413001
15242.620999
15276.246998
15227.453001
15259.160001
15278.785000
15249.443000
15239.696000
15250.616999
15257.410999
15247.472001
15214.240000
15243.985001
15261.388000
15250.561999
15254.928999
15243.024001
15218.891999
15247.452000
15266.377000
15245.745001
15213.065000
15247.957001
15254.946999
15239.786001
15214.748999
15251.257000
15266.057000
15260.451000
15262.187000
15257.830000
15214.421000
15250.380000
15254.020000
15245.046001
15219.614001
15246.575002
15224.947000
15253.308000
15212.413000
15251.612000
15259.088000
15257.122999
15263.788000
15248.580001
15273.156999
15270.922000
15248.783002
15249.031000
15228.307001
15255.647000
15220.412999
15250.816999
15252.637001
15247.708000
15250.132000
15267.341999
15251.904000
15186.693002
15233.773001
15251.329999
15262.062000
15241.838999
15199.570000
15253.317999
15184.573000
15208.676999
15229.907000
15198.317001
15259.231001
15248.342998
15187.756000
15207.333999
15237.486001
15253.595999
15233.945001
15248.261999
15186.105002
15207.687000
15255.324999
15260.074999
15237.652000
15211.507000
15244.003000
15248.224000
15248.839000
15250.784999
15260.059999
15176.495001
15240.790000
15250.914000
15243.437000
15250.463000
15257.121000
15204.219999
15241.947999
15254.744001
15244.651001
15201.122001
15262.342000
15251.329999
15242.279001
15213.285001
15244.044999
15255.984999
15243.671000
15215.732001
15258.098999
15258.382998
15246.610001
15197.628999
15245.107999
15211.174000
15240.160000
15207.848001
15250.333000
15241.080999
15244.453000
15206.338000
15250.642002
15248.668000
15244.157000
15200.976999
15242.679998
15208.512001
15251.394000
15248.641999
15255.594999
15255.894000
15254.810000
15205.350000
15244.202001
15251.111999
15252.117999
15255.166000
15250.888001
15202.370001
15252.722001
15257.123001
15243.092000
15209.886000
15245.836001
15210.499998
15252.788000
15216.602001
15247.988001
15243.037000
15239.453001
15208.068000
15250.743000
15206.861999
15247.875001
15224.780999
15258.762000
15280.379001
15263.850000
15276.769999
15281.633999
15273.527000
15199.863000
15285.426999
15253.323000
15244.570000
15188.503001
15265.233001
15257.066999
15251.492999
15209.290000
15243.224999
15248.493001
15255.143000
15244.957000
15239.614999
15188.337000
15253.065001
15253.499001
15266.294001
15255.819000
15253.672000
15202.449000
15255.807001
15250.502000
15261.503002
15256.747000
15245.466001
15247.601001
15251.815999
15201.571999
15264.377000
15248.700000
15257.542999
15250.511998
15257.315999
15247.965001
15254.787000
15248.542000
15241.045000
15252.340000
15244.725000
15225.885000
15257.680001
15248.342000
15242.392000
15200.817000
15254.842998
15202.102000
15256.053001
15246.308001
15258.520000
15251.381999
15254.697001
15287.998000
15244.253000
15253.131999
15186.721001
15250.667000
15247.966999
15245.856998
15211.026000
15240.265001
15246.764001
15238.893000
15206.510000
15239.117000
15252.113001
15248.310000
15225.875001
15250.084000
15253.366999
15253.462000
15250.565000
15213.359999
15259.071000
15243.116999
15257.440999
15194.201000
15247.951999
15237.903001
15249.950999
15207.763001
15252.498999
15245.859999
15251.549002
15196.332000
15249.995999
15242.230000
15251.134999
15206.487000
15256.729001
15243.357001
15252.160000
15196.137000
15250.000000
15251.279000
15255.478000
15244.236000
15211.151000
15229.972001
15251.778999
15175.268000
15253.850000
15236.622000
15254.646000
15254.713001
15213.592000
15178.742999
15245.927000
15257.340999
15244.370000
15245.245999
15255.062999
15245.773001
15254.534001
15222.533001
15257.979000
15199.194999
15255.910002
15196.415000
15247.300999
15194.971001
15251.467001
15241.354000
15251.882002
15208.310001
15248.249998
15257.649999
15248.024000
15174.421001
15245.252000
15261.166999
15247.303000
15203.377999
15247.021999
15242.555000
15250.389000
15193.490000
15258.662000
15237.086998
15249.227000
15254.224000
15208.687000
15248.991000
15233.694999
15246.517999
15193.877000
15254.446000
15238.178000
15261.093000
15201.809000
15269.327000
15247.546999
15267.538000
15237.244001
15273.355000
15274.458000
15264.652999
15278.554998
15216.694999
15257.595999
15260.391999
15254.547000
15203.766000
15254.312001
15252.136000
15265.207000
15207.429999
15253.580000
15248.828001
15251.828000
15226.066999
15252.301000
15250.835000
15250.093998
15205.921002
15261.875998
15245.145001
15258.490000
15197.255000
15253.640000
15185.602000
15248.965999
15246.348999
15253.306001
15183.568001
15257.436000
15255.545001
15262.890002
15239.903001
15247.814000
15202.711001
15242.600000
15247.405000
15253.424998
15212.696999
15250.686999
15250.895999
15241.914000
15213.081000
15240.669001
15247.990001
15247.746000
15207.710000
15248.871000
15247.594999
15233.170001
15250.235999
15244.615002
15245.704999
15210.300000
15200.513000
15259.013001
15240.775000
15262.134001
15180.021001
15256.057000
15254.474999
15214.787001
15249.281999
15245.217999
15255.007001
15254.013000
15184.674000
15180.818001
15244.235000
15215.622000
15245.812999
15251.736000
15257.676000
15250.969000
15209.062001
15252.527000
15255.867999
15256.132001
15244.887002
15237.047000
15181.927999
15238.175001
15245.920999
15239.234999
15189.009000
15185.115000
15231.936000
15257.139999
15239.963001
15186.635001
15245.390000
15199.875001
15259.237001
15243.734999
15259.044999
15234.753001
15259.622000
15259.426001
15247.017000
15237.170000
15203.267001
15240.889000
15248.379000
15232.547998
15189.248001
15243.494999
15244.167000
15243.641000
15187.688999
15252.830999
15195.716999
15244.663000
15253.295999
15242.543001
15253.982998
15238.643000
15195.541000
15250.294000
15246.206000
15243.189000
15252.452001
15249.953000
15202.745000
15252.852000
15253.215000
15254.823001
15249.304000
15255.050000
15184.406001
15235.245001
15257.107001
15237.180000
15183.380000
15237.728000
15232.190000
15252.009999
15205.255000
15252.618000
15245.052001
15240.192000
15242.582001
15256.104002
15243.559001
15257.038001
15242.769999
15239.314999
15234.116999
15252.657000
15255.651999
15249.166001
15252.210999
15251.055000
15253.285000
15297.075000
15274.605000
15195.880000
15272.422001
15266.625000
15213.520000
15224.025002
15253.753999
15249.592001
15252.193999
15207.058001
15259.813000
15241.061000
15256.526999
15203.840001
15250.508999
15242.170000
15254.532000
15206.908001
15259.738000
15244.390000
15251.753001
15202.960001
15257.697999
15235.510001
15246.160001
15191.004999
15253.415000
15233.023001
15247.123001
15204.884000
15250.682000
15258.479999
15240.689000
15191.037001
15200.865999
15260.496000
15236.259000
15250.920000
15233.707000
15258.030999
15198.848000
15256.487999
15248.109000
15189.223001
15253.455998
15236.778000
15246.854002
15246.390000
15186.742000
15250.703001
15254.131000
15188.030001
15247.694001
15205.343001
15240.760000
15210.994000
15242.684001
15253.405001
15252.489001
15246.073000
15252.711000
15235.723000
15244.685000
15251.706999
15248.885999
15197.994001
15240.053000
15247.646000
15214.632001
15185.069999
15241.531000
15243.284000
15247.688999
15254.177000
15245.618999
15244.274000
15245.834000
15236.325001
15195.729999
15252.400000
15227.577999
15250.567000
15251.303999
15207.663000
15238.428000
15263.608001
15257.442001
15189.176999
15255.160000
15259.228000
15249.864999
15243.362000
15258.373000
15181.710999
15249.245999
15197.673000
15257.394999
15239.016000
15248.005001
15185.048999
15248.311000
15252.038999
15258.427000
15243.903000
15263.947001
15175.099000
15247.300001
15233.190000
15264.080001
15182.287000
15250.242000
15178.102000
15264.813000
15178.095002
15252.688000
15240.320001
15248.059999
15184.462000
15261.212001
15178.882001
15256.203000
15179.981999
15255.726000
15177.864000
15248.966999
15243.046001
15252.513001
15203.301001
15248.307001
15244.239999
15255.841000
15173.754999
15243.124999
15228.732999
15247.382000
15239.396999
15250.689000
15237.604002
15191.397000
15242.297001
15251.453999
15240.001000
15187.935999
15246.772001
15194.425000
15247.286001
15206.121001
15253.005998
15242.183000
15250.655001
15202.860000
15256.139001
15243.833000
15258.836001
15214.994999
15265.562000
15310.809001
15262.141000
15305.063000
15282.745000
15228.348000
15281.248001
15261.654001
15264.311999
15194.716999
15243.278001
15249.755999
15243.357999
15187.542999
15241.580000
15180.728002
15238.249000
15243.704999
15234.112000
15250.159999
15266.625000
15255.995000
15223.610001
15250.057001
15189.856999
15240.346001
15245.632000
15244.761001
15184.838001
15244.037000
15255.871000
15247.382000
15212.536000
15246.387001
15191.435000
15246.959999
15251.784999
15240.100000
15213.207999
15244.143000
15260.909000
15245.097000
15255.267000
15207.036000
15243.106000
15251.177000
15257.970000
15165.688999
15241.900001
15202.936999
15243.937999
15247.868000
15249.597000
15257.637000
15196.820000
15252.746001
15198.065000
15255.495001
15200.642001
15251.582000
15226.251001
15265.457001
15182.568999
15247.872999
15242.498999
15249.365998
15181.337999
15249.949001
15227.059999
15247.368000
15193.042001
15253.388999
15221.616000
15244.721001
15222.061999
15247.435000
15195.566000
15242.826000
15170.097999
15244.281000
15234.367000
15249.118000
15236.687001
15253.899999
15181.255000
15241.447000
15181.070000
15236.586001
15236.247001
15234.212000
15240.060000
15250.458999
15237.701999
15242.160000
15253.348000
15184.923999
15248.885000
15238.173999
15243.223000
15244.968001
15239.813000
15185.261000
15249.091001
15228.665000
15250.891000
15224.008001
15248.700000
15176.269000
15257.547000
15165.673999
15256.428000
15182.961000
15248.900000
15240.918001
15247.080000
15179.115999
15246.840000
15258.091999
15249.220999
15210.425001
15245.093999
15233.362000
15238.016998
15240.001000
15212.150000
15242.525000
15192.206999
15251.911001
15188.894000
15243.756000
15242.649999
15248.179000
15245.294001
15260.693001
15202.285999
15238.259001
15204.264000
15238.964999
15241.345000
15254.887000
15203.291999
15237.416001
15247.755999
15243.547000
15203.899000
15238.705000
15248.274999
15258.285999
15197.137000
15232.974999
15233.162001
15250.022000
15233.579000
15235.881001
15199.405001
15236.244000
15249.291001
15253.076999
15254.640000
15272.173999
15261.586001
