810.460001
827.040002
821.240000
813.960001
829.460002
810.640000
813.819997
814.660002
812.020000
809.379999
824.760001
809.439998
812.080000
826.700002
826.000001
816.400003
824.519999
825.820003
810.040001
811.420001
807.319999
812.780000
813.859999
824.460000
815.540001
819.619998
814.080000
813.640002
815.420002
826.639999
811.980002
814.420000
811.039999
812.059999
812.419999
820.379999
831.039999
821.580000
816.440001
811.779998
811.699998
812.859997
830.720000
812.399998
810.060002
810.519997
814.100001
807.980001
834.340002
823.480003
809.280001
811.700001
821.139999
828.759998
822.799999
814.180002
810.000002
814.580001
812.500000
808.900002
843.660001
836.139999
812.160000
813.120000
815.040000
813.880000
807.019997
826.940000
806.400001
809.000000
812.980000
821.400002
830.279998
842.020001
829.919998
816.020001
817.440003
814.980000
810.320001
822.120000
811.220001
810.040001
815.260001
827.059999
827.000003
841.420002
829.439998
814.739998
815.260001
811.400000
815.719999
825.620003
830.419999
819.820002
820.519999
820.200000
830.440000
825.579997
841.019999
824.820001
825.519998
831.259999
825.940002
813.999999
827.399999
813.000001
813.320000
808.139998
816.560000
816.879999
827.160001
810.260002
814.780001
812.279999
813.000001
810.279999
830.519997
829.639997
810.079999
812.100001
815.940000
816.900000
811.600000
827.199999
816.140000
809.260000
811.939999
812.099997
816.319998
828.899998
808.180001
812.160000
820.919998
818.340000
811.640002
830.899999
827.379998
812.119998
809.020001
815.940000
814.479999
816.299997
823.020000
812.720001
814.119998
808.340002
814.080000
812.399998
830.259997
812.780000
810.860001
812.580001
813.839998
816.980001
825.119998
814.360000
817.740001
812.120002
814.619999
814.800002
819.420002
861.159999
852.639999
810.479999
816.040002
813.140001
828.119997
828.839999
816.180002
816.560000
813.039999
820.020001
811.319999
827.280000
815.680001
813.639998
810.339998
815.579999
816.719998
831.220001
816.620000
809.200000
812.740002
811.400000
813.740000
825.580001
822.959997
811.019998
815.159999
818.539999
812.700000
812.459998
828.900002
809.080001
812.719997
812.700000
819.940001
813.760001
833.319999
813.379999
811.499998
813.740000
811.439998
819.399998
835.780002
827.519998
818.080001
809.740003
812.719997
812.980000
809.520002
831.440002
814.619999
809.900001
809.179999
815.639999
814.360000
823.539998
811.540000
808.219999
812.580001
814.059999
811.120000
828.240000
826.639999
812.180001
818.260003
814.539999
808.660001
813.299999
828.860004
811.880000
813.200001
811.340000
811.679997
809.060000
824.420001
813.760001
813.380003
815.879997
810.939997
810.640000
828.400001
821.799997
812.759999
814.540002
812.479999
811.059996
811.540000
826.800000
823.339999
821.539998
810.219999
813.060001
812.160000
819.079999
812.319998
814.139999
811.240003
808.620002
811.400000
832.740001
827.679999
813.839998
811.319999
812.279999
811.260000
813.420001
821.920000
811.360002
849.720001
847.540002
813.899998
814.679999
829.920001
811.899997
816.839997
813.460000
809.039999
811.639998
821.640000
816.199999
811.019998
813.200001
810.740001
819.619998
834.339999
820.859998
808.200002
812.339999
816.599999
814.240001
817.920003
823.640000
811.400000
807.399999
808.600001
813.460000
822.860003
828.200001
814.780001
816.159997
817.580000
811.960001
808.860000
815.959997
823.440000
812.479999
813.600000
817.199998
810.920000
813.339997
824.540000
811.700001
809.960000
810.880002
812.180001
809.820000
819.860000
826.979998
831.439998
832.360003
828.000002
812.120002
830.219999
829.080001
832.179997
824.480001
817.219999
810.119998
824.960001
823.580001
814.539999
815.719999
811.659999
808.600001
810.160000
826.579999
810.360000
808.160000
812.860001
810.420003
812.279999
822.300002
817.880001
818.459999
814.220000
813.519999
810.539998
828.740001
827.679999
809.859999
812.100001
806.680001
809.880000
810.860001
824.659999
815.839998
813.320000
811.660003
816.700000
812.539998
826.439999
815.460000
817.399997
814.479999
811.540000
821.300000
827.000000
823.779996
816.799998
812.580001
811.280001
810.860001
815.200001
829.640001
815.120000
808.320001
808.339998
851.420000
854.699999
832.640000
815.019999
816.580001
817.639999
815.959997
809.799999
829.459999
806.460001
805.920001
814.459998
815.099999
817.260001
831.520002
829.779997
812.740002
810.420003
815.699998
815.680001
816.500001
826.120000
815.699998
809.700001
817.260001
816.400003
812.800001
818.820000
809.060000
811.080001
819.020003
813.220002
811.239999
829.319999
821.240000
813.140001
815.280002
821.339998
816.660002
809.040003
826.859999
815.180000
813.660000
814.740002
814.380001
813.360002
823.899999
815.080002
817.420002
810.659997
811.700001
810.800001
826.260000
814.440001
812.580001
808.660001
812.640000
812.800001
809.999999
828.139998
811.240003
812.480003
815.719999
815.940000
816.220000
820.860002
813.519999
812.300000
813.700002
810.720000
809.620000
827.900000
824.139997
814.840000
813.439999
811.860003
811.080001
823.840000
824.120000
809.799999
808.879998
807.720002
815.440003
819.580000
832.300000
808.019999
809.500001
810.100000
814.399999
814.199999
823.860001
811.340000
808.839999
809.799999
818.360001
821.980000
826.779999
822.299998
817.060001
812.700003
814.840000
814.999998
809.460003
827.879999
807.060000
812.060002
817.380000
821.699999
807.939999
855.140001
815.800000
813.400000
812.660001
809.700001
813.880000
823.059998
826.600000
813.039999
811.300002
820.379999
814.640000
811.420001
821.340002
809.500001
810.360003
812.920000
815.380000
811.299998
824.379999
811.579999
818.760000
820.079997
809.739999
814.940002
829.360001
822.459999
812.020000
813.060001
812.659997
814.760000
816.879999
831.720002
816.599999
813.779999
812.500000
816.059999
814.479999
829.200000
813.140001
808.860000
808.899999
812.519997
810.939997
824.919999
826.000001
820.299998
808.699999
809.820000
818.179999
809.400000
825.139999
812.080000
808.780000
820.240002
810.040001
819.120001
830.199998
811.920002
811.940003
810.680002
813.400000
815.919999
832.340002
824.780002
809.600003
807.880003
814.800002
815.360002
820.300002
823.339999
817.060001
814.139999
815.139998
812.539998
813.560002
827.219997
815.980002
811.840001
817.820001
822.880000
814.119998
821.440000
825.400002
809.060000
813.499998
814.399999
809.560001
815.420002
819.240000
807.860002
817.679998
815.600000
812.080000
813.559998
830.440000
814.339999
811.060000
812.239997
812.360000
811.699998
829.440001
825.160000
823.380001
809.459999
813.779999
811.700001
812.919997
825.420000
815.120000
834.719997
817.979999
814.679999
812.720001
822.200000
822.179999
809.620000
812.060002
809.140000
810.219999
831.280001
813.919999
807.399999
810.120001
813.140001
809.620000
825.360000
828.720000
807.720002
815.499999
806.439999
810.180001
816.259999
823.580001
808.139998
817.139998
811.699998
815.779999
815.940000
825.139999
811.820000
809.039999
812.739998
813.899998
815.499999
813.840002
824.760001
813.379999
808.280002
815.460000
812.400002
813.460000
823.440000
813.460000
818.380002
812.520001
812.620003
811.900001
822.219998
828.580000
806.660000
816.520002
813.859999
811.880000
815.419998
831.240002
814.139999
810.920000
816.459998
815.979999
814.059999
823.020000
812.920000
835.159998
817.499999
817.040000
812.220000
819.800001
831.220001
814.259999
812.119998
813.460000
807.999998
811.060000
833.300002
816.020001
811.420001
815.060001
814.000003
810.899999
822.540000
813.380003
811.740004
814.420000
811.460000
812.999997
829.059999
814.600002
810.320001
811.080001
810.180001
817.800000
812.599998
826.579999
809.760001
812.339999
810.800001
810.720000
812.879998
828.779999
815.380000
811.120003
814.980000
817.540001
814.780001
825.619999
821.960002
811.579999
812.279999
815.759998
815.899998
841.779999
828.460000
809.520002
807.040002
812.300000
812.440000
818.539999
825.280000
815.380000
809.900001
810.699999
815.000001
813.280001
828.259997
813.019998
805.799998
814.900000
817.419998
811.019998
818.680000
823.780000
815.120000
813.359998
816.500001
813.439999
813.440003
824.979998
814.780001
810.860001
811.400000
812.020000
807.359997
827.920001
815.040000
819.780000
814.659998
810.799997
813.980002
826.899998
823.899999
809.420001
814.220000
810.860001
809.719998
815.119997
827.080000
818.640001
815.579999
818.399999
811.220001
809.799999
825.459998
817.340001
810.360000
811.920002
814.280003
813.680001
828.439999
831.300002
814.799998
812.980000
812.279999
818.919998
816.500001
822.640002
813.120000
808.400001
809.699997
815.400001
818.680000
831.999999
814.059999
810.800001
814.299997
817.200001
816.000000
828.720000
822.200000
811.260000
816.059999
814.720001
818.400003
811.019998
827.080000
809.300002
811.840001
810.160000
811.560001
812.360000
825.599998
814.700000
808.179997
816.640001
814.619999
810.520001
828.819998
825.959999
808.419999
817.219999
808.639999
811.419997
815.579999
824.220002
811.439998
817.199998
814.539999
819.219999
834.820002
828.860000
815.860000
809.960000
815.320000
816.679999
818.380002
824.320000
824.900001
817.060001
814.399999
812.599998
811.460000
811.719999
826.579999
811.140001
812.260002
814.259999
807.820000
813.519999
820.980001
818.320002
818.840001
811.619997
812.740002
811.540000
827.640001
823.200002
810.759999
813.660000
816.119999
811.160002
818.140000
828.720000
813.239999
815.560002
808.119997
811.180003
814.539999
826.959997
810.860001
811.740000
815.439999
809.999999
824.620001
828.759998
829.140000
811.360002
815.520000
813.200001
812.759999
811.659999
822.299998
815.520000
813.880000
809.180003
820.600003
814.460002
823.640000
810.120001
814.599998
809.300002
809.380002
813.380003
828.720000
829.259999
812.040001
818.919998
817.459997
814.139999
811.500002
826.740000
815.320000
811.240003
814.300001
811.779998
810.600001
823.280003
813.460000
817.580000
819.300000
815.980002
815.679997
818.099998
827.220000
810.320001
813.099999
813.040003
810.339998
809.919998
827.900000
822.979998
815.980002
813.400000
815.639999
814.380001
828.639999
812.200002
811.159998
807.080001
810.160000
812.940001
833.999999
827.259999
811.020002
813.379999
814.319998
813.019998
809.140000
843.640000
844.420001
810.120001
812.419999
812.320001
814.400002
831.100002
814.399999
815.980002
813.919999
810.959999
813.439999
826.680001
808.040000
809.319999
816.259999
808.540002
816.940002
829.099998
831.400000
813.399997
808.759999
811.400000
814.459998
815.399997
822.179999
810.520001
812.360000
812.679999
814.619999
811.779998
829.879999
815.140001
813.140001
812.680002
811.639998
814.799998
809.140000
827.199999
806.960002
815.840002
814.100001
815.040000
811.339997
826.060001
814.960003
812.400002
818.599999
815.099999
813.440003
829.259999
808.060002
819.460001
825.080000
812.540002
813.540000
810.920000
821.780000
811.939999
811.420001
812.680002
813.480001
811.299998
823.300000
814.820003
814.859997
818.340000
814.599998
810.020000
822.840001
831.680000
808.460001
811.579999
815.619998
818.399999
