2.820000
2.520001
2.520001
2.499999
2.640000
2.799999
2.520001
2.520001
2.660001
2.520001
2.520001
2.520001
2.660001
2.520001
2.519999
2.499999
2.499999
2.520001
2.520001
2.520001
2.520001
2.680000
2.920000
2.520001
2.520001
2.640000
2.600001
2.519999
2.499999
2.520001
2.640000
2.520001
2.479998
2.520001
2.520001
2.499999
2.499999
2.540000
2.520001
2.519999
2.540000
2.880000
2.520001
2.520001
2.640000
2.920000
2.920000
2.680000
2.940001
2.780000
2.640000
2.999999
2.660001
2.520001
2.520001
2.540002
2.480000
2.540002
2.499999
2.540002
2.520001
2.520001
2.520001
2.540000
2.499999
2.559999
2.520001
2.800001
2.999999
2.519999
2.520001
2.520001
2.520001
2.520001
2.520001
2.540000
2.499999
2.540000
2.520001
2.520001
2.540002
2.520001
2.540002
2.520001
2.499999
2.519999
2.499999
2.540000
2.519999
2.560001
2.499999
2.519999
2.540000
2.519999
2.500001
2.520001
2.499999
2.540000
2.520001
2.520001
2.500001
2.540002
2.520001
2.499999
2.520001
2.540000
2.640000
2.540000
2.499999
2.680000
2.520001
2.519999
2.520001
2.519999
2.520001
2.520001
2.499999
2.480000
2.520001
2.540002
2.520001
2.520001
2.520001
2.520001
2.520001
2.559999
2.499999
2.540000
2.499999
2.540000
2.499999
2.640001
2.499999
2.520001
2.519999
2.520001
2.499999
2.520001
2.520001
2.519999
2.500001
2.540000
2.640000
2.540000
2.519999
2.540000
2.499999
2.499999
2.499999
2.499999
2.519999
2.540000
2.520001
2.520001
2.519999
2.540000
2.519999
2.520001
2.499999
2.540000
2.520001
2.519999
2.499999
2.519999
2.520001
2.499999
2.499999
2.520001
2.499999
2.520001
2.520001
2.520001
2.520001
2.519999
2.520001
2.519999
2.499999
2.520001
2.499999
2.519999
2.500001
2.520001
2.520001
2.540000
2.500001
2.519999
2.479998
2.520001
2.499999
2.520001
2.520001
2.540000
2.520001
2.499999
2.540000
2.519999
2.520001
2.520001
2.480000
2.540000
2.499999
2.519999
2.540000
2.499999
2.499999
2.519999
2.520001
2.520001
2.540000
2.559999
2.699999
2.520001
2.499999
2.540000
2.519999
2.520001
2.500001
2.540002
2.720000
2.499999
2.520001
2.520001
2.520001
2.519999
2.540002
2.520001
2.599999
2.520001
2.680000
2.640000
2.500001
2.540000
2.499999
2.520001
2.499999
2.640000
2.520001
2.499999
2.520001
2.520001
2.540000
2.520001
2.520001
2.519999
2.519999
2.540000
2.499999
2.540000
2.520001
2.519999
2.500001
2.519999
2.499999
2.540000
2.519999
2.540000
2.520001
2.560001
2.520001
2.520001
2.520001
2.499999
2.520001
2.520001
2.520001
2.519999
2.520001
2.540000
2.519999
2.499999
2.520001
2.540000
2.499999
2.520001
2.520001
2.519999
2.499999
2.540002
2.519999
2.480000
2.520001
2.540000
2.520001
2.540000
2.499999
2.540000
2.499999
2.520001
2.519999
8.020001
2.520001
2.519999
2.499999
2.519999
2.540000
2.540000
2.519999
2.520001
2.499999
2.520001
2.499999
2.519999
2.499999
2.540000
2.500001
2.520001
2.499999
2.560001
2.520001
2.540000
2.499999
2.520001
2.520001
2.540000
2.540002
2.500001
2.499999
2.499999
2.520001
2.499999
2.499999
2.540002
2.520001
2.540000
2.500001
2.519999
2.620000
2.560001
2.499999
2.520001
2.499999
2.540000
2.500001
2.520001
2.520001
2.519999
2.520001
2.540002
2.519999
2.520001
2.540000
2.540000
2.499999
2.519999
2.520001
2.520001
2.540002
2.540000
2.520001
2.499999
2.499999
2.540000
2.499999
2.540000
2.520001
2.520001
2.520001
2.540000
2.499999
2.520001
2.520001
2.520001
2.520001
2.540000
2.520001
2.520001
2.520001
2.540000
2.520001
2.560001
2.520001
2.540000
2.500001
2.540000
2.520001
2.520001
2.520001
2.520001
2.500001
2.560001
2.520001
2.520001
2.520001
2.519999
2.540000
2.520001
2.499999
2.520001
2.519999
2.520001
2.519999
2.520001
2.499999
2.520001
2.500001
2.520001
2.520001
2.540000
2.519999
2.540000
2.500001
2.520001
2.520001
2.540000
2.499999
2.660001
2.540000
2.520001
2.519999
2.559999
2.640000
2.520001
2.520001
2.520001
2.660001
2.540000
2.520001
2.520001
2.500001
2.520001
2.520001
2.519999
2.540000
2.520001
2.499999
2.520001
2.499999
2.499999
2.500001
2.500001
2.499999
2.519999
2.519999
2.520001
2.499999
2.499999
2.520001
2.520001
2.520001
2.519999
2.640000
2.620000
2.520001
2.540000
2.500001
2.519999
2.499999
2.540000
2.520001
2.680000
2.640000
2.640000
2.519999
2.520001
2.520001
2.520001
2.540000
2.520001
2.499999
2.520001
2.499999
2.520001
2.520001
2.519999
2.540000
2.540000
2.540000
2.520001
3.459999
2.500001
2.520001
2.519999
2.520001
2.780000
2.500001
2.520001
2.660001
2.519999
2.480000
2.520001
3.020000
2.560001
2.640000
2.520001
2.519999
2.499999
2.640000
2.500001
2.620000
2.519999
2.540000
2.520001
2.660001
2.519999
2.499999
2.540000
2.499999
2.540000
2.619999
2.519999
2.520001
2.540000
2.660001
2.520001
2.500001
2.540000
2.520001
2.540000
2.520001
2.499999
2.519999
2.520001
2.620000
2.499999
2.620000
2.520001
2.499999
2.540000
2.479998
2.520001
2.499999
2.499999
2.500001
2.519999
2.499999
2.659999
2.520001
2.740001
3.340000
2.540002
2.480000
2.560001
2.520001
2.640000
2.520001
2.540000
2.540002
2.519999
2.519999
2.519999
2.500001
2.540000
2.520001
2.560001
2.499999
2.540000
2.520001
2.519999
2.500001
2.540000
2.520001
2.520001
2.479998
2.519999
2.680000
2.520001
2.500001
2.520001
2.499999
2.519999
2.519999
2.520001
2.519999
2.519999
2.519999
2.520001
2.519999
2.520001
2.660001
2.520001
2.520001
2.540000
2.499999
2.540000
2.660001
2.520001
2.499999
2.540000
2.519999
2.519999
2.520001
2.500001
2.499999
2.520001
2.520001
2.540000
2.499999
2.540000
2.520001
2.559999
2.499999
2.520001
2.500001
2.520001
2.520001
2.520001
3.079999
2.520001
2.899999
2.499999
2.520001
2.519999
2.640000
2.540000
2.520001
2.680000
2.920000
6.500000
4.880000
2.659999
2.520001
2.519999
2.520001
2.640000
2.620000
2.520001
2.520001
2.520001
2.640000
2.660001
2.520001
2.540000
2.500001
2.540000
2.519999
2.640000
2.499999
2.640000
2.519999
2.540000
2.780000
2.540000
2.519999
2.519999
2.540000
2.640000
2.640000
2.520001
2.519999
2.540000
2.520001
2.520001
2.640000
2.480000
2.499999
2.520001
2.620000
2.520001
2.519999
2.659999
2.520001
2.520001
2.500001
2.520001
2.519999
2.540000
2.500001
2.520001
2.499999
2.519999
3.160000
2.640001
2.640000
2.520001
2.500001
2.520001
2.540000
2.519999
2.499999
2.540000
2.499999
2.519999
2.540000
2.519999
3.319999
3.219999
2.760001
2.519999
2.540000
2.500001
2.619999
2.520001
2.499999
2.499999
2.520001
2.499999
2.939999
2.520001
2.519999
2.520001
2.640000
2.499999
2.520001
2.519999
2.499999
2.499999
2.519999
2.520001
2.499999
2.540000
2.540000
2.519999
2.499999
2.520001
2.499999
2.519999
2.540002
2.520001
2.540000
2.519999
2.540000
2.520001
2.499999
2.499999
2.519999
2.540000
2.520001
2.520001
2.619999
2.540000
2.499999
2.520001
2.499999
2.560001
2.520001
2.520001
2.519999
2.620000
2.499999
2.499999
2.520001
2.520001
2.499999
2.580000
2.520001
2.580000
2.540000
2.519999
2.520001
2.540000
2.500001
2.520001
2.540000
2.520001
2.499999
2.660001
2.520001
2.499999
2.520001
2.540000
2.540000
2.519999
2.499999
2.520001
2.519999
2.500001
2.520001
2.519999
2.499999
2.500001
2.500001
2.520001
2.499999
2.540000
2.499999
4.980000
2.520001
2.540000
2.540000
2.520001
2.520001
2.520001
2.520001
2.519999
2.499999
2.520001
2.520001
2.540000
2.499999
2.520001
2.520001
2.500001
2.499999
2.520001
2.499999
2.540000
2.520001
2.560001
2.500001
2.519999
2.519999
2.520001
2.520001
2.660001
2.499999
2.640000
2.499999
2.520001
2.520001
2.640001
2.500001
2.540002
2.499999
2.519999
2.499999
2.540000
2.519999
2.519999
2.499999
2.519999
2.520001
2.520001
2.520001
2.540000
2.499999
2.520001
2.519999
2.560001
2.500001
2.520001
2.499999
2.500001
2.520001
2.640001
2.620000
2.520001
2.520001
2.540000
2.499999
2.519999
2.520001
2.560001
2.499999
2.520001
2.520001
2.500001
2.640000
2.519999
2.519999
2.520001
2.640000
2.519999
2.520001
2.499999
2.520001
2.640000
2.499999
2.540000
2.519999
2.520001
2.520001
2.540000
2.520001
2.540000
2.520001
2.519999
2.540000
2.519999
2.499999
2.499999
2.520001
2.500001
2.520001
2.520001
2.499999
2.500001
2.480000
2.500001
2.520001
2.520001
2.480000
2.520001
2.640001
2.520001
2.520001
2.500001
2.520001
2.540000
2.520001
2.540000
2.499999
2.540000
2.519999
2.540000
2.499999
2.519999
2.520001
2.520001
2.520001
2.520001
2.520001
2.499999
2.499999
2.540000
2.500001
2.520001
2.499999
2.540000
2.499999
2.559999
2.540002
2.520001
2.540002
2.520001
2.540000
2.520001
2.499999
2.540000
2.480000
2.519999
2.520001
2.519999
2.520001
2.520001
2.519999
2.520001
2.519999
2.520001
2.520001
2.519999
2.820000
2.520001
2.480000
2.580000
2.720000
2.540000
2.520001
2.499999
2.499999
2.519999
2.499999
2.519999
2.500001
2.500001
2.519999
2.499999
2.520001
2.499999
2.540000
2.540000
2.520001
2.559999
2.520001
2.540000
2.500001
2.499999
2.520001
2.520001
2.499999
2.519999
2.499999
2.519999
2.520001
2.520001
2.520001
2.520001
2.520001
2.499999
2.520001
2.519999
2.499999
2.559999
2.499999
2.520001
2.519999
2.519999
2.499999
2.519999
2.520001
2.520001
2.499999
2.540000
2.500001
2.519999
2.540000
2.620000
2.640001
2.540000
2.520001
2.519999
2.519999
2.540000
3.060000
2.820000
2.780000
2.640000
2.880000
2.780000
2.499999
2.620000
2.500001
2.499999
2.499999
2.540000
2.499999
2.520001
2.499999
2.520001
2.499999
2.540002
