23.731001
23.759999
23.829999
23.789001
23.852000
23.783999
23.823000
23.798000
23.775000
23.756000
23.841999
23.809000
23.766999
23.730000
23.850000
23.791000
23.843000
24.029000
23.767000
23.813000
23.834000
23.833000
23.794000
23.806000
23.814000
23.830000
23.799000
23.742000
23.805000
23.763999
23.777001
23.759000
23.801000
23.792000
23.849000
23.832000
23.799000
23.797000
23.859999
23.778000
23.852000
23.857000
23.841000
23.809000
23.786999
23.779000
23.754000
23.799000
23.797001
23.758001
23.869000
23.820000
23.794000
23.764000
23.779000
23.814000
23.825000
174.133000
23.816001
23.822000
23.826000
23.846000
23.773000
23.808000
23.759999
23.754000
23.795000
23.843000
23.779000
23.769000
23.782001
23.867000
23.778000
23.821000
23.809999
23.776000
23.819000
23.833999
23.849000
23.745000
23.846000
23.769000
23.832999
23.712000
23.770000
23.766000
23.783999
23.873000
23.834000
23.798000
23.783000
23.767000
23.837000
23.832000
23.779999
23.835000
23.791000
24.029001
23.812000
23.849000
23.801000
23.709000
23.817000
23.786999
23.785000
23.828000
23.858001
23.829000
23.870000
23.814999
23.800000
23.838000
23.864999
23.783000
23.809000
23.784000
23.802000
23.810000
23.782000
23.801001
23.756000
23.775000
23.765000
23.850000
23.743999
23.811000
23.762000
23.838000
23.766000
23.744999
23.832000
23.746000
23.868999
23.771000
23.782999
23.824000
23.790000
23.770001
23.789001
23.810000
23.851000
23.750000
23.786000
23.803000
23.774000
23.779000
23.791000
23.799000
23.798999
23.772000
23.775000
23.803000
23.787000
23.779999
23.800000
23.711000
23.758000
23.810000
23.792000
23.791000
23.817000
23.763000
23.823000
23.835000
23.823000
23.760000
23.802000
23.819000
23.784000
23.842000
23.767999
23.824001
23.795000
23.844999
23.866001
23.825999
23.829000
23.777001
23.826000
23.894000
23.759999
23.818000
23.798999
23.811000
23.809001
23.809000
23.753000
23.783000
23.823000
23.768000
23.763000
23.781000
23.863000
23.870001
23.834000
23.822000
23.781000
23.836000
23.735000
23.795000
23.766000
23.743999
23.793000
23.901000
23.802000
23.786000
23.775000
23.722000
23.838000
23.850000
23.797999
23.811000
23.816000
23.815000
23.773001
23.856999
23.787000
23.816001
23.797000
24.013001
23.740000
23.809000
23.827000
23.877000
23.825000
23.805001
23.825000
23.821000
23.848000
23.824001
23.765001
23.772000
23.840001
23.816000
23.822000
23.818000
23.810000
23.796000
23.788000
23.812001
23.759000
23.885000
23.842000
23.824000
23.828000
23.779000
23.813000
23.850000
23.866000
23.827001
23.790000
23.840000
23.817000
23.744000
23.810999
23.840000
23.807000
23.848000
23.851000
23.821000
23.859000
23.758000
23.742001
23.770000
23.788000
23.739999
23.815000
23.765000
23.755000
23.798000
23.823000
23.717999
23.809000
23.796001
23.750000
23.843001
23.804000
23.770000
23.846000
23.819000
23.793000
23.747000
23.811000
23.776000
23.811000
23.819000
23.825000
23.777001
23.828999
23.777000
23.764000
23.832000
23.840000
23.803000
23.822000
23.793000
23.781001
23.786001
23.825000
23.812001
24.000000
23.812000
23.745000
23.863000
23.816000
23.860000
23.801000
23.793000
23.812000
23.805000
23.770000
23.796000
23.792000
23.812000
23.764000
23.746001
23.871000
23.807000
23.763000
23.784000
23.808001
23.824000
23.864000
23.837999
23.781000
23.778000
23.816001
23.765001
23.799000
23.790000
23.828000
23.813000
23.779999
23.770000
23.813000
23.786000
23.811000
23.812000
23.769001
23.803000
23.767000
23.835001
23.766000
23.805000
23.769001
23.711001
23.816000
23.810000
23.788000
23.833000
23.837000
23.805000
23.824000
23.772000
23.758000
23.790000
23.778000
23.807000
23.761000
23.726000
23.813000
23.843000
23.818000
23.856000
23.789001
23.863000
23.830000
23.858000
23.847001
23.799000
23.829000
23.821000
23.782000
23.791000
23.786000
23.778000
23.772000
23.791000
23.839001
23.870000
23.840000
23.970000
23.845000
23.757000
23.848000
23.836001
23.806999
23.770999
23.810000
23.782000
23.759000
23.800000
23.831000
23.778000
23.772000
23.801000
23.819000
23.824000
23.790000
23.879999
23.821000
23.847001
23.856999
23.808000
23.781000
23.914000
23.862001
23.880000
23.864000
23.807000
23.828000
23.793000
23.811000
23.740000
23.763000
23.820000
23.765000
23.809000
23.817000
23.751000
23.803000
23.822000
23.796000
23.887000
23.812000
23.828001
23.750000
23.817000
23.807000
23.762000
23.803000
23.746000
23.870001
23.833000
23.809001
23.769001
23.814000
23.832000
23.828001
23.773001
23.846000
23.791000
23.848000
23.865000
23.829000
23.847000
23.779999
23.805000
23.832001
23.796000
23.775999
23.737000
23.838000
23.845000
23.792000
23.855001
23.811000
23.817000
23.806000
23.861000
23.811000
23.834000
28.205000
23.844000
23.756000
23.799000
23.792000
23.858001
23.837000
23.867000
23.770000
23.800000
23.852999
23.797001
23.810000
23.804000
23.783000
23.793000
23.826000
23.735000
23.831000
23.797001
23.793000
23.850000
23.902001
23.889001
23.826000
23.929000
23.814000
23.804000
23.859000
23.813000
23.778000
23.818000
23.822000
23.883000
23.856000
23.762000
23.810000
23.876000
23.789000
23.794000
23.832000
23.845000
23.753000
23.758000
23.769000
23.799000
23.776000
23.782999
23.832001
23.777001
23.804000
23.805000
23.786000
23.809999
23.827001
23.765000
23.787000
23.769001
23.800001
23.820000
23.754001
23.794000
23.826000
23.824001
23.775000
23.794999
23.723000
23.849000
23.793999
23.753000
23.813000
23.802000
23.786000
23.768000
23.793000
23.840999
23.784000
23.814000
23.790999
23.763000
23.833000
23.743999
23.984000
23.825000
23.789000
23.810999
23.761000
23.727000
23.786000
23.863001
23.793000
23.825000
23.755000
23.848000
23.766000
23.783000
23.848000
23.827000
23.814999
23.860000
23.840001
23.790000
23.784000
23.805000
23.824000
23.757000
23.756000
23.854000
23.778000
23.856000
23.813001
23.817999
23.820000
23.810000
23.826000
23.802000
23.808000
23.825000
23.810000
23.785000
23.832000
23.839000
23.820001
23.823000
23.871000
23.824999
23.801000
23.809999
23.803000
23.862000
23.774000
23.787000
23.833000
23.777000
23.875000
23.830000
23.771000
23.796000
23.774001
23.783999
23.836000
23.720000
23.778000
23.781000
23.755000
23.829000
23.809000
23.755000
23.821000
23.791000
23.835000
23.762000
23.823000
23.766001
23.740000
23.724999
23.758000
23.799000
23.797000
23.777000
23.812001
23.825000
23.844000
24.035000
23.753000
23.806999
23.802999
23.789001
23.765001
23.789000
23.843001
23.750001
23.823000
23.797000
23.726000
23.854000
23.815000
23.822000
23.823000
23.861000
23.775000
23.828000
23.794000
23.796000
23.786000
23.767000
23.850000
23.801999
23.825999
23.748000
23.793000
23.781000
23.792000
23.810000
23.796000
23.775000
23.786000
23.838000
23.726000
23.870001
23.804000
23.800001
23.835000
85.344001
23.894999
23.801000
23.794000
23.812000
23.825000
23.846000
23.822000
23.841000
23.879000
23.837000
23.831001
23.887000
23.794000
23.840000
23.854000
23.843000
23.829000
23.855000
23.797000
23.821000
23.847000
23.828000
23.873000
23.801000
23.827001
23.828000
23.827000
23.758000
23.820000
23.856000
23.907000
23.804000
23.836001
23.840999
23.761000
23.856000
23.855000
23.810999
23.889000
23.745000
24.027000
23.802000
23.864999
23.821000
23.854000
23.783999
23.780000
23.809000
23.797001
23.817000
23.837000
23.761000
23.775000
23.802999
23.820000
23.792000
23.809000
23.815000
23.722000
23.798000
23.742001
23.804001
23.798999
23.831000
23.807000
23.837999
23.773000
23.790000
23.846000
23.809000
23.775000
23.792000
23.817000
23.767000
23.788000
23.770000
23.797000
23.793001
23.806000
23.849000
23.800001
23.861000
23.748000
23.764000
23.806000
23.800000
23.846000
23.820001
23.803000
23.766000
23.798000
23.790999
23.799000
23.746000
23.775999
23.874001
23.752000
23.797999
23.829999
23.813999
23.774000
23.787000
23.809000
23.819000
23.815000
23.771000
23.815000
23.827000
23.818000
23.754000
23.802000
23.852999
23.820000
23.831000
23.813999
23.797001
23.821000
23.819000
23.773001
23.816000
23.775000
24.045000
23.823000
23.809000
23.813000
23.825999
23.801000
23.798000
23.815000
23.829000
23.803000
23.804001
23.802999
23.796000
23.818000
23.801001
23.776000
23.790000
23.762000
23.742000
23.816001
23.795000
23.826000
23.781000
23.834000
23.808001
23.763999
23.848999
23.854000
23.813000
23.843001
23.791000
23.794000
23.841000
23.848999
23.735000
23.787000
23.783000
23.796000
23.791000
23.794000
23.819000
23.867000
23.801001
23.797001
23.855000
23.886000
23.825000
23.833000
23.808001
23.862000
23.820000
23.840000
23.854000
23.809000
23.862001
23.863000
23.812000
23.820001
23.843001
23.843000
23.762001
23.834000
23.805000
23.856999
23.803000
23.859000
23.844000
23.871000
23.875000
23.773000
23.825000
23.814999
23.830000
23.827001
23.828000
23.769000
23.879000
23.843000
23.844000
23.803000
23.878001
24.017000
23.825000
23.836000
23.814000
23.833000
23.782000
23.814000
23.832000
23.816001
23.779999
23.837999
23.770001
23.753000
23.781001
23.849000
23.774000
23.792000
23.829000
23.747000
23.806999
23.808000
23.832001
23.837000
23.825000
23.798000
23.783000
23.824000
23.769000
23.746000
23.807000
23.785000
23.826000
23.752999
23.860000
23.728000
23.797001
23.817000
23.790000
23.792000
23.860000
23.776000
23.857000
23.768000
23.766000
23.751000
23.793000
23.779000
23.750000
23.816000
23.768000
23.766000
23.833000
23.827000
23.807000
23.810000
23.803000
23.821000
23.800001
23.787000
23.781000
23.804000
23.826000
23.794000
23.852000
23.767000
23.836000
23.851000
23.817000
23.801000
23.849000
23.798000
23.772000
23.757000
23.851001
23.846000
23.839001
23.816000
23.875000
23.788000
23.731000
23.767000
28.246000
23.910000
23.755000
23.824001
23.833000
23.742001
23.806000
23.776000
23.824000
23.852000
23.889000
23.733000
23.825000
23.798999
23.876000
23.763000
23.751000
23.790000
23.810000
23.745000
23.794000
23.871001
23.766001
23.799000
23.804001
23.767999
23.826000
23.809000
23.732000
23.806000
23.775000
23.848000
23.850000
23.775999
23.814000
23.790000
23.770000
23.794999
23.810000
23.853000
23.793000
23.850000
23.804001
23.838000
23.737000
23.831001
23.773000
23.783999
23.822000
23.794000
23.862000
