272.760000
253.740001
218.279999
202.539999
183.079999
161.680002
147.279996
137.079999
144.400001
140.560001
133.939996
129.079998
122.940000
132.180002
129.340000
123.960000
120.019998
117.120001
125.340000
122.580003
115.580000
115.120001
114.659999
127.279997
122.099999
118.799999
113.699999
114.740003
127.299998
120.719999
116.060000
114.920001
111.639999
123.600002
118.219998
113.280002
113.160003
110.659998
121.780001
117.300000
116.139997
114.760000
126.580000
122.099999
114.080001
115.479998
114.599999
110.939998
121.640000
116.519999
117.400002
111.979999
110.220000
120.479997
116.600003
112.859998
111.719999
110.140003
120.680001
115.359999
114.100002
112.440001
128.960002
120.000001
117.619999
136.240002
129.099999
131.740000
130.380001
124.320000
118.639998
116.639998
124.539997
122.800000
121.840000
118.680000
115.559999
123.440001
120.999999
117.100000
116.200000
114.039999
127.880000
125.400003
123.020001
116.460003
112.380002
124.200001
120.180000
118.019998
114.840001
128.219999
123.499997
118.099999
114.639997
113.320000
128.040001
120.680001
116.759997
114.459999
112.220000
112.459999
122.779999
120.700002
118.660003
117.720000
114.540000
124.019999
119.460002
119.780000
114.999998
111.440003
124.120001
119.339999
115.179997
114.299998
112.679999
128.559999
121.680003
118.219998
114.300001
127.140000
124.700002
117.720000
116.140001
114.280000
124.960002
125.039998
118.260000
116.000000
118.200000
112.800002
124.100000
117.079999
116.979998
113.320000
112.340000
125.039998
118.140001
116.979998
112.760000
111.979999
123.360001
121.780001
115.619998
115.819998
110.640001
123.819999
118.859999
117.820002
129.299998
145.180002
136.300001
130.759999
122.460000
122.440003
125.500001
123.280000
124.040000
119.380001
116.299998
123.160001
123.300001
117.219999
114.580002
114.039999
125.599999
117.940001
118.319999
114.160001
114.099998
123.639997
120.540000
119.560000
117.279999
114.440002
117.660001
118.300002
114.700001
112.940002
113.179997
122.439999
121.060003
118.959997
115.059998
111.540001
118.340001
120.960001
117.279999
115.100000
114.900000
121.920001
118.179999
119.980000
114.840001
113.339998
119.320001
117.940001
115.280002
114.720002
112.579998
119.800001
116.060000
115.420002
114.120003
111.300003
120.060001
118.180003
116.740003
112.659998
110.660002
120.439999
120.699998
115.879998
113.899998
111.000001
115.940001
115.819998
112.199999
110.120002
111.760002
112.160001
119.220000
114.920001
111.439999
110.340003
115.580000
117.959999
113.639999
114.739999
112.100001
115.259998
120.619997
116.900001
116.500001
110.840000
136.639997
136.599999
125.840001
124.139998
119.419999
129.919998
124.940000
121.860001
120.439999
119.959999
125.739999
121.020000
119.539998
116.599999
118.460000
128.619999
121.560000
120.540000
118.299998
116.400000
124.559999
119.240001
120.940000
117.300000
116.760001
125.800002
119.259998
118.759997
113.919999
114.100002
125.519998
120.639998
115.819998
114.739999
114.800002
122.380000
121.119998
119.700000
115.120001
113.880001
124.559999
121.860001
114.960000
112.519998
114.119999
126.620002
120.759998
118.480001
114.039999
112.960000
122.079998
121.100001
116.299998
115.219999
112.080000
127.079997
119.400002
114.919998
117.920000
115.019999
118.659999
116.840001
116.560001
114.420000
114.839997
121.479999
118.859999
115.780000
114.259999
112.379998
120.719999
119.080000
115.040001
111.719999
113.320000
122.619998
119.139999
115.860000
110.640001
110.900000
120.859999
117.980000
114.900000
115.079999
115.380000
140.319999
131.720003
127.019998
121.499997
120.560002
127.840001
121.059999
119.380001
113.839999
113.119997
127.820000
121.700000
117.539998
113.860000
115.620002
123.620000
118.420001
116.080001
115.580000
114.700001
129.179999
124.280002
119.440001
116.820000
114.139996
124.499999
120.719999
114.240002
112.020001
112.080000
121.339999
115.520000
115.819998
112.399999
112.620004
122.960001
118.379999
111.780003
110.040002
112.059999
120.779999
120.580003
116.220001
115.520000
115.799997
123.840000
118.780002
114.459999
112.399999
111.320000
121.119998
118.519999
115.819998
115.600001
112.019997
122.260001
115.419999
116.740000
113.000002
110.920001
124.540001
118.880000
115.060002
110.519998
112.580001
122.180000
118.299998
112.160001
112.639997
110.700000
120.060001
117.720000
116.160002
112.160001
110.420000
123.059999
118.020002
114.020001
112.319998
112.200003
121.120002
117.940001
116.099998
115.380000
112.080000
134.220000
135.140002
128.780000
124.660000
118.939999
128.780000
126.780000
119.659998
119.400002
116.220001
130.559999
126.019999
122.800000
115.860000
116.520002
127.999999
163.599998
144.099999
134.959999
138.599999
136.420000
130.779997
125.879999
122.499999
127.400000
123.040002
118.680000
116.260000
112.740003
126.680002
125.300001
119.679999
115.860000
112.439997
120.580003
118.020002
117.540002
115.180001
111.499999
125.179999
122.199997
119.220000
118.120000
115.340002
121.160001
118.880000
114.960000
114.280000
112.160001
120.960001
119.100001
116.820000
116.799999
114.320002
123.699997
121.859998
117.839999
111.520000
108.720001
123.819999
121.360000
119.300000
117.580000
115.559999
122.680001
118.319999
117.259998
115.720000
113.720000
120.480001
119.479999
118.120003
116.500001
111.579999
121.840000
119.440001
116.440002
116.020001
112.900000
125.879999
118.960001
116.660003
118.140001
113.580000
118.260000
116.719998
132.439997
126.960002
122.520000
131.180000
124.039996
119.399998
115.660001
112.240002
124.879997
120.260000
115.260001
111.520000
114.139996
123.080000
119.660001
117.380001
117.419999
114.420000
119.259998
116.979998
112.000000
109.800000
110.459998
121.579997
121.640000
113.639999
114.620000
111.720003
118.820000
117.040001
114.399999
115.419999
110.080000
118.199997
117.940001
113.279998
112.659998
109.120000
116.200000
116.740000
113.040000
112.179998
110.240001
120.639998
117.039997
118.140001
114.540000
111.600000
122.520000
118.480001
115.679998
113.359999
109.260000
123.379998
120.359998
116.260000
115.960002
109.980002
119.459998
115.160000
115.300000
114.399999
111.559998
119.199999
116.140001
114.080001
112.780001
111.160003
119.059999
116.319999
113.359999
111.520000
113.260001
120.999999
115.540002
116.120003
114.960000
111.760002
117.540002
118.080001
112.539999
112.739999
109.760001
115.940001
119.759999
137.300000
129.839998
122.359999
129.160002
125.780001
121.240001
119.180001
118.120000
127.540000
122.719999
119.580001
117.119998
113.900002
122.380000
119.799998
119.160000
115.680002
116.960000
129.420001
123.459999
117.400002
118.360002
115.699999
122.719999
120.739996
114.220001
115.679998
113.000002
123.520002
122.919999
117.300000
113.600001
112.080000
122.860000
120.260000
120.220002
115.399998
112.539999
123.159997
118.479997
114.159998
113.860000
111.299999
119.599998
114.780001
114.579998
111.460000
111.380003
123.460002
118.940003
116.480000
112.599999
112.760000
119.860001
118.120000
113.339998
109.740000
112.020001
122.860000
120.560002
118.519999
115.960002
114.700001
119.459998
117.280003
116.160002
113.600001
115.139998
121.300001
120.519999
117.079999
114.020001
111.860000
118.480001
113.740001
113.979999
113.779999
110.940002
122.940000
117.980000
115.760002
116.039999
113.699999
116.760001
120.500002
128.660001
129.219998
121.220000
129.200000
124.080002
119.840004
117.800001
114.440002
120.880000
121.840000
117.320001
113.800000
114.119999
120.660000
120.900001
117.300000
116.019998
110.679999
118.620001
119.360000
116.900001
113.600001
110.080000
123.240001
118.860003
115.640000
114.200000
109.660000
119.859997
119.999997
116.000000
112.760000
110.300001
121.059999
119.199999
117.240001
115.040001
112.780001
120.320000
116.900001
113.019999
110.040002
112.240002
119.719997
117.419999
117.059998
113.180000
110.420000
118.579999
116.480000
115.340002
113.339998
112.280000
119.899999
118.000001
115.119997
115.260001
111.460000
115.580000
117.559999
114.379998
113.320000
110.280000
118.859999
119.500000
111.759998
112.900000
109.439999
113.840003
115.999997
116.599999
113.320000
112.340000
114.620000
117.560003
114.579998
109.460000
111.579999
121.380001
118.600000
118.060000
114.159998
107.840002
124.900002
119.120002
116.960000
136.180002
132.399999
133.080002
132.220000
129.220001
122.019999
120.460000
125.600003
125.120003
120.320000
116.560001
114.759997
124.299999
123.239998
119.160000
115.479998
115.280002
122.380000
119.419999
120.020002
118.700001
115.860000
120.239999
119.240001
118.579999
115.040001
112.680003
121.199999
119.119998
115.460001
112.640001
113.520000
121.379998
118.140001
114.439998
112.439997
109.820001
120.339997
118.760001
117.640000
113.100003
111.860000
118.220001
116.260000
115.640000
115.499999
112.060003
118.060000
119.759999
114.860002
113.340002
110.619999
115.740001
115.880001
116.260000
113.660000
114.220001
116.980001
123.940002
118.179999
113.979999
110.080000
116.000000
118.720002
117.240001
113.440000
112.599999
130.840000
122.139998
116.159998
113.940001
112.980001
123.880003
117.320001
114.580002
112.500001
117.040001
121.900000
124.060001
119.080000
115.120001
113.280002
121.920001
120.960001
116.240002
131.700002
125.939999
138.119999
127.340000
122.019999
119.360000
114.919998
118.700001
118.380003
118.719999
114.900000
113.279998
118.060000
122.019999
119.799998
116.319999
115.700003
120.039999
119.580001
119.180001
115.760002
112.539999
118.179999
118.780002
117.219999
112.600002
113.599997
118.479997
116.800003
116.839997
112.420000
113.260001
116.260000
117.399998
118.620001
112.840001
108.740002
126.000002
118.500002
113.400001
115.160000
114.280000
128.380001
122.040000
116.820000
117.120001
114.440002
125.939999
116.299998
115.720000
114.379998
113.399997
124.080002
118.780002
112.239998
112.860002
109.639999
110.860001
120.260000
118.640002
114.879999
111.099999
113.120001
122.180000
119.120002
118.620001
116.360001
113.580000
121.659998
121.920001
110.460002
113.979999
110.879999
121.900000
114.280000
112.640001
113.819998
109.780002
121.060003
117.020000
112.179998
113.140002
108.480003
121.980000
117.580000
129.779998
134.480000
140.979998
142.099999
157.880001
142.819997
135.260001
137.399998
133.759998
130.139999
121.859998
117.699999
128.780000
125.039998
119.679999
116.340000
113.639999
128.119998
120.060001
118.719999
120.300002
116.219997
118.980002
120.180000
113.839999
114.900000
114.220001
124.200001
119.240001
118.560001
113.660000
114.020001
120.699998
117.160000
116.280001
113.320000
112.140000
221.400000
201.279998
174.020000
157.760002
169.119999
157.220002
148.820002
139.699999
129.600000
144.660000
135.800000
129.240002
123.220000
120.800000
135.759998
126.899999
125.799999
119.380001
116.179999
131.480001
124.260001
121.300001
118.140001
128.500000
126.599997
122.440003
117.660001
116.939999
134.339999
126.419999
121.340003
121.220000
115.079999
131.460000
122.320000
119.580001
112.659998
113.380000
132.660002
123.599999
121.520001
117.900003
115.979999
130.440000
122.099999
