807.600003
809.920002
829.579998
809.999999
827.159997
806.559999
812.419999
809.039999
807.680000
827.640001
808.300000
830.900002
807.960000
807.939999
810.199998
809.220001
827.480003
805.620000
808.620002
810.500000
810.940001
826.020002
808.479998
828.620002
808.479998
809.379999
806.800000
810.559999
829.340000
809.680000
809.680000
807.280000
808.639999
828.439999
808.559999
828.880001
808.279999
807.939999
807.459999
808.319997
827.399999
810.000002
808.060002
806.840003
808.560003
823.479999
807.480000
807.700001
806.860000
807.060000
808.160000
809.360001
830.560002
810.300000
807.439998
807.539999
811.160002
826.359998
807.620000
825.500000
810.139999
806.240004
810.519997
810.219999
824.519999
809.719998
808.660001
806.240000
807.599999
808.600001
808.300003
827.819999
808.300000
809.599999
807.060000
809.140000
824.519999
810.020000
815.840002
814.459998
814.819999
807.219997
812.619999
825.519998
808.559999
811.200000
810.559999
806.979999
827.020001
810.139999
828.759998
809.499998
807.280000
808.860000
809.480000
827.000000
807.240002
807.979997
810.759999
807.320002
827.480000
808.420002
831.859998
810.219999
809.680000
807.519998
808.359999
828.180000
809.039999
806.979999
808.220003
809.680000
809.560001
808.720000
825.919997
808.199998
809.339996
807.460003
807.840001
832.040001
809.300002
809.860002
810.060002
809.580002
807.119999
808.440000
826.160002
806.680001
807.460003
807.539999
806.260001
827.680003
809.900001
826.839998
808.399998
808.559999
807.559997
808.819998
826.680001
809.540000
809.459999
807.080001
811.740004
808.360003
811.379999
830.680002
807.380002
809.880000
807.140000
810.039997
828.079998
809.500001
809.820000
807.760000
809.699997
808.340002
807.260003
824.420001
809.960000
810.559999
809.900001
811.400000
826.140001
813.180000
829.500001
809.480000
808.499999
808.920000
809.260000
824.839998
809.799999
809.899997
811.860003
808.619998
808.320001
809.519999
830.760002
808.219999
809.719998
806.499999
810.339998
824.340001
808.980003
809.159998
810.040001
810.980000
808.639999
808.960002
824.120000
807.599999
809.140000
808.580000
807.459999
827.500001
806.940001
810.799997
808.400001
810.320001
809.360001
806.779999
826.660000
806.000002
808.059998
806.600001
810.080003
827.460002
809.200000
809.719998
808.200002
808.400001
807.920001
811.899997
828.600001
806.480002
810.339998
809.240002
811.120000
826.880001
810.839999
826.040000
810.199998
809.939999
807.160001
807.640001
830.340002
807.519998
811.640002
809.739999
811.400000
829.320002
808.740001
825.640000
807.760000
807.820000
804.740001
809.099998
827.260002
807.620000
809.220001
807.580002
810.440000
806.479998
806.499999
825.420000
809.460003
805.700000
807.240002
809.659999
828.019999
810.340002
808.960002
810.800001
807.719998
807.280000
809.660003
824.820001
809.520002
806.880001
808.980003
807.039998
822.859999
808.280002
809.500001
808.259998
807.440002
825.460002
810.520001
825.619999
809.719998
807.119999
808.339998
807.539999
821.440000
810.980000
825.599998
809.460003
808.839999
807.800002
808.300000
827.199999
809.659999
807.659999
810.899999
808.219999
827.100001
808.839999
828.839999
807.259999
810.040001
808.319997
808.059998
826.980002
809.340000
809.779998
810.719997
807.239998
808.180001
810.219999
826.300003
811.159998
809.300002
807.459999
809.719998
827.640001
811.680000
828.919999
809.080001
809.419997
808.620002
808.380000
824.859999
807.439998
808.239996
808.780000
807.079997
820.599999
807.980001
806.460001
808.580000
808.059998
809.140000
809.540000
826.660000
810.100000
806.180000
807.800002
809.020001
825.420000
807.019997
826.720003
810.079999
812.440000
810.000002
808.920000
825.440001
811.020002
808.860000
809.140000
809.000000
808.380000
809.300002
827.360000
807.399999
808.320001
808.800001
806.779999
825.879999
807.399999
809.640002
805.519998
807.640001
807.980001
808.400001
824.260000
809.760001
808.279999
806.939997
810.040001
823.420003
810.500000
807.719998
806.179997
810.380001
809.159998
808.920000
823.819999
809.300002
806.940001
808.599997
808.300000
830.300000
809.619997
815.000001
808.399998
810.699999
810.060002
806.040000
826.680001
808.860000
807.880003
807.140000
809.100002
823.780000
808.979999
809.160002
807.559997
804.439999
804.760002
808.940001
827.480000
808.440004
808.860000
807.439998
810.640004
825.680003
807.299998
825.799998
809.780002
808.880001
808.079999
806.600001
826.600000
809.500001
829.220001
815.760002
809.480000
806.759998
812.800001
838.000000
810.580000
823.339999
809.980001
813.000001
811.939999
809.620000
813.519999
825.020000
806.699999
810.199998
806.100003
807.520002
828.480002
810.459998
807.599999
814.560000
810.100000
828.460000
807.500001
809.760001
811.160002
810.380001
830.159999
809.080001
809.680000
807.380002
806.860000
810.899999
809.700001
828.820001
806.580000
808.499999
808.180001
808.699999
827.780001
810.619999
809.299998
808.139998
808.319997
823.840000
809.960000
810.580000
808.699999
808.059998
826.940000
807.779998
809.319999
806.159999
810.340002
822.179999
806.860000
808.899999
809.140000
810.179997
808.100000
809.500001
823.880002
809.499998
810.879998
806.499999
808.100000
824.680001
808.219999
811.639998
808.240000
808.660001
827.539999
806.899998
809.400000
808.460001
808.580000
827.119999
809.580002
807.280000
810.300000
809.859999
824.420001
809.739999
808.119997
809.579998
809.380002
824.320000
807.620000
807.220001
807.960000
809.739999
822.740000
806.840003
807.919998
808.479998
810.539998
808.679998
807.080001
823.440000
809.780002
809.480000
808.380000
810.420003
828.419998
808.400001
810.440000
809.220001
810.260002
827.599999
808.400001
808.560003
831.099998
810.680002
827.020001
808.120001
810.460001
810.559999
811.719999
828.079998
821.780000
845.599998
806.320000
810.900003
808.260001
807.840001
827.920001
809.400000
809.319999
809.280001
809.739999
829.960000
807.080001
809.420001
809.400000
808.180001
831.560001
805.600002
809.580002
809.640002
806.979999
805.940002
806.520000
808.419999
825.360000
808.660001
808.359999
808.019999
809.180003
829.519998
806.980003
809.939999
805.560000
809.200000
825.600002
808.720000
809.319999
809.019998
807.179999
826.919999
807.119999
808.639999
826.480001
809.360001
809.419997
807.539999
808.359999
830.419999
806.299999
808.160000
807.659999
807.799999
829.760000
809.280001
811.120000
807.519998
807.620000
829.140000
806.979999
811.000001
808.740001
808.959998
829.620000
807.039998
811.039999
807.960000
810.300000
809.519999
807.560001
807.620000
828.560002
808.699999
808.680002
806.740001
807.680000
824.859999
807.280000
809.739999
806.899998
809.999999
825.360000
809.600003
809.859999
806.779999
808.580000
827.180002
805.860002
809.580002
824.080002
810.300000
808.339998
807.980001
809.119999
827.080000
808.079999
807.960000
807.240002
807.460003
828.219999
808.259998
810.060002
807.100002
807.739999
825.920001
810.059998
808.539998
826.260000
809.540004
808.600001
808.820002
810.060002
824.600000
811.600000
806.919999
808.019999
809.639998
824.059997
810.899999
810.619999
807.760000
808.760002
826.059997
810.139999
808.820002
808.040000
809.319999
811.439998
810.820002
808.400001
828.139998
806.399997
807.599999
809.639998
807.859998
827.299997
809.160002
807.379998
805.560000
810.040001
824.940000
807.920001
808.380000
808.699999
811.140001
827.579997
810.240000
808.740001
826.280002
810.199998
809.739999
806.280002
808.680002
827.220000
808.380000
811.200000
809.940003
807.719998
827.559996
808.499999
808.700003
811.940003
810.659997
828.140002
810.520001
805.960000
808.839999
810.300000
827.220000
809.640002
808.820002
805.840001
808.139998
826.320000
808.019999
810.040001
827.400003
808.160000
808.720000
810.199998
807.200000
827.240001
807.220001
809.380002
807.659999
810.940001
828.439999
807.920001
809.739999
807.459999
808.160000
827.980001
807.579998
807.159998
825.539999
807.420000
807.559997
808.380000
808.940001
827.660002
808.959998
808.039997
806.420002
811.740000
829.140000
809.340000
807.840001
805.920001
809.680000
809.500001
807.340000
808.640003
825.619999
809.179999
807.560001
806.720000
811.639998
828.779999
811.040003
807.439998
807.460003
807.179999
828.340001
806.340002
808.139998
809.180003
807.280000
809.439998
809.060000
807.779998
823.999997
809.739999
809.440002
808.120001
807.780001
826.880001
807.440002
810.780000
810.259998
808.979999
828.520000
809.840001
807.820000
827.599999
809.959996
809.799999
809.180003
808.079999
824.859999
805.140000
812.139999
808.419999
808.619998
825.520001
809.080001
809.180003
805.739999
806.620002
820.800003
808.040000
808.699999
823.780000
808.619998
809.080001
810.460001
808.499999
826.760001
810.240000
808.879998
810.900003
810.739998
834.240001
810.399998
809.560001
810.320001
809.200000
825.280003
810.120001
806.519996
809.260000
808.780000
828.380000
809.780002
811.279997
811.460000
810.860001
809.099998
807.200000
807.699997
825.220000
806.639999
809.780002
809.320003
810.939997
825.959999
809.880003
807.140000
806.779999
807.440002
828.139998
808.440000
809.379999
807.379998
809.240002
824.960001
808.419999
806.580000
826.099999
806.960002
808.620002
807.799999
807.920001
827.240001
807.960000
809.179999
803.540003
809.520002
826.040000
808.359999
809.459999
808.160000
807.500001
824.079998
806.880001
811.699998
824.680001
808.120001
810.479999
824.820001
818.080001
809.640002
809.999999
808.359999
813.060001
816.620003
841.959998
827.340003
824.999999
811.099999
811.219998
833.299998
815.940000
808.580000
827.360000
807.119999
807.480000
806.660000
810.020000
809.700001
808.839999
807.439998
826.239999
808.699999
811.440002
827.360000
806.140002
807.700001
809.519999
808.920003
809.060000
809.699997
810.479999
826.260000
809.980001
807.960000
828.580000
810.399998
808.500003
808.240000
812.419999
808.520000
806.200001
806.699999
825.199999
807.760000
807.440002
826.660000
809.760001
810.980000
808.180001
808.400001
808.300000
808.460001
808.660001
827.580001
811.480001
826.660000
827.339999
817.139998
810.300000
808.699999
807.879999
811.919998
806.480002
807.939999
826.620001
809.379999
808.060002
827.299997
809.620000
808.720000
806.279998
807.719998
808.359999
809.999999
807.239998
828.120001
806.720000
808.260001
826.699998
805.640001
809.480000
809.900001
809.480000
807.459999
809.299998
806.520000
825.739998
809.220001
809.200000
826.880001
811.840001
809.359998
809.160002
810.759999
808.360003
807.120003
808.940001
826.299999
808.440000
811.120000
828.259997
810.460001
809.719998
807.379998
807.500001
807.220001
808.019999
810.279999
824.279997
808.320001
807.860002
824.060000
806.140002
808.720000
824.039999
809.560001
810.020000
812.800001
817.259997
832.179997
813.419998
810.980000
808.740001
808.460001
809.080001
807.979997
807.240002
826.840002
806.080002
808.660001
827.640001
810.819998
808.620002
809.080001
812.220000
811.319999
806.820001
806.680001
827.000000
809.119999
809.960000
829.600003
808.199998
810.819998
832.040001
805.460002
811.039999
