244.580000
245.780000
248.080000
245.920000
244.760000
248.020000
244.800000
245.980000
242.520000
247.280000
245.920000
258.600000
253.000000
246.680000
245.540000
243.160000
246.740000
259.700000
245.180000
247.600000
244.680000
243.280000
265.880000
249.140000
247.920000
245.540000
243.320000
245.000000
244.620000
249.020000
245.740000
245.280000
257.220000
247.880000
244.300000
244.780000
243.900000
244.000000
245.560000
250.280000
249.060000
252.620000
246.420000
241.060000
242.400000
246.220000
246.260000
250.140000
268.720000
262.420000
246.860000
247.840000
246.620000
245.080000
244.520000
248.460000
245.740000
247.100000
244.980000
247.400000
245.400000
242.140000
240.760000
243.280000
243.920000
247.740000
246.040000
245.620000
247.720000
255.020000
246.840000
247.520000
246.320000
240.640000
247.720000
246.780000
245.080000
244.700000
241.700000
246.720000
243.600000
243.260000
243.800000
246.100000
246.520000
245.320000
247.360000
244.480000
247.200000
246.460000
258.040000
244.900000
244.820000
244.260000
251.860000
244.140000
244.980000
246.380000
245.320000
244.420000
244.000000
244.180000
244.780000
244.240000
244.780000
248.640000
247.840000
244.700000
249.820000
245.940000
246.700000
256.660000
244.000000
245.820000
245.640000
244.360000
243.040000
249.360000
247.340000
246.840000
243.940000
244.540000
248.020000
250.300000
244.320000
239.980000
244.420000
241.960000
244.180000
245.080000
248.560000
242.960000
257.620000
248.080000
250.160000
245.640000
242.300000
245.960000
242.560000
242.700000
243.520000
248.000000
249.840000
270.600000
249.760000
247.280000
242.620000
245.260000
245.680000
245.940000
244.240000
244.300000
261.600000
243.460000
245.940000
246.940000
244.640000
246.840000
247.440000
244.420000
246.580000
246.600000
246.680000
243.760000
250.320000
246.580000
247.960000
245.940000
244.960000
244.680000
243.800000
245.140000
247.980000
258.680000
246.840000
245.160000
244.340000
245.480000
245.160000
244.220000
243.340000
246.560000
246.960000
244.860000
244.960000
247.360000
245.720000
243.880000
245.380000
247.540000
246.560000
246.380000
245.860000
251.760000
257.280000
244.880000
243.920000
245.160000
244.620000
247.620000
243.560000
245.320000
242.160000
250.380000
246.620000
247.080000
243.260000
246.400000
242.820000
245.220000
246.280000
246.060000
243.580000
249.240000
243.240000
255.820000
245.840000
245.160000
243.940000
247.220000
242.980000
243.160000
251.100000
243.820000
245.420000
245.620000
245.060000
247.100000
243.860000
243.460000
246.760000
243.300000
244.520000
247.220000
245.480000
248.700000
257.960000
244.920000
242.960000
244.120000
244.940000
244.720000
244.040000
240.960000
244.300000
244.660000
242.960000
245.460000
242.640000
245.940000
247.180000
249.400000
244.500000
247.200000
244.840000
243.840000
244.340000
260.000000
245.220000
245.220000
247.940000
246.140000
245.720000
245.080000
270.920000
247.640000
245.120000
247.820000
244.700000
249.200000
248.520000
245.360000
247.840000
244.780000
243.980000
246.000000
248.940000
262.660000
246.100000
241.980000
242.620000
244.780000
243.640000
248.040000
247.540000
245.100000
245.940000
244.600000
244.000000
246.700000
248.920000
245.580000
243.440000
245.260000
247.060000
247.780000
245.280000
245.000000
260.120000
241.340000
245.660000
245.360000
244.540000
245.900000
243.080000
247.900000
245.640000
244.540000
242.540000
246.060000
245.400000
244.280000
243.600000
246.340000
244.400000
243.560000
249.100000
246.800000
241.680000
259.260000
244.700000
243.980000
245.940000
245.120000
245.280000
245.540000
249.540000
249.900000
245.400000
246.940000
245.040000
243.460000
243.560000
244.400000
247.220000
242.760000
242.220000
243.440000
242.180000
243.700000
254.740000
242.680000
247.520000
247.740000
245.720000
245.080000
246.920000
245.460000
246.500000
247.040000
240.320000
246.360000
245.580000
243.780000
245.660000
244.980000
249.980000
244.960000
247.740000
245.760000
245.060000
258.240000
260.300000
246.780000
248.280000
244.120000
244.620000
247.960000
246.440000
247.500000
241.420000
245.340000
245.480000
243.460000
246.520000
246.260000
245.460000
245.600000
244.800000
246.100000
247.440000
245.380000
258.980000
255.320000
269.900000
249.900000
245.200000
242.380000
242.460000
245.880000
245.140000
244.940000
245.180000
245.900000
246.300000
242.820000
248.920000
245.920000
242.200000
243.340000
248.940000
245.540000
246.440000
254.860000
245.180000
245.560000
243.860000
248.020000
243.660000
246.980000
241.400000
242.440000
244.020000
244.020000
245.120000
244.860000
244.360000
248.160000
248.360000
245.620000
243.660000
242.340000
239.900000
245.920000
257.000000
245.260000
249.980000
243.580000
247.260000
245.420000
244.940000
246.520000
244.660000
244.720000
247.060000
248.560000
242.740000
244.340000
245.740000
245.620000
243.940000
247.960000
241.920000
244.700000
245.480000
256.420000
246.780000
246.740000
243.680000
244.240000
244.240000
242.120000
246.600000
245.880000
245.800000
251.580000
247.260000
244.140000
245.840000
246.620000
247.140000
242.300000
244.280000
242.720000
244.780000
246.120000
256.740000
246.380000
246.120000
244.480000
245.260000
245.700000
242.220000
245.720000
248.740000
243.300000
244.760000
246.620000
247.240000
247.180000
246.720000
243.280000
242.580000
244.120000
249.380000
245.180000
246.180000
260.160000
245.320000
245.800000
244.720000
245.100000
247.080000
245.840000
244.720000
247.120000
242.760000
242.160000
242.820000
243.840000
246.100000
244.880000
249.080000
245.980000
247.300000
271.080000
247.300000
255.120000
242.760000
244.720000
244.760000
245.800000
244.540000
244.200000
243.880000
247.600000
248.260000
244.340000
243.320000
244.480000
243.720000
244.660000
246.240000
244.720000
244.860000
245.480000
243.880000
247.200000
257.960000
245.620000
246.320000
252.000000
244.360000
242.860000
244.260000
245.820000
246.900000
246.760000
247.440000
244.520000
243.680000
245.480000
245.440000
246.280000
245.580000
244.880000
246.200000
245.620000
245.640000
256.020000
256.560000
245.240000
243.640000
244.320000
246.940000
244.980000
246.680000
246.000000
245.280000
243.960000
248.460000
242.600000
243.720000
246.120000
243.200000
246.180000
243.840000
242.620000
243.860000
242.120000
256.440000
260.260000
243.640000
246.480000
244.760000
243.480000
247.480000
246.100000
247.360000
242.600000
245.040000
243.000000
247.180000
256.640000
248.060000
244.020000
244.700000
245.400000
244.500000
249.660000
246.540000
260.620000
248.080000
243.060000
245.700000
246.320000
247.480000
244.120000
244.540000
243.420000
243.900000
240.580000
246.980000
247.540000
249.200000
245.680000
245.480000
245.680000
247.640000
246.500000
241.760000
243.840000
256.420000
244.180000
246.560000
247.340000
246.880000
245.920000
247.760000
243.020000
244.620000
241.960000
246.720000
248.660000
247.820000
246.140000
271.040000
247.700000
246.240000
244.760000
255.860000
243.120000
257.980000
243.980000
245.200000
246.920000
248.340000
245.160000
244.500000
245.180000
242.480000
244.440000
243.360000
244.980000
242.720000
243.300000
243.780000
247.160000
244.820000
246.460000
245.420000
243.380000
248.520000
257.660000
245.140000
245.440000
248.060000
245.840000
243.960000
255.780000
242.400000
247.680000
245.340000
244.840000
247.780000
248.460000
242.760000
242.900000
245.500000
246.900000
244.200000
248.380000
247.340000
244.740000
257.020000
247.140000
244.280000
245.500000
247.500000
243.800000
244.920000
247.200000
244.940000
242.500000
243.040000
247.380000
243.900000
243.620000
252.820000
246.540000
244.500000
243.660000
245.140000
243.800000
245.160000
257.500000
246.640000
245.100000
245.540000
243.120000
243.440000
246.160000
244.360000
244.380000
246.260000
243.740000
244.720000
245.500000
246.240000
242.560000
247.960000
246.700000
245.240000
247.040000
242.820000
247.540000
253.460000
250.540000
246.380000
244.720000
244.160000
243.840000
245.300000
246.540000
246.820000
245.880000
241.900000
244.580000
244.400000
246.540000
246.160000
245.260000
246.080000
242.620000
244.180000
247.620000
246.740000
256.600000
240.280000
245.540000
244.520000
246.780000
244.140000
244.380000
245.320000
244.740000
266.740000
268.180000
247.760000
243.020000
247.220000
244.260000
242.300000
244.260000
249.500000
245.500000
248.540000
257.680000
245.080000
244.740000
244.340000
241.560000
243.140000
245.940000
250.900000
243.400000
246.460000
244.520000
243.160000
243.100000
245.240000
244.500000
246.920000
246.460000
246.240000
245.780000
244.760000
243.120000
257.140000
255.660000
243.220000
244.480000
245.960000
243.140000
249.100000
245.880000
243.800000
243.860000
242.520000
246.260000
247.940000
246.560000
246.660000
244.500000
247.980000
246.320000
258.700000
240.760000
242.240000
242.020000
240.680000
240.940000
238.900000
244.940000
249.920000
243.400000
251.300000
243.800000
245.220000
245.760000
245.260000
244.280000
246.480000
261.880000
241.520000
247.800000
247.920000
249.600000
253.580000
247.100000
251.380000
248.120000
247.220000
248.900000
245.280000
244.700000
242.960000
246.080000
243.380000
247.520000
242.200000
245.940000
242.500000
258.780000
244.340000
245.320000
244.680000
245.000000
245.640000
245.020000
245.180000
244.280000
245.500000
245.340000
246.800000
245.320000
240.500000
248.580000
242.260000
243.680000
247.300000
243.380000
245.080000
248.820000
258.640000
244.880000
242.820000
245.680000
244.700000
245.120000
246.580000
247.480000
243.480000
244.180000
243.800000
248.680000
245.980000
271.880000
247.640000
247.680000
243.980000
246.200000
246.200000
244.100000
252.860000
244.700000
243.320000
244.400000
247.760000
242.800000
244.680000
247.340000
243.220000
243.980000
244.620000
245.080000
245.360000
246.020000
248.040000
246.880000
244.500000
247.400000
247.820000
245.460000
253.360000
257.900000
246.600000
245.120000
246.540000
242.800000
244.900000
246.900000
244.440000
244.880000
244.280000
241.460000
244.640000
244.420000
244.780000
247.680000
248.520000
245.340000
246.680000
248.520000
245.580000
243.480000
258.520000
243.200000
247.340000
243.780000
244.460000
243.080000
245.720000
246.460000
247.880000
246.800000
245.400000
243.320000
243.380000
249.940000
243.980000
246.300000
246.500000
245.300000
244.820000
245.160000
243.560000
255.680000
244.360000
243.740000
245.660000
246.460000
245.420000
245.260000
245.680000
243.840000
250.320000
243.920000
247.740000
247.320000
247.100000
244.360000
249.260000
245.040000
241.560000
247.020000
246.000000
257.140000
256.900000
245.400000
243.800000
246.140000
246.940000
245.960000
244.300000
245.300000
245.100000
241.220000
243.600000
246.980000
244.340000
248.640000
246.580000
244.820000
245.180000
246.380000
244.760000
245.520000
245.040000
259.640000
245.300000
251.600000
245.420000
245.980000
244.220000
243.420000
242.320000
243.100000
271.820000
248.240000
246.240000
246.660000
244.480000
251.800000
245.780000
247.760000
246.320000
247.620000
243.460000
260.000000
