72.149001
71.351998
70.794001
71.212001
70.928000
71.291998
70.421997
71.005002
70.782002
71.256999
70.544999
70.489001
70.526998
70.459999
71.028002
70.682999
70.619002
70.801999
71.476001
72.198998
71.325999
70.900001
70.831001
70.925999
71.159001
70.721000
71.056999
70.850000
71.116000
70.721999
71.195003
70.912998
70.475001
70.429999
70.553999
70.446000
70.418999
70.651997
70.569001
71.065001
70.930000
71.272999
70.423000
70.372000
70.347000
70.544001
70.721999
100.878000
72.567999
72.335001
72.333001
72.267000
71.815003
71.545001
75.376000
88.927001
76.695997
84.371999
75.682998
72.365999
71.637999
71.053002
70.776999
70.894998
70.730999
70.704002
70.613001
70.964001
70.629001
70.723999
71.160000
71.242001
70.740998
70.880000
70.675001
70.410002
70.571002
70.715003
70.475999
70.391998
70.724998
70.344999
70.994999
71.093000
71.126997
70.991002
70.447002
70.594002
70.538998
70.560999
70.673000
70.564996
70.537001
70.572000
70.541002
70.587002
70.432998
70.819002
70.370998
70.425000
70.765000
70.441000
70.682000
71.030002
70.827000
70.370000
70.390001
70.586000
70.570000
70.351999
70.551999
70.703000
70.529997
70.544001
70.560001
71.447998
71.006000
70.719998
71.187001
70.562001
70.360001
70.384998
70.434999
70.485000
71.084999
71.095001
71.107998
70.456002
70.427999
70.493001
71.029000
70.630003
70.566997
70.455998
70.383999
70.512999
70.558999
70.468999
70.402000
71.406998
70.549000
70.457000
70.440996
70.388999
71.038000
71.057998
70.693001
70.413001
70.431001
71.054000
71.093000
71.027000
70.402998
70.565000
70.389003
70.405997
70.406999
70.402998
70.434999
70.604999
71.046997
70.828002
71.155000
71.057998
70.431001
70.443999
70.365001
71.078002
70.375003
70.399001
70.393998
70.449002
70.363000
70.392001
70.997000
70.547000
70.521001
75.666998
71.019001
70.443999
70.686001
71.071997
70.668999
70.473999
70.390999
70.498001
71.185000
70.580002
70.386000
70.466999
70.689000
70.451997
70.381999
71.195997
70.356000
70.520997
71.123000
70.491999
70.595998
71.270000
70.423998
70.534002
70.482999
71.114998
70.631001
70.769999
70.487000
70.494000
70.714001
70.866000
70.585001
70.545997
70.390001
70.478000
71.297999
70.349000
70.981998
71.130000
71.175002
71.208000
70.370000
70.720002
70.383001
70.354000
70.565000
70.565000
70.490997
70.414003
70.792999
71.141999
70.369001
70.633002
70.615999
70.582002
71.437001
71.471997
71.043003
70.418999
70.424002
70.422001
70.657000
70.398003
70.669997
71.304001
70.475999
70.612002
71.004000
70.412997
70.719998
70.510998
70.447002
70.402000
70.518002
70.938002
70.590001
71.223002
70.563000
70.730001
71.128003
70.834000
70.632998
70.573002
71.155000
70.612002
70.580002
70.423000
71.233999
70.394997
70.604999
78.171998
70.996001
70.677001
70.827000
70.611998
70.617002
71.417000
70.365001
70.413999
70.331000
70.570998
70.347998
70.361000
70.503000
70.448000
70.489999
70.798002
70.365999
70.995003
70.512000
71.433000
71.224000
70.544999
71.297999
71.090002
70.730001
70.746001
70.613999
70.999000
70.822999
70.393998
70.691999
70.556998
70.398003
70.542000
71.148999
70.391998
70.416000
70.997000
70.413001
70.393000
71.311001
70.562001
70.921998
70.358001
70.983000
71.060002
70.524998
71.020998
70.377000
70.352998
70.383001
70.425000
70.367001
70.997000
74.597999
71.071003
70.366997
70.805002
70.450000
70.451997
70.510998
70.576999
70.834000
70.283998
70.317000
70.301998
70.397999
70.242997
70.363000
70.666000
70.459999
70.402000
70.492003
70.475001
70.229001
70.838999
70.174001
70.358001
70.873003
70.354000
70.842002
70.204999
70.721999
70.371002
70.541002
70.928998
70.230000
70.283998
70.342999
70.831999
70.184000
70.407998
70.239000
70.232000
70.509002
71.052000
71.077000
70.381999
70.362002
71.054000
70.407998
70.315000
70.218999
70.218001
70.872001
70.854001
70.216000
70.253003
70.507001
70.758998
70.535999
70.266001
70.379000
70.889000
70.263002
70.528001
70.406999
70.287999
70.278000
70.232000
71.016002
70.356000
70.989002
70.358999
70.354000
70.361000
70.184000
70.218001
70.912000
70.439000
70.540000
70.197999
70.344999
70.223000
70.803002
70.837997
70.163000
70.358999
71.003001
70.489001
70.266999
70.179999
70.374999
70.271999
70.849001
70.675999
70.728999
70.944998
70.742000
70.922002
70.965998
70.932001
70.191998
70.197999
70.232000
70.186999
70.923999
70.960000
70.809998
70.214000
70.211999
71.045998
70.443999
70.995998
70.418000
70.958003
70.698000
70.269000
70.255000
70.927002
70.555001
70.611998
71.063999
70.211001
71.086001
70.282001
70.889998
70.927002
71.079999
70.302002
70.613001
70.438001
70.566002
70.974000
70.375003
70.296001
71.049001
70.303001
70.239000
70.227999
71.056999
70.283003
70.383001
70.330001
70.381001
70.170000
70.505001
70.256002
70.790000
70.415001
70.222002
70.583999
70.306998
70.923999
70.723001
70.256002
70.251998
70.284002
70.331004
70.235997
71.022000
70.228998
70.315000
70.222002
71.008001
70.376001
71.037002
70.624001
70.380002
70.737999
70.639998
70.326999
70.923999
70.297997
70.238002
70.216000
70.209999
70.225000
70.923999
70.356000
70.419002
71.087003
70.387002
70.383999
70.347998
70.369001
70.362002
71.142998
71.053997
70.464000
70.646003
71.132001
70.510000
70.875000
70.502002
71.111999
71.245000
70.469003
70.712000
70.473000
70.751000
71.176000
70.470002
70.448000
70.424002
70.413999
70.454001
70.726998
70.825003
70.691999
70.606001
70.661999
70.560999
70.454001
70.377000
70.645001
71.179003
70.512000
70.768997
70.402000
70.514001
70.341997
70.528001
70.566002
70.473000
70.588998
71.066000
71.156003
70.512000
70.446998
71.293999
70.447002
70.505001
70.579000
71.219999
70.590001
70.390001
70.427001
70.418000
71.100000
70.684999
70.467003
82.731999
70.443999
71.171999
70.482999
71.153998
70.416003
70.537999
70.381999
70.545997
70.546001
70.775002
70.364002
70.389003
70.951000
71.045998
70.349999
71.142998
70.353001
70.370000
71.094997
70.570998
71.053002
71.206998
71.355000
70.651002
70.883002
70.434999
70.379999
70.563000
70.573997
70.421997
70.461001
70.402000
70.980001
70.627000
71.166001
71.105000
70.585001
70.395000
70.482001
70.418999
71.059000
70.542000
70.446998
70.361000
70.987999
70.363000
70.969000
70.560001
71.185000
71.059000
70.383001
70.461001
70.420001
70.526998
71.233999
70.446000
70.928000
70.634000
70.598997
70.859000
70.592999
70.610002
70.859998
70.850000
71.378000
70.814002
70.817001
70.542999
70.881002
70.725001
70.756998
71.246002
70.908003
71.182001
70.505999
70.700999
70.352998
70.888001
71.486000
70.508000
70.609000
70.521999
70.462000
70.493001
71.274001
71.127001
70.524998
70.615001
70.374001
70.588000
71.191002
70.351001
70.459001
70.464998
70.395999
71.162999
70.880000
70.674002
70.427999
71.050998
70.361998
70.569001
70.371002
71.221001
70.347000
70.562001
71.207002
70.526000
70.345998
71.140002
70.600003
70.440002
70.398998
70.696000
70.627000
70.633002
70.521999
70.429001
71.102001
70.544999
70.556998
70.497002
70.466001
71.217999
70.567999
70.388999
70.475999
71.230002
70.837002
70.405003
70.572998
70.565000
71.308997
70.483997
70.379000
70.409000
70.427001
70.395000
71.177997
70.697002
70.398998
70.355002
71.215000
70.374999
70.344999
70.569001
70.929002
70.607997
70.492998
71.222000
70.595998
70.459999
70.588000
70.427001
70.541002
70.493001
70.526000
70.588998
70.519000
70.696998
70.572000
70.463002
70.710000
71.113002
70.638001
75.229999
70.953999
70.664000
70.379000
70.348002
70.200998
70.198003
70.234001
70.502002
71.082003
71.118001
70.191000
71.084000
70.280001
70.344999
70.172001
70.326000
70.321999
71.070001
70.530999
70.349999
70.310000
70.926003
70.841998
70.403997
70.856001
70.347998
70.249997
71.329001
70.211001
70.335999
70.270002
70.246000
70.397999
70.509002
70.854001
71.187999
70.566997
70.412997
70.663001
70.471998
70.392001
71.043998
70.565000
70.418999
71.003001
70.513997
71.171001
70.512000
70.434000
70.427999
70.659999
71.172997
70.573002
71.048997
71.146000
70.475999
70.878003
70.608001
70.784997
71.310997
70.735000
70.393000
70.510998
70.579000
70.555001
70.385002
70.396002
70.402000
71.013000
70.412003
70.413001
70.648998
71.145002
70.459001
70.446000
71.249999
71.157999
70.533998
70.517000
71.148001
70.572000
70.570998
71.156997
70.412003
70.464000
70.602000
70.629001
70.507001
70.572998
70.786998
70.467997
70.459999
70.397999
71.050998
71.083002
70.521999
70.508998
70.634000
70.615001
70.368998
70.451003
70.361000
70.354998
70.613001
70.686001
70.381001
70.592001
70.704002
70.707999
70.559002
70.447002
71.040001
70.588000
70.978001
70.558000
70.574999
70.942998
70.480999
71.031000
71.394999
70.568003
71.201000
70.574999
71.295001
70.462000
70.672002
70.404999
70.517998
74.948002
70.879001
71.187999
70.413001
71.100000
70.526000
71.258001
70.402998
70.549998
71.364999
70.808001
70.756003
70.513997
70.537001
70.475001
70.365001
70.995998
70.466999
71.001001
70.411999
70.495002
70.569001
70.850000
70.580002
71.237002
71.116000
70.416000
70.512999
70.574999
70.712999
70.526998
70.365999
70.381001
70.681002
70.381001
70.703000
70.511002
70.882998
70.659000
70.510000
70.852000
70.725001
70.365001
70.608001
70.218999
70.348002
70.204001
70.547000
70.259001
70.351001
70.765000
70.634998
70.245001
70.207998
70.179999
70.212003
70.429001
70.875999
70.209000
70.234001
70.303999
70.508000
70.200000
71.176000
70.232000
70.344999
70.340998
70.395000
70.206001
70.243001
70.749000
70.459999
70.239000
70.324000
70.521999
70.455998
70.409998
70.863001
70.305999
70.239998
70.232999
70.981000
70.914999
70.239998
70.964999
70.219997
70.209999
71.040001
70.203003
70.402998
70.370000
70.382003
70.668001
70.286002
70.352998
70.271999
70.448000
70.937000
70.375998
70.214998
70.401002
70.663001
70.409998
70.508998
70.500001
70.342999
70.331998
71.347002
70.243999
70.967000
74.608002
70.598003
70.404001
70.436999
70.395000
70.942000
70.574999
70.504002
70.935000
70.384998
70.282999
70.471000
70.836000
70.370000
70.367999
70.721000
70.819002
70.201002
70.487998
71.075000
70.213001
70.459999
70.878003
71.014002
70.784003
70.324998
71.123999
70.769999
70.914000
70.372000
70.635002
70.308998
70.436001
