0.688001
0.627000
0.620000
0.605000
0.610000
0.611001
0.610000
0.605000
0.610000
0.611001
0.610000
0.605000
0.608999
0.611000
0.610000
0.606000
0.610000
0.611001
0.609000
0.605000
0.610000
0.611000
0.609000
0.605999
0.610000
0.611000
0.610000
0.605000
0.609000
0.611001
0.608999
0.605000
0.610000
0.611001
0.608999
0.605000
0.608999
0.611001
0.610000
0.604999
0.610000
0.611001
0.610000
0.605000
0.609000
0.611000
0.609000
0.605000
0.610000
0.610000
0.610000
0.605999
0.609000
0.611000
0.608999
0.605000
0.610000
0.611001
0.610000
0.605000
0.610000
0.610000
0.610000
0.605000
0.610000
0.611000
0.610000
0.605999
0.610000
0.611000
0.610000
0.605000
0.608999
0.611000
0.610000
0.605000
0.608999
0.611001
0.610000
0.605000
0.610000
0.611001
0.610000
0.605999
0.609000
0.611001
0.610000
0.604999
0.608999
0.611000
0.608000
0.610000
0.610000
0.612000
0.609000
0.610000
0.610000
0.610000
0.608999
0.605999
0.610000
0.611000
0.610000
0.605000
0.608999
0.610000
0.610000
0.605000
0.610000
0.611000
0.609000
0.605000
0.610000
0.611000
0.608000
0.611000
0.610000
0.615000
0.604999
0.611000
0.609000
0.611000
0.604999
0.611000
0.610000
0.611000
0.605000
0.611001
0.610000
0.611000
0.605000
0.611000
0.610000
0.611000
0.605000
0.611000
0.610000
0.611001
0.604999
0.611000
0.614000
0.611000
0.605000
0.611000
0.610000
0.611000
0.604999
0.611000
0.610000
0.611000
0.605000
0.611000
0.610000
0.611000
0.604999
0.611000
0.613000
0.611000
0.605000
0.611000
0.604001
0.611000
0.605000
0.611000
0.609000
0.611001
0.605000
0.611000
0.609000
0.611000
0.605000
0.611000
0.610000
0.609000
0.609000
0.611000
0.608999
0.611000
0.605000
0.611000
0.610000
0.611000
0.605000
0.611000
0.610000
0.611000
0.605000
0.611001
0.610000
0.611001
0.605000
0.611000
0.610000
0.611000
0.605000
0.611000
0.610000
0.611000
0.605000
0.610000
0.611000
0.611000
0.610000
0.611000
0.609000
0.611001
0.605000
0.611000
0.610000
0.611000
0.610000
0.611000
0.610000
0.610000
0.605000
0.611000
0.610000
0.609000
0.605000
0.611000
0.611001
0.611000
0.605000
0.611000
0.609000
0.611000
0.605000
0.611000
0.610000
0.611000
0.605000
0.611000
0.610000
0.611000
0.608000
0.611000
0.609000
0.611000
0.605000
0.611000
0.608999
0.611001
0.605000
0.610000
0.610000
0.611001
0.605000
0.608999
0.609000
0.611000
0.604999
0.611000
0.610000
0.611000
0.605000
0.611000
0.609000
0.611001
0.605000
0.611000
0.610000
0.610000
0.604999
0.611000
0.609000
0.611000
0.604999
0.611000
0.608000
0.610000
0.604999
0.611000
0.609000
0.611001
0.605000
0.611000
0.610000
0.611000
0.605000
0.611001
0.610000
0.611001
0.604999
0.611000
0.610000
0.611000
0.605000
0.611000
0.610000
0.611000
0.605000
0.611000
0.610000
0.611000
0.604999
0.611001
0.610000
0.611000
0.610000
0.611000
0.610000
0.610000
0.605000
0.611000
0.609000
0.611001
0.605000
0.611001
0.610000
0.611000
0.605000
0.611000
0.612000
0.610000
0.605000
0.611000
0.609000
0.611001
0.604999
0.611001
0.610000
0.611000
0.605000
0.611001
0.610000
0.611000
0.604999
0.611000
0.610000
0.611001
0.605000
0.611001
0.610000
0.610000
0.605000
0.611000
0.610000
0.610000
0.605000
0.613000
0.610000
0.611001
0.604999
0.611000
0.610000
0.611001
0.610000
0.611000
0.609000
0.611000
0.608000
0.611000
0.615001
0.611000
0.605000
0.611000
0.614000
0.611000
0.605000
0.611000
0.610000
0.611000
0.605000
0.610000
0.610000
0.610000
0.612000
0.610000
0.609000
0.611000
0.604999
0.611000
0.610000
0.611000
0.605000
0.611000
0.610000
0.611000
0.605000
0.611000
0.609000
0.611000
0.605000
0.611000
0.610000
0.611001
0.605000
0.611000
0.610000
0.611001
0.605000
0.611000
0.609000
0.611000
0.605000
0.611001
0.610000
0.611000
0.605000
0.611001
0.610000
0.611000
0.605000
0.611000
0.610000
0.611000
0.605000
0.611000
0.610000
0.611000
0.605000
0.611000
0.610000
0.611000
0.605000
0.611001
0.610000
0.611000
0.605000
0.611001
0.610000
0.610000
0.610000
0.611000
0.610000
0.611000
0.605000
0.611000
0.609000
0.611001
0.605000
0.611000
0.610000
0.611000
0.605000
0.630000
0.622000
0.624000
0.624000
0.622000
0.624000
0.624000
0.624000
0.622000
0.624000
0.624000
0.623999
0.622000
0.624000
0.624000
0.624000
0.622001
0.623999
0.620000
0.624000
0.621000
0.624000
0.627000
0.624000
0.622000
0.624000
0.624000
0.624000
0.622000
0.624000
0.624000
0.624000
0.619000
0.624000
0.624000
0.624000
0.622000
0.624000
0.624000
0.624000
0.622000
0.623999
0.620000
0.624000
0.622000
0.624000
0.624000
0.624000
0.626000
0.624000
0.624000
0.624000
0.622001
0.624000
0.619000
0.624000
0.622001
0.624999
0.624000
0.624000
0.622000
0.623999
0.624000
0.624000
0.622001
0.624000
0.624000
0.624000
0.622000
0.624000
0.624000
0.624000
0.622000
0.624000
0.623999
0.624000
0.622001
0.624000
0.624000
0.624000
0.622000
0.624000
0.623999
0.624000
0.622000
0.624000
0.624000
0.623000
0.621000
0.624000
0.624000
0.624000
0.622000
0.624000
0.624000
0.624000
0.622001
0.622001
0.624000
0.623999
0.622000
0.624000
0.624000
0.625000
0.622000
0.627999
0.624000
0.624000
0.622000
0.623999
0.624000
0.624000
0.622000
0.624000
0.624000
0.624000
0.622000
0.624000
0.624000
0.624000
0.622000
0.624000
0.624000
0.624000
0.622000
0.624000
0.624000
0.624000
0.622000
0.624000
0.624000
0.624000
0.622000
0.625000
0.624000
0.624000
0.622000
0.624000
0.624000
0.624000
0.622001
0.623999
0.624000
0.622000
0.622001
0.623999
0.624000
0.624000
0.622000
0.624000
0.624000
0.623999
0.622001
0.624000
0.624000
0.624000
0.622000
0.624000
0.623999
0.624000
0.622001
0.623999
0.624000
0.624000
0.622000
0.624000
0.624000
0.624000
0.622000
0.623001
0.622000
0.624000
0.622001
0.624000
0.624000
0.623999
0.622000
0.624000
0.624000
0.624000
0.622000
0.623999
0.624000
0.624000
0.622000
0.624000
0.624000
0.625000
0.622001
0.624000
0.624000
0.624000
0.622001
0.624000
0.624000
0.624999
0.622001
0.624000
0.624000
0.624000
0.622001
0.624000
0.624000
0.624000
0.622000
0.624000
0.624000
0.624000
0.622001
0.624000
0.624000
0.624000
0.622000
0.624000
0.624000
0.624000
0.622000
0.624000
0.624000
0.624000
0.622001
0.624000
0.624000
0.624000
0.622000
0.624000
0.624000
0.625000
0.622000
0.624000
0.624000
0.624000
0.622000
0.624000
0.624000
0.624000
0.623000
0.624000
0.624000
0.628000
0.622001
0.624000
0.624000
0.623999
0.622000
0.624000
0.624000
0.624000
0.622001
0.623999
0.624000
0.624000
0.622000
0.624000
0.623999
0.624000
0.622000
0.624000
0.627000
0.624000
0.622001
0.622000
0.624000
0.624000
0.622001
0.624000
0.624000
0.624000
0.622000
0.624000
0.624000
0.624000
0.622000
0.624000
0.623000
0.624000
0.622000
0.624000
0.624000
0.624000
0.622000
0.624000
0.624000
0.624000
0.622000
0.623999
0.624000
0.623999
0.622001
0.624000
0.624000
0.623999
0.622000
0.624000
0.623999
0.624000
0.622000
0.624000
0.623999
0.624000
0.622001
0.624999
0.624000
0.623999
0.622001
0.623999
0.624000
0.624000
0.622001
0.624000
0.624000
0.624000
0.622000
0.624000
0.624000
0.624000
0.621000
0.624000
0.624000
0.624000
0.623000
0.623999
0.624000
0.624000
0.622001
0.624000
0.624000
0.624000
0.622000
0.624000
0.624000
0.624000
0.623000
0.624000
0.624000
0.624000
0.622000
0.623000
0.624000
0.624000
0.622001
0.624000
0.624000
0.624000
0.622000
0.624000
0.624000
0.624000
0.621000
0.624000
0.624000
0.623999
0.622000
0.624000
0.624000
0.624000
0.622000
0.624000
0.623999
0.624000
0.621000
0.624000
0.624000
0.623999
0.622000
0.624000
0.624000
0.622000
0.622000
0.624000
0.624000
0.624000
0.622000
0.624000
0.624000
0.628000
0.622000
0.624000
0.624000
0.624000
0.622001
0.624000
0.623999
0.624000
0.622001
0.624000
0.624000
0.624000
0.622000
0.624000
0.624000
0.624000
0.622001
0.629000
0.624000
0.624000
0.622001
0.624000
0.624000
0.624000
0.622001
0.624000
0.624000
0.624000
0.622001
0.624000
0.624000
0.623999
0.622000
0.624000
0.623000
0.624000
0.622001
0.624000
0.624000
0.624000
0.622000
0.624000
0.624000
0.624000
0.622001
0.624000
0.627000
0.624000
0.622001
0.624000
0.624000
0.624000
0.621000
0.624000
0.624000
0.624000
0.622001
0.623999
0.624000
0.623999
0.622001
0.627000
0.624000
0.623999
0.622000
0.623999
0.623999
0.624000
0.622001
0.624000
0.624000
0.624000
0.622001
0.624000
0.624000
0.624000
0.622001
0.624000
0.624000
0.624000
0.620999
0.625000
0.623000
0.624000
0.622000
0.624000
0.624000
0.624000
0.622001
0.624000
0.624000
0.624000
0.622000
0.627000
0.624000
0.624000
0.622000
0.624000
0.624000
0.625000
0.622000
0.624000
0.624000
0.624000
0.622000
0.623999
0.624000
0.624000
0.622000
0.624000
0.624000
0.624000
0.622000
0.624000
0.624000
0.626001
0.622001
0.623999
0.624000
0.624000
0.622000
0.624999
0.624000
0.623999
0.622000
0.624000
0.624000
0.624000
0.622000
0.624000
0.624000
0.624999
0.622001
0.624000
0.623999
0.624000
0.622001
0.624000
0.624000
0.624000
0.620999
0.624000
0.624000
0.624000
0.622000
0.624000
0.624000
0.624000
0.622000
0.624000
0.623999
0.624000
0.622000
0.624000
0.624000
0.624000
0.622000
0.624000
0.624000
0.627000
0.622001
0.624000
0.623000
0.625000
0.619000
0.624000
0.624000
0.624000
0.622001
0.624000
0.624000
0.624000
0.622001
0.624000
0.624000
0.627999
0.622001
0.623999
0.624999
0.623999
0.622000
0.624000
0.624000
0.624000
0.624999
0.624000
0.624000
0.624000
0.622000
