694.700000
696.060000
696.900000
694.480000
695.099999
696.780000
693.560000
719.260000
691.500000
693.840000
697.540000
713.440000
697.240001
694.200000
696.300000
717.780000
698.940000
693.560000
697.180000
712.420001
694.500000
692.400000
696.300000
695.040000
696.840000
696.380001
695.980000
696.959999
714.120000
694.519999
712.499999
694.160000
692.980000
692.620000
714.199999
697.220000
692.520000
695.560000
713.099999
693.580001
696.959999
698.960001
710.120000
693.660000
696.700000
712.560000
693.960000
698.720000
694.480000
725.000000
692.680000
698.659999
697.720001
714.580000
694.060001
698.900000
693.900000
711.400000
694.519999
693.520000
695.500000
696.360000
696.720000
695.780000
697.840000
697.000000
715.880000
695.980000
696.340000
696.220000
717.580000
694.580000
694.480000
699.259999
710.960000
696.040001
699.000000
696.280001
695.160001
693.580000
699.640000
695.800000
696.560000
729.379999
699.960000
694.340000
699.380000
716.039999
693.060000
691.360000
697.720001
714.140000
692.020000
696.880000
696.920000
696.080000
698.900000
691.960000
695.119999
699.660000
717.340000
700.680000
711.860000
702.760000
732.020000
693.720000
697.140000
694.680000
719.799999
692.820000
716.800001
705.399999
730.180000
709.420000
696.700000
693.639999
698.260000
694.780000
698.140000
700.860000
699.360000
730.280000
717.900001
713.420000
706.220000
733.539999
698.240000
700.360000
697.199999
715.380000
696.840000
695.340000
697.679999
693.899999
693.940000
692.200000
693.020000
697.480000
717.000000
697.580000
694.680001
697.699999
712.620000
693.020000
697.180000
697.459999
727.820000
695.259999
694.560000
695.040000
693.360000
692.240000
699.100000
696.720000
697.860000
716.539999
692.659999
700.180001
698.639999
718.620000
697.160000
696.780000
694.600000
720.240001
695.640001
698.880000
695.200000
764.000000
693.100000
693.460001
696.720000
694.800000
697.220000
697.460000
696.120000
693.180000
691.280000
692.540000
696.000000
696.500001
717.180001
698.180000
699.500000
697.980000
717.380000
694.400000
699.700000
696.719999
763.440001
695.820000
696.140000
694.900000
692.439999
696.880000
698.700000
696.980000
696.040001
717.440001
693.120000
695.400000
696.440000
721.660000
697.180000
698.460001
695.280000
717.460000
694.000000
695.300000
691.280000
693.100001
697.920000
695.220000
697.080000
697.480000
694.220000
696.640000
698.580001
699.680001
720.260000
695.700000
695.339999
696.920000
712.400000
696.360000
695.220000
692.820000
713.719999
696.880000
694.519999
696.380000
696.600000
698.220000
694.860000
696.400000
695.360000
711.979999
697.240000
694.740000
698.600000
714.980000
695.200000
694.920000
697.180000
715.140000
695.600000
695.120000
697.780000
697.860000
696.240000
693.320000
694.180000
697.860000
714.819999
693.240000
692.860000
696.280000
723.719999
696.120000
697.380000
696.699999
717.639999
693.039999
695.660000
695.160000
709.280000
694.460000
695.920000
698.400000
698.880000
696.180000
694.440000
697.300000
694.060000
717.759999
699.659999
696.200000
698.240000
720.880000
692.720001
700.340000
697.460000
717.300000
692.960000
696.020000
695.720000
690.960000
694.859999
693.299999
695.540001
695.740000
718.460000
693.800000
693.560000
696.280000
717.640000
694.480000
694.880000
695.479999
714.439999
696.239999
694.200000
699.540000
715.960001
778.800000
689.700000
693.539999
697.740000
693.280000
694.000000
698.179999
693.740000
716.519999
693.259999
693.879999
695.300000
711.760000
694.220000
692.140000
695.540000
721.300000
694.399999
691.880001
697.720001
699.980000
692.560000
697.180000
694.019999
698.160000
712.840000
693.000000
707.560000
699.680000
715.200000
707.080000
715.880000
713.460000
735.880001
703.340000
699.480001
700.920000
715.240000
695.280000
697.300000
695.720000
696.600000
697.040000
693.320000
696.840000
696.400001
715.200000
692.420000
697.600000
700.440001
719.220000
695.860000
692.180000
693.659999
716.120000
692.319999
692.120001
696.380000
698.440000
695.820000
692.900000
697.900000
697.000001
721.260000
695.720000
692.240001
695.359999
721.760000
695.100000
696.260000
701.140000
709.300000
697.300000
693.760000
694.700000
713.120000
693.080000
695.800000
699.340000
695.440000
692.760000
694.820000
693.120000
693.640000
719.320000
695.560001
697.800000
693.039999
714.040000
694.120000
694.660000
694.200001
719.840000
699.620000
696.060000
695.360000
694.340000
693.460001
693.160000
695.900000
697.800000
718.800000
694.000000
694.960000
697.280000
722.660000
694.560001
693.000000
700.619999
713.700000
694.279999
696.900000
693.220000
692.180000
690.140001
693.780000
693.940000
713.420001
692.520000
696.339999
695.880000
719.200000
695.660000
695.540000
696.339999
714.900000
693.380000
693.840000
695.280001
695.920000
697.480000
694.420000
697.220000
696.280001
715.820000
699.100000
696.880001
697.340000
716.000000
694.400000
694.220000
696.500000
718.260000
695.060000
691.780000
692.960001
696.300000
695.120000
694.320000
698.000000
697.360000
720.640000
694.200000
695.420000
699.779999
720.260000
696.340000
697.880001
697.140001
720.820000
692.820000
696.800000
693.660000
694.820000
693.180000
696.780000
695.400001
695.940000
691.880000
695.420000
697.939999
699.300000
716.880000
693.820000
697.319999
698.280000
720.900000
695.480000
694.040000
692.760000
715.260000
693.320001
698.320000
697.819999
695.580000
691.720000
695.780000
696.920000
696.980000
712.640001
695.060000
695.360000
698.779999
718.700000
695.880000
697.459999
694.920000
716.320000
697.080000
694.780000
696.920000
694.980000
694.440000
693.020000
695.680000
696.420000
694.240000
695.580000
698.180000
696.280000
709.400000
694.920000
692.300000
701.040000
719.500001
695.920000
692.740000
695.280000
713.820000
694.740000
694.900000
696.860000
694.900000
696.480000
695.680000
694.860000
695.520000
713.560000
696.980000
693.639999
691.760000
716.340000
690.380001
694.840000
695.620000
710.340000
694.880000
698.000000
698.480000
693.300000
693.539999
692.820000
698.059999
697.100000
718.700000
696.840000
698.340000
696.679999
720.760000
695.900000
696.520001
696.599999
716.659999
695.680000
690.440000
699.320001
711.979999
693.260000
696.380000
692.380000
698.980000
695.100000
692.720001
701.060000
693.879999
718.260000
696.300001
696.939999
696.420000
715.900000
694.660001
695.280001
697.140000
721.800000
695.580000
692.800000
694.600000
695.800000
695.280000
690.780000
694.420001
695.200000
719.620000
694.320001
699.920001
693.280000
717.800001
695.360000
691.940000
698.320000
713.500001
693.059999
697.459999
694.420000
714.660000
694.619999
694.800001
696.300001
695.740000
695.880000
696.300000
695.480000
695.920000
716.039999
693.720001
694.499999
696.460000
716.519999
694.860000
693.360000
695.300000
720.480001
694.760000
698.020000
699.039999
693.160000
697.220000
697.059999
695.160000
695.600000
717.180000
697.240001
696.560000
696.660000
715.300000
693.100000
693.280000
696.700000
720.199999
692.100001
696.980000
696.180000
720.560000
693.100000
695.600000
698.260000
697.960000
693.420000
695.859999
696.400000
695.640001
718.140000
691.679999
692.780000
696.880000
720.620000
696.819999
697.180000
696.200000
713.200000
694.460000
695.540000
695.880000
694.100000
693.440001
695.320000
694.920001
694.640000
714.180000
694.700001
691.640000
692.480001
718.839999
693.960000
695.520001
696.080000
720.819999
693.300000
696.440000
697.300000
712.900001
693.140000
698.240001
694.540001
695.420000
693.660000
697.200000
694.540001
696.479999
719.620000
693.860000
697.439999
694.140000
708.620000
694.000000
697.740000
691.640000
712.080000
697.460000
696.140001
696.620000
695.440000
695.739999
691.780000
705.640000
697.300000
712.499999
696.300000
697.240001
695.560000
718.499999
695.420000
694.280000
699.340000
718.600000
685.740001
691.060000
695.660000
697.040000
692.840001
695.220000
694.080000
697.320000
691.220000
693.240000
696.280000
694.500000
714.360000
693.440000
696.280001
691.100000
720.160000
694.660000
694.500000
695.820000
712.700000
693.419999
693.560000
696.300000
696.380001
696.120000
693.760000
694.300001
691.860001
712.620000
695.440000
698.220001
696.099999
712.259999
695.200000
696.459999
692.900000
713.760000
695.379999
693.999999
695.300000
697.620000
694.420001
690.640001
692.580000
697.380000
713.740001
694.720000
693.940000
693.680000
719.860000
696.660000
693.320000
693.760000
719.400000
695.900000
691.360001
696.100000
696.720000
693.020000
698.300000
694.499999
696.160000
718.780000
694.960000
697.860001
693.220000
718.520000
694.200000
695.060000
691.620000
720.579999
693.880000
695.840000
696.140000
716.360000
691.960000
698.460000
697.300000
696.400000
697.900000
692.120001
697.520000
699.980000
716.279999
692.820000
697.980000
695.859999
718.680001
695.960000
691.680000
694.800001
715.260000
692.940000
695.100000
698.380000
691.840000
695.300001
697.360001
698.020000
698.320000
721.100000
696.160000
697.919999
696.000000
717.280000
694.960000
696.080000
695.259999
712.860000
691.780000
697.320000
697.940000
714.660000
694.620000
693.960000
695.619999
697.819999
697.560000
694.620000
694.900000
692.860000
722.140000
696.280000
694.220000
698.900000
719.800000
695.600000
699.820000
696.560000
717.880000
692.280000
694.759999
694.520000
697.340000
697.120000
692.860000
696.760001
695.000000
716.980000
699.539999
693.720000
696.420000
712.660000
695.660000
695.320000
699.140000
716.360000
691.480000
695.380000
692.640000
693.440000
695.040000
694.520000
694.080001
696.860000
695.379999
694.960000
694.200000
695.800000
721.539999
694.180000
696.440000
696.120000
721.360000
696.180000
690.180000
696.080000
715.460001
694.240000
696.500000
695.140000
696.460000
694.480000
694.300000
698.280000
700.340000
717.880000
695.620000
693.499999
695.060000
715.360000
694.440000
695.900001
694.620000
721.640000
696.380001
694.420001
696.120000
697.880000
692.420000
695.579999
696.740001
699.240000
695.360000
696.600000
694.260000
693.060000
713.000000
694.100000
693.500000
695.620000
716.280000
698.820000
693.120000
699.639999
715.319999
693.500000
694.140000
693.060000
698.260000
698.320000
697.740000
694.980000
698.500001
717.340000
696.400000
696.120000
695.060000
712.040001
694.720000
694.920001
695.580000
720.260000
695.920000
695.600000
699.220000
697.360000
694.279999
697.820000
692.980000
700.040000
693.640000
697.940000
693.460000
695.320000
719.240000
695.979999
697.160000
697.260000
721.300000
695.760000
693.460000
696.180000
713.220000
691.860000
695.680000
695.800000
696.640000
693.540000
694.540000
695.440000
695.720000
709.840000
693.580001
696.140000
694.180001
718.840000
697.940000
708.220000
711.840000
723.120000
708.900000
702.939999
701.960000
719.960000
692.360000
698.220000
697.620001
706.660000
703.540000
711.020000
704.400000
702.100000
720.600001
695.680000
696.500001
697.840000
716.600000
697.960000
705.279999
709.100001
732.880000
712.300000
711.320001
715.860000
727.080000
706.180001
700.960000
695.160001
695.540000
694.540001
