15.480001
8.900002
8.679997
8.740000
8.620001
8.619998
8.639999
8.639999
9.039998
8.620001
8.620001
8.640002
8.620001
8.640002
9.720001
8.780003
8.620001
8.639999
8.619998
8.760002
8.619998
8.619998
8.639999
8.639999
8.620001
8.619998
8.620001
8.640002
8.620001
8.639999
8.620001
8.640002
8.619998
10.580000
8.940000
8.859999
8.859999
8.779999
8.760002
8.719999
8.680001
8.719999
8.700002
9.080000
8.619998
8.740000
8.899998
8.619998
8.700002
8.619998
8.779999
8.779999
8.620001
8.700002
8.879997
8.699998
8.699998
8.699998
8.800000
8.859999
8.700002
8.860003
8.700002
8.640002
8.620001
8.639999
8.699998
8.620001
8.620001
8.800000
8.779999
8.779999
8.700002
8.640002
8.620001
8.779999
8.719999
8.900002
8.719999
8.620001
8.800000
8.619998
8.700002
8.800000
8.779999
8.639999
8.699998
8.639999
8.600000
8.620001
8.620001
8.719999
8.800000
8.699998
8.619998
8.640002
8.619998
8.640002
8.620001
8.640002
8.640002
8.639999
8.620001
8.639999
8.639999
8.620001
8.639999
8.620001
8.620001
8.639999
8.639999
8.620001
8.620001
8.640002
8.620001
8.639999
8.620001
15.459999
8.619998
8.620001
8.640002
8.640002
8.600000
8.620001
8.639999
8.639999
8.640002
8.640002
8.639999
8.620001
8.620001
8.640002
8.640002
8.640002
8.620001
8.639999
8.619998
8.619998
8.620001
8.639999
8.640002
8.639999
8.640002
14.500003
8.620001
8.640002
8.620001
8.620001
8.620001
8.620001
8.619998
8.620001
8.620001
8.640002
8.620001
8.639999
8.639999
8.639999
8.620001
8.620001
8.620001
10.080002
8.960001
8.779999
8.700002
8.719999
8.859999
9.119999
8.880001
8.780003
8.700002
8.719999
8.620001
8.880001
8.619998
8.619998
8.699998
8.700002
8.719999
9.140000
8.619998
8.840002
8.680001
9.120002
8.699998
8.880001
8.699998
8.620001
8.699998
8.700002
8.639999
8.920003
8.699998
8.719999
8.719999
8.660000
8.620001
8.700002
8.700002
8.700002
8.700002
8.639999
8.699998
8.719999
8.640002
8.760002
8.619998
8.700002
8.619998
8.779999
8.620001
8.620001
8.700002
8.639999
8.620001
8.620001
8.620001
8.779999
8.620001
8.639999
8.699998
8.880001
8.620001
8.620001
8.699998
8.780003
8.620001
8.639999
8.619998
8.640002
8.619998
8.639999
8.619998
8.620001
8.620001
8.620001
8.620001
8.620001
8.619998
8.639999
8.639999
8.640002
8.619998
8.620001
8.639999
8.640002
8.620001
8.640002
8.639999
8.640002
8.639999
8.640002
8.620001
8.620001
8.620001
8.640002
8.619998
8.639999
8.639999
8.619998
8.620001
8.620001
8.639999
8.639999
8.620001
8.639999
8.639999
8.639999
8.619998
8.620001
8.760002
8.780003
8.619998
8.639999
8.619998
8.639999
8.619998
8.639999
8.640002
8.620001
8.620001
8.640002
8.619998
8.640002
8.620001
8.619998
8.619998
8.639999
8.619998
9.939998
9.080000
8.759998
8.719999
8.720003
8.699998
8.940000
8.859999
8.700002
8.700002
9.100001
8.620001
8.800000
8.700002
8.719999
8.859999
9.020001
8.699998
8.840002
8.620001
8.700002
8.700002
8.780003
8.619998
8.779999
8.639999
8.639999
8.699998
8.640002
8.719999
8.699998
8.660000
8.639999
8.760002
8.719999
8.620001
8.800000
8.700002
8.719999
8.800000
8.639999
8.639999
8.619998
8.620001
8.639999
8.619998
8.699998
8.700002
8.620001
8.639999
8.620001
8.640002
8.700002
8.620001
8.639999
8.639999
8.620001
8.619998
8.640002
8.639999
8.700002
8.620001
8.639999
8.620001
8.800000
8.619998
8.640002
8.639999
8.640002
8.620001
8.619998
8.639999
8.639999
8.639999
8.640002
8.620001
8.640002
8.619998
8.620001
8.619998
8.639999
8.620001
8.620001
8.620001
8.639999
8.620001
8.639999
8.619998
8.579999
8.620001
8.639999
8.620001
8.639999
8.619998
8.639999
8.640002
8.620001
8.620001
8.640002
8.760002
8.619998
8.639999
8.639999
8.639999
8.619998
8.639999
8.620001
8.620001
8.620001
8.639999
8.640002
8.619998
8.639999
8.620001
8.639999
8.640002
8.620001
8.619998
8.640002
8.639999
8.640002
8.620001
8.620001
8.640002
8.620001
8.639999
8.620001
8.620001
9.980001
9.319998
8.919999
8.620001
8.639999
8.800000
8.619998
8.620001
8.639999
8.719999
8.700002
8.719999
8.919999
9.119999
8.859999
8.780003
8.700002
8.919999
8.859999
8.699998
8.779999
8.859999
8.700002
8.779999
8.700002
8.700002
8.699998
8.700002
8.619998
9.040002
8.699998
8.620001
8.639999
8.700002
8.719999
8.620001
8.639999
8.620001
8.720003
8.779999
8.639999
8.639999
8.719999
8.760002
8.640002
8.619998
8.620001
8.699998
8.639999
8.619998
8.639999
8.639999
8.640002
8.620001
8.640002
8.699998
8.700002
8.619998
8.779999
8.619998
8.839998
8.639999
8.620001
8.620001
8.640002
8.639999
8.759998
8.620001
8.620001
8.620001
8.619998
8.620001
8.619998
8.620001
8.620001
8.620001
8.620001
8.619998
8.619998
8.640002
8.639999
8.620001
8.620001
8.639999
8.619998
8.620001
8.639999
8.639999
8.620001
8.639999
8.620001
8.620001
8.639999
8.620001
8.619998
8.640002
8.639999
8.620001
8.620001
8.619998
8.639999
8.620001
8.640002
8.760002
8.619998
8.639999
8.619998
8.620001
8.619998
8.620001
8.640002
8.639999
8.619998
8.620001
8.639999
8.639999
8.620001
8.620001
8.620001
8.620001
8.620001
8.620001
8.620001
8.639999
8.640002
8.619998
8.640002
8.639999
10.279998
9.080000
8.860003
8.859999
8.779999
8.859999
8.800000
8.699998
8.839998
8.699998
8.779999
8.839998
8.699998
8.719999
8.779999
8.699998
8.700002
8.620001
8.620001
8.640002
8.700002
8.779999
8.639999
8.859999
8.619998
8.620001
8.720003
8.619998
8.699998
8.679997
8.620001
8.620001
8.840002
8.699998
8.700002
8.719999
8.639999
8.620001
8.639999
8.800000
8.620001
8.620001
8.639999
8.640002
8.699998
8.780003
8.640002
8.639999
8.699998
8.699998
8.639999
8.699998
8.639999
8.639999
8.719999
8.620001
8.919999
8.620001
8.639999
8.620001
8.719999
8.699998
8.699998
8.699998
8.719999
8.619998
8.619998
8.620001
8.640002
8.619998
8.620001
8.639999
8.640002
8.620001
8.639999
8.619998
8.639999
8.620001
8.620001
8.639999
8.639999
8.639999
8.639999
8.639999
8.620001
8.620001
8.620001
8.639999
8.639999
8.620001
8.620001
8.759998
8.620001
8.619998
8.639999
8.619998
8.620001
8.619998
8.640002
8.620001
8.639999
8.619998
8.619998
8.620001
8.639999
8.619998
8.620001
8.620001
8.620001
8.620001
8.620001
8.620001
8.620001
8.620001
8.620001
8.639999
8.639999
8.620001
8.639999
8.700002
8.620001
8.620001
8.620001
8.620001
8.620001
8.619998
8.620001
8.619998
10.380000
8.780003
8.700002
8.780003
8.779999
8.699998
8.919999
8.620001
8.639999
8.779999
8.699998
8.620001
8.620001
8.760002
8.800000
9.040002
8.800000
8.699998
8.619998
8.719999
8.839998
8.899998
8.859999
8.699998
9.080000
8.699998
8.620001
8.639999
8.640002
8.620001
8.639999
8.699998
8.620001
8.620001
8.639999
8.620001
8.700002
8.780003
8.700002
8.639999
8.619998
8.779999
8.620001
8.720003
8.700002
8.619998
8.779999
8.619998
9.000000
8.620001
8.700002
8.619998
8.639999
8.800000
8.719999
8.620001
8.620001
8.640002
8.620001
8.620001
8.639999
8.640002
8.620001
8.719999
8.800000
8.620001
8.619998
8.639999
8.639999
8.620001
8.619998
8.619998
8.639999
8.600000
8.639999
8.639999
8.619998
8.619998
8.639999
8.620001
8.620001
8.620001
8.639999
8.619998
8.620001
8.639999
8.639999
8.620001
8.639999
8.619998
8.640002
8.620001
8.619998
8.639999
8.619998
8.620001
8.620001
8.620001
8.619998
8.640002
8.620001
8.639999
8.619998
8.619998
8.620001
8.620001
8.620001
8.639999
8.620001
8.620001
8.639999
8.620001
8.640002
8.619998
8.620001
8.620001
8.640002
8.639999
8.639999
8.639999
8.620001
8.620001
8.620001
8.619998
8.639999
8.640002
8.640002
8.639999
9.840000
8.920003
8.820001
8.700002
8.719999
8.619998
8.699998
8.719999
8.800000
8.779999
8.620001
8.700002
8.800000
8.779999
8.720003
8.699998
8.919999
8.780003
9.159997
8.760002
8.800000
8.800000
8.699998
8.800000
8.720003
8.700002
9.020001
8.700002
8.639999
8.639999
8.940000
9.079996
8.640002
8.699998
8.619998
8.620001
8.639999
8.699998
8.639999
8.779999
8.699998
8.620001
8.639999
8.779999
8.700002
8.639999
8.699998
8.620001
8.619998
8.700002
8.620001
8.720003
8.620001
8.780003
8.639999
8.900002
8.619998
8.639999
8.719999
8.620001
8.639999
8.699998
8.639999
8.640002
8.719999
8.719999
8.639999
8.620001
8.639999
8.680001
8.620001
8.639999
8.620001
8.640002
8.619998
8.619998
8.620001
8.619998
8.620001
8.620001
8.639999
8.620001
8.640002
8.620001
8.619998
8.619998
8.620001
8.620001
8.640002
8.620001
8.620001
8.620001
8.619998
8.620001
8.700002
8.639999
8.640002
8.620001
8.620001
8.619998
8.620001
8.620001
8.620001
8.620001
8.639999
8.620001
8.639999
8.620001
8.619998
8.620001
8.620001
8.619998
8.620001
8.619998
8.639999
8.620001
8.639999
8.620001
8.639999
8.620001
8.620001
8.620001
8.639999
8.639999
8.639999
8.619998
8.619998
8.620001
10.500003
9.080000
9.059999
8.780003
8.700002
8.700002
8.719999
8.919999
8.700002
8.620001
8.700002
8.779999
8.699998
8.700002
8.779999
8.739997
8.800000
8.639999
8.880001
8.639999
8.620001
8.800000
8.620001
8.779999
8.719999
8.680001
8.780003
8.780003
8.700002
8.639999
8.619998
8.619998
8.620001
8.719999
8.640002
8.619998
8.620001
8.719999
8.639999
8.639999
8.699998
8.620001
8.740000
8.719999
8.699998
8.760002
8.779999
8.620001
8.780003
8.620001
8.640002
8.720003
8.639999
8.619998
8.699998
8.620001
8.620001
8.699998
8.619998
8.719999
8.640002
8.620001
8.620001
8.779999
8.639999
8.619998
8.619998
8.919999
8.639999
8.620001
8.779999
