15.660000
15.620000
15.620000
15.640000
15.600001
15.620000
15.600000
15.640000
15.620000
15.620000
15.600000
15.620001
15.640000
15.620001
15.600001
15.620000
15.600000
15.600001
15.600000
15.620000
15.620000
15.600001
15.620000
15.640000
15.620000
15.600001
15.600000
15.620000
15.640001
15.600000
15.600000
15.620000
15.620000
15.600001
15.600001
15.600001
15.620001
15.600001
15.600001
15.620001
15.620001
15.620000
15.600000
15.620000
15.600000
15.620001
15.620001
15.660000
15.600001
15.600000
15.600000
15.600000
15.620000
15.600001
15.620000
15.600000
15.640000
15.600001
15.620000
15.640000
15.600000
15.600000
15.600001
15.640000
15.640000
15.620000
15.620000
16.180000
15.760000
15.740000
15.600000
15.780000
16.240001
15.600000
15.620000
15.559999
15.760000
15.880000
15.600000
15.620000
15.620001
15.600000
15.600001
15.600000
15.620000
15.620000
15.600001
15.620000
15.600001
15.620001
15.560000
15.600000
15.600000
15.620000
15.660000
15.620000
15.620000
15.600000
15.600000
15.620001
15.620000
15.600000
15.600001
15.600000
15.620000
15.620000
15.600000
15.620001
15.620000
15.600001
15.600000
15.620000
15.579999
15.620000
15.620000
15.620000
15.559999
15.620000
15.600000
15.620000
15.620001
15.620000
15.600001
15.620000
15.620000
15.620001
15.620001
15.640000
15.620001
15.620001
15.620000
15.660000
15.620000
15.600001
15.600000
15.600000
15.620001
15.620001
15.580000
15.600000
15.600000
15.600001
15.600000
15.600001
15.620000
15.620000
15.600001
15.620000
15.640001
15.600000
15.620001
15.620001
15.600000
15.600001
15.560000
15.640001
15.620001
15.620000
15.579999
15.620000
15.620000
15.600000
15.600001
15.620000
15.600001
15.600001
15.600000
15.640000
15.600001
15.620000
15.620001
15.620000
15.600001
15.640000
15.600000
15.680000
15.600000
15.600001
15.600001
15.620000
15.620000
15.620000
15.580000
15.600000
15.640000
15.620000
15.620000
15.600001
15.600000
15.579999
15.620000
15.640000
15.620000
15.620001
15.620001
15.600000
15.600001
15.620000
15.600000
15.620000
15.559999
15.620000
15.580000
15.620000
15.640000
15.600000
15.620000
15.620000
15.620000
15.620001
15.600000
15.620001
15.740000
15.620000
15.600000
15.600000
15.600000
15.640000
15.600001
15.640001
15.620000
15.600001
15.600000
15.620001
15.620000
15.580000
15.600001
15.600000
15.560000
15.600001
15.939999
15.620000
15.620000
15.600000
15.600000
15.600001
15.640000
15.620000
15.600000
15.640000
15.620001
15.620000
15.559999
15.620000
15.600001
15.620000
15.620000
15.600000
15.620001
15.600000
15.620001
15.640000
15.600001
15.600000
15.600001
15.620000
15.600000
15.600001
15.600001
15.600001
15.620000
15.620000
15.600000
15.620000
15.600000
15.600000
15.620000
15.620000
15.559999
15.620000
15.620000
15.640000
15.600001
15.620000
15.620000
15.640000
15.600001
15.600001
15.600001
15.620000
15.620000
15.620000
15.620000
21.760000
15.620001
15.600001
15.600001
15.640000
15.600000
15.600000
15.620001
15.620001
15.640000
15.620000
15.600000
15.600001
15.620000
15.600000
15.600001
15.640000
15.600001
15.600000
15.640001
15.579999
15.600001
15.620000
15.600000
15.620000
15.600000
15.620000
15.560000
15.620001
15.640000
15.600000
15.620000
15.600000
15.600001
15.600000
15.620000
15.640000
15.620000
15.620001
15.600001
15.620000
15.620000
15.620001
15.620001
15.640000
15.640001
15.620000
15.600001
15.600000
15.579999
15.640000
15.620000
15.580000
15.620001
15.620000
15.760001
15.600000
15.600000
15.620001
15.600001
15.600000
15.620000
15.640000
15.600001
15.620001
15.620001
15.620000
15.620000
15.580000
15.620000
15.600000
15.560000
15.640001
15.580000
15.620000
15.600001
15.620000
15.580000
15.620001
15.600000
15.600000
15.560000
15.600000
15.600000
15.620001
15.600000
15.620000
15.620001
15.620000
15.600001
15.620000
15.600000
15.620001
15.600000
15.620000
15.600000
15.600000
15.620001
15.559999
15.620000
15.620000
15.600000
15.620000
15.620000
15.600001
15.620001
15.620000
15.660000
15.600000
15.620000
15.620000
15.600001
15.600001
15.620000
15.600001
15.600001
15.740001
15.600001
15.620001
15.660000
15.600000
15.620000
15.640000
15.600001
15.600001
15.660000
15.600001
15.620000
15.620000
15.600000
15.640000
15.620000
15.620000
15.600001
15.559999
15.620000
15.620001
15.620001
15.600000
15.600001
15.600000
15.620001
15.620000
15.600001
15.600001
15.600000
15.600001
15.620001
15.640000
15.600001
16.100000
15.620000
15.740001
15.600000
15.600000
15.600000
15.600000
15.720000
15.620000
15.620000
15.620001
15.580000
15.640001
15.600000
15.680000
15.620001
15.620001
15.600001
15.559999
15.600001
15.640000
15.620000
15.620000
15.620000
15.600000
15.600000
15.600000
15.640000
15.600001
15.620000
15.620000
15.620001
15.600001
15.620000
15.640001
15.640001
15.620000
15.620000
15.640000
15.620001
15.620000
15.600001
15.600000
15.620001
15.620001
15.620000
15.640000
15.620001
15.600001
15.620000
15.560000
15.620000
15.620000
15.620001
15.600001
15.600000
15.600000
15.600001
15.620001
15.620000
15.600001
15.620000
15.620000
15.579999
15.600001
15.600001
15.620000
15.640000
15.620000
15.579999
15.620000
15.640000
15.620001
15.600000
15.620000
15.600001
15.600001
15.620000
15.620000
15.600001
15.620000
15.580000
15.600001
15.560000
15.620000
15.620000
15.600000
15.600001
15.600001
15.600000
15.620000
15.620000
15.620001
15.600001
15.600001
15.620000
15.620000
15.600000
15.600000
15.640000
15.600000
15.600000
15.600001
15.600000
15.600001
15.620001
15.620000
15.620000
15.600001
15.600000
15.640000
15.600000
15.620001
15.720000
15.620001
15.620000
15.640000
15.600001
15.600000
15.620000
15.600001
15.600001
15.620001
15.620000
15.740000
15.579999
15.640000
15.640000
15.620000
15.600001
15.640000
15.600000
15.620001
15.600001
15.620000
15.620001
15.620001
15.600001
15.620000
15.620001
15.600000
15.620000
15.559999
15.640000
15.620000
15.600000
15.600001
15.600000
15.620001
15.640000
15.620001
15.600000
15.620000
15.600001
15.600000
15.620000
15.600000
15.600000
15.600000
15.640000
15.620000
15.600001
15.620001
15.620000
15.600000
15.620001
15.620001
15.600001
15.560000
15.620000
15.600001
15.640000
15.600001
15.580000
15.620000
15.620000
15.600001
15.620000
15.579999
15.600001
15.600000
15.600001
15.579999
15.620000
15.640000
15.600000
15.620000
15.600000
15.620000
15.600001
15.620001
15.640000
15.600000
15.600001
15.620001
15.620000
15.620000
15.600000
15.640000
15.620000
15.620000
15.620001
15.620000
15.600000
15.600000
15.600000
15.600001
15.600000
15.620001
15.600001
15.620000
15.620000
15.620001
15.620000
15.620000
15.600001
15.559999
15.620000
15.620000
15.600000
15.640000
15.620000
15.620000
15.620000
15.620000
15.640000
15.600001
15.620000
15.620000
15.620000
15.620000
15.620000
15.620000
15.700000
15.620000
15.600000
15.600000
15.600001
15.600001
15.620001
15.620001
15.620000
15.620000
15.600001
15.620000
15.600001
15.620001
15.600000
15.580000
15.620001
15.600001
15.620001
15.620000
15.620000
15.620000
15.620000
15.600001
15.600000
15.620000
15.640000
15.620000
15.600000
15.640000
15.600001
15.600000
15.600000
15.600000
15.640000
15.600000
15.600000
15.620000
15.600001
15.640000
15.600000
15.620000
15.620000
15.600001
15.600001
15.600000
15.600000
15.620000
15.600001
15.600001
15.600001
15.620001
15.640001
15.600001
15.620000
15.620001
15.620001
15.600001
15.620000
15.600000
15.600000
15.640000
15.600000
15.620000
15.600001
15.620001
15.620000
15.620001
15.560000
15.620000
15.600000
15.620000
15.620000
15.600001
15.620000
15.620000
15.600000
15.600001
15.620000
15.620000
15.620000
15.600001
15.579999
15.600000
15.600000
15.620000
15.600001
15.600000
15.620000
15.620001
15.600000
15.620000
15.620000
15.620000
15.620000
15.620000
15.600000
15.600000
15.620000
15.620001
15.580000
15.620001
15.600000
15.600000
15.620000
15.579999
15.600000
15.620000
15.600001
15.700000
15.600001
15.600000
15.560000
15.600000
15.620000
15.620000
15.620001
15.600000
15.620000
15.620000
15.640000
15.640000
15.600001
15.600001
15.600000
15.600000
15.600001
15.600001
15.620000
15.620001
15.620001
15.760000
15.740000
15.880000
15.600000
15.600000
15.640000
16.000000
15.740001
15.600000
15.600001
15.600000
15.600000
15.620000
15.600000
15.620000
15.620000
15.600001
15.600001
15.640000
15.600000
15.620000
15.560000
15.620000
15.620000
15.620000
15.620000
15.640000
15.600001
15.600001
15.600000
15.620001
15.640000
15.600000
15.540000
15.620000
15.600000
15.600001
15.600000
15.640000
15.600000
15.620001
15.620000
15.560000
15.600000
15.620000
15.620000
15.620000
15.600001
15.600000
15.560000
15.620000
15.620000
15.620001
15.600001
15.600000
15.620000
15.600001
15.620000
15.620000
15.620000
15.600001
15.620000
15.620000
15.600000
15.600000
15.620000
15.620001
15.600000
15.600001
15.660000
15.620001
15.600000
15.600000
15.560000
15.640000
15.620000
15.620000
15.600000
15.600001
15.620000
15.620000
15.600000
15.620000
15.600000
15.600001
15.600001
15.640000
15.620000
15.660000
15.600001
15.620001
15.620000
15.600001
15.580000
15.620000
15.600001
15.600001
15.620000
15.620000
15.600001
15.600000
15.620000
15.620001
15.600000
15.620000
15.579999
15.620000
15.620000
15.600001
15.600000
15.620000
15.600001
15.600001
15.600000
15.620000
15.620000
15.620000
15.600001
15.620000
15.600001
15.600000
15.640000
15.600000
15.600001
15.620000
15.620000
15.600000
15.600000
15.620001
15.600000
15.600001
15.600000
15.620000
15.620001
15.600000
15.600001
15.640000
15.620000
15.620000
15.620001
15.600000
15.640000
15.620001
15.579999
15.720000
15.620000
15.620000
15.620001
15.620000
15.640000
15.620001
15.620000
15.600000
15.640000
15.600000
15.600001
15.600000
15.620001
15.620001
15.600001
15.640000
15.620001
15.579999
15.620000
15.620000
15.580000
15.600001
15.600000
15.620000
15.640000
15.640000
15.600001
15.560000
15.620000
15.600001
15.600000
15.600000
15.600000
15.620001
15.580000
15.600001
15.620000
15.620000
15.640000
15.600001
15.620001
15.600001
15.620000
15.620000
15.620000
15.620000
15.620000
15.620000
15.600000
15.600000
15.600000
15.620001
15.600001
15.660000
15.600001
15.620001
15.580000
15.620000
