0.272000
0.250999
0.250001
0.247000
0.248000
0.246000
0.248000
0.246000
0.250999
0.249999
0.248000
0.250999
0.250001
0.366000
0.248998
0.368999
0.249000
0.248000
0.248000
0.248000
0.247000
0.246000
0.249000
0.250999
0.251001
0.250001
0.250999
0.251001
0.249000
0.366000
0.250001
0.248000
0.250001
0.365999
0.249000
0.249000
0.250001
0.248000
0.246000
0.247000
0.254000
0.370000
0.248000
0.250001
0.248000
0.247000
0.248000
0.278002
0.247000
0.248000
0.251999
0.254000
0.249000
0.249000
0.249000
0.251001
0.250999
0.370000
0.249000
0.249000
0.364000
0.250001
0.248000
0.248000
0.246000
0.249000
0.366000
0.250001
0.249000
0.248998
0.366000
0.249000
0.368999
0.250001
0.249000
0.250001
0.249999
0.249000
0.366000
0.250001
0.249999
0.250001
0.370000
0.254000
0.248000
0.249000
0.249999
0.250001
0.249000
0.247000
0.249000
0.248998
0.252999
0.252999
0.251001
0.251999
0.250001
0.251001
0.251001
0.249000
0.369001
0.251001
0.251001
0.250001
0.250001
0.248998
0.249999
0.249000
0.250001
0.250001
0.252001
0.249000
0.250999
0.250999
0.250999
0.252001
0.250001
0.251001
0.370001
0.249999
0.249000
0.368001
0.249000
0.249000
0.249000
0.249999
0.250999
0.252001
0.251999
0.252001
0.250001
0.252001
0.249000
0.365999
0.256000
0.247000
0.249000
0.251001
0.250001
0.251001
0.250001
0.254000
0.250001
0.251999
0.250001
0.250001
0.249999
0.251999
0.368999
0.249000
0.248000
0.249999
0.367999
0.250001
0.251999
0.249000
0.250001
0.364000
0.249999
0.247000
0.249999
0.249000
0.249999
0.249999
0.365000
0.252001
0.251001
0.248000
0.249999
0.365999
0.250001
0.248000
0.365000
0.251001
0.249000
0.364000
0.250001
0.366999
0.249000
0.249000
0.248000
0.247000
0.246001
0.249999
0.253001
0.368999
0.248000
0.250001
0.250001
0.249000
0.249999
0.249000
0.365000
0.248000
0.249000
0.247000
0.249000
0.248998
0.248000
0.249000
0.248000
0.250001
0.248000
0.248000
0.249000
0.246000
0.248000
0.251001
0.366000
0.250999
0.366000
0.248000
0.250001
0.247000
0.249000
0.249000
0.250001
0.367001
0.250999
0.250999
0.250001
0.248000
0.367001
0.274999
0.249999
0.248998
0.365000
0.251001
0.250001
0.365000
0.250001
0.249000
0.246000
0.248000
0.248000
0.247000
0.248000
0.250001
0.250001
0.250001
0.249000
0.367999
0.251001
0.249000
0.374001
0.248000
0.248000
0.249000
0.249000
0.249000
0.249000
0.250999
0.251001
0.370000
0.251001
0.249999
0.249000
0.372000
0.249000
0.250999
0.247000
0.247000
0.247002
0.248000
0.249000
0.366000
0.250001
0.251001
0.249000
0.372000
0.250999
0.250001
0.366999
0.249000
0.247000
0.251001
0.369001
0.251001
0.366000
0.251001
0.249999
0.249000
0.248998
0.365000
0.249000
0.368001
0.249999
0.249000
0.248000
0.250001
0.249999
0.249000
0.248000
0.248000
0.368001
0.251001
0.248000
0.248000
0.250001
0.252001
0.248998
0.249000
0.250001
0.250001
0.250001
0.249000
0.254000
0.249000
0.248000
0.249000
0.248000
0.252001
0.257000
0.250001
0.247002
0.252001
0.248000
0.276001
0.249000
0.252001
0.250001
0.249000
0.365000
0.248998
0.249000
0.250001
0.248998
0.249999
0.249000
0.248000
0.249000
0.250001
0.248000
0.365999
0.250001
0.250001
0.250001
0.249999
0.249999
0.250001
0.363000
0.250999
0.249000
0.249000
0.366000
0.249000
0.365000
0.249000
0.365999
0.250001
0.249999
0.250001
0.250001
0.254001
0.248000
0.248000
0.372000
0.250001
0.250001
0.253001
0.249000
0.251001
0.250999
0.251001
0.249000
0.366000
0.251001
0.250999
0.249000
0.249000
0.367001
0.251001
0.250999
0.250999
0.368001
0.250001
0.365000
0.251001
0.250001
0.251999
0.247000
0.252999
0.249000
0.253001
0.251001
0.250001
0.252999
0.251001
0.249999
0.249000
0.248000
0.251001
0.248000
0.249000
0.250999
0.250001
0.254001
0.249000
0.248000
0.249000
0.249000
0.251001
0.255000
0.253001
0.249000
0.251001
0.251001
0.249999
0.371000
0.251999
0.249000
0.250999
0.367999
0.250999
0.248998
0.251001
0.369001
0.251001
0.253001
0.250001
0.250001
0.250999
0.251001
0.251001
0.249000
0.250999
0.367001
0.250001
0.251999
0.252999
0.251001
0.249000
0.247000
0.249000
0.249000
0.249000
0.248000
0.250001
0.248000
0.248000
0.250999
0.367999
0.250001
0.251001
0.366999
0.250001
0.251001
0.252999
0.250999
0.250999
0.248000
0.249999
0.249000
0.250999
0.368001
0.249000
0.249000
0.254000
0.250001
0.249000
0.247000
0.249000
0.249000
0.248000
0.249000
0.366000
0.249999
0.252999
0.250001
0.367001
0.250001
0.249999
0.249000
0.249000
0.249000
0.250999
0.251001
0.249000
0.366000
0.249000
0.365999
0.249000
0.250001
0.250001
0.368001
0.250001
0.250001
0.250001
0.250001
0.367001
0.249000
0.252001
0.252001
0.252001
0.251001
0.249000
0.251001
0.252999
0.249000
0.250001
0.250999
0.249000
0.371000
0.249000
0.252001
0.250999
0.250999
0.251001
0.251999
0.251001
0.251001
0.249000
0.250001
0.248000
0.250001
0.247000
0.249000
0.370000
0.249999
0.249999
0.249000
0.249000
0.251001
0.252001
0.251999
0.251001
0.250001
0.250001
0.366000
0.248998
0.251999
0.250001
0.368999
0.250999
0.251999
0.255000
0.251001
0.249999
0.366000
0.250999
0.249000
0.368999
0.251001
0.251001
0.251999
0.251999
0.252001
0.251001
0.253001
0.251001
0.250001
0.251001
0.368001
0.253001
0.251001
0.249000
0.250001
0.250001
0.250001
0.250001
0.367001
0.250999
0.251999
0.250001
0.364000
0.250999
0.249999
0.366000
0.250999
0.371000
0.252001
0.252001
0.251001
0.368001
0.251001
0.252999
0.249000
0.365000
0.249000
0.251999
0.250001
0.250001
0.369001
0.250001
0.249000
0.365000
0.248998
0.250001
0.247998
0.247000
0.247000
0.250999
0.250001
0.248998
0.367999
0.249000
0.248000
0.247000
0.250999
0.247000
0.249000
0.249000
0.366000
0.249000
0.254000
0.252999
0.248000
0.248000
0.250001
0.250001
0.250001
0.250001
0.256000
0.248000
0.250001
0.248000
0.248000
0.251001
0.248000
0.249000
0.250001
0.249000
0.249999
0.252999
0.248998
0.250001
0.247000
0.246001
0.247000
0.247000
0.250001
0.250001
0.249000
0.248000
0.250001
0.248000
0.250001
0.365000
0.251001
0.250001
0.249999
0.250001
0.251999
0.249000
0.247000
0.247000
0.247000
0.247002
0.249000
0.371000
0.248000
0.251001
0.250001
0.252999
0.248000
0.249000
0.249000
0.251001
0.249999
0.249000
0.247000
0.249000
0.249000
0.249000
0.250001
0.249000
0.250999
0.366999
0.249000
0.367001
0.249999
0.250001
0.367999
0.251001
0.251999
0.248998
0.365000
0.250001
0.248000
0.247000
0.366999
0.249999
0.248000
0.248000
0.251001
0.249000
0.365000
0.249000
0.249999
0.253001
0.251001
0.251999
0.250001
0.366000
0.255000
0.251001
0.250999
0.366999
0.249999
0.251001
0.251001
0.248000
0.250001
0.249999
0.251001
0.366000
0.250999
0.250999
0.251001
0.249999
0.250001
0.249000
0.249000
0.250001
0.249000
0.249999
0.249000
0.368001
0.251001
0.250001
0.250001
0.367999
0.250001
0.250001
0.249000
0.250001
0.252001
0.250001
0.250001
0.250001
0.249000
0.248000
0.249000
0.248000
0.249999
0.250999
0.250001
0.368001
0.251999
0.250001
0.251001
0.250001
0.248000
0.248000
0.249000
0.251001
0.364000
0.250999
0.250999
0.371000
0.251999
0.251001
0.249000
0.372000
0.249000
0.248000
0.250001
0.249999
0.249999
0.253001
0.249000
0.249999
0.250999
0.251001
0.251999
0.250001
0.249000
0.249999
0.249999
0.370000
0.250001
0.249000
0.248000
0.250001
0.250001
0.248998
0.366000
0.251001
0.251001
0.249000
0.249000
0.249000
0.371000
0.249000
0.251001
0.249000
0.250001
0.251001
0.249000
0.367001
0.250001
0.249000
0.248000
0.250001
0.247002
0.248000
0.247000
0.246000
0.249000
0.248998
0.368001
0.251001
0.250001
0.249000
0.364998
0.249999
0.250999
0.251999
0.250001
0.368001
0.252001
0.248998
0.365999
0.249999
0.250001
0.248000
0.250001
0.247000
0.246000
0.249999
0.248000
0.251001
0.371000
0.248000
0.248000
0.249000
0.366000
0.248998
0.247000
0.250001
0.247000
0.250001
0.250001
0.247000
0.248000
0.251999
0.249000
0.368999
0.249000
0.249000
0.249000
0.247000
0.248000
0.249000
0.248000
0.364000
0.249000
0.250001
0.247002
0.252001
0.248998
0.249999
0.248000
0.366000
0.251001
0.249999
0.249000
0.248998
0.249000
0.249999
0.248000
0.248000
0.250001
0.249999
0.249000
0.247002
0.247000
0.250001
0.251001
0.251001
0.256000
0.367999
0.251001
0.366999
0.251999
0.251001
0.255000
0.250001
0.366000
0.250001
0.248000
0.250001
0.250001
0.248000
0.367001
0.250999
0.367999
0.251001
0.250001
0.249000
0.250001
0.251001
0.250001
0.366999
0.249000
0.366999
0.249999
0.251001
0.249000
0.250999
0.366999
0.252001
0.249999
0.248998
0.249000
0.249000
0.250001
0.250001
0.371000
0.251001
0.251001
0.252001
0.250999
0.248000
0.251001
0.251001
0.250001
0.251001
0.370000
0.256000
0.250999
0.249999
0.253001
0.252001
0.251001
0.250999
0.248000
0.249000
0.251001
0.251001
0.248000
0.250999
0.249000
0.251001
0.248000
0.252001
0.249000
0.367999
0.251001
0.250999
0.252001
0.249000
0.249999
0.250999
0.249000
0.367999
0.249000
0.248000
0.250001
0.364000
0.248000
0.247000
0.247000
0.249000
0.252001
0.249000
0.252999
0.366000
0.251999
0.252001
0.250001
0.251999
0.251001
0.251001
0.249000
0.366000
0.250001
0.250001
0.249000
0.366999
0.251001
0.250001
0.373000
0.252001
0.252001
0.248998
0.249000
0.252001
0.252999
0.251001
0.366000
0.249000
0.367999
0.250999
0.372000
0.251001
0.250001
0.253001
0.251001
0.370000
0.250999
0.252001
0.250001
0.249999
0.249999
0.251001
0.250999
0.251999
0.251001
0.249000
