12.400000
12.260000
12.220000
12.180000
12.180000
12.140000
12.160000
12.200000
12.220000
12.180000
12.240000
12.160000
13.960000
12.200000
12.200000
12.180000
12.160000
12.220000
12.160000
12.160000
12.200000
12.200000
12.180000
12.220000
13.920000
12.140000
12.140000
12.180000
12.200000
12.140000
12.180000
12.180000
12.160000
12.180000
12.200000
14.360000
12.180000
12.200000
12.160000
12.080000
12.140000
12.160000
12.160000
12.180000
12.180000
12.140000
12.180000
14.280000
12.180000
12.160000
12.200000
12.200000
12.160000
12.180000
12.140000
12.180000
12.140000
12.140000
12.180000
14.280000
12.160000
12.200000
12.160000
12.200000
12.120000
12.180000
12.180000
12.240000
12.160000
12.160000
12.140000
14.240000
12.180000
12.140000
12.100000
12.160000
12.180000
12.160000
12.120000
12.120000
12.220000
12.140000
12.180000
12.120000
14.380000
12.200000
12.180000
12.160000
12.140000
12.160000
12.200000
12.140000
12.200000
12.200000
12.120000
12.160000
14.280000
12.140000
12.160000
12.160000
12.120000
12.200000
12.140000
12.180000
12.180000
12.220000
12.120000
12.180000
14.300000
12.260000
12.140000
12.180000
12.160000
12.120000
12.140000
12.160000
12.120000
12.160000
12.140000
12.140000
14.220000
12.080000
12.160000
12.180000
12.200000
12.120000
12.120000
12.160000
12.140000
12.160000
12.120000
12.180000
14.020000
12.100000
12.160000
12.160000
12.160000
12.140000
12.160000
12.180000
12.180000
12.100000
12.200000
12.160000
13.940000
12.160000
12.180000
12.200000
12.160000
12.160000
12.180000
12.160000
12.180000
12.120000
12.160000
12.120000
14.020000
12.180000
12.160000
12.220000
12.180000
12.180000
12.140000
12.160000
12.220000
12.180000
12.140000
14.340000
12.160000
12.120000
12.180000
12.120000
12.200000
12.120000
12.160000
12.180000
12.140000
12.140000
12.180000
14.260000
12.200000
12.200000
12.140000
12.120000
12.160000
12.120000
12.160000
12.200000
12.200000
12.200000
12.180000
14.260000
12.140000
12.200000
12.200000
12.120000
12.160000
12.160000
12.140000
12.100000
12.180000
12.160000
12.180000
14.240000
12.160000
12.160000
12.140000
12.180000
12.120000
12.180000
12.140000
12.160000
12.160000
12.160000
12.180000
13.940000
12.160000
12.200000
12.160000
12.160000
12.160000
12.160000
12.160000
12.200000
12.220000
12.180000
12.160000
13.940000
12.200000
12.200000
12.140000
12.140000
12.180000
12.160000
12.220000
12.180000
12.140000
12.200000
14.380000
12.140000
12.180000
12.180000
12.200000
12.180000
12.140000
12.140000
12.160000
12.140000
12.200000
12.200000
14.340000
12.140000
12.200000
12.200000
12.160000
12.180000
12.140000
12.160000
12.120000
12.140000
12.180000
12.160000
14.300000
12.120000
12.120000
12.180000
12.140000
12.140000
12.160000
12.160000
12.140000
12.180000
12.200000
12.180000
14.280000
12.160000
12.180000
12.160000
12.160000
12.200000
12.160000
12.220000
12.140000
12.160000
21.400000
12.260000
12.260000
12.180000
12.220000
12.180000
12.200000
12.180000
12.160000
12.220000
12.180000
12.200000
14.160000
12.180000
12.140000
12.100000
12.200000
12.180000
12.220000
12.140000
12.180000
12.140000
12.120000
12.200000
13.920000
12.160000
12.140000
12.160000
12.160000
12.140000
12.160000
12.180000
12.180000
12.160000
12.140000
12.220000
12.160000
14.360000
12.200000
12.180000
12.160000
12.200000
12.140000
12.160000
12.180000
12.160000
12.220000
12.180000
12.140000
12.140000
12.160000
14.240000
12.240000
12.200000
12.140000
12.100000
12.160000
12.200000
12.120000
12.180000
12.160000
12.140000
12.180000
12.160000
14.400000
12.180000
12.180000
12.180000
12.160000
12.140000
12.180000
12.160000
12.200000
12.220000
12.160000
12.160000
14.360000
12.160000
12.180000
12.140000
12.140000
12.160000
12.160000
12.120000
12.240000
12.200000
12.140000
12.180000
12.200000
12.200000
12.180000
12.200000
12.200000
12.140000
12.140000
14.260000
12.180000
12.200000
12.180000
12.100000
12.160000
12.220000
12.160000
12.180000
12.140000
12.140000
12.220000
12.140000
12.140000
12.200000
14.360000
12.200000
12.140000
12.140000
12.160000
12.160000
12.160000
12.200000
12.140000
12.120000
12.180000
12.160000
12.160000
12.200000
12.160000
12.200000
13.960000
12.160000
12.120000
12.180000
12.140000
12.180000
12.180000
12.200000
12.120000
12.180000
12.160000
12.120000
13.960000
12.200000
12.200000
12.180000
12.120000
12.180000
12.200000
12.120000
12.140000
12.120000
12.200000
12.100000
12.180000
12.180000
12.180000
14.320000
12.200000
12.200000
12.160000
12.160000
12.200000
12.160000
12.200000
12.140000
12.140000
12.160000
12.180000
14.240000
12.180000
12.200000
12.140000
12.160000
12.200000
12.160000
12.080000
12.180000
12.160000
12.240000
12.180000
13.940000
12.160000
12.140000
12.140000
12.120000
12.180000
12.200000
12.160000
12.200000
12.140000
12.160000
12.180000
12.180000
12.140000
12.120000
12.200000
12.160000
14.240000
12.160000
12.120000
12.180000
12.140000
12.160000
12.160000
12.160000
12.160000
12.180000
12.120000
12.220000
12.140000
12.200000
12.180000
14.240000
12.140000
12.200000
12.180000
12.160000
12.120000
12.180000
12.120000
12.140000
12.200000
12.120000
12.180000
12.180000
12.180000
12.220000
14.240000
12.160000
12.160000
12.180000
12.180000
12.160000
12.180000
12.200000
12.200000
12.180000
12.160000
12.180000
14.320000
12.200000
12.200000
12.180000
12.180000
12.120000
12.200000
12.200000
12.180000
12.160000
12.160000
12.160000
12.140000
12.180000
12.140000
12.140000
13.940000
12.160000
12.180000
12.160000
12.160000
12.160000
12.180000
12.200000
12.140000
12.140000
12.140000
12.180000
14.080000
12.120000
12.180000
12.220000
12.120000
12.160000
12.200000
12.180000
12.180000
12.140000
12.120000
12.140000
12.180000
12.180000
12.140000
14.240000
12.160000
12.120000
12.160000
12.160000
12.200000
12.120000
12.160000
12.200000
12.140000
12.120000
12.220000
12.200000
12.180000
12.180000
12.140000
12.160000
12.140000
12.160000
14.240000
12.140000
12.180000
12.140000
12.140000
12.200000
12.160000
12.180000
12.200000
12.160000
12.180000
12.140000
12.160000
12.140000
12.180000
14.280000
12.200000
12.160000
12.120000
12.140000
12.220000
12.160000
12.160000
12.200000
12.160000
23.340000
12.200000
12.220000
12.260000
12.180000
12.180000
12.200000
12.180000
12.160000
12.180000
12.200000
12.200000
14.000000
12.160000
12.220000
12.140000
12.220000
12.180000
12.180000
12.180000
12.180000
12.220000
12.180000
12.160000
12.180000
12.200000
12.200000
12.200000
12.140000
13.920000
12.160000
12.180000
12.180000
12.180000
12.200000
12.120000
12.160000
12.160000
12.160000
12.180000
12.200000
12.160000
12.180000
12.140000
14.240000
12.100000
12.180000
12.240000
12.120000
12.160000
12.160000
12.120000
12.220000
12.180000
12.180000
12.140000
12.120000
12.160000
12.160000
12.140000
12.140000
12.200000
12.140000
14.260000
12.160000
12.180000
12.140000
12.180000
12.200000
12.140000
12.180000
12.140000
12.140000
12.200000
12.160000
12.160000
12.200000
12.220000
12.200000
12.160000
12.120000
12.180000
12.180000
12.180000
12.180000
12.180000
12.160000
12.160000
12.140000
14.220000
12.200000
12.180000
12.140000
12.180000
12.160000
12.160000
12.200000
12.180000
12.140000
12.180000
12.120000
12.160000
12.180000
12.100000
12.180000
12.200000
12.140000
12.160000
12.160000
12.160000
12.160000
14.340000
12.140000
12.160000
12.160000
12.120000
12.180000
12.180000
12.140000
12.160000
12.160000
12.200000
12.140000
12.160000
12.220000
12.200000
12.180000
12.140000
12.160000
12.180000
12.140000
12.180000
12.180000
12.180000
12.180000
12.160000
12.140000
12.160000
12.160000
14.200000
12.100000
12.220000
12.160000
12.180000
12.140000
12.180000
12.160000
12.200000
12.140000
12.140000
12.140000
12.160000
12.180000
12.160000
12.180000
12.160000
12.140000
12.180000
12.160000
14.420000
12.160000
12.140000
12.120000
12.200000
12.180000
12.160000
12.200000
12.140000
12.160000
12.160000
12.180000
12.200000
12.120000
12.160000
12.140000
12.200000
12.140000
12.140000
12.120000
12.160000
14.320000
12.160000
12.160000
12.220000
12.180000
12.180000
12.140000
12.100000
12.180000
12.160000
12.180000
12.180000
12.220000
12.120000
12.160000
12.180000
12.140000
12.100000
12.200000
12.160000
12.140000
12.200000
12.140000
12.140000
14.280000
12.120000
12.200000
12.180000
12.240000
12.120000
12.140000
12.140000
12.160000
12.180000
12.140000
12.200000
12.120000
12.140000
14.240000
12.140000
12.200000
12.160000
12.160000
12.200000
12.200000
12.180000
12.220000
12.120000
12.180000
12.140000
12.140000
12.180000
12.160000
14.300000
12.160000
12.160000
12.180000
12.160000
12.160000
12.160000
12.140000
12.180000
12.160000
12.160000
12.180000
12.220000
12.160000
12.160000
12.160000
12.180000
14.300000
12.220000
12.160000
12.140000
12.140000
12.180000
12.160000
12.220000
12.180000
12.180000
12.200000
12.140000
12.180000
12.140000
12.180000
12.160000
12.140000
12.200000
12.180000
12.160000
12.160000
14.280000
12.120000
12.160000
12.160000
12.140000
12.200000
12.180000
12.180000
12.120000
12.100000
12.140000
12.160000
12.200000
12.180000
12.120000
12.200000
12.140000
12.180000
12.140000
13.940000
12.180000
12.180000
12.140000
12.120000
12.160000
12.140000
12.160000
12.160000
12.120000
12.200000
12.200000
12.200000
12.160000
12.140000
12.180000
12.200000
12.140000
12.140000
13.940000
12.180000
12.180000
12.120000
12.180000
12.180000
12.180000
12.140000
12.180000
12.140000
12.120000
12.180000
12.160000
12.160000
17.560000
12.380000
12.200000
12.200000
12.240000
12.220000
12.200000
12.180000
12.200000
12.200000
12.200000
12.240000
12.160000
12.160000
12.180000
12.220000
12.140000
12.160000
12.140000
12.160000
12.120000
12.160000
14.280000
12.160000
12.200000
12.180000
12.140000
12.180000
12.140000
12.120000
12.180000
12.200000
12.180000
12.200000
12.100000
12.120000
12.120000
12.160000
14.240000
12.200000
12.200000
12.120000
12.220000
12.160000
12.140000
12.160000
12.220000
12.160000
12.120000
12.220000
12.180000
12.180000
12.180000
12.140000
12.200000
12.140000
12.120000
12.180000
12.260000
12.120000
12.140000
12.180000
12.160000
12.140000
13.940000
12.160000
12.180000
12.120000
12.200000
12.180000
