330.992000
330.131000
328.515001
330.994001
328.251000
328.774000
330.860000
329.937000
329.372001
327.957000
328.768000
329.566000
329.643000
329.352000
329.962000
329.293000
330.309000
327.313000
329.524000
328.240000
329.936000
326.972000
328.863000
327.893999
328.550001
327.905000
329.045000
327.802000
328.752000
328.397000
328.673000
329.897000
329.628000
328.861000
329.090999
330.380000
330.159000
329.123000
328.899000
329.488999
328.950000
328.632000
328.939000
328.926000
328.296000
328.257000
364.194999
328.540000
329.667000
331.210000
1914.477000
327.020000
327.408001
327.879000
328.229000
328.054000
330.108999
329.043000
329.705000
329.341000
329.442000
328.871000
329.054000
329.055000
328.252000
329.567000
327.981000
330.017000
329.030001
328.529000
329.407000
327.494000
329.007000
328.536000
328.079000
328.237000
328.499000
329.712000
330.789000
329.230000
327.922000
329.210000
330.544000
327.023000
327.717001
328.206000
329.045000
329.876000
329.582999
328.285000
329.721000
330.548001
328.416999
329.539000
327.808000
331.480000
327.489000
328.853000
328.138000
329.413000
329.132999
329.603000
329.018000
328.452000
330.123001
327.234999
326.268000
329.580000
328.829001
330.624000
328.675000
330.318999
329.518000
329.280000
328.673000
329.330999
330.239000
327.811999
330.870000
327.475000
329.340000
326.944999
328.540000
329.442000
329.586000
330.127001
330.998000
329.085000
329.494000
327.872000
329.277000
329.232000
329.826999
327.871000
328.617000
328.396000
329.266000
331.042000
329.303999
328.556000
329.959000
331.389001
328.417000
326.954000
327.969000
329.725000
330.354000
330.445999
329.732000
330.360000
328.250000
326.550000
328.094999
327.583999
329.392999
328.478000
328.033000
332.853001
327.939000
327.835000
327.528000
331.966001
330.131000
328.683000
328.464000
328.822000
328.257999
329.685000
329.982000
331.115000
331.534999
327.940000
329.179999
328.362000
330.334000
328.384000
328.373000
390.475000
329.213000
329.014000
327.545000
332.002001
328.268000
329.209000
329.606000
367.938001
329.974000
329.013000
328.664999
329.359000
327.428000
328.352001
329.290000
331.488000
329.150000
329.695000
328.281000
344.178000
329.553000
329.998000
330.095000
356.752000
330.114000
328.936000
328.519001
333.047001
329.187000
327.934000
328.277000
329.661000
329.510001
329.867001
329.015001
329.999000
329.171000
330.193000
328.588000
328.413000
327.187999
330.614000
329.350000
328.543999
328.594999
329.368000
329.083000
329.736000
327.223000
330.557000
329.653000
328.805000
328.631001
330.316000
328.246000
330.337000
326.797000
328.593000
329.221000
327.805000
329.135000
328.923000
328.706000
329.791000
328.333000
328.517000
328.151000
327.126000
327.834000
328.636000
328.876000
329.668000
329.243001
329.563000
327.177000
329.074000
327.944000
328.736001
328.985999
327.259000
330.016000
330.936000
331.778999
330.040000
330.668001
328.762000
327.647000
328.982000
328.927999
330.874000
328.671000
328.162001
328.600000
329.111001
328.683000
331.838001
328.779001
328.532000
329.517000
331.217000
327.641000
329.391000
329.450999
329.110000
328.973000
330.592999
329.135000
328.876000
329.561000
327.372000
329.171999
329.240000
328.542001
329.965000
330.759999
329.728999
328.360000
327.542000
328.343000
328.148000
328.183000
328.656000
326.941000
329.678000
329.120000
328.298001
329.762000
328.007000
329.282000
329.224001
327.853000
328.763001
329.193000
329.263000
329.186000
329.594000
330.430000
327.643000
331.281001
328.265000
329.868000
329.367001
328.844000
328.636000
329.437000
329.232000
329.166000
330.042000
329.674000
326.411000
329.964000
329.798000
328.879000
330.097000
327.679000
328.660000
327.442000
328.873000
330.093000
367.880000
327.212000
329.965999
327.451999
338.800000
329.221000
328.603000
328.698999
330.790000
329.944001
327.879000
327.871000
329.429000
327.292000
329.164000
329.869000
327.219000
327.559000
329.255000
328.996001
328.291001
329.396000
328.333000
328.720000
328.811000
329.262000
326.718000
329.839000
328.644000
328.520000
327.614999
330.437000
327.459000
327.585000
328.435000
330.639000
327.835999
330.842000
328.074000
327.927001
328.991001
328.588000
328.392000
329.514001
327.225000
328.957000
327.738000
328.046001
329.172000
328.184000
329.962000
327.974000
327.985000
331.225000
328.768000
327.999000
330.389000
329.206000
329.335000
326.751000
328.931000
328.199000
329.996000
329.404000
327.896000
330.153001
328.927000
329.550000
327.349000
328.653000
328.735000
330.147999
330.506000
329.708000
328.260000
329.938000
327.986999
329.900000
328.986000
330.893001
329.376000
329.589000
328.690000
329.013000
328.740001
326.972000
329.600000
328.620000
330.403000
328.106000
329.561000
327.768999
327.873000
328.736000
328.935000
329.076000
329.029000
327.174000
330.393000
329.613000
329.248000
328.713000
328.893000
327.610000
328.573001
328.236001
328.988001
328.915999
330.305000
329.874000
328.926000
330.201999
327.586000
327.959000
329.285000
327.705001
329.571000
335.938000
327.658000
327.609000
327.653000
329.529000
329.332001
331.723000
328.991001
329.922000
329.867000
329.631000
328.859000
327.654000
329.798000
329.988999
328.005000
328.120000
329.473999
328.528000
328.240000
330.507000
329.965000
330.922000
329.118000
330.326000
330.556001
328.495000
328.133999
328.970000
329.354000
329.431999
329.278000
328.289000
328.193001
329.291000
329.065000
328.194999
328.844001
327.813000
329.939000
328.862000
328.817000
328.973000
330.503000
327.739000
329.311000
329.045000
326.409000
331.599000
329.357999
329.767001
329.254000
329.609000
329.627000
328.081000
329.841000
328.414000
326.777999
328.647000
328.490000
328.580000
329.506001
329.056000
328.740000
329.123000
327.588000
329.034000
328.106999
329.321000
327.291001
330.358000
330.183000
329.551999
329.192000
329.683000
329.841999
328.238999
330.577000
327.786000
327.846000
331.228999
328.700000
330.110000
329.424000
329.159001
327.611000
328.230000
327.417000
330.370000
328.054000
329.628000
330.384000
330.112000
328.520000
328.470000
331.088000
329.084001
329.317000
328.154000
330.255000
327.810001
328.874000
327.846000
328.958000
328.672000
328.011000
328.335000
329.156999
329.916000
329.978000
328.968000
330.984000
333.395001
330.425000
327.981000
328.155000
329.537001
328.712000
329.089000
328.802000
328.760999
328.656000
328.968000
328.152000
330.627000
327.657000
328.558000
329.725999
329.467000
328.846000
329.347000
329.289000
326.797000
329.027999
329.462000
326.484000
329.187999
329.344000
327.345001
329.136000
327.117000
327.915000
329.264000
328.523000
328.528000
329.501000
329.322999
327.926001
326.815000
329.232000
329.005999
327.462999
329.783999
329.378000
328.811000
327.350000
329.341000
328.791000
327.900999
327.799000
328.246000
328.434000
327.136000
327.702000
329.206000
330.402000
330.879000
327.958000
330.897001
326.897000
328.403000
329.497000
329.533000
327.779000
329.531999
330.180001
329.073000
328.657000
326.870000
328.296000
328.522000
327.293999
328.562000
327.692000
327.781999
327.537999
328.077001
329.244000
330.366000
330.178999
328.336000
329.797000
327.823000
329.027000
329.654000
329.803000
329.992000
330.610000
329.728001
329.654000
329.411000
328.667000
327.350000
328.863000
328.922000
329.841000
329.392000
328.379000
328.731000
331.695000
328.879000
328.611000
328.755001
328.877000
328.179000
329.135999
328.662001
330.987999
329.651999
330.259000
329.914000
329.701999
329.349999
331.181000
330.332001
327.974000
329.053000
328.992000
327.635000
328.861000
327.665000
329.187999
327.588000
327.974000
326.996000
328.086000
328.663000
328.799999
328.468001
329.078000
329.141000
329.129000
328.590999
328.394000
329.086000
328.412000
328.464000
327.801000
327.948000
328.330000
329.350000
329.453000
330.801001
327.690001
330.817000
329.814999
329.140000
329.873000
328.760000
329.844000
327.090001
328.734000
329.830000
328.538000
326.623000
329.342000
329.472000
325.921000
328.697000
329.000000
328.376000
332.080000
327.516000
330.540000
328.638000
330.649000
327.430000
328.770000
328.453000
331.026000
328.387001
329.569001
327.221000
328.632999
329.854000
329.215000
327.715999
330.070999
329.378000
326.839999
328.240000
328.187000
328.189000
327.498000
328.598000
331.792000
327.874999
328.623001
329.368000
328.748999
330.883000
330.677000
328.967000
328.930000
328.449000
327.609999
328.559000
330.488000
328.747000
329.290000
331.192000
328.339000
330.280000
326.880001
328.368001
328.600000
326.400001
328.468000
330.342000
328.348000
326.229000
325.700000
329.729000
328.463000
329.462999
329.361000
362.829000
329.169000
329.580000
328.096000
329.539999
328.932000
329.932000
327.000001
347.732000
331.360000
330.157000
330.352000
368.350000
328.156000
328.974999
329.638000
336.752000
327.580000
328.252000
329.131001
332.656000
329.247000
326.085000
328.326000
328.225000
329.471000
328.402000
328.234000
327.788000
327.442001
329.205000
328.623000
330.765001
328.298001
327.347000
328.159001
328.936000
329.623000
327.959999
327.790000
330.784000
328.392000
329.896000
328.777000
329.425000
331.371000
330.008000
326.990000
329.842000
327.852000
329.296000
327.389000
330.702000
329.029000
329.457000
329.279000
329.181001
330.057001
329.969000
329.392000
329.001000
329.025000
328.649000
327.935000
330.252000
328.738000
329.609999
328.803000
329.016000
330.550999
328.900999
328.849000
329.591000
329.063999
327.432000
328.562000
1871.424000
330.841000
329.208000
330.269000
328.355000
329.380999
328.503000
331.239999
331.249001
329.016999
328.818000
326.129001
330.000000
328.280000
329.391000
328.953000
327.776000
328.818000
330.019000
328.158000
328.759001
329.698000
327.610000
329.996000
327.830000
328.155000
330.755999
330.331000
329.929000
326.540000
330.313000
328.149000
331.457000
328.354000
329.338000
329.422999
330.151000
328.863000
328.768000
329.254000
330.908000
329.318000
328.690000
328.125000
329.651999
328.147000
330.093000
328.276000
329.822000
328.709000
329.914000
329.109999
329.965000
328.134000
330.159999
328.679000
327.599000
329.736000
330.607001
329.422000
328.922000
329.683000
327.654000
328.167001
329.557000
327.800999
329.254000
329.378000
327.794001
328.472001
328.880000
329.078000
329.860999
327.764000
330.027000
328.182000
328.708000
328.789000
330.127000
329.989000
329.006000
328.664999
328.829001
329.682000
329.232000
330.063000
329.976000
328.918000
328.663000
327.971000
331.148000
328.547000
327.386000
331.525001
327.032000
330.912000
329.501000
327.991000
328.656999
329.214000
329.205000
328.397000
329.010000
327.992000
328.814001
328.265000
326.208000
328.008000
328.434000
329.833000
329.777000
360.063001
329.552000
330.191000
329.553001
364.701999
329.086999
329.925000
331.360000
359.456000
329.406000
327.621000
328.131000
330.371000
328.232000
326.639000
330.727000
332.572000
329.632000
327.967000
331.499000
367.796000
330.023999
330.379000
328.005000
330.472000
325.259000
330.015000
329.523999
328.839000
329.392999
328.722000
328.954000
328.065000
