16.934000
16.645000
16.184000
16.361999
16.323000
16.193001
16.191999
16.236000
16.305001
16.252000
16.341001
16.642001
16.372000
16.143001
16.096000
16.261999
16.121999
16.331000
16.505000
16.056000
16.249000
16.036000
16.108000
16.356000
16.136000
16.177000
16.143000
16.221000
16.104001
16.235000
16.696000
16.092001
16.415000
16.598000
16.369000
16.292000
16.404000
16.152000
16.178000
16.232000
16.407000
16.260000
16.035999
16.256000
16.077000
16.078000
16.118000
16.156999
16.101000
16.162000
16.303000
16.187000
16.186000
16.453000
16.344000
16.103000
16.174000
16.162000
16.133000
16.440000
16.495001
16.205000
16.133999
16.081000
16.150000
16.182000
16.215000
16.160000
16.162000
16.315000
16.039000
16.080000
16.318999
16.158000
19.987999
16.567999
16.429000
16.396000
16.098000
16.098000
16.064000
16.243000
16.099000
16.202000
16.186999
16.369000
16.019000
16.188000
16.121999
16.021000
15.894000
16.226000
16.164000
15.916000
16.305000
16.297000
15.898000
16.041000
16.054000
16.073001
16.119001
16.117999
16.052000
16.603000
16.113000
16.091000
15.971000
16.152999
16.249000
16.056000
16.149000
16.003000
16.425001
16.209000
16.120000
16.444000
16.402000
16.251000
16.192000
16.105000
16.260000
16.130000
16.141000
16.668000
15.986000
16.194001
16.200000
16.286001
16.106000
16.284000
16.150000
16.071000
16.147001
16.022000
16.080000
16.051000
16.107000
16.035000
16.234000
16.016000
16.381000
16.210000
16.066000
16.521000
16.369000
15.939000
16.224000
16.115000
16.126000
16.003000
16.283999
16.129000
16.030001
16.024000
16.193000
16.096001
16.236000
16.410000
16.058000
16.232000
16.627000
16.001999
16.179000
16.694000
15.988001
16.109000
16.442999
16.154000
16.053000
16.035001
16.030000
16.252000
16.103000
15.997000
16.039000
16.659000
16.177000
16.354000
15.924000
16.347000
15.947000
16.054000
19.845000
16.693001
16.468001
16.304000
16.233999
16.217000
16.043999
16.022000
16.036999
16.147000
16.130000
16.200000
16.170000
16.239000
15.999000
16.217000
16.073000
16.031001
16.105000
16.177000
16.116000
16.183000
16.137999
16.376000
15.967000
16.674000
16.111000
16.228000
16.182000
16.218000
16.415000
15.977000
16.311000
16.245000
16.268000
16.096000
16.137000
15.950001
16.079000
16.075000
16.059999
16.277000
16.357999
16.129999
16.350999
15.943000
15.964000
16.183000
16.089000
15.978000
16.071000
16.127001
16.219000
16.135000
16.054000
16.419000
16.107000
16.007000
16.018000
16.341000
15.945000
16.135001
16.047000
15.988001
16.292000
15.982999
15.926000
16.107000
16.053000
15.972000
16.523000
16.113000
16.214000
16.016000
16.171000
16.083000
15.860001
16.191000
16.202000
16.058001
16.294000
16.133000
16.143001
15.984000
16.086999
16.071999
15.973001
15.972000
16.156000
15.974000
16.047001
16.066000
16.078999
16.201001
16.206000
16.252001
16.681001
16.077000
16.054000
16.027000
16.204000
16.133999
16.077000
16.244000
16.474999
16.121000
16.179000
15.973000
16.175000
24.603000
17.841999
16.951000
16.238000
16.508999
16.187999
16.366000
15.924000
16.030001
16.092000
15.972000
16.001000
16.266000
16.050000
15.964000
16.611000
16.081000
16.081000
15.967000
16.470000
16.107000
16.106999
16.140000
16.234000
16.165000
15.958000
16.179000
15.951999
16.022000
16.024000
16.121999
16.096000
16.225999
16.121000
16.083000
16.115000
16.086999
15.966000
16.100000
15.886000
15.974999
16.077001
16.272999
16.160000
16.066000
16.214000
15.982999
16.141000
15.973000
16.007000
16.519000
16.127000
16.073001
15.913000
16.651000
16.091000
16.015000
16.264000
16.374000
16.165000
16.439000
16.113000
16.217000
16.271000
15.974999
16.190999
16.079000
16.114000
16.714000
15.993000
16.259000
15.985000
16.644000
16.272000
16.062000
16.156999
16.256000
16.139001
16.111000
16.179000
16.155000
16.090000
16.267000
16.051000
16.141000
16.205001
16.458000
16.019000
16.354000
16.057000
15.990000
16.084000
16.170000
16.443000
16.138000
15.865000
16.194000
16.114000
16.123001
16.065001
16.599000
16.035000
16.579000
16.197000
16.170001
16.157000
16.103000
16.075000
26.316000
16.689000
16.567000
16.147000
16.159000
16.135001
16.003001
16.470000
16.211000
16.210999
16.452000
16.400000
16.286001
16.011000
16.258000
16.122000
16.268000
16.183000
16.294000
16.266000
16.524000
16.134000
16.208000
16.115000
16.172000
16.119001
16.466999
16.098000
16.105000
16.586999
16.241000
16.260000
16.194999
16.375000
16.246000
16.307000
16.318001
16.122000
16.132000
16.086000
16.167000
16.346999
16.042000
16.423000
16.123000
16.130000
16.067000
16.625000
16.129999
16.170000
16.173000
16.279000
16.081000
16.162001
16.027000
16.214999
16.004000
16.275000
16.040000
16.160000
16.379000
15.988000
16.121999
15.909000
15.960000
16.106000
16.224000
16.171000
16.099000
16.421000
16.257000
16.293000
16.191000
16.054000
16.142000
16.164000
16.187999
16.309000
16.141000
16.167000
16.208000
16.286000
16.194000
16.170000
16.094000
16.207000
16.247000
16.028999
16.009999
16.149000
16.440000
16.105000
16.461000
16.305001
16.298001
16.207000
16.188000
16.194000
16.217999
16.143001
16.098000
16.191000
16.185000
16.064000
16.041000
16.033000
15.957001
16.122000
16.224000
19.826001
17.106000
16.585001
16.155000
16.137000
16.065000
16.106000
16.128000
16.188000
15.926000
16.318999
16.227000
16.271000
16.132000
16.545000
16.132000
16.048000
16.011000
16.046000
16.516000
16.086000
16.082000
16.146000
16.196000
16.115000
16.235000
16.648000
16.474999
16.213001
16.139001
16.267000
16.226000
16.083000
16.190000
16.117999
16.245000
16.129999
16.264999
16.243000
16.138000
16.194000
16.212001
16.170000
16.156000
16.171999
16.288999
16.121999
16.068000
16.028000
16.210999
16.294000
16.041000
16.090000
16.111000
16.358000
16.085001
16.100000
16.592001
15.942000
16.402000
16.032000
16.104001
16.151000
16.101999
16.244000
16.140000
16.039000
16.221999
16.422000
16.202000
16.151000
16.178001
16.240000
16.167000
16.504001
16.167000
16.216001
16.095000
16.191000
16.247001
16.268999
16.084000
16.080000
16.527000
16.241999
16.075000
16.020000
16.136000
16.800000
16.143000
16.116000
16.388000
16.067000
16.037000
16.050000
16.567999
16.062000
15.986000
15.909000
16.039001
16.149000
16.258000
15.982999
16.123001
16.079000
16.285000
16.201000
16.372000
16.043000
16.430000
74.845000
17.221999
16.710000
16.184000
16.268000
16.275001
16.700000
16.042001
16.778000
16.239000
16.581000
16.228000
15.969000
16.258000
16.268000
16.091000
16.007000
16.305000
16.283000
16.247001
16.330999
16.581999
16.202000
16.170000
16.352001
16.194000
16.199000
16.127000
16.226000
16.081001
16.092000
16.101999
16.147000
16.139000
16.191000
16.379000
16.422000
16.113000
16.176000
16.464001
16.145000
16.143000
16.203000
16.126000
16.014000
16.217000
16.484000
16.729000
16.116000
16.204000
16.171000
16.008000
16.314000
16.119000
16.381000
16.054000
16.526001
16.319000
16.714000
15.940000
16.198000
16.256000
16.181000
16.137999
16.105000
16.443999
16.015000
16.264000
16.183000
16.074000
16.186000
16.501000
16.273000
16.044999
16.194000
16.779000
16.211000
16.078999
16.317000
16.322000
16.102000
16.217000
16.215000
16.213000
16.243000
16.085999
16.048000
16.121999
16.106999
16.179000
16.134000
16.117000
16.209000
16.271001
16.211000
16.047000
16.090000
16.092001
16.526000
16.186001
16.149000
16.278001
16.228000
15.974999
16.151000
16.243001
16.752000
16.178001
16.207000
16.073000
19.695001
16.613000
16.657000
16.460000
16.372000
16.183000
16.275000
16.045000
16.082000
16.422001
16.445001
15.989999
16.566000
15.964000
16.291999
16.081001
16.136000
16.203000
16.288000
16.101000
16.164000
16.125000
16.652999
15.966000
16.074999
16.239000
16.309001
16.042001
16.118000
16.194001
16.296000
16.151001
16.245000
16.110000
15.947000
16.173000
16.124000
16.071000
16.143001
16.459000
16.182001
16.062000
16.341999
16.152000
16.202000
16.094000
16.046001
16.417000
16.185000
16.044999
16.148000
16.162001
16.373000
16.232000
16.590999
16.070000
16.181000
16.314000
16.603000
16.146000
16.110000
16.182000
16.268000
16.094000
16.234000
16.214000
16.187000
16.242000
16.008000
16.176000
16.515000
16.264000
16.051000
16.157000
16.170000
16.078000
16.266000
16.497000
16.335000
16.456001
16.215000
16.063000
16.366000
16.260000
16.468000
16.135001
16.313000
16.391000
16.218000
16.243000
16.623001
16.267000
15.965000
16.090000
16.088000
16.220000
16.079000
16.144000
16.053000
16.264000
16.226000
16.329000
16.232000
16.162000
16.097000
16.116001
16.237000
16.366000
16.090999
15.968000
20.010000
16.693000
16.736000
16.198000
16.124000
16.141000
16.133000
16.148000
16.353000
16.130000
16.286001
16.103000
16.137000
16.196000
16.191000
16.111000
16.119000
16.177000
16.171001
16.291000
16.311000
16.224000
16.132999
16.170000
16.166000
16.150000
16.207000
16.148000
16.095000
16.516000
16.154001
16.200000
16.243000
16.219000
16.164000
16.157000
15.962000
16.259000
16.205000
16.045000
16.047000
16.049000
16.602000
16.151000
16.539000
16.209000
16.051000
16.194000
16.130000
16.264000
16.124999
16.532999
16.075000
16.134000
15.951000
16.147000
16.164000
16.559000
16.199999
16.023000
16.238000
16.252000
16.570000
16.160000
16.175000
16.072000
16.258000
16.464000
16.102999
16.132000
16.181000
16.186999
16.295000
16.135001
16.147000
16.100001
16.306000
16.245000
16.059000
16.179000
16.155000
16.478000
16.044000
16.629000
16.075000
16.211000
16.209000
16.237000
16.142000
16.253000
16.077000
16.002000
16.146000
16.262000
16.205000
16.517000
16.222000
16.022000
16.216000
16.337000
16.022000
16.149000
16.189000
16.128000
16.117000
16.233999
16.310000
16.392000
16.400000
16.355000
19.960000
16.631000
16.446000
16.108000
16.145000
16.235000
16.011000
16.190000
16.740000
16.039000
16.121000
16.301000
16.093999
16.081000
16.220001
16.218000
16.230000
16.028000
16.130000
16.596000
16.089000
16.338000
15.909000
16.389000
16.553001
15.969000
16.040999
16.123001
16.170000
15.951000
16.161000
16.120000
16.438000
16.109000
16.284000
16.569000
15.990000
15.992000
16.054000
16.027000
16.570000
16.124000
16.054001
16.015001
16.018000
16.255000
16.279000
16.157000
16.090000
16.177000
16.253000
16.111000
