4083.960000
4097.240000
4082.060000
4098.820001
4072.060000
4083.440000
4085.700000
4083.820000
4105.479999
4085.120000
4107.899999
4090.640000
4086.500000
4088.200000
4091.700000
4063.080000
4088.500001
4090.940000
4088.320000
4087.000000
4081.839999
4076.660000
4079.000000
4070.400000
4089.760000
4084.240000
4088.020000
4083.400000
4103.340000
4081.920000
4098.560000
4089.580000
4078.760000
4081.440000
4070.300000
4119.600000
4260.320000
4079.760000
4107.059999
4053.540000
4113.820001
4089.120001
4104.160000
4092.220000
4111.160001
4099.000000
4101.440000
4084.040000
4065.960000
4076.260000
4077.839999
4074.200000
4082.500000
4064.879999
4092.040000
4063.900000
4070.640000
4077.060000
4073.039999
4073.360000
4080.779999
4094.380000
4099.599999
4093.240000
4077.180000
4081.380000
4074.039999
4078.340000
4095.020000
4069.800000
4083.940000
4082.040000
4073.540000
4060.820000
4071.060000
4079.740000
4080.080000
4080.560000
4088.960000
4091.420000
4081.640000
4081.260000
4083.360001
4078.560000
4083.660000
4090.980001
4081.960000
4091.400000
4099.100000
4069.140000
4079.760000
4066.280000
4076.160000
4081.540001
4095.100001
4098.960000
4073.540000
4088.720000
4073.660000
4089.880000
4079.280000
4068.260000
4077.180000
4094.780001
4082.220000
4099.020000
4072.520000
4075.920000
4081.480000
4069.400000
4078.500000
4088.600000
4090.280000
4091.700000
4082.880000
4073.700000
4067.640000
4092.460000
4070.540001
4081.440000
4077.720000
4091.580000
4085.600000
4072.920000
4074.100000
4092.700000
4082.700000
4072.940000
4073.640000
4084.780000
4075.460000
4082.260000
4094.380000
4070.900001
4097.340000
4073.380000
4066.660000
4080.740000
4083.520000
4094.740000
4074.380000
4073.980000
4082.520000
4071.400000
4087.340000
4083.920000
4072.940000
4071.300001
4086.520000
4072.900000
4082.860000
4076.860000
4079.080001
4071.300000
4083.520000
4077.800000
4087.200000
4071.819999
4087.880000
4083.440000
4063.080000
4068.140000
4064.580000
4075.820001
4075.700000
4085.700000
4072.280000
4069.340000
4057.520000
4076.940000
4070.359999
4067.919999
4079.400000
4072.060000
4080.900000
4084.140000
4120.000000
4083.260000
4100.060000
4078.720001
4076.200000
4082.200000
4069.580000
4065.720000
4087.560000
4065.540001
4067.420000
4050.940000
4076.820000
4068.620000
4091.720000
4065.320000
4072.640000
4074.960000
4077.820000
4050.020000
4081.360000
4084.199999
4052.160000
4072.720001
4069.399999
4068.320001
4055.800000
4067.500000
4082.560000
4063.660000
4042.840000
4078.700000
4065.920000
4055.220000
4069.460000
4065.220000
4055.080000
4061.140000
4063.960000
4063.440000
4071.280000
4050.920000
4065.180000
4058.280000
4080.800001
4076.300000
4071.459999
4064.080000
4078.900000
4082.680000
4069.020000
4060.000000
4073.340000
4098.520000
4081.280000
4076.380000
4080.920000
4067.380000
4078.920000
4080.920000
4071.840000
4068.860000
4068.160000
4087.160001
4085.180000
4078.819999
4070.180000
4085.100000
4069.700000
4064.220000
4072.900000
4062.340000
4087.180000
4062.860000
4075.620000
4059.100000
4089.040000
4082.460000
4069.960000
4067.540000
4067.740000
4068.400000
4069.080000
4086.220000
4078.439999
4081.300000
4074.300000
4073.760000
4078.160000
4069.680000
4079.640000
4064.720000
4090.060000
4067.660000
4079.940001
4072.939999
4074.180000
4077.060000
4070.460000
4082.300001
4080.619999
4053.960000
4063.440000
4060.480000
4074.040000
4082.060000
4085.740000
4079.779999
4091.760000
4077.320000
4068.059999
4074.019999
4101.740000
4070.479999
4083.040000
4074.399999
4076.420000
4078.760000
4078.020000
4076.900000
4087.580000
4089.319999
4071.500000
4081.499999
4075.020000
4073.020000
4088.980000
4094.360000
4090.700001
4077.459999
4089.860001
4074.920001
4083.340000
4083.579999
4086.620000
4073.340000
4088.900001
4074.779999
4080.560001
4086.660000
4071.339999
4077.980001
4079.180000
4090.340000
4073.220001
4079.940000
4084.340000
4073.260000
4073.460000
4062.000000
4065.339999
4067.700000
4084.920000
4055.220000
4069.080000
4081.600000
4086.140000
4053.180000
4087.920000
4069.020000
4076.580000
4052.760000
4080.600000
4099.360000
4069.460000
4081.860000
4086.000000
4078.660000
4061.560000
4073.980000
4068.620000
4088.960000
4067.340000
4079.240000
4092.820000
4079.980000
4062.560000
4069.060000
4072.840001
4072.320000
4074.740000
4078.760000
4056.480000
4088.900000
4076.820000
4070.580000
4067.080000
4088.740000
4078.600000
4082.140001
4086.340000
4089.419999
4078.439999
4089.800000
4072.380000
4085.480000
4074.940000
4061.660000
4059.100000
4063.380000
4064.620000
4076.720000
4064.259999
4062.080000
4102.200000
4095.320000
4079.680000
4081.120000
4075.560001
4067.720000
4081.720000
4099.560000
4079.000000
4076.300000
4089.300000
4072.620001
4076.320000
4086.460000
4085.240001
4077.220000
4082.500000
4086.460000
4098.320001
4061.020000
4069.420001
4064.480000
4086.020000
4064.560000
4087.620000
4085.539999
4066.460000
4088.520000
4061.699999
4079.899999
4089.880000
4067.700000
4068.659999
4085.420000
4075.000000
4096.580001
4063.060000
4064.100000
4082.220000
4067.500000
4077.580000
4073.940000
4071.900000
4074.440001
4067.799999
4073.160000
4078.740000
4063.840000
4070.900001
4075.999999
4064.680001
4082.719999
4073.860000
4061.800000
4085.860000
4071.040000
4075.840000
4083.740000
4068.120000
4060.960000
4118.660000
4077.440000
4067.940000
4080.900000
4080.440000
4074.539999
4061.340000
4059.619999
4092.580000
4075.340000
4052.139999
4070.220000
4088.300000
4084.280000
4078.780000
4073.659999
4068.440000
4065.440000
4067.060000
4079.680000
4069.120000
4089.100000
4078.079999
4072.800000
4084.480001
4073.900000
4074.700000
4070.239999
4087.400001
4071.080000
4075.300001
4080.460000
4070.760000
4070.360000
4064.660001
4065.840000
4071.500000
4080.000000
4081.020000
4080.440001
4065.160001
4075.540000
4081.379999
4058.600000
4089.800000
4060.760000
4069.739999
4065.640001
4067.079999
4079.860000
4075.320000
4087.460000
4069.620000
4068.080001
4070.599999
4068.539999
4075.460000
4073.180000
4071.420000
4065.280001
4079.020000
4061.180000
4074.620000
4079.700000
4071.580000
4068.160000
4070.280001
4069.320000
4068.879999
4071.860000
4074.760000
4072.380001
4075.280000
4078.980000
4070.420000
4060.360000
4080.820000
4061.840000
4072.960000
4065.280000
4073.299999
4083.360000
4067.800000
4060.280000
4057.320000
4079.520000
4077.920000
4061.340000
4057.480000
4065.119999
4083.720000
4058.499999
4093.660000
4082.959999
4068.840001
4074.160000
4084.380000
4090.520000
4087.620000
4058.400000
4057.700001
4072.480000
4075.600000
4069.440000
4061.220000
4052.139999
4082.020001
4085.440000
4071.740001
4073.940000
4065.960000
4081.080000
4066.280001
4097.740000
4093.560000
4083.480000
4067.900000
4088.680000
4079.560000
4088.820000
4083.860000
4074.860000
4080.720000
4078.680000
4082.860000
4075.940000
4076.320000
4087.240000
4096.620000
4083.820000
4087.480000
4069.360000
4072.780000
4074.539999
4098.320000
4110.560000
4087.760000
4077.140000
4069.640000
4072.600001
4074.159999
4071.320000
4073.220000
4088.900000
4096.520000
4075.780000
4074.320000
4074.320000
4061.580000
4075.160000
4063.899999
4076.740000
4086.580001
4053.479999
4065.300000
4076.579999
4067.700000
4075.840000
4086.120000
4060.640001
4087.600000
4098.180001
4066.459999
4072.500001
4061.160000
4058.859999
4074.639999
4065.920000
4070.960000
4078.500000
4078.939999
4067.420000
4081.860000
4078.080000
4061.520000
4090.340000
4064.040000
4083.120000
4082.660000
4064.780001
4082.480000
4082.240000
4070.720000
4086.180000
4072.300000
4064.560000
4072.180000
4078.660000
4075.660001
4078.380000
4071.260001
4080.120000
4065.700000
4077.180000
4072.860000
4088.920000
4093.940000
4084.120000
4077.620001
4079.460000
4052.920000
4078.900000
4057.280000
4093.840000
4054.140000
4068.020000
4071.000000
4081.940000
4077.940000
4063.160000
4071.660000
4090.600001
4067.600000
4083.920000
4057.480000
4078.520000
4066.860000
4072.000001
4075.820001
4075.780001
4074.960000
4081.019999
4076.180000
4077.120000
4082.040000
4080.000000
4065.500000
4073.460000
4061.100000
4073.000000
4093.520000
4075.320001
4051.120000
4067.700000
4066.720000
4089.280000
4060.140000
4062.700001
4093.859999
4078.660000
4074.300000
4071.640000
4076.859999
4070.479999
4080.700001
4067.919999
4066.300000
4070.640000
4079.500000
4085.020000
4065.720000
4071.239999
4077.219999
4066.919999
4077.400001
4068.780000
4067.640000
4062.520000
4075.080000
4062.760000
4084.120000
4081.580000
4078.480000
4088.280001
4078.819999
4082.040000
4083.900000
4067.600001
4069.220000
4082.480000
4072.020000
4094.560000
4093.520001
4096.680000
4109.580000
4060.480000
4094.160000
4097.920000
4079.660000
4071.500000
4084.180000
4066.800000
4065.479999
4071.320000
4074.220000
4072.520000
4075.180001
4070.860000
4083.240000
4088.660000
4072.380000
4086.960000
4080.780000
4077.740000
4060.360000
4076.700000
4077.599999
4088.580000
4074.739999
4078.140000
4082.600000
4070.760000
4061.559999
4067.120000
4087.440000
4093.940000
4086.180001
4067.260000
4082.780001
4086.120000
4069.560000
4082.540000
4072.200000
4092.580000
4070.479999
4074.160000
4085.520000
4073.600000
4071.280001
4078.220000
4072.820000
4084.100000
4078.880000
4084.919999
4088.000000
4078.080000
4074.380000
4080.080000
4085.040000
4072.880000
4084.780000
4066.120001
4072.120000
4085.220000
4061.180000
4079.300000
4079.700001
4081.360000
4092.820000
4087.400000
4072.560000
4078.980000
4077.880000
4077.460000
4073.860001
4074.360000
4069.100000
4078.760000
4076.500000
4087.280000
4068.340000
4086.680000
4069.100000
4071.240000
4077.300000
4077.819999
4106.199999
4078.220000
4072.600000
4071.620001
4081.440000
4085.019999
4087.980000
4081.020000
4074.080001
4088.380001
4080.039999
4076.600000
4082.440000
4079.460000
4073.840000
4044.520000
4063.660000
4088.820000
4074.060000
4075.180000
4080.500000
4080.040000
4086.460000
4082.620000
4091.840000
4082.780000
4070.480000
4085.900000
4060.260000
4077.400000
4067.039999
4075.780001
4082.860000
4071.180000
4081.160000
4086.360000
4092.239999
4085.040000
4062.980000
4085.320000
4073.120000
4084.420000
4063.160000
4068.740000
4052.820000
4080.680000
4067.480000
4067.720001
4084.240001
4077.180000
4059.020000
4069.020000
4082.100000
4069.080000
4072.500000
4063.300000
4084.319999
4078.319999
4078.380001
4073.340000
4068.899999
4075.379999
4070.060000
4072.380000
4073.179999
4068.640000
4075.180000
4076.979999
4065.360000
4065.140000
4066.500000
4060.480000
4060.560000
4083.959999
4092.760000
4085.179999
4080.680000
4074.820000
4080.940000
4086.020000
4069.700000
4075.420000
4081.839999
4070.060000
4085.480000
4066.940000
4085.240000
4084.200000
4073.480001
4067.519999
4083.120001
4081.060000
4091.740000
4086.820000
4088.220000
4060.360000
4097.320000
4083.559999
4108.560001
4083.459999
4077.819999
4079.480000
4091.120000
4064.640000
4083.820000
4086.240000
4085.320001
4072.360000
4082.840000
4082.820000
4078.640000
4082.440000
4084.660000
4073.320000
4099.880000
4089.819999
4087.360000
4084.040000
4082.060000
4076.119999
4091.360000
4084.120000
4087.640001
4078.300000
4080.740000
4072.540000
4078.760000
4066.280000
4077.100000
4068.380000
4096.160000
4096.320000
4082.820000
4066.300000
4080.680001
4083.560000
4073.120000
4080.940000
4090.580000
4079.460000
4077.700000
4075.839999
4081.340000
4099.100000
4089.600000
4098.300000
4100.240000
4097.720000
4091.400000
4086.040000
4069.900000
4075.259999
4075.640000
4081.780001
4075.860000
4074.240000
4084.020000
4095.340000
4084.980000
4075.320000
4085.220000
4098.780001
4089.760000
4073.480000
4094.300000
4079.200001
4084.220001
4095.120000
4092.760000
4093.880000
4071.580000
4062.279999
4082.420000
4090.779999
4088.520000
4094.780000
4092.619999
4077.020000
4100.180000
4072.939999
4070.500000
4067.280000
4074.100000
4080.460000
4075.180000
4090.120000
4089.559999
4074.960000
4074.620000
4089.080000
4080.040000
4092.120000
4088.820000
4087.760000
4082.240000
4093.440000
4094.260001
4093.900000
4087.380000
4075.720000
4072.339999
4074.140000
4077.160000
4065.780001
