140.280000
116.280000
96.980000
109.140000
102.320000
92.660000
85.820000
84.460000
83.220000
82.240000
82.200000
85.680000
83.580000
82.660000
82.180000
81.180000
81.820000
81.780000
81.360000
88.760000
87.820000
85.740000
83.540000
82.640000
82.160000
81.680000
85.540000
83.660000
82.880000
82.220000
82.260000
81.860000
81.280000
81.700000
87.560000
85.240000
83.600000
82.940000
83.220000
81.260000
82.780000
81.560000
83.200000
82.960000
81.700000
81.700000
81.640000
82.240000
82.100000
82.040000
85.940000
84.700000
83.180000
82.620000
82.100000
81.400000
81.740000
102.380000
84.700000
81.880000
81.220000
82.320000
82.400000
81.780000
81.640000
89.800000
86.100000
83.800000
82.040000
81.940000
82.280000
88.740000
92.840000
84.660000
82.980000
82.260000
81.520000
81.940000
81.520000
81.720000
81.460000
85.460000
83.240000
82.600000
82.040000
81.140000
81.100000
81.620000
81.800000
83.580000
83.220000
83.420000
82.380000
83.140000
82.080000
81.180000
81.520000
84.400000
84.860000
82.720000
81.920000
81.900000
81.860000
81.320000
81.480000
82.500000
81.700000
81.320000
81.400000
81.320000
81.540000
81.500000
81.360000
83.600000
82.180000
81.800000
81.640000
81.840000
81.220000
81.520000
80.800000
82.780000
82.000000
82.400000
81.460000
81.920000
81.320000
81.260000
81.520000
84.520000
83.180000
82.620000
81.380000
81.580000
81.300000
81.060000
81.400000
81.520000
81.100000
81.320000
82.520000
80.860000
80.980000
80.920000
81.240000
84.340000
82.960000
81.900000
81.480000
81.920000
81.280000
81.100000
81.680000
82.460000
81.740000
81.980000
81.320000
81.740000
81.040000
81.140000
81.460000
84.440000
83.000000
81.480000
81.320000
81.460000
81.120000
81.640000
81.860000
82.760000
81.320000
81.180000
81.560000
81.520000
81.340000
81.040000
88.220000
85.960000
82.140000
82.020000
81.660000
82.100000
81.060000
81.080000
81.100000
82.360000
81.840000
81.520000
80.920000
82.140000
81.240000
81.180000
80.820000
83.680000
81.820000
81.700000
81.300000
81.420000
81.440000
81.460000
81.600000
82.360000
81.300000
80.980000
81.240000
81.360000
81.140000
81.140000
81.340000
83.360000
81.540000
82.320000
82.780000
81.020000
80.800000
81.460000
80.880000
81.900000
81.640000
81.460000
81.320000
81.320000
80.940000
81.380000
81.200000
84.920000
83.100000
82.200000
81.360000
81.900000
81.680000
81.300000
81.560000
81.560000
81.160000
81.180000
80.800000
80.980000
81.000000
81.000000
81.320000
83.800000
82.560000
83.200000
81.660000
81.080000
80.920000
80.720000
81.180000
81.940000
81.740000
82.140000
81.680000
80.900000
81.180000
81.380000
81.420000
82.400000
82.040000
82.160000
81.540000
81.480000
80.860000
81.040000
80.900000
89.640000
81.500000
81.720000
81.160000
81.340000
81.260000
81.580000
80.960000
87.900000
81.900000
82.620000
81.520000
82.240000
81.360000
81.260000
80.980000
81.820000
82.540000
81.640000
81.220000
81.380000
81.460000
81.140000
81.360000
80.840000
81.920000
81.680000
81.960000
81.540000
81.420000
81.320000
81.420000
81.320000
81.360000
81.460000
81.380000
81.360000
81.820000
80.760000
81.600000
81.220000
81.720000
81.560000
81.300000
81.020000
81.180000
81.020000
81.120000
81.280000
81.840000
82.100000
80.920000
81.520000
81.160000
81.020000
80.800000
81.020000
83.100000
82.180000
82.240000
82.040000
81.220000
81.980000
82.400000
80.940000
81.140000
81.080000
81.460000
81.420000
80.840000
81.280000
81.280000
81.340000
82.660000
81.940000
81.220000
81.020000
81.420000
80.920000
81.260000
97.180000
81.640000
83.560000
82.660000
82.100000
82.020000
81.280000
81.280000
81.360000
82.920000
82.160000
81.620000
81.280000
80.800000
81.200000
81.160000
81.380000
81.320000
81.460000
81.000000
81.100000
80.980000
81.200000
81.040000
81.100000
81.660000
81.620000
80.920000
81.280000
81.120000
80.860000
81.060000
80.740000
81.760000
81.040000
81.080000
80.780000
81.160000
81.120000
81.100000
81.520000
81.860000
82.080000
81.400000
81.240000
80.900000
81.460000
81.240000
81.300000
81.480000
81.460000
81.340000
81.520000
81.240000
81.260000
80.880000
81.220000
82.000000
81.680000
81.080000
81.520000
80.840000
81.200000
81.380000
100.920000
81.300000
81.340000
81.120000
81.380000
80.820000
81.440000
81.580000
87.500000
82.060000
82.000000
80.980000
81.200000
80.840000
81.280000
81.280000
80.920000
81.580000
81.420000
81.460000
81.200000
81.080000
81.140000
81.180000
81.280000
81.500000
81.100000
81.580000
81.220000
81.280000
81.740000
81.000000
80.940000
81.300000
81.500000
81.320000
81.120000
81.220000
81.180000
81.160000
81.240000
81.640000
81.340000
81.460000
81.480000
81.140000
81.040000
81.260000
80.860000
81.500000
81.160000
81.360000
81.320000
81.240000
81.420000
81.120000
81.420000
81.220000
81.720000
80.800000
81.280000
81.260000
81.280000
80.740000
81.180000
81.460000
81.480000
81.500000
81.320000
81.320000
81.240000
80.860000
81.140000
88.820000
82.100000
81.480000
81.340000
80.740000
80.900000
81.000000
81.020000
87.940000
80.940000
81.440000
81.260000
81.180000
81.020000
81.100000
80.760000
81.060000
81.620000
81.180000
81.380000
81.400000
80.880000
81.280000
81.060000
81.100000
81.140000
81.420000
81.180000
80.900000
81.160000
81.000000
81.240000
81.240000
82.380000
81.240000
81.780000
81.140000
81.900000
80.980000
81.240000
81.100000
81.380000
81.420000
81.360000
81.180000
81.180000
81.380000
81.000000
80.980000
81.740000
80.900000
81.240000
81.160000
81.060000
81.160000
81.160000
80.780000
81.800000
81.180000
81.200000
81.280000
80.860000
81.220000
80.860000
81.040000
82.500000
82.000000
81.540000
80.980000
81.360000
81.080000
81.320000
81.220000
87.500000
81.560000
81.040000
81.040000
81.100000
81.360000
81.280000
81.060000
87.220000
81.320000
81.520000
81.280000
80.940000
80.880000
81.980000
81.500000
81.320000
81.300000
81.220000
81.500000
81.420000
81.240000
80.780000
80.920000
80.920000
83.000000
82.100000
81.860000
81.440000
81.840000
81.240000
81.520000
81.260000
81.100000
81.940000
81.360000
80.920000
81.260000
80.820000
80.860000
80.820000
82.380000
81.740000
81.440000
81.240000
80.780000
81.280000
81.240000
80.860000
81.700000
82.900000
83.080000
81.880000
81.280000
81.240000
80.900000
81.020000
82.160000
82.020000
81.660000
81.160000
81.140000
81.260000
81.100000
81.060000
81.040000
81.780000
81.340000
81.340000
80.660000
81.580000
80.840000
88.300000
81.540000
81.460000
81.060000
81.080000
82.000000
80.980000
81.400000
97.100000
81.700000
81.740000
81.120000
81.240000
82.300000
81.620000
81.580000
80.800000
82.740000
81.900000
81.180000
81.380000
81.400000
81.300000
81.280000
81.060000
81.580000
81.680000
81.460000
81.560000
81.420000
81.040000
80.720000
81.180000
82.000000
81.700000
81.140000
81.320000
80.800000
80.940000
80.900000
81.120000
81.380000
81.380000
81.540000
82.420000
81.080000
81.220000
80.900000
81.300000
82.200000
81.380000
82.020000
81.140000
81.600000
81.120000
81.300000
81.280000
81.440000
81.160000
81.040000
81.360000
81.180000
81.180000
80.780000
80.880000
82.120000
81.160000
81.600000
81.480000
81.400000
81.280000
80.880000
80.780000
81.580000
81.740000
81.220000
81.200000
81.360000
81.080000
80.840000
80.720000
87.840000
82.300000
81.560000
81.260000
81.040000
81.160000
80.860000
80.740000
80.940000
81.100000
81.140000
81.160000
80.820000
81.200000
81.340000
81.180000
80.840000
81.680000
81.020000
81.100000
81.260000
81.420000
81.420000
81.000000
81.120000
81.080000
81.460000
80.760000
81.160000
81.180000
81.220000
81.160000
81.180000
82.480000
82.440000
81.600000
81.320000
81.280000
80.720000
81.200000
80.600000
80.880000
81.160000
80.740000
81.100000
81.060000
81.260000
81.160000
80.960000
83.060000
81.400000
81.560000
81.600000
81.220000
81.480000
81.440000
81.580000
81.440000
80.980000
80.880000
80.880000
80.840000
81.360000
81.340000
88.420000
83.060000
81.760000
81.000000
81.080000
80.820000
81.300000
80.800000
88.200000
81.780000
81.580000
81.060000
80.920000
81.380000
81.020000
80.940000
81.100000
81.300000
81.600000
81.080000
81.000000
81.060000
81.180000
81.140000
81.000000
81.720000
81.400000
81.060000
81.000000
81.180000
80.880000
81.620000
80.880000
82.560000
82.900000
81.640000
81.180000
81.540000
81.100000
80.860000
81.160000
81.300000
81.520000
81.580000
81.700000
81.160000
81.020000
81.140000
81.000000
81.900000
81.260000
81.100000
81.600000
81.080000
81.080000
81.040000
81.380000
81.780000
81.360000
81.240000
82.020000
81.360000
81.120000
81.080000
81.020000
81.880000
82.040000
81.300000
81.480000
81.600000
82.300000
82.540000
81.540000
81.840000
81.600000
81.220000
81.080000
81.160000
80.960000
81.220000
80.840000
88.720000
81.980000
80.980000
81.540000
80.940000
81.360000
81.360000
81.640000
82.500000
81.100000
83.460000
82.240000
81.540000
81.660000
81.820000
81.300000
81.180000
84.400000
82.200000
82.540000
81.120000
80.920000
81.280000
81.340000
81.140000
81.720000
81.280000
80.900000
81.080000
80.980000
81.180000
80.960000
81.440000
81.500000
81.280000
81.520000
80.880000
81.280000
81.560000
81.080000
80.820000
81.780000
81.360000
81.320000
80.860000
82.100000
80.960000
80.840000
81.100000
82.560000
82.040000
81.260000
81.680000
80.980000
82.120000
81.380000
81.440000
81.140000
81.200000
81.460000
81.260000
81.100000
80.740000
81.920000
81.200000
82.040000
82.220000
81.440000
81.400000
81.120000
80.920000
80.760000
81.180000
94.740000
81.660000
80.940000
81.060000
81.080000
80.720000
80.900000
80.760000
88.100000
82.440000
81.680000
81.140000
81.880000
81.440000
81.340000
81.300000
80.920000
81.340000
80.980000
81.160000
81.100000
81.280000
80.700000
80.980000
80.860000
81.420000
81.180000
81.440000
81.060000
81.200000
80.820000
80.940000
81.340000
81.420000
81.300000
81.180000
81.280000
80.800000
80.860000
81.320000
81.340000
82.180000
81.900000
81.320000
81.500000
81.280000
81.240000
81.300000
80.800000
84.060000
81.920000
81.600000
81.400000
81.200000
81.300000
81.240000
81.420000
81.920000
81.420000
81.220000
81.400000
80.960000
81.460000
81.360000
80.960000
81.700000
81.080000
80.940000
81.160000
81.020000
81.300000
80.880000
89.500000
82.220000
