32.979999
20.259999
19.160002
19.239999
18.539999
19.019999
19.000001
18.860001
18.779997
18.720001
18.700000
18.640000
18.519998
18.640000
18.619999
18.540002
18.440001
18.720001
18.840000
18.459998
18.459998
18.619999
22.319999
18.619999
18.539999
18.560000
18.860001
18.780001
19.019999
18.700000
18.660001
18.560000
18.539999
18.539999
18.640000
18.700000
18.520001
18.599998
18.520001
18.539999
18.619999
18.780001
18.719997
18.680003
21.600001
19.019999
18.600002
18.680003
18.780001
18.679999
22.280000
19.040000
18.879998
18.700000
18.539999
18.779997
18.700000
18.539999
18.520001
18.619999
18.539999
18.460002
18.880002
18.700000
18.459998
20.299997
18.620003
18.460002
18.520001
18.459998
18.539999
18.460002
18.500000
18.439997
18.599998
18.760003
18.539999
18.619999
18.519998
18.560000
18.519998
18.619999
18.460002
18.459998
18.459998
18.639997
18.460002
18.459998
18.600002
18.540002
18.459998
18.540002
18.599998
18.460002
18.459998
18.459998
18.460002
18.479999
18.440001
18.459998
18.540002
18.539999
18.459998
18.459998
18.539999
19.120000
18.440001
18.479999
23.720000
19.760001
19.099999
19.019999
18.939998
19.180000
19.040003
18.920001
18.919997
18.840000
18.759999
18.679999
18.619999
18.539999
18.539999
18.560000
18.759999
18.540002
18.599998
18.540002
18.640000
18.700000
18.600002
18.539999
18.619999
18.640000
18.700000
18.720001
18.740002
18.560003
18.700000
18.860001
18.680003
18.780001
18.540002
18.619999
18.619999
18.940002
18.539999
18.539999
18.520001
18.619999
18.619999
19.560002
18.599998
18.920001
18.700000
18.859997
18.459998
18.459998
18.460002
18.980000
18.919997
18.720001
18.680003
18.620003
18.619999
18.700000
18.600002
18.619999
18.539999
18.459998
18.460002
18.520001
21.000002
19.000001
18.619999
18.539999
18.700000
18.700000
18.600002
18.619999
18.599998
18.840000
18.680003
18.620003
18.679999
18.560000
18.819999
18.520001
18.459998
18.460002
18.739998
18.560000
18.540002
18.539999
25.440000
19.000001
18.640000
18.459998
18.459998
18.560003
18.599998
18.539999
18.459998
18.619999
18.539999
18.640000
18.600002
18.759999
18.539999
18.900000
18.779997
18.479999
18.599998
18.439997
18.679999
18.640000
18.459998
18.479999
18.460002
18.540002
18.460002
18.539999
18.540002
18.460002
18.539999
18.539999
18.599998
18.540002
18.440001
18.619999
18.460002
18.440001
18.460002
18.540002
18.920001
18.619999
22.420000
19.280002
19.940000
18.960003
18.860001
19.320000
18.900000
18.780001
18.840000
19.060001
18.619999
18.700000
18.779997
18.800002
18.700000
18.619999
18.859997
18.980000
18.600002
18.560000
18.519998
18.780001
18.679999
18.640000
18.619999
18.520001
18.620003
18.640000
18.619999
18.539999
18.600002
18.539999
18.619999
19.020002
18.679999
18.780001
18.780001
18.780001
18.539999
18.920001
18.539999
18.459998
18.619999
18.540002
18.659998
18.619999
18.700004
18.599998
18.700004
18.619999
18.840000
18.700000
18.460002
18.460002
18.439997
18.620003
18.680003
18.540002
18.759999
18.780001
18.440001
18.599998
18.599998
18.539999
21.140002
18.860001
18.819999
18.619999
18.760003
18.759999
18.599998
18.719997
18.520001
18.619999
18.600002
18.599998
18.440001
18.700000
18.700000
18.539999
18.539999
18.560003
18.539999
18.460002
18.459998
18.700000
18.619999
18.560000
27.300000
18.720001
18.520001
18.540002
18.539999
18.619999
18.760003
18.459998
18.619999
18.459998
18.460002
18.539999
18.440001
18.540002
18.539999
18.740002
18.460002
18.539999
18.440001
18.459998
18.619999
18.479999
18.620003
18.719997
18.459998
18.900000
18.479999
18.479999
18.460002
18.539999
18.539999
18.619999
18.440001
18.520001
18.519998
18.520001
18.520001
18.520001
18.460002
18.460002
23.560002
19.419998
18.959999
18.920001
19.480001
19.279998
19.020002
18.799998
18.960003
18.620003
18.720001
18.780001
18.700000
18.800002
19.220002
18.840000
18.880002
18.599998
18.700000
18.780001
18.539999
18.539999
18.619999
18.640000
18.539999
18.700000
18.460002
18.520001
18.619999
18.719997
18.740002
18.719997
18.780001
18.600002
18.520001
18.560000
18.600002
18.940002
18.919997
18.460002
18.779997
18.540002
18.619999
18.440001
18.540002
18.580001
18.519998
19.279998
18.880002
18.459998
18.539999
18.660001
18.680003
18.700000
18.540002
18.560000
18.539999
18.459998
18.459998
18.479999
18.459998
18.539999
18.520001
18.479999
20.880003
18.599998
18.700000
18.539999
18.540002
18.780001
18.700000
18.539999
18.620003
18.560000
18.679999
18.539999
18.460002
18.759999
18.780001
18.539999
18.539999
18.540002
18.540002
18.620003
18.439997
18.819999
18.560000
18.459998
18.540002
18.500000
25.699999
18.720001
18.739998
18.459998
18.460002
18.460002
18.540002
18.560000
18.719997
18.619999
18.700000
18.479999
18.760003
18.540002
18.440001
18.560000
18.459998
18.459998
18.520001
18.460002
18.539999
18.459998
18.460002
18.460002
18.459998
18.539999
18.460002
18.759999
18.720001
18.459998
18.539999
18.540002
18.539999
18.460002
18.860001
18.539999
18.600002
18.479999
22.780001
19.479997
18.679999
18.599998
18.519998
18.700000
19.159999
18.780001
18.620003
19.159999
19.040000
18.700000
19.040000
18.700000
18.619999
18.700000
18.780001
18.539999
18.540002
18.600002
18.840000
18.879998
19.040000
18.640000
18.959999
18.640000
18.540002
18.619999
18.440001
18.620003
18.619999
18.700000
18.619999
18.460002
18.679999
18.640000
18.619999
18.800002
18.720001
18.539999
18.460002
18.720001
18.539999
18.479999
18.600002
18.460002
18.460002
18.560000
18.600002
19.040000
18.440001
18.940002
18.619999
18.560000
18.740002
18.619999
18.520001
18.459998
18.459998
18.540002
18.539999
18.460002
18.539999
18.479999
21.000002
18.700000
18.700000
18.759999
18.640000
18.700004
18.759999
18.540002
18.540002
18.619999
18.539999
18.700000
18.619999
18.619999
18.660001
18.560000
18.459998
18.920001
18.460002
18.459998
18.539999
18.560000
18.520001
18.459998
18.459998
18.560003
18.600002
18.700000
25.900003
19.079998
18.540002
18.780001
18.539999
18.700000
18.619999
18.900000
18.539999
18.539999
18.619999
18.620003
18.460002
18.799998
18.679999
18.460002
18.459998
18.459998
18.460002
18.679999
18.460002
18.460002
18.459998
18.479999
18.520001
18.500000
18.680003
18.479999
18.679999
18.459998
18.459998
18.560000
18.520001
18.460002
18.459998
18.480003
23.720000
19.540001
19.379999
18.799998
18.679999
18.879998
18.840000
18.980000
19.200001
18.700000
18.800002
19.280002
18.959999
18.720001
18.560000
18.640000
18.540002
19.019999
18.680003
18.560000
18.859997
18.560000
18.520001
18.540002
18.459998
18.619999
18.679999
18.620003
18.700000
18.720001
18.459998
18.540002
19.140001
18.759999
18.879998
18.539999
18.700000
18.720001
18.460002
18.539999
18.519998
18.759999
18.539999
18.459998
18.459998
18.540002
18.539999
18.720001
18.619999
18.959999
18.460002
19.220002
18.620003
18.640000
18.879998
18.600002
18.539999
18.460002
18.519998
18.619999
18.439997
18.620003
18.460002
18.539999
20.980000
18.980000
18.679999
19.200001
18.659998
18.479999
18.760003
18.780001
18.619999
18.479999
19.000001
18.460002
18.679999
18.700000
18.619999
18.619999
18.479999
18.539999
18.659998
18.519998
18.600002
18.459998
18.800002
18.840000
18.620003
18.479999
18.739998
18.600002
18.600002
18.760003
19.180004
18.700000
18.720001
18.560000
18.459998
18.620003
18.539999
18.539999
18.539999
18.460002
18.459998
18.459998
18.520001
18.460002
18.520001
18.560000
18.540002
18.459998
18.440001
18.539999
18.460002
18.479999
18.459998
18.460002
18.459998
18.539999
18.460002
18.539999
18.440001
18.459998
18.520001
18.480003
18.620003
18.560000
22.480000
19.260000
18.700000
18.800002
18.900000
18.640000
18.759999
18.540002
18.620003
18.780001
19.239999
18.979996
18.860001
18.520001
19.279998
18.940002
18.780001
18.719997
18.780001
18.780001
18.720001
18.920001
18.620003
18.679999
18.659998
18.840000
18.679999
18.619999
18.700000
18.720001
18.619999
18.640000
18.679999
18.560000
18.900000
18.679999
18.540002
19.120000
18.619999
18.460002
18.459998
18.460002
18.540002
18.620003
18.679999
18.460002
18.459998
18.679999
18.619999
18.679999
18.440001
18.479999
18.520001
18.880002
18.619999
18.539999
18.460002
18.519998
18.439997
18.539999
18.460002
18.479999
18.679999
18.459998
20.840000
18.840000
18.679999
18.619999
18.860001
22.020001
19.019999
18.759999
18.619999
18.479999
19.000001
18.620003
18.539999
19.000001
18.660001
18.619999
18.600002
18.579997
18.460002
18.460002
18.460002
18.680003
18.460002
18.539999
18.460002
18.599998
18.460002
18.620003
18.600002
18.479999
18.659998
18.619999
18.900000
18.580001
18.460002
18.459998
18.460002
18.539999
18.520001
18.539999
18.460002
18.459998
18.859997
18.459998
18.720001
18.540002
18.479999
18.479999
18.520001
18.539999
18.460002
18.540002
18.460002
18.459998
18.459998
18.460002
18.539999
18.460002
18.539999
19.140001
18.980000
18.519998
18.539999
18.479999
22.999998
19.460000
19.079998
18.860001
18.619999
19.020002
18.920001
18.640000
18.860001
18.780001
18.880002
25.800001
19.280002
18.860001
18.780001
18.539999
18.780001
18.619999
18.460002
18.619999
18.459998
18.759999
18.460002
18.459998
18.919997
18.759999
18.780001
18.539999
18.460002
18.539999
18.539999
18.460002
18.619999
18.479999
18.599998
18.539999
18.600002
18.560000
18.700000
18.859997
18.600002
18.460002
18.580001
18.539999
18.659998
18.620003
18.539999
18.600002
18.539999
18.539999
19.579999
18.679999
18.599998
18.640000
18.460002
18.920001
18.539999
18.560000
18.540002
18.459998
18.539999
18.619999
18.540002
18.459998
20.959999
18.940002
18.700000
18.480003
18.679999
18.539999
18.719997
18.520001
18.539999
18.540002
18.439997
18.539999
18.540002
18.679999
18.540002
18.539999
18.440001
18.600002
18.660001
18.420000
18.540002
18.619999
18.700000
18.619999
18.440001
18.780001
18.460002
18.460002
18.460002
18.619999
18.959999
18.460002
18.599998
18.459998
18.879998
18.700000
18.460002
18.600002
18.459998
18.459998
18.540002
20.800002
18.880002
18.460002
18.539999
18.459998
18.700000
18.460002
18.460002
18.459998
18.459998
18.459998
18.539999
18.460002
18.459998
18.560000
18.700000
18.539999
18.460002
18.440001
