1135.260001
1116.160002
1114.540000
1130.380001
1114.519998
1133.020001
1114.399999
1113.200000
1131.620001
1113.219999
1114.100000
1120.800000
1117.240001
1133.700000
1113.780001
1115.600001
1133.539999
1114.320001
1131.840000
1114.380000
1114.420000
1134.320000
1115.000000
1114.060001
1114.100000
1114.680000
1134.259999
1112.919999
1113.800000
1131.500000
1114.920000
1134.059999
1114.360001
1114.420000
1131.080000
1114.820000
1114.960000
1114.739999
1114.080001
1130.320000
1113.960000
1126.880001
1134.460000
1113.899998
1115.319999
1114.660000
1114.940001
1135.499999
1114.139998
1113.820000
1131.700002
1114.200000
1134.320000
1114.800001
1114.720000
1132.760001
1117.040001
1116.180001
1113.720000
1114.900000
1129.760001
1114.300000
1114.300000
1142.420001
1120.020000
1133.800002
1114.720000
1114.860000
1134.240001
1113.600001
1114.920000
1114.000000
1113.539999
1134.159999
1115.000000
1115.139998
1131.840000
1113.919999
1133.780001
1114.179999
1114.080001
1131.279999
1114.100000
1116.520001
1114.960000
1114.800001
1133.260000
1114.259999
1114.700001
1135.140000
1113.879999
1130.179999
1113.179998
1113.820000
1133.440001
1113.779999
1114.000000
1114.399999
1113.980001
1133.539999
1115.060000
1113.580000
1130.980000
1114.540000
1114.340000
1114.380000
1114.000000
1133.940000
1116.180001
1116.860000
1115.860000
1114.100000
1131.499998
1116.400000
1113.779999
1131.780000
1114.639999
1120.199999
1117.220001
1115.180001
1130.820001
1114.760000
1114.440002
1136.179999
1114.060000
1132.340001
1114.700001
1113.879999
1134.040000
1113.839999
1114.599999
1114.560001
1113.860000
1134.060001
1114.100000
1114.760000
1130.439999
1115.200000
1133.860001
1113.860000
1114.559999
1131.440001
1114.140000
1113.160001
1113.760000
1114.140000
1139.500001
1115.259999
1115.580000
1134.140002
1114.259999
1114.240000
1114.720000
1115.000000
1133.220000
1113.480000
1113.800000
1132.020000
1114.560001
1135.919999
1115.660001
1114.080001
1130.840000
1114.060000
1114.480000
1114.500001
1123.760000
1164.740000
1244.560000
1368.300000
1198.720001
1409.779999
1228.359999
1285.940001
1183.360001
1185.580000
1219.660001
1156.420000
1152.319999
1167.560000
1141.380001
1124.240000
1119.680000
1116.900001
1137.960000
1117.279999
1116.640000
1115.860000
1124.280000
1138.559999
1117.440000
1118.980002
1135.539999
1117.039999
1116.040001
1116.380000
1114.300001
1135.699999
1115.200000
1115.039999
1115.759999
1116.060000
1132.880000
1119.759999
1117.520001
1136.260001
1117.120001
1133.380000
1116.280001
1115.980001
1135.199999
1114.799999
1115.140000
1115.000000
1115.480000
1135.960000
1115.220001
1115.259999
1131.500000
1115.920000
1137.259999
1117.580000
1115.820000
1144.780001
1119.340001
1116.380000
1114.900000
1116.720000
1132.239999
1115.200000
1115.480000
1135.100001
1115.480000
1130.819999
1114.920000
1113.380000
1131.320002
1115.100000
1114.280000
1114.380000
1115.480000
1133.280002
1116.260000
1115.500001
1131.440001
1114.700001
1115.100000
1168.779999
1115.380000
1132.040001
1114.540000
1119.640000
1117.280001
1115.680000
1131.720001
1115.080001
1114.560001
1132.820001
1114.240000
1114.420000
1116.560001
1116.540000
1135.820000
1114.700001
1115.400000
1131.160000
1115.140000
1136.200000
1114.800001
1114.600001
1130.740000
1114.960000
1114.779999
1117.580000
1115.480000
1130.840002
1125.159999
1119.280001
1135.299999
1115.260001
1132.439999
1115.840001
1114.920001
1135.400001
1115.580000
1115.019999
1145.860001
1144.499999
1159.440000
1140.260000
1134.700000
1136.780001
1117.899999
1139.939999
1118.139999
1116.180001
1135.879999
1116.940001
1116.780000
1114.580000
1113.820000
1133.360000
1115.200000
1114.960000
1135.080000
1115.400000
1132.480001
1114.759998
1114.079999
1135.640001
1115.860000
1114.979999
1114.860000
1114.260001
1136.419998
1115.400000
1116.240000
1131.840000
1114.620000
1115.680000
1118.079999
1115.160000
1132.139999
1115.979999
1115.840001
1115.820000
1115.020001
1131.759999
1115.540000
1123.620000
1140.659999
1116.600001
1115.920000
1115.019999
1115.020001
1135.620000
1114.600001
1113.780001
1115.540002
1114.580000
1135.160001
1115.179999
1114.340002
1132.540001
1115.160000
1115.839999
1117.760001
1115.440000
1130.460000
1113.620000
1114.020001
1135.280000
1169.159999
1131.820001
1119.020000
1115.359999
1136.620000
1117.360000
1114.540000
1113.640001
1113.620000
1134.159999
1114.319999
1114.799999
1131.619999
1114.320001
1134.740001
1115.599999
1114.340000
1131.700000
1114.360001
1114.620000
1115.020001
1113.919999
1130.000001
1114.499999
1114.119999
1136.219999
1114.600001
1114.980001
1113.520000
1114.540001
1142.320001
1117.740000
1115.060000
1115.859998
1114.320001
1135.400001
1115.880001
1114.120001
1132.360000
1114.680002
1113.639999
1113.459999
1116.340000
1131.920001
1114.359999
1113.459999
1143.320002
1118.000001
1133.200001
1114.700001
1115.499999
1135.499999
1115.719998
1114.659999
1113.980001
1115.780002
1138.499999
1114.600001
1115.240000
1132.420002
1115.460001
1135.820000
1114.779999
1114.020001
1130.640000
1114.760000
1113.539999
1115.300000
1116.079999
1131.200001
1114.280000
1114.879999
1135.560000
1114.119999
1130.840000
1114.740001
1114.219999
1134.600000
1114.820000
1114.440000
1114.900000
1114.380000
1139.860000
1124.660000
1118.039999
1133.600000
1115.000000
1114.720000
1116.840001
1114.159999
1131.400000
1113.440000
1113.660000
1117.819998
1114.340000
1130.700000
1115.359999
1115.939999
1134.700000
1116.380000
1114.779999
1113.760000
1113.879999
1135.420000
1114.319999
1176.580001
1129.000001
1115.060000
1134.439999
1130.419999
1139.340000
1157.260001
1129.840000
1120.780000
1119.120000
1117.140001
1132.320000
1117.500000
1115.780002
1135.059999
1116.800001
1133.840000
1115.760000
1119.460000
1132.139999
1115.820000
1115.300000
1114.639999
1114.939999
1131.659999
1115.980001
1116.119999
1135.199999
1114.960000
1132.900000
1115.100000
1124.100000
1138.060000
1115.660001
1116.280001
1114.920000
1115.700001
1135.639999
1115.060000
1115.960000
1136.300001
1116.580000
1115.820000
1114.760000
1115.219999
1131.019998
1116.520001
1115.780000
1134.339999
1115.180001
1132.579999
1115.380000
1114.700001
1134.140002
1114.980001
1114.699999
1115.660001
1116.000000
1136.240000
1113.660000
1114.720000
1131.940000
1114.280000
1135.460000
1114.940001
1114.680000
1131.820001
1114.200000
1115.200000
1116.320001
1113.800000
1132.660000
1115.079999
1114.920000
1135.000002
1114.380000
1114.320001
1114.540000
1114.120001
1139.880000
1113.639999
1114.500001
1132.679999
1114.940001
1143.239999
1118.460000
1114.900000
1132.379999
1115.820000
1115.280000
1115.200002
1115.380000
1131.820001
1115.180001
1114.639999
1134.020001
1114.159999
1114.520000
1114.340000
1115.000000
1134.920001
1114.799999
1114.600001
1130.179999
1115.140000
1133.000001
1114.180000
1115.400000
1132.400000
1118.340001
1117.179999
1115.680002
1114.459999
1131.600000
1114.460001
1114.960000
1133.360000
1114.359999
1131.479999
1114.639999
1114.940001
1133.980000
1114.420000
1116.020000
1115.999999
1115.100000
1134.639999
1114.140000
1113.560000
1130.840000
1114.600001
1115.600001
1114.559999
1114.000000
1131.620001
1115.139998
1114.739999
1123.120001
1119.620001
1132.440001
1113.000000
1115.759999
1134.739999
1113.880001
1114.940001
1113.420000
1115.340000
1135.300001
1113.900000
1114.060000
1131.020000
1121.040000
1137.340000
1117.239999
1115.960000
1132.499998
1116.120001
1115.200000
1114.639999
1126.300000
1171.860000
1399.319999
1307.520000
1186.840000
1544.620002
1467.200002
1293.620002
1165.479999
1193.480002
1199.519999
1266.980000
1518.160000
1171.920000
1140.040001
1141.440000
1118.820000
1139.839999
1118.179999
1118.300000
1135.439999
1115.720000
1116.000000
1117.020000
1118.520001
1136.620000
1116.000000
1116.160000
1135.380000
1115.599999
1133.919999
1123.420000
1116.660001
1136.639999
1121.120000
1122.840000
1117.720000
1116.040001
1136.960000
1116.380000
1115.680000
1133.099999
1115.620000
1135.960000
1117.419999
1120.460000
1138.200000
1118.500000
1116.580000
1116.540000
1116.400000
1135.080000
1114.760000
1116.240000
1134.160001
1123.460000
1134.280000
1118.460000
1115.219999
1134.940000
1116.659999
1116.440000
1114.559999
1116.360001
1135.240000
1116.800001
1115.499999
1131.999999
1115.619998
1136.520000
1116.940001
1116.560001
1133.320000
1114.240000
1115.119999
1115.080001
1117.720000
1134.260001
1115.380000
1115.380000
1135.300001
1116.480000
1114.920000
1115.080001
1123.280000
1136.680000
1116.400000
1116.380000
1116.360001
1115.500001
1135.399999
1115.079999
1116.240000
1133.640001
1115.820000
1114.499999
1117.340000
1116.980001
1133.599998
1114.140000
1114.600001
1116.780000
1115.559999
1132.520000
1115.120001
1114.620000
1135.199999
1115.480000
1115.540002
1114.240000
1114.660000
1135.140000
1114.559999
1115.680000
1131.999999
1114.020001
1135.400001
1114.419999
1115.760000
1133.140000
1485.840000
1307.240000
1205.720000
1162.659999
1181.560000
1131.100001
1142.380001
1120.120000
1119.379999
1133.540001
1116.040001
1137.480000
1116.480000
1115.879999
1131.940000
1116.380000
1120.300001
1123.100000
1116.700001
1136.620000
1116.640000
1118.040001
1135.980001
1114.280000
1131.100001
1116.519999
1114.900000
1136.520000
1116.000000
1115.119999
1116.319999
1115.000000
1141.120000
1116.979999
1115.119999
1131.280001
1116.359999
1136.059999
1116.040001
1115.860000
1136.000000
1116.980001
1116.340000
1116.560001
1116.099998
1136.400001
1114.940001
1114.340000
1135.980001
1115.440002
1132.999999
1115.260001
1115.380000
1137.399999
1115.220001
1114.399999
1113.539999
1114.739999
1134.920001
1115.019999
1115.599999
1131.880000
1115.739999
1135.319998
1115.219999
1115.499999
1133.760000
1116.580000
1114.440000
1119.320001
1122.280000
1133.620000
1117.160000
1115.680000
1129.840000
1114.620000
1130.980000
1115.280000
1114.260001
1133.740000
1114.440000
1122.280000
1117.180001
1115.980001
1134.240000
1115.620000
1114.720000
1131.200001
1114.380000
1133.859999
1115.239998
1114.939999
1133.959999
1114.400001
1113.200001
1114.939999
1114.860000
1131.160000
1118.120000
1115.340000
1135.660000
1114.020001
1114.080001
1115.660001
1116.560001
1134.800000
1113.860000
1113.900000
1114.160001
1114.979999
1134.959999
1115.000000
1115.060000
1130.920000
1114.100000
1115.340000
1114.879999
1114.519998
1131.520001
1114.960000
1114.639999
1133.400001
1117.999999
1139.200000
1116.460001
1114.520000
1133.119998
1114.000000
1113.620000
1114.420000
1114.640001
1135.779999
1116.020000
1114.620000
1132.080002
1113.980001
1134.520000
1115.899999
1115.560001
1134.600000
1114.480000
1114.340000
1115.480000
1115.659999
1131.980000
1119.460000
1116.200000
1135.740001
1114.599999
1131.180001
1113.739999
1114.520000
1134.640001
1115.140000
1114.839999
1114.380000
1114.840001
1133.660000
1116.960000
1116.080001
1131.100001
1114.259999
1114.680000
1114.459999
1113.179998
1134.060001
1115.520000
1114.779999
1114.319999
1114.880001
1130.260000
1114.040000
1114.779999
1136.020001
1114.040000
1116.860000
1122.579999
1113.979999
1134.579999
1114.380000
1114.780001
1131.059999
1114.100000
1134.339999
1114.920000
1113.679999
1135.720000
1114.680000
1114.419999
1113.860000
1113.620000
1130.579999
1115.520000
1114.499999
1133.760000
1114.359999
1131.800000
1114.019999
1114.200000
1135.720000
1114.580000
1114.399999
1114.420000
1114.839999
1136.620000
1114.200000
1114.320001
1130.640000
1115.459999
1114.220001
1114.040000
1114.420000
1131.480001
1116.379999
1114.660000
1114.300000
1113.299999
1134.159999
1115.300000
1114.119999
1135.520000
1114.800001
1114.499999
1115.340000
1114.319999
1134.500001
1114.240000
1114.100000
1132.099999
1121.720001
1135.539999
1115.119999
1115.179999
1130.720001
1113.820000
1114.399999
1114.100000
1114.399999
1132.099999
1115.459999
1113.820000
1135.720002
1113.500001
1129.980000
1115.100000
1114.160001
1131.560000
1118.600000
1115.599999
1114.320001
1119.759999
1135.560000
1114.440000
1113.739999
1130.780000
1114.639999
1134.880001
1114.300000
1113.860000
1132.680001
1115.100000
1114.159999
1114.879999
1114.159999
