1.992000
1.951000
1.953000
1.959000
1.961000
1.960000
1.960999
1.961000
1.961000
1.960999
1.959000
1.961000
1.959000
1.958000
1.959000
1.958000
1.959000
1.960000
1.960000
1.959000
1.967000
2.172000
1.954000
1.964999
1.965000
1.960000
1.959001
1.961000
1.967000
1.960000
1.961000
1.959000
1.959000
1.959000
1.959000
1.967000
1.960000
1.964999
1.958000
1.961000
1.961000
1.958000
1.958000
1.961000
1.958000
1.961000
1.967000
1.965000
1.965000
1.955000
1.961000
1.962000
1.961000
1.961000
1.958000
1.967000
1.964999
1.961000
1.958000
1.960999
1.961000
1.958000
1.959000
1.961000
1.959000
1.953000
1.959000
1.958000
1.960999
1.958000
1.958000
1.965000
1.993001
1.989000
1.959000
1.967000
1.959001
1.959000
1.965000
1.961000
1.961000
1.961000
1.958000
1.992000
1.965000
1.960999
1.958000
1.958000
1.959001
1.960999
1.961000
1.991000
1.964000
1.961000
1.961000
1.959000
1.959000
1.958000
1.958000
1.960999
1.959000
1.956000
1.958000
1.959000
1.996000
1.959001
1.960000
1.967000
1.995000
1.961000
1.988000
1.959001
1.961000
1.960000
1.990000
1.959000
1.960999
1.959000
1.958000
1.967001
1.955000
1.988000
1.960000
1.961000
1.959000
1.959000
1.960999
1.961000
1.959000
1.959000
1.958000
1.961000
1.959000
1.959000
1.954000
1.961000
1.959000
1.991000
1.959001
1.961000
1.959000
1.995000
1.961000
1.958000
1.958000
1.961000
1.967000
1.961000
1.959000
1.960000
1.967000
1.959000
1.958000
1.961000
1.958000
1.961000
1.961000
1.961000
1.961000
1.958000
1.959000
1.961000
1.967000
1.961000
1.961000
1.961000
1.961000
1.961000
1.965000
1.961000
1.959000
1.959001
1.960999
1.961000
1.961000
1.961000
1.965000
1.964999
1.967000
1.961000
1.961000
1.959000
1.961000
1.959001
1.961000
1.959000
1.959000
1.961000
1.960999
1.958000
1.961000
1.995000
1.960000
1.961000
1.958000
1.961000
1.960999
1.965000
1.961000
1.961000
1.961000
1.962001
1.994000
1.961000
1.961000
1.958000
1.959000
1.961000
1.958000
1.961000
1.961000
1.959001
1.965000
1.959001
1.952000
1.959000
1.959000
1.961000
1.959000
1.961000
1.961000
1.959000
1.967000
1.960000
1.965000
1.966000
1.967000
1.961000
1.958000
1.961000
1.961000
1.961000
1.958000
1.959001
1.959001
1.959000
1.959000
1.960999
1.961000
1.961000
1.961000
1.961000
1.961000
1.958000
1.967000
1.959000
1.961000
1.961000
1.961000
1.959000
1.958000
1.961000
1.960999
1.959000
1.958000
1.958000
1.961000
1.959001
1.960999
1.958000
1.959000
1.959001
1.958000
1.961000
1.958000
1.959000
1.960999
1.958000
1.959000
1.961000
1.960000
1.961000
1.959001
1.960000
1.961000
1.959001
1.958000
1.958000
1.961000
1.967000
1.960000
1.993000
1.961000
1.954000
1.961000
1.959001
1.958000
1.959000
1.961000
1.959001
1.961000
1.965000
1.959000
1.958000
1.959000
1.958000
1.958000
1.961000
1.965000
1.959000
1.958000
1.967001
1.965000
1.956999
1.959000
1.960999
1.960999
1.958000
1.961000
1.961000
1.958000
1.958000
1.961000
1.959001
1.960999
1.958000
1.961000
1.958000
1.958000
1.965000
1.967000
1.958000
1.958000
1.960999
1.961000
1.960999
1.961000
1.961000
1.961000
1.961000
1.961000
1.965000
1.958000
1.956000
1.960000
1.967000
1.960000
1.965000
1.965000
1.965000
1.960000
1.965000
1.961000
1.958000
1.959000
1.960999
1.958000
1.961000
1.961000
1.962001
1.960000
1.959000
1.965000
1.967000
1.959000
1.958000
1.961000
1.957000
1.958000
1.960000
1.967001
1.959000
1.959000
1.958000
1.961000
1.961000
1.957000
1.960000
1.961000
1.961000
1.953000
1.961000
1.961000
1.960000
1.959000
1.960999
1.961000
1.959000
1.961000
1.958000
1.959000
1.960000
1.959999
1.959000
1.958000
1.959000
1.958000
1.961000
1.961000
1.959000
1.961000
1.958000
1.961000
1.961000
1.959000
1.961000
1.958000
1.959000
1.959000
1.958000
1.958000
1.967000
1.967000
1.967001
1.961000
1.957000
1.959000
1.961000
2.167000
1.958000
1.961000
1.964999
1.961000
1.961000
1.961000
1.960000
1.960999
1.958000
1.961000
1.959000
1.965000
1.958000
1.959000
1.958000
1.958000
1.959000
1.959000
1.961000
1.965000
1.958000
1.961000
1.961000
1.959000
1.960999
1.960000
1.964999
1.967000
1.960000
1.961000
1.965000
1.959000
1.954000
1.965000
1.965000
1.959000
1.958000
1.958000
1.958000
1.960000
1.967001
1.958000
1.961000
1.958000
1.958000
1.959999
1.961000
1.959001
1.958000
1.967000
1.960999
1.959000
1.961000
1.959000
1.961000
1.959000
1.961000
1.958000
1.961000
1.959000
1.959000
1.960000
1.960999
1.959000
1.961000
1.959000
1.959000
1.961000
1.959000
1.965000
1.959000
1.955000
1.959000
1.961000
1.961000
1.961000
1.959000
1.959000
1.960000
1.967000
1.957000
1.961000
1.961000
1.960999
1.961000
1.959000
1.958000
1.964999
1.967000
1.959000
1.967000
1.960000
1.967001
1.960000
1.958000
1.960999
1.955000
1.961000
1.958000
1.961000
1.967000
1.955000
1.960000
1.959000
1.961000
1.959001
1.959000
1.961000
1.961000
1.959000
1.961000
1.958000
1.958000
1.960999
1.960000
1.960000
1.965000
1.965000
1.958000
1.967000
1.967000
1.964999
1.967000
1.961000
1.958000
1.960999
1.961000
1.960999
1.958000
1.958000
1.959001
1.960999
1.959000
1.958000
1.960999
1.958000
1.961000
1.961000
1.959000
1.961000
1.960000
1.958000
1.961000
1.958000
1.962001
1.965000
1.959000
1.965000
1.960000
1.961000
1.961000
1.959000
1.961000
1.959000
1.958000
1.960999
1.960000
1.958000
1.959000
1.961000
1.961000
1.959000
1.960000
1.960999
1.958000
1.960999
1.961000
1.958000
1.959000
1.959000
1.961000
1.960000
1.961000
1.960999
1.961000
1.959000
1.961000
1.958000
1.959000
1.960000
1.958000
1.960999
1.961000
1.960000
1.961000
1.961000
1.958000
1.961000
1.957000
1.958000
1.961000
1.961000
1.959000
1.960999
1.949000
1.962000
1.960000
1.958000
1.959000
1.959000
1.961000
1.961000
1.959000
1.959000
1.960999
1.958000
1.959000
1.960000
1.961000
1.960999
1.959000
1.958000
1.961000
1.958000
1.958000
1.961000
1.958000
1.961000
1.960000
1.961000
1.959001
1.959000
1.960000
1.967000
1.967000
1.959001
1.961000
1.959000
1.958000
1.960999
1.959000
1.961000
1.959001
1.959000
1.959000
1.958000
1.959000
1.967000
1.959000
1.961000
1.959000
1.959001
1.965000
1.967000
1.957000
1.959000
1.967000
1.965000
1.961000
1.961000
1.958000
1.961000
1.965000
1.961000
1.961000
1.961000
1.959000
1.961000
1.961000
1.959001
1.961000
1.960999
1.965000
1.958000
1.959000
1.959000
1.967000
1.959000
1.959000
1.961000
1.960000
1.967001
1.965000
1.967000
1.967000
1.959001
1.959000
1.958000
1.958000
1.961000
1.961000
1.958000
1.960999
1.961000
1.959001
1.958000
1.961000
1.961000
1.961000
1.961000
1.960000
1.958000
1.961000
1.959000
1.960999
1.960000
1.961000
1.959001
1.961000
1.961000
1.956999
1.957000
1.967000
1.965000
1.960999
1.958000
1.967000
1.958000
1.957000
1.967001
1.960000
1.959000
1.960999
1.959000
1.960999
1.960999
1.967000
1.961000
1.955000
1.961000
1.961000
1.959000
1.960000
1.961000
1.961000
1.960000
1.960999
1.959000
1.961000
1.959000
1.961000
1.959001
1.960000
1.959000
1.961000
1.958000
1.958000
1.961000
1.964000
1.960999
1.960999
1.959000
1.961000
1.959000
1.957000
1.961000
1.958000
1.956999
1.959000
1.967000
1.967000
1.961000
1.961000
1.961000
1.961000
1.967000
1.959000
1.961000
1.967000
1.966001
1.958000
1.958000
1.959000
1.960999
1.961000
1.961000
1.960000
1.958000
1.958000
1.961000
1.961000
1.961000
1.959001
1.959001
1.997001
1.958000
1.959001
1.961000
1.989000
1.966000
1.959000
1.987999
1.959000
1.961000
1.993000
1.959000
2.186000
1.957000
1.961000
1.991000
1.997001
1.959000
1.959000
1.995000
1.960999
1.958000
1.959000
1.959000
1.960999
1.958000
1.955000
1.958000
1.958000
1.955000
1.960000
1.967000
1.959000
1.958000
1.960999
1.960999
1.957000
1.961000
1.958000
1.961000
1.959000
1.960000
1.959000
1.959001
1.958000
1.959001
1.967000
1.958000
1.959001
1.961000
1.961000
1.959000
1.959000
1.958000
1.960999
1.961000
1.958000
1.991000
1.959000
1.967000
1.960999
1.961000
1.961000
1.967000
1.958000
1.954000
1.961000
1.965000
1.965000
1.960000
1.961000
1.960999
1.959000
1.961000
1.958000
1.958000
1.961000
1.991000
1.960999
1.961000
1.959000
1.961000
1.958000
1.959001
1.958000
1.959000
1.961000
1.960999
1.958000
1.959000
1.958000
1.961000
1.960999
1.961000
1.958000
1.958000
1.954000
1.959000
1.961000
1.959000
1.960000
1.959000
1.961000
1.960999
1.958000
1.996000
1.959000
1.960999
1.994999
1.960000
1.959000
1.960999
1.959000
1.959000
1.961000
1.959001
1.958000
1.960999
1.962001
1.959000
1.958000
1.959000
1.958000
1.997000
1.957000
1.965000
1.967000
1.959000
1.959000
1.960999
1.961000
1.966001
1.991000
1.958000
1.961000
1.991000
1.961000
1.967000
1.961000
1.960000
1.959000
1.961000
1.959000
1.964999
1.958000
1.961000
1.959000
1.959000
1.960999
1.996000
1.962001
1.959000
1.959000
1.960000
1.959000
1.959000
1.959000
1.961000
1.965000
1.961000
1.959000
1.961000
1.965000
1.960000
1.959001
1.959000
1.959001
1.959001
1.961000
1.961000
1.959000
1.961000
1.967000
1.960000
1.960000
1.959000
1.959000
1.961000
1.961000
1.960999
1.961000
1.958000
1.960000
1.961000
1.959000
1.995000
1.959000
1.960999
1.960999
1.958000
1.955000
1.958000
1.959000
1.958000
1.961000
1.958000
1.958000
1.960999
1.961000
1.961000
1.991000
1.958000
1.961000
1.959000
1.958000
1.959000
1.988000
1.958000
1.961000
1.959000
1.959000
1.961000
1.960000
1.967001
1.955000
1.961000
1.961000
