4078.120000
4039.500000
4025.480000
4033.860000
4025.340000
4020.760000
4024.660000
4042.320000
4040.420000
4030.100000
4041.620000
4025.380000
4036.440000
4018.760000
4030.200000
4035.680000
4020.840000
4022.540000
4027.840000
4039.540000
4026.120000
4034.320000
4030.560000
4025.900000
4029.160000
4020.880000
4024.020000
4025.200000
4030.860000
4019.140000
4033.400000
4021.140000
4014.260000
4024.740000
4022.300000
4032.220000
4026.100000
4033.000000
4017.640000
4031.020000
4013.260000
4020.820000
4024.820000
4026.320000
4041.400000
4028.520000
4029.980000
4029.880000
4030.420000
4029.280000
4015.780000
4035.820000
4029.640000
4031.020000
4017.140000
4025.740000
4034.460000
4023.840000
4021.780000
3953.040000
4022.600000
4028.680000
4032.100000
4032.700000
4030.880000
4023.960000
4030.500000
4028.100000
4020.040000
4024.060000
4024.940000
4025.700000
4022.880000
3942.800000
4090.400000
4024.480000
4020.580000
4025.160000
4018.140000
4047.220000
4026.160000
4037.280000
4034.180000
4028.500000
4057.120000
4059.420000
4021.360000
4065.840000
4038.580000
4049.080000
4025.320000
4026.600000
4026.060000
4027.640000
4016.860000
4031.860000
4010.240000
4020.360000
4021.780000
4027.660000
4025.660000
4022.420000
4023.160000
4034.180000
4030.620000
4029.260000
4026.220000
4037.760000
4017.740000
4016.700000
4026.520000
4023.420000
4023.440000
4019.780000
4025.320000
4019.460000
4031.520000
4025.540000
4018.380000
4031.760000
4038.000000
4031.080000
4020.300000
4021.180000
4024.380000
4027.640000
4015.440000
4024.340000
4021.860000
4032.320000
4031.500000
4028.140000
4039.080000
4030.460000
4032.220000
4031.160000
4031.380000
4012.260000
4028.660000
4021.680000
4018.300000
4016.200000
4030.000000
4025.760000
4035.540000
4041.240000
4036.140000
4022.800000
4028.340000
4022.700000
4041.120000
4029.320000
4023.060000
4025.100000
4007.820000
4031.640000
4031.500000
4034.660000
4029.560000
4030.180000
4034.020000
4032.860000
4006.200000
4015.500000
4033.940000
4017.200000
4032.020000
4023.140000
4031.340000
4023.460000
4033.760000
4032.500000
4025.640000
4026.620000
4028.440000
4017.980000
4024.420000
4032.660000
4020.480000
4026.420000
4033.720000
4025.280000
4022.240000
4026.060000
4025.700000
4026.300000
4019.880000
4033.700000
4001.580000
4036.000000
4029.180000
4035.280000
4036.200000
4031.820000
4025.100000
3999.580000
4033.880000
4028.500000
4026.100000
4023.080000
4024.840000
4037.260000
4034.160000
4023.500000
4029.040000
4032.220000
4028.740000
4021.900000
4034.560000
4028.580000
4032.560000
4030.940000
4035.380000
4027.200000
4037.880000
4019.480000
4031.780000
4037.700000
4028.020000
4031.600000
4029.020000
4021.680000
4055.160000
4031.480000
4037.100000
4035.200000
4041.780000
4034.100000
4025.620000
4033.780000
4036.220000
4028.100000
4036.540000
4043.520000
4028.820000
4029.200000
4026.340000
4018.680000
4028.520000
4035.960000
4027.940000
4034.480000
4022.300000
4030.760000
4035.400000
4026.640000
4027.520000
4030.960000
4030.500000
4022.240000
4053.720000
4023.320000
4033.720000
4025.920000
4025.040000
4025.860000
4020.880000
4018.280000
4036.380000
4030.520000
4054.140000
4030.700000
4025.440000
4024.820000
4028.420000
4027.360000
4029.780000
4036.060000
4025.140000
4026.000000
4027.180000
4021.060000
4033.400000
4021.460000
4036.040000
4037.040000
4029.840000
4026.900000
4033.000000
4028.220000
4016.900000
4032.100000
4021.900000
4032.860000
4032.280000
4021.920000
4023.780000
4026.280000
4024.700000
4023.760000
4035.760000
4029.100000
4023.740000
4064.040000
4032.960000
4032.820000
4033.820000
4026.380000
4024.500000
4016.400000
4025.480000
4028.520000
4024.120000
4029.020000
4029.220000
4025.340000
4023.080000
4038.520000
4019.400000
4032.520000
4025.700000
4033.840000
4024.400000
4016.860000
4032.880000
4026.160000
4020.760000
4029.080000
4036.020000
4033.300000
4025.880000
4041.840000
4011.760000
4022.720000
4020.460000
4034.500000
4032.720000
4032.100000
4030.300000
4027.420000
3963.900000
4035.760000
4033.120000
4031.760000
4018.480000
4027.880000
4028.240000
3983.480000
4029.740000
4026.220000
4025.920000
4022.600000
4025.800000
4027.900000
4033.840000
4017.580000
4029.280000
4026.420000
4031.360000
4026.540000
4021.800000
4024.900000
4028.180000
4027.100000
4021.120000
4026.820000
4035.520000
4030.800000
4031.400000
4027.940000
4027.020000
4031.740000
4034.900000
4028.380000
4021.740000
4026.200000
4017.080000
4026.920000
4033.660000
4034.020000
4029.300000
4028.700000
4036.060000
4030.460000
4024.580000
4023.680000
4021.460000
4031.900000
4030.620000
4021.940000
4026.560000
4016.140000
4032.400000
4041.060000
4042.300000
4035.740000
4048.680000
4020.520000
4032.940000
4023.520000
4025.720000
4025.460000
4030.320000
4021.220000
4045.140000
4032.580000
4030.520000
4036.660000
4018.880000
4034.640000
4028.540000
4023.120000
4025.940000
4038.120000
4026.780000
4021.920000
4029.200000
4028.600000
4025.040000
4018.360000
4024.840000
4034.720000
4026.400000
4024.260000
4032.940000
4024.900000
4026.680000
4018.640000
4034.360000
4035.220000
4033.980000
4030.640000
4029.980000
4022.480000
4028.760000
4018.740000
4035.480000
4024.660000
4040.560000
4034.520000
4027.220000
4022.720000
4014.980000
4033.620000
4024.320000
4032.200000
4029.200000
4022.820000
4032.200000
4030.080000
4032.500000
4027.280000
4024.000000
4028.460000
4031.840000
4021.720000
4029.980000
4030.880000
4029.380000
4027.620000
4015.860000
4033.080000
4030.220000
4022.780000
4030.480000
4027.480000
4033.340000
4024.120000
4031.540000
4023.640000
4028.440000
4029.160000
4020.740000
4017.400000
4016.840000
4032.400000
4026.260000
4021.460000
4022.440000
4024.880000
4026.540000
4032.180000
4033.160000
4029.640000
4030.920000
4031.220000
4028.200000
4021.760000
4034.860000
4024.080000
4034.380000
4012.080000
4027.520000
4026.960000
4037.460000
4032.180000
4020.460000
4029.140000
4025.280000
4048.000000
4022.780000
4026.440000
4021.100000
4024.560000
4033.620000
4028.940000
4018.920000
4015.540000
4040.200000
4018.880000
4036.280000
4031.880000
4031.640000
4047.080000
4022.280000
4029.860000
4025.460000
4043.720000
4040.780000
4032.040000
4025.020000
4040.700000
4030.940000
4037.640000
4038.660000
4029.040000
4016.480000
4033.300000
4025.500000
4029.680000
4022.860000
4030.840000
4048.780000
4058.700000
4032.940000
4045.640000
4050.820000
4038.240000
4040.800000
4032.940000
4029.540000
4031.680000
4035.320000
4025.260000
4041.020000
4061.200000
4046.340000
4064.140000
4040.960000
4040.820000
4034.500000
4029.540000
4032.560000
4025.680000
4022.640000
4038.240000
4049.860000
4051.800000
4041.280000
4045.280000
4045.880000
4052.800000
4057.520000
4057.820000
4085.060000
4064.940000
4040.680000
4047.880000
4040.020000
4027.040000
4041.020000
4022.700000
4024.080000
4019.540000
4032.720000
4034.560000
3986.200000
4029.100000
4041.780000
4026.060000
4024.500000
4030.240000
4034.040000
4028.500000
4026.040000
4034.960000
4024.040000
4024.040000
4003.720000
4034.660000
4030.360000
4041.400000
4022.160000
4025.240000
4040.580000
4034.900000
4032.320000
4033.380000
4020.560000
4032.360000
4029.300000
4030.780000
4034.380000
4033.820000
4022.660000
4039.380000
4035.440000
4027.140000
4029.480000
4033.120000
4030.440000
4025.700000
4027.760000
4021.560000
4036.700000
4021.020000
4031.440000
4028.160000
4029.920000
4028.540000
4018.580000
4038.520000
4020.020000
4028.240000
4024.200000
4043.460000
4017.020000
4029.080000
4035.840000
4038.440000
4033.040000
4034.380000
4025.760000
4046.860000
4024.420000
4029.940000
4029.220000
4020.920000
4039.520000
4024.740000
4036.560000
4032.540000
4031.180000
4041.620000
4048.540000
4026.660000
4046.540000
4026.860000
4019.380000
4036.040000
4024.880000
4026.100000
4036.480000
4025.560000
4034.080000
4026.780000
4032.080000
4027.780000
4039.820000
4032.260000
4044.040000
4030.780000
4029.080000
4038.320000
4031.440000
4034.480000
4037.400000
4024.440000
4020.820000
4031.280000
4043.320000
4028.040000
4022.500000
4024.740000
4028.940000
4029.140000
4036.580000
4019.240000
4033.220000
4030.040000
4030.060000
4029.780000
4032.500000
4027.840000
4021.120000
4029.040000
4012.660000
4022.040000
4028.720000
4017.340000
4026.740000
4031.600000
4022.400000
4020.280000
4036.100000
4032.040000
4031.460000
4025.380000
4026.220000
4024.460000
4031.300000
4040.400000
4034.840000
4031.240000
4026.380000
4026.260000
4018.280000
4027.180000
4027.480000
4022.840000
4032.000000
4019.600000
4031.500000
4034.140000
4025.920000
4028.480000
4028.680000
4034.820000
4021.640000
4039.420000
4028.920000
4028.520000
4036.800000
4024.520000
4029.040000
4025.760000
4027.100000
4016.140000
4034.600000
4036.360000
4029.040000
4025.940000
4028.220000
4023.820000
4024.460000
4026.500000
4036.120000
4032.240000
4031.420000
4036.160000
4035.420000
4019.400000
4037.360000
3992.360000
3978.520000
4028.480000
4030.640000
4033.780000
4032.740000
4033.220000
4021.000000
4030.980000
4026.040000
4024.720000
4019.220000
4024.900000
4029.180000
4015.620000
4034.480000
4035.040000
4029.700000
4035.820000
4031.840000
4032.200000
4022.700000
4041.600000
4029.820000
4029.180000
4022.140000
4055.000000
4030.980000
4040.680000
4022.260000
4029.380000
4028.360000
4033.340000
4022.980000
4038.020000
4039.040000
4026.940000
4025.620000
4032.080000
4025.120000
4027.720000
4016.920000
4030.620000
4022.020000
4030.420000
4023.520000
4031.160000
4023.020000
4035.300000
4020.920000
4027.520000
4039.860000
4025.000000
4021.760000
4025.920000
4038.160000
4025.860000
4036.340000
4030.420000
4026.480000
4030.480000
4024.440000
4030.000000
4016.040000
4016.800000
4022.820000
4032.600000
4036.740000
4031.000000
4030.980000
4025.820000
4027.620000
4020.640000
4025.400000
4046.300000
4047.780000
4045.260000
4044.260000
4051.980000
4050.880000
4050.480000
4068.040000
4062.060000
4073.100000
4051.600000
4036.840000
4032.780000
4025.020000
4028.840000
4021.880000
3973.920000
4028.500000
4043.680000
4020.180000
4030.980000
4034.660000
4031.300000
4033.680000
4022.420000
4019.120000
4033.120000
4024.320000
4047.280000
4032.700000
4014.460000
4038.460000
4033.660000
4018.500000
4032.180000
4029.900000
4011.700000
4028.700000
4018.360000
4028.340000
4019.180000
4020.500000
4035.900000
4023.860000
4026.040000
4026.540000
4029.880000
4033.900000
4021.400000
4026.340000
4037.720000
4027.220000
4033.320000
4030.240000
4022.540000
4031.760000
4038.460000
4024.020000
4024.840000
4032.640000
4018.140000
4023.980000
4026.420000
4027.980000
4028.540000
4033.880000
4030.100000
4027.380000
4031.160000
4030.800000
4029.320000
4024.060000
4017.680000
4023.280000
4031.840000
4022.160000
4030.580000
4043.380000
4031.460000
4043.420000
4046.820000
4043.760000
4043.740000
4031.860000
4024.280000
4024.220000
4020.800000
4028.840000
4020.340000
4024.980000
4028.660000
4022.820000
4032.520000
4030.240000
4037.480000
4030.460000
4023.120000
4030.400000
4028.800000
4037.180000
4031.680000
4017.060000
4032.000000
4035.380000
4030.920000
4022.080000
4020.480000
4033.580000
3993.340000
4025.720000
4021.020000
4036.920000
4028.740000
4026.240000
4032.820000
4031.840000
4038.660000
4027.340000
4022.560000
4029.060000
4031.640000
4026.020000
4032.680000
4019.740000
4032.500000
4030.720000
4029.200000
4025.200000
4025.040000
4022.140000
4031.880000
4026.900000
4026.640000
4042.200000
4029.080000
4030.800000
4030.640000
4019.440000
4028.580000
4021.140000
4042.640000
4029.580000
4031.840000
4022.860000
4030.960000
4032.740000
4026.060000
4027.040000
4021.700000
4039.300000
4034.980000
4030.580000
4019.800000
4036.340000
4027.040000
4029.960000
4037.340000
4017.740000
4028.640000
4016.120000
4029.400000
4029.800000
4022.700000
4026.660000
4026.840000
4028.740000
4032.460000
4033.140000
4025.160000
4029.800000
4037.840000
4029.020000
4047.100000
4025.400000
4025.140000
4035.260000
4027.800000
4030.380000
4034.680000
4029.020000
4029.220000
4029.360000
4029.880000
4031.340000
4024.320000
4022.700000
4022.960000
4027.460000
4022.240000
4026.800000
4033.520000
4027.200000
4024.080000
