14.099998
8.260000
7.980000
7.999999
7.980000
8.120000
8.100001
7.980000
7.979998
8.120000
7.980000
8.119998
7.980000
7.999999
8.120000
7.980000
9.339999
8.099999
8.120000
7.919999
7.980000
7.980000
7.959999
7.999999
7.979998
7.999999
7.980000
7.999999
7.980000
7.980000
7.999999
7.999999
7.960001
7.999999
8.080000
7.980000
7.900000
7.959999
7.960001
8.020001
7.980000
8.099999
8.099999
8.019999
7.900001
8.000001
7.980000
8.120000
7.980000
7.999999
8.120000
8.000001
7.959999
8.420000
7.980000
8.120000
8.120000
7.980000
7.960001
8.120000
7.900000
8.000001
7.959999
7.979998
8.439999
7.999999
8.099999
8.020001
9.700000
7.960001
7.980000
7.979998
7.980000
7.959999
7.980000
7.980000
7.999999
7.980000
8.100001
7.980000
7.980000
7.980000
7.980000
7.980000
7.980000
8.100001
7.980000
8.020001
7.960001
7.999999
8.120000
8.120000
7.999999
7.999999
7.980000
8.020001
7.900000
7.980000
8.100001
8.120000
7.959999
8.000001
8.359998
8.239999
8.120000
7.980000
7.980000
7.999999
8.339999
8.000001
7.980000
7.980000
7.880000
7.999999
8.099999
7.980000
7.980000
7.940000
8.240001
7.999999
7.980000
7.999999
7.999999
8.000001
7.980000
8.020001
7.980000
8.019999
7.980000
8.080000
7.980000
7.920001
8.259999
7.980000
7.999999
7.980000
7.959999
7.980000
8.100001
7.999999
7.900000
8.440001
8.080000
8.099999
7.960001
7.999999
7.960001
7.919999
8.040000
7.980000
7.959999
8.000001
7.980000
8.060001
8.159999
8.000001
7.980000
7.999999
8.120000
8.119998
8.020001
8.120000
7.980000
7.999999
8.000001
8.240001
8.120000
8.180000
8.859999
7.999999
8.100001
7.980000
7.980000
7.999999
7.900001
8.020001
7.979998
7.999999
7.959999
7.980000
7.980000
8.000001
7.959999
7.919999
8.080000
7.980000
7.980000
7.980000
7.980000
7.980000
7.999999
7.999999
7.900000
8.140000
8.119998
7.999999
7.959999
8.000001
8.119998
7.999999
7.960001
9.740001
8.620000
7.920001
7.980000
8.019999
7.980000
7.979998
7.980000
8.099999
7.980000
7.980000
7.980000
8.120000
12.680000
8.099999
7.980000
7.999999
7.900000
8.140000
7.900000
7.980000
7.980000
8.120000
7.980000
7.980000
7.980000
8.120000
7.980000
8.120000
8.100001
7.980000
7.980000
7.979998
7.960001
7.980000
7.980000
7.999999
7.980000
7.920001
7.999999
8.019999
7.980000
8.120000
7.980000
8.099999
7.880000
7.999999
7.980000
7.999999
7.900001
8.120000
7.880000
8.120000
7.980000
7.980000
7.999999
8.119998
7.959999
8.000001
7.980000
7.900000
7.980000
8.120000
7.979998
7.980000
7.980000
7.999999
7.959999
7.980000
7.959999
7.999999
7.980000
7.980000
7.980000
7.999999
8.120000
8.000001
7.959999
7.999999
8.000001
7.980000
7.960001
7.999999
8.120000
7.999999
7.980000
7.999999
7.980000
8.120000
9.520000
8.740000
7.980000
7.979998
7.999999
7.980000
7.960001
7.999999
7.980000
7.979998
7.999999
7.980000
7.960001
7.999999
7.980000
7.980000
7.980000
7.999999
7.959999
7.979998
7.959999
7.999999
8.099999
7.980000
7.980000
8.020001
7.980000
7.979998
7.920001
7.999999
7.980000
8.120000
7.979998
7.999999
7.980000
8.000001
7.960001
8.020001
7.900000
8.140001
7.980000
7.980000
7.980000
7.999999
7.959999
7.999999
7.979998
8.000001
7.980000
7.900000
7.960001
7.999999
7.920001
7.940000
7.980000
7.980000
8.119998
8.120000
7.960001
8.320000
7.980000
7.999999
7.959999
7.980000
7.979998
7.999999
7.979998
8.180000
7.979998
7.980000
7.980000
8.120000
7.980000
7.999999
7.920001
7.999999
7.980000
7.999999
7.980000
7.999999
8.120000
7.980000
7.979998
7.999999
7.980000
7.999999
7.960001
7.999999
7.980000
7.979998
7.959999
7.999999
7.980000
7.980000
7.959999
8.000001
7.960001
7.980000
7.959999
8.000001
8.100001
8.220000
7.920001
8.100001
7.900000
7.980000
7.980000
8.000001
7.980000
7.999999
7.900000
7.980000
7.980000
8.000001
7.900000
8.240001
7.960001
7.920001
7.980000
7.979998
7.979998
7.980000
7.960001
8.000001
7.999999
7.980000
8.000001
7.980000
7.900000
7.999999
7.980000
8.140000
7.979998
7.980000
7.980000
7.959999
7.900000
7.900000
7.900000
7.980000
7.999999
7.980000
8.080000
7.980000
7.960001
8.000001
7.999999
8.000001
7.980000
7.980000
7.960001
7.999999
7.920001
7.999999
7.980000
8.019999
8.000001
7.979998
7.959999
7.980000
7.960001
7.999999
7.960001
7.999999
7.980000
7.980000
8.099999
8.020001
7.980000
7.980000
7.980000
7.959999
8.099999
7.999999
7.980000
7.999999
7.900000
7.940000
7.980000
8.000001
7.980000
8.000001
7.980000
7.919999
7.979998
8.140001
7.980000
7.980000
7.999999
7.999999
7.959999
8.019999
7.900000
7.919999
7.980000
8.119998
7.960001
7.979998
7.999999
7.980000
7.980000
7.919999
7.979998
8.000001
8.100001
7.920001
7.960001
7.999999
7.980000
7.999999
7.980000
7.999999
8.080000
7.999999
11.059999
7.960001
7.960001
7.900000
7.960001
7.980000
8.099999
7.999999
7.980000
7.959999
7.979998
7.919999
7.980000
7.999999
8.080000
8.119998
7.979998
7.959999
7.960001
7.980000
7.980000
7.999999
7.900001
8.000001
8.019999
8.239999
7.980000
8.000001
7.959999
8.239999
7.999999
7.999999
8.000001
7.980000
8.100001
7.920001
7.960001
7.999999
7.980000
8.000001
8.080000
7.999999
8.099999
7.999999
7.959999
7.980000
7.980000
8.120000
7.980000
8.120000
7.960001
7.999999
7.980000
7.980000
7.979998
8.000001
7.980000
7.980000
7.979998
7.979998
7.999999
8.400001
8.180000
8.000001
7.999999
7.980000
7.959999
7.920001
7.880000
7.979998
7.959999
7.980000
7.960001
8.159999
7.960001
7.980000
7.980000
8.000001
7.999999
7.999999
7.979998
7.980000
7.980000
7.920001
7.959999
7.999999
7.960001
7.980000
7.980000
8.000001
7.959999
7.980000
7.979998
8.120000
7.979998
7.980000
7.979998
7.980000
7.980000
7.900000
7.900000
7.980000
7.959999
8.120000
7.959999
8.000001
7.900001
7.999999
7.980000
7.980000
7.900000
7.980000
8.099999
7.900000
7.960001
7.999999
7.980000
7.979998
7.959999
8.019999
7.960001
7.980000
8.099999
7.999999
7.980000
7.980000
7.980000
8.000001
7.960001
7.999999
7.980000
7.999999
7.900000
8.120000
7.980000
7.980000
7.980000
7.980000
7.960001
7.980000
8.099999
7.900000
7.980000
7.999999
7.960001
8.059999
8.120000
7.999999
7.980000
7.999999
7.960001
8.000001
7.959999
8.000001
7.959999
7.999999
7.980000
8.000001
7.980000
7.979998
7.960001
7.920001
7.979998
7.999999
7.960001
7.980000
7.980000
7.920001
7.960001
7.920001
7.960001
8.120000
7.980000
7.999999
8.020001
8.000001
7.960001
7.999999
7.960001
8.120000
8.120000
7.999999
8.119998
7.999999
7.999999
7.980000
7.980000
7.980000
7.959999
8.000001
7.999999
7.999999
7.979998
8.000001
7.980000
7.980000
7.980000
7.979998
8.099999
7.999999
7.960001
7.980000
7.979998
7.980000
7.980000
7.980000
7.980000
8.099999
7.900001
7.999999
7.900000
8.140000
7.980000
7.999999
7.979998
8.120000
7.900000
8.099999
7.979998
8.080000
8.120000
8.020001
7.880000
7.980000
7.980000
7.900001
7.940000
8.000001
7.959999
7.999999
7.959999
8.000001
7.980000
7.979998
7.960001
8.020001
7.960001
7.980000
7.980000
8.000001
7.959999
7.999999
7.980000
8.000001
7.980000
7.980000
8.099999
8.000001
8.020001
7.999999
7.999999
8.000001
8.100001
7.999999
7.959999
7.999999
7.980000
8.000001
7.999999
8.000001
8.120000
7.999999
7.980000
7.920001
7.980000
7.980000
7.979998
7.980000
7.959999
7.999999
7.960001
7.980000
8.100001
7.999999
7.980000
8.000001
8.120000
7.980000
8.099999
7.999999
7.980000
8.119998
7.980000
7.980000
7.980000
8.019999
7.960001
7.999999
7.900000
8.120000
8.099999
7.999999
9.660000
7.980000
8.119998
7.980000
7.980000
8.000001
7.979998
8.000001
7.980000
7.980000
7.959999
8.120000
8.080000
8.239999
8.099999
7.999999
7.999999
7.980000
7.980000
8.020001
7.980000
7.999999
7.980000
7.999999
7.900001
8.019999
7.959999
7.980000
7.980000
8.000001
7.980000
7.999999
7.959999
8.100001
7.959999
7.999999
7.960001
7.999999
7.959999
7.920001
7.900000
7.999999
7.960001
7.980000
7.919999
7.999999
7.980000
8.259999
7.960001
8.000001
7.900000
7.980000
7.980000
7.999999
7.980000
8.000001
7.999999
7.999999
7.980000
7.920001
7.959999
7.999999
7.979998
7.920001
7.980000
7.999999
7.980000
7.980000
7.980000
7.980000
7.999999
8.080000
7.979998
7.919999
8.000001
8.020001
7.999999
7.999999
7.979998
7.980000
7.980000
7.980000
7.959999
8.000001
8.000001
7.999999
7.980000
7.919999
7.979998
7.980000
7.900001
7.980000
7.979998
7.999999
7.979998
7.980000
7.959999
8.000001
7.880000
7.980000
8.120000
7.980000
7.960001
7.999999
7.959999
8.000001
8.100001
8.000001
8.099999
8.000001
7.960001
8.019999
7.980000
7.979998
7.980000
7.980000
7.980000
7.919999
7.980000
7.999999
7.980000
8.120000
7.959999
7.980000
7.980000
7.980000
8.099999
8.140000
7.980000
7.919999
7.980000
7.980000
7.919999
7.999999
7.980000
7.999999
7.980000
7.999999
7.980000
8.000001
7.980000
8.020001
7.980000
8.000001
7.959999
8.020001
7.980000
8.000001
7.979998
7.980000
7.980000
7.980000
7.940000
7.980000
7.960001
8.000001
7.980000
7.980000
7.979998
7.980000
7.980000
7.999999
7.980000
7.999999
7.960001
7.920001
7.880000
8.019999
8.140000
7.999999
7.980000
8.000001
7.980000
7.980000
7.980000
7.980000
7.980000
7.920001
8.120000
7.980000
7.980000
7.999999
7.960001
7.999999
8.100001
7.999999
7.980000
7.920001
7.980000
7.919999
7.959999
8.000001
7.980000
8.000001
7.980000
8.020001
7.900000
8.120000
7.960001
7.980000
7.960001
7.999999
7.980000
7.920001
