3.904000
3.877999
3.874999
3.874000
3.865000
3.869000
3.855000
3.855000
3.858999
3.857000
3.866000
3.865000
3.858999
3.858000
3.866000
3.858000
3.858000
3.855000
3.856000
3.858000
3.859000
3.855000
3.856000
3.865000
3.857000
3.858000
3.866000
3.866000
3.866000
3.865000
3.866999
3.866000
3.866999
3.864000
3.865001
3.868001
3.868001
3.867000
3.866999
3.866000
3.867000
3.865000
3.866000
3.868000
3.867000
3.866000
3.866999
3.868000
3.867000
3.864000
3.867000
3.865999
3.866999
3.866999
3.867000
3.858000
3.865000
3.868001
3.866999
3.864001
3.866000
3.868000
3.866999
3.865000
3.865000
3.866000
3.868000
3.866000
3.866000
3.868000
3.866999
3.868001
3.866999
3.865000
3.866999
3.865000
3.866999
3.866999
3.865000
3.866000
3.865000
3.865001
3.866000
3.865000
3.866000
3.867000
3.865000
3.866000
3.864000
3.865000
3.866000
3.865001
3.863000
3.865000
3.865000
3.866999
3.864000
3.868001
3.867000
3.868000
3.866000
3.866000
3.866000
3.868000
3.864000
3.868000
3.863000
3.859000
3.864001
3.866000
3.866000
3.867000
3.866000
3.866000
3.867000
3.865999
3.865000
3.868001
3.868000
3.865000
3.867000
3.869000
3.866000
3.867000
3.865000
3.865000
3.869000
3.866000
3.865001
3.865000
3.867000
3.866000
3.864001
3.872000
3.865000
3.865000
3.867000
3.857000
3.866999
3.866000
3.866999
3.865000
3.865001
3.868000
3.865001
3.866000
3.865999
3.855000
3.866000
3.865000
3.867000
3.869000
3.865999
3.875000
3.866000
3.865000
3.874999
3.866000
3.868000
3.874000
3.874000
3.874000
3.866000
3.867000
3.866000
3.866000
3.865001
3.855000
3.857000
3.859000
3.856000
3.873000
3.876000
3.856000
3.859000
3.857000
3.859000
3.856000
3.859000
3.858000
3.874000
3.856000
3.860000
3.857000
3.858000
3.855000
3.860000
3.854999
3.857001
3.857000
3.859000
3.855000
3.858000
3.858000
3.860000
3.856000
3.857000
3.856000
3.860001
3.855000
3.858000
3.859000
3.856000
3.856000
3.856000
3.857999
3.858000
3.860001
3.857000
3.856000
3.858000
3.855000
3.857000
3.856000
3.857000
3.857001
3.858000
3.857000
3.860000
3.856000
3.857000
3.855000
3.859000
3.860000
3.859000
3.860001
3.858999
3.856000
3.860000
3.859000
3.857000
3.860000
3.860000
3.857000
3.857999
3.858999
3.857000
3.858000
3.857000
3.857001
3.860000
3.858999
3.856000
3.856000
3.858000
3.857000
3.858000
3.860001
3.858000
3.857000
3.856000
3.857000
3.858000
3.860000
3.859000
3.856000
3.856000
3.891000
3.873001
3.872000
3.877999
3.877999
3.879000
3.869000
3.872001
3.871000
3.872001
3.869999
3.870000
3.869000
3.869000
3.870000
3.874000
3.860000
3.873000
3.860000
3.862999
3.858999
3.862999
3.861000
3.862000
3.859000
3.862999
3.860000
3.862000
3.870000
3.859000
3.869000
3.858000
3.880000
3.876001
3.860001
3.860001
3.859000
3.859000
3.861000
3.864000
3.872001
3.861000
3.861000
3.861000
3.861000
3.858000
3.860001
3.859000
3.869000
3.858000
3.861000
3.870000
3.870000
3.858000
3.858000
3.857000
3.860001
3.861000
3.861000
3.860000
3.873000
3.872000
3.869999
3.870000
3.872000
3.868001
3.870000
3.868001
3.870000
3.876000
3.870000
3.870000
3.870000
3.872000
3.871000
4.001000
3.870999
3.870000
3.870000
3.870999
3.869999
3.871000
3.872000
3.876000
3.870000
3.872000
3.875000
3.868000
3.880000
3.870999
3.870000
3.877000
3.876000
3.869000
3.876000
3.878000
3.876001
3.873000
3.861000
3.858000
3.861000
3.857001
3.877000
3.879000
3.877000
3.874999
3.860000
3.858999
3.860001
3.859000
3.861000
3.860000
3.876000
3.860001
3.862000
3.875000
3.860000
3.877000
3.876000
3.877999
3.874999
3.877999
3.874999
3.857000
3.859000
3.859000
3.877000
3.859000
3.859000
3.858000
3.857000
3.858000
3.886000
3.858999
3.857999
3.860000
3.861001
3.859000
3.860000
3.857000
3.876001
3.857000
3.858999
3.857000
3.859000
3.857001
3.857000
3.857001
3.860001
3.855000
3.855000
3.907000
3.856000
3.858000
3.857000
3.859000
3.859000
3.858000
3.856000
3.856000
3.856000
3.857001
3.858000
3.859000
3.860000
3.855000
3.856000
3.857000
3.855000
3.858000
3.859000
3.860001
3.858000
3.860000
3.860000
3.858000
3.857001
3.860000
3.856000
3.859000
4.081000
3.858999
3.856000
3.854999
3.868000
3.856000
3.857001
3.857001
3.857000
3.857000
3.856000
3.858000
3.862000
3.857000
3.855000
3.857001
3.854999
3.858000
3.854999
3.859000
3.860000
3.859000
3.856000
3.859000
3.858000
3.872001
3.858000
3.859000
3.858999
3.859000
3.858000
3.862000
3.856000
3.859000
3.856000
3.856000
3.858000
3.857000
3.855000
3.857000
3.854999
3.856000
3.854999
3.858000
3.855000
3.856000
3.854999
3.857000
3.856000
3.858000
3.855000
3.858999
3.860000
3.857000
3.858000
3.873999
3.855000
3.859000
3.862999
3.859000
3.857999
3.859000
3.856000
3.859000
3.858000
3.857000
3.857000
3.858000
3.856000
3.858000
3.859000
3.857000
3.873000
3.873000
3.861000
3.858000
3.875000
3.875000
3.857000
3.859000
3.857000
3.872000
3.856000
3.880000
3.874000
3.858000
3.856000
3.858999
3.856000
3.857999
3.856000
3.858000
3.856000
3.855000
3.856000
3.859000
3.858000
3.856000
3.855000
3.858000
3.857000
3.857000
3.854999
3.872000
3.858000
3.857001
3.856000
3.856000
3.861000
3.856000
3.872000
3.860001
3.858000
3.857001
3.857000
3.859000
3.855000
3.865000
3.866000
3.858999
3.854999
3.856000
3.856000
3.856000
3.858000
3.858000
3.856000
3.856000
3.856000
3.857000
3.867000
3.857000
3.855000
3.857000
3.858999
3.871000
3.872000
3.859000
3.856000
3.856000
3.856000
3.856000
3.856000
3.856000
3.865000
3.856000
3.856000
3.858000
3.859000
3.857000
3.858000
3.856000
3.856000
3.858000
3.860001
3.858000
3.858000
3.864001
3.858000
3.857000
3.856000
3.857000
3.856000
3.858000
3.858000
3.859000
3.856000
3.856000
3.856000
3.856000
3.854999
3.857000
3.856000
3.857000
3.858999
3.856000
3.858000
3.865000
3.858999
3.857000
3.896000
3.858000
3.873000
3.858999
3.856000
3.857000
3.858000
3.869001
3.871000
3.866999
3.864001
3.866000
3.859000
3.858000
3.858000
3.859000
3.860000
3.859000
3.856000
3.876000
3.859000
3.874000
3.857000
3.857000
3.857000
3.857000
3.855000
3.857000
3.854999
3.858000
3.856000
3.855000
3.858000
3.858000
3.856000
3.857000
3.855000
3.857000
3.859000
3.856000
3.855000
3.859000
3.855000
3.857000
3.856000
3.857001
3.858000
3.858999
3.855000
3.857000
3.856000
3.856000
3.858000
3.873000
3.856000
3.865000
3.855000
3.867000
3.858000
3.857000
3.854999
3.867000
3.858000
3.858000
3.858999
3.858000
3.856000
3.856000
3.858000
3.859000
3.866000
3.855000
3.859000
3.860000
3.856000
3.854000
3.858000
3.858000
3.865000
3.855000
3.858000
3.866999
3.856000
3.858000
3.858000
3.858000
3.858000
3.855000
3.859000
3.858000
3.855000
3.857000
3.855000
3.866000
3.868001
3.866000
3.869000
3.865000
3.865000
3.857000
3.865000
3.865000
3.868001
3.864000
3.869000
3.870000
3.856000
3.866000
3.856000
3.864001
3.865000
3.866999
3.866000
3.864001
3.865000
3.867000
3.865000
3.864000
3.864000
3.866000
3.873000
3.865000
3.868000
3.867000
3.856000
3.868000
3.866000
3.868000
3.865000
3.868000
3.855000
3.865000
3.868001
3.867000
3.869000
3.867000
3.866999
3.865000
3.870000
3.866000
3.868001
3.866999
3.865000
3.867000
3.856000
3.865000
3.866000
3.866000
3.858000
3.864000
3.865000
3.866000
3.866999
3.866000
3.865000
3.866999
3.868001
3.865000
3.871000
3.876000
3.871000
3.865000
3.868000
3.880001
3.855000
3.854000
3.855000
3.857001
3.858999
3.856000
3.854999
3.857001
3.855000
3.857001
3.856000
3.858000
3.859000
3.857000
3.857999
3.856000
3.856000
3.857000
3.874000
3.858999
3.856000
3.857000
3.858000
3.857000
3.859000
3.858000
3.855000
3.856000
3.857001
3.855000
3.858000
3.858000
3.859000
3.855000
3.858000
3.858999
3.855000
3.859000
3.860001
3.857000
3.857000
3.854999
3.856000
3.856000
3.855000
3.859000
3.857000
3.855000
3.854999
3.859000
3.858000
3.856000
3.854999
3.854999
3.873000
3.856000
3.855000
3.855000
3.857000
3.856000
3.855000
3.873000
3.857000
3.855000
3.857000
3.856000
3.855000
3.857000
3.857000
3.857000
3.858000
3.857001
3.857001
3.855000
3.855000
3.857000
3.855000
3.854000
3.858000
3.854999
3.855000
3.857001
3.855000
3.854999
3.858000
3.855000
3.857000
3.855000
3.857000
3.857000
3.858000
3.857001
3.855000
3.854999
3.858000
3.857000
3.855000
3.856000
3.858000
3.858000
3.856000
3.855000
3.860000
3.857001
3.856000
3.858000
3.859000
3.860001
3.856000
3.856000
3.859000
3.876000
3.896000
3.858000
3.872000
3.856000
3.860001
3.859000
3.858000
3.858000
3.857000
3.856000
3.856000
3.856000
3.857999
3.855000
3.853999
3.858000
3.858999
3.857000
3.900000
3.858000
3.855000
3.855000
3.858000
3.875000
3.854999
3.857000
3.856000
3.857000
3.856000
3.856000
3.873000
3.856000
3.858000
3.872000
3.857999
3.857001
3.855000
3.854999
3.858000
3.858000
3.856000
3.857999
3.855000
3.858000
3.858000
3.858999
3.854999
3.857000
3.857000
3.856000
3.858000
3.857001
3.854999
3.854999
3.859000
3.857000
3.855000
3.856000
3.856000
3.858000
3.855000
3.855000
3.858000
3.858999
3.858000
3.857000
3.855000
3.858000
3.858000
3.857000
3.855000
3.874000
3.858000
3.856000
3.872001
3.855000
3.857000
3.859000
3.855000
3.856000
3.855000
3.857001
3.859000
3.857000
3.923000
3.856000
3.858000
3.873000
3.877000
3.857000
3.856000
3.857000
3.855000
3.856000
3.855000
3.857001
3.855000
3.855000
3.855000
3.857000
3.856000
3.856000
3.855000
3.855000
3.858000
3.855000
3.859000
