0.110999
0.084002
0.082999
0.082999
0.082999
0.084000
0.084000
0.084000
0.082999
0.084000
0.084000
0.082999
0.084000
0.084000
0.084000
0.090001
0.082999
0.082999
0.084000
0.084002
0.083001
0.082001
0.082999
0.082999
0.084000
0.084000
0.084000
0.082999
0.082999
0.083001
0.084000
0.084000
0.087000
0.084000
0.084002
0.084000
0.083001
0.082999
0.082999
0.084002
0.084000
0.084000
0.084000
0.082999
0.084000
0.084000
0.084000
0.084000
0.082999
0.082999
0.084000
0.083001
0.082999
0.084000
0.084000
0.082999
0.084000
0.084000
0.084000
0.084000
0.084000
0.082999
0.082999
0.086000
0.082999
0.084000
0.083001
0.082999
0.082999
0.083001
0.083001
0.084000
0.084000
0.083001
0.083001
0.083001
0.082999
0.084000
0.082999
0.088001
0.082999
0.084000
0.082999
0.082999
0.082999
0.084000
0.082999
0.083001
0.084000
0.082999
0.084000
0.082999
0.083001
0.083001
0.084000
0.084000
0.083001
0.080001
0.084000
0.082999
0.084002
0.083001
0.083001
0.084000
0.084002
0.084000
0.084000
0.084000
0.082999
0.082999
0.083001
0.083001
0.082999
0.082999
0.083001
0.082999
0.083001
0.084000
0.083001
0.087000
0.084000
0.084000
0.084000
0.084000
0.082999
0.084002
0.084000
0.084000
0.085000
0.082999
0.084000
0.084000
0.084000
0.082999
0.084002
0.083001
0.083001
0.084000
0.082999
0.084000
0.083001
0.083001
0.084002
0.089001
0.084000
0.084000
0.082999
0.082999
0.082999
0.082999
0.081999
0.083001
0.084000
0.084000
0.082999
0.082999
0.082999
0.082999
0.083001
0.084000
0.082999
0.082999
0.084002
0.083001
0.084000
0.082999
0.084002
0.084000
0.082999
0.083001
0.084000
0.084000
0.083001
0.084000
0.084000
0.084000
0.084000
0.082999
0.083001
0.082999
0.082999
0.082999
0.082999
0.084000
0.084000
0.082999
0.084000
0.084000
0.084000
0.082999
0.083001
0.083001
0.083001
0.084000
0.084002
0.086999
0.082999
0.084000
0.084000
0.084000
0.082999
0.084000
0.082999
0.086000
0.084000
0.084000
0.082999
0.088001
0.082999
0.084000
0.083001
0.084000
0.084002
0.084000
0.084000
0.084000
0.083001
0.082999
0.084000
0.084002
0.084000
0.082999
0.084000
0.082999
0.084002
0.084000
0.083001
0.082999
0.084000
0.082999
0.084000
0.083001
0.086999
0.084000
0.084000
0.084000
0.082999
0.082999
0.084000
0.084000
0.084002
0.084002
0.082999
0.084000
0.084000
0.082999
0.084000
0.082999
0.083001
0.084000
0.084000
0.084000
0.084000
0.084002
0.082999
0.084000
0.084000
0.082999
0.084000
0.084000
0.084000
0.084000
0.084000
0.086000
0.082999
0.083001
0.085000
0.082999
0.082999
0.084000
0.084002
0.088001
0.082999
0.084000
0.084000
0.084002
0.083001
0.084000
0.084000
0.084002
0.084000
0.084000
0.094000
0.082999
0.083001
0.084000
0.084000
0.084000
0.084002
0.083001
0.082999
0.082999
0.082999
0.082999
0.084002
0.083001
0.083001
0.084000
0.084000
0.082999
0.084000
0.085000
0.083001
0.082999
0.083001
0.085000
0.085000
0.082999
0.082999
0.084000
0.084000
0.084000
0.084000
0.085000
0.082999
0.083001
0.085000
0.084000
0.084002
0.083001
0.086000
0.084000
0.082999
0.084000
0.084002
0.084000
0.084000
0.082999
0.082999
0.084000
0.082999
0.084000
0.082999
0.084000
0.084000
0.088999
0.082999
0.085000
0.084000
0.082999
0.083001
0.082999
0.082999
0.082999
0.085998
0.084000
0.084000
0.084000
0.086000
0.084000
0.082999
0.082999
0.084000
0.084002
0.082999
0.085998
0.084000
0.084000
0.084000
0.082999
0.082999
0.084000
0.082999
0.084000
0.083001
0.084000
0.084002
0.083001
0.084000
0.084000
0.082999
0.084000
0.083001
0.084000
0.082999
0.082999
0.083001
0.084000
0.082999
0.084000
0.084000
0.084000
0.084000
0.084000
0.084000
0.084000
0.084000
0.084002
0.083001
0.084000
0.084000
0.083001
0.086000
0.084000
0.084000
0.084002
0.084000
0.084002
0.084000
0.087999
0.084000
0.084000
0.083001
0.081999
0.083001
0.084000
0.084000
0.082999
0.082999
0.084000
0.084000
0.084000
0.084000
0.084000
0.084002
0.082999
0.084000
0.082999
0.082999
0.084000
0.084000
0.084000
0.084002
0.084000
0.084000
0.082999
0.084000
0.082999
0.082999
0.083001
0.084000
0.084000
0.083001
0.084000
0.082999
0.082999
0.084000
0.084000
0.084000
0.084000
0.083001
0.084000
0.084000
0.084000
0.084000
0.084000
0.084000
0.084002
0.084000
0.084000
0.082999
0.082999
0.084002
0.084000
0.084000
0.084002
0.084000
0.083001
0.082999
0.084002
0.084000
0.084000
0.084000
0.088001
0.082999
0.084000
0.084002
0.084000
0.085998
0.084002
0.084000
0.084000
0.084000
0.084000
0.081001
0.084000
0.084000
0.084000
0.084002
0.084000
0.082999
0.084000
0.084000
0.084000
0.082999
0.084000
0.084002
0.084000
0.084000
0.084002
0.084000
0.084000
0.084000
0.084000
0.084000
0.084000
0.086000
0.082999
0.083001
0.084002
0.084000
0.082999
0.082999
0.083001
0.084000
0.085000
0.084000
0.084002
0.084000
0.084000
0.082999
0.084000
0.084000
0.082999
0.085000
0.083001
0.084000
0.084002
0.084000
0.084000
0.084000
0.084000
0.083001
0.083001
0.084000
0.083001
0.084002
0.089999
0.083001
0.081999
0.084000
0.083001
0.084002
0.084002
0.085000
0.082999
0.082999
0.084002
0.084000
0.082999
0.082999
0.084000
0.082999
0.084000
0.084000
0.085000
0.084000
0.084000
0.084000
0.085000
0.082999
0.084000
0.082999
0.084000
0.084000
0.082999
0.084000
0.084000
0.082999
0.084002
0.083001
0.084000
0.084002
0.084000
0.084000
0.084000
0.084000
0.082999
0.084000
0.085000
0.084002
0.084000
0.086000
0.084002
0.084000
0.082999
0.084000
0.084000
0.085000
0.081999
0.086000
0.085000
0.084002
0.082999
0.082999
0.084000
0.084000
0.084000
0.084000
0.085000
0.084000
0.088999
0.084002
0.084000
0.084000
0.084000
0.084000
0.082999
0.084000
0.084002
0.084000
0.084000
0.082999
0.086000
0.084000
0.083001
0.084000
0.084002
0.084000
0.084000
0.084000
0.084000
0.084000
0.084000
0.085000
0.084000
0.084000
0.085000
0.084002
0.082999
0.084000
0.084000
0.084000
0.084000
0.084000
0.084000
0.084000
0.084000
0.084002
0.084000
0.085000
0.082999
0.084000
0.084000
0.084000
0.084000
0.084000
0.084000
0.084000
0.084000
0.082999
0.085000
0.084002
0.084002
0.084000
0.084000
0.085000
0.084000
0.084000
0.082999
0.085000
0.084000
0.087999
0.084000
0.084000
0.086000
0.086000
0.084000
0.083001
0.084000
0.084002
0.085000
0.084002
0.084000
0.087000
0.084000
0.084000
0.083001
0.082999
0.084000
0.084000
0.083001
0.084000
0.085000
0.084000
0.084000
0.082999
0.084000
0.084002
0.082999
0.082999
0.084000
0.082999
0.082999
0.082999
0.084000
0.083001
0.082999
0.082999
0.084000
0.084002
0.082999
0.082999
0.085000
0.084000
0.084000
0.084000
0.084000
0.084002
0.084000
0.084000
0.084000
0.082999
0.084000
0.084000
0.084002
0.084000
0.082999
0.082999
0.085000
0.084000
0.082999
0.084000
0.084000
0.084002
0.082999
0.083001
0.084000
0.082999
0.088001
0.082999
0.082999
0.082999
0.084000
0.085000
0.084000
0.084000
0.084000
0.084000
0.084000
0.085000
0.082999
0.085000
0.084000
0.084000
0.084000
0.084000
0.084000
0.085000
0.084002
0.084000
0.084002
0.084000
0.084000
0.084002
0.084000
0.084000
0.084000
0.084000
0.084000
0.083001
0.084000
0.084000
0.085000
0.084002
0.084002
0.084000
0.084002
0.082999
0.084002
0.084002
0.084000
0.084000
0.084000
0.084000
0.084000
0.085000
0.084000
0.083001
0.082999
0.084000
0.086000
0.084000
0.084000
0.084000
0.084002
0.083001
0.084000
0.082999
0.082999
0.082999
0.082999
0.084000
0.088001
0.083001
0.084002
0.082999
0.084002
0.083001
0.084000
0.084000
0.082999
0.082999
0.084002
0.084002
0.082999
0.082999
0.085000
0.084000
0.082999
0.082999
0.084000
0.083001
0.082999
0.084002
0.084002
0.084000
0.084000
0.082999
0.085000
0.084000
0.082999
0.082999
0.084000
0.084000
0.084000
0.084000
0.082999
0.084000
0.084000
0.084000
0.084000
0.084000
0.084000
0.084000
0.084000
0.084000
0.084002
0.082999
0.084000
0.082999
0.084000
0.082999
0.085000
0.084000
0.084000
0.084000
0.085000
0.085000
0.084000
0.084000
0.084000
0.084000
0.083001
0.082999
0.084000
0.084002
0.086000
0.084000
0.084000
0.082999
0.082999
0.084000
0.085000
0.082999
0.082999
0.084000
0.082999
0.084000
0.084000
0.084000
0.084002
0.084002
0.084000
0.082999
0.084000
0.084002
0.083001
0.083001
0.084000
0.083001
0.084000
0.082999
0.084002
0.084002
0.084000
0.084000
0.084000
0.084000
0.082999
0.083001
0.084000
0.084000
0.084002
0.087000
0.084000
0.084002
0.084000
0.084000
0.084000
0.084000
0.083001
0.085000
0.084000
0.084000
0.084002
0.082999
0.084000
0.083001
0.084000
0.084000
0.085000
0.084000
0.082999
0.082999
0.084000
0.082999
0.083001
0.083001
0.085000
0.082999
0.086000
0.082999
0.084000
0.084000
0.083001
0.082999
0.085000
0.084002
0.084000
0.084002
0.084000
0.083001
0.082999
0.083001
0.084000
0.084000
0.082999
0.083001
0.085000
0.084000
0.082999
0.082999
0.084002
0.084002
0.083001
0.084000
0.084000
0.083001
0.084000
0.086000
0.085000
0.084000
0.084000
0.084000
0.084000
0.084000
0.084000
0.082999
0.085000
0.082999
0.082999
0.084002
0.084000
0.082999
0.082999
0.082999
0.085000
0.084000
0.083001
0.084000
0.082999
0.084000
0.084000
0.083001
0.084000
0.084002
0.083001
0.084000
0.084000
0.084000
0.084002
0.082999
0.082999
0.084000
0.086000
0.084000
0.084000
0.084000
0.083001
0.084000
0.084000
0.084000
0.082999
0.082999
0.084000
0.085000
0.087000
0.082999
0.085000
0.085000
0.083001
0.082999
0.085000
0.084000
0.083001
0.084000
0.084000
0.084002
0.084000
