2177.080002
2192.600001
2190.180000
2183.820002
2185.140003
2187.679999
2189.959999
2193.020001
2193.340000
2174.100000
2172.400001
2175.579999
2174.860001
2175.639998
2173.960000
2193.459999
2186.760001
2191.319998
2190.959997
2189.840000
2181.499999
2188.120000
2189.459998
2173.799999
2171.159998
2172.720000
2177.340001
2174.339999
2173.599999
2177.000001
2189.240001
2186.039999
2188.060001
2186.439998
2195.719998
2191.679999
2187.100001
2174.279999
2175.860003
2174.020000
2173.919998
2174.799997
2175.300002
2166.099999
2181.500003
2195.200000
2188.320000
2187.020000
2186.659999
2189.760000
2190.760002
2188.019998
2177.640002
2173.699997
2175.559998
2173.820000
2180.919997
2174.980003
2191.879999
2183.339998
2192.800000
2186.740000
2184.880000
2184.280001
2190.000001
2185.240000
2168.540001
2175.780002
2176.360000
2171.159998
2179.420002
2176.720001
2191.800002
2185.040001
2184.260000
2191.780001
2190.919999
2193.060003
2184.960000
2188.680001
2175.680000
2176.740002
2177.160002
2175.460003
2174.959999
2170.060001
2189.780001
2188.200001
2191.099998
2187.720001
2190.360002
2192.640003
2193.739999
2186.139997
2168.879997
2174.339999
2174.840000
2174.899999
2175.120000
2175.799999
2176.320001
2182.999998
2187.940001
2194.759998
2191.459998
2188.859999
2189.940002
2186.700001
2180.339999
2179.220002
2175.620001
2170.759998
2175.759997
2177.960001
2177.720003
2186.820000
2189.520001
2187.780000
2189.479999
2186.720002
2186.160002
2185.520001
2190.120000
2177.060001
2179.200001
2171.500001
2175.779998
2177.439999
2172.380000
2185.479999
2186.740000
2193.560001
2188.379999
2190.000001
2184.799999
2189.399999
2185.460001
2175.020002
2175.839998
2177.840002
2172.900002
2172.860000
2168.739997
2183.899999
2189.780001
2189.479999
2185.440000
2184.119999
2186.080001
2184.180003
2189.300001
2179.860000
2173.939999
2171.459999
2168.920003
2173.580002
2177.979998
2197.200000
2184.520002
2189.280003
2188.960001
2188.839998
2187.619999
2191.560000
2189.260002
2180.659998
2173.660003
2174.120001
2173.280001
2177.159999
2175.480001
2187.360000
2186.379999
2186.700001
2188.580003
2188.719999
2187.180001
2186.039999
2186.220001
2172.720000
2177.299999
2171.280000
2175.180003
2175.920002
2168.600000
2186.840001
2190.499999
2185.720000
2191.160001
2187.440000
2187.660001
2190.139998
2189.940002
2174.399998
2173.260000
2173.400000
2175.700001
2175.999999
2174.699999
2176.039997
2194.499999
2185.419999
2197.780002
2185.360000
2186.939999
2187.240001
2182.599999
2175.160002
2173.140001
2176.640000
2176.759999
2170.320000
2176.679999
2178.479999
2186.779998
2191.140000
2186.880000
2190.140001
2188.519999
2186.359998
2188.120000
2189.060003
2173.160002
2173.159998
2177.060001
2176.080000
2173.840001
2178.080000
2188.400000
2191.480003
2194.259997
2183.540002
2188.340001
2184.900001
2187.479999
2182.940003
2174.780000
2174.119998
2177.120000
2173.000000
2173.300002
2176.460002
2185.480002
2193.999998
2187.519997
2190.400001
2190.520000
2190.140001
2189.420000
2192.839999
2174.240001
2174.240001
2178.080000
2172.320001
2180.660002
2178.799998
2184.700001
2189.100001
2191.880003
2188.299999
2196.559999
2184.180003
2190.199997
2192.860000
2174.240001
2172.079999
2176.440001
2170.880001
2172.660001
2175.539996
2185.160000
2186.080001
2190.460000
2188.479997
2188.559998
2195.179999
2186.400000
2190.239999
2177.300002
2179.060001
2172.380000
2181.639999
2174.340002
2181.839999
2175.499998
2187.260002
2186.680000
2189.020000
2194.100000
2189.380001
2190.180000
2194.240000
2178.259999
2174.380001
2175.300002
2176.240001
2176.240001
2176.619999
2175.460000
2192.580000
2188.120000
2191.100001
2188.740000
2188.340001
2181.880001
2191.440001
2192.240000
2172.499999
2174.800001
2175.600000
2179.259997
2171.080001
2172.839999
2184.820000
2187.560000
2182.440002
2186.840001
2185.680002
2190.360002
2180.779997
2191.840000
2173.939999
2175.240003
2174.440000
2180.420000
2185.660001
2171.080001
2189.199999
2188.560002
2192.240003
2189.299997
2195.940003
2181.279998
2188.400000
2194.019999
2174.920000
2177.400000
2174.240001
2175.420001
2178.059999
2177.859999
2175.600000
2184.579998
2186.280001
2189.500000
2189.340003
2191.940002
2187.080000
2186.940003
2175.480001
2174.740002
2175.200000
2175.100002
2173.140001
2176.840000
2175.899997
2188.260000
2190.320000
2184.700001
2189.160001
2186.659999
2188.700002
2187.319998
2175.000001
2172.059998
2177.239999
2178.660002
2173.179999
2176.059999
2173.459999
2187.220000
2187.959999
2193.059999
2185.760003
2187.720001
2184.260003
2184.519999
2173.400000
2170.139998
2176.540002
2172.140002
2174.200002
2171.939999
2177.419998
2183.920000
2185.079999
2184.599999
2190.720003
2184.559997
2188.740000
2184.699997
2190.040000
2175.500002
2172.660001
2174.240001
2178.939998
2172.260001
2180.299997
2192.119997
2189.700000
2190.000001
2188.139997
2189.440001
2193.459999
2187.240001
2186.820000
2172.720000
2166.579999
2176.220000
2173.540000
2173.119999
2174.480002
2186.319999
2188.139997
2184.859999
2193.159997
2183.359999
2187.939998
2185.199998
2193.579998
2178.299997
2175.900001
2176.759999
2177.600000
2172.720000
2174.780000
2188.800000
2189.179998
2194.100000
2187.319998
2193.119999
2190.019999
2191.400003
2186.960001
2175.899997
2175.400000
2174.820002
2170.880001
2173.860002
2173.580002
2174.619999
2192.780003
2190.819997
2193.379998
2190.499999
2188.719999
2186.619997
2184.540000
2170.979999
2178.680003
2175.140001
2177.560002
2177.940000
2171.680000
2172.160000
2188.160002
2182.980001
2191.539999
2194.359999
2187.659997
2187.560000
2190.900002
2187.840000
2176.120002
2169.739999
2175.080001
2172.940001
2179.499999
2173.779998
2189.579997
2188.120000
2188.999999
2191.259999
2189.239997
2189.739998
2192.100003
2187.399998
2176.200002
2173.760001
2171.420000
2179.719999
2180.199999
2176.880002
2178.020000
2185.860001
2186.980002
2191.660002
2184.560001
2191.460002
2186.080001
2202.560000
2191.560000
2184.820000
2177.460000
2173.099998
2198.120002
2179.760002
2171.960000
2172.780000
2173.880000
2192.760002
2187.020000
2183.399998
2187.540002
2186.280001
2191.500001
2191.819999
2185.099997
2176.920000
2167.119998
2173.000000
2170.520000
2176.360000
2175.719999
2172.040001
2186.120000
2188.940004
2186.019998
2189.840000
2188.780002
2185.719997
2189.599998
2188.540000
2171.440002
2180.199999
2174.200002
2177.180000
2179.240000
2174.920000
2190.320000
2189.180002
2187.160000
2186.080001
2188.660000
2184.540000
2193.200000
2190.940000
2177.320000
2174.279999
2175.859999
2178.379998
2177.579999
2173.799999
2174.219999
2190.299999
2190.400001
2195.000000
2188.400000
2186.220001
2187.739998
2191.180002
2189.720001
2174.559999
2178.780001
2180.359997
2171.000000
2178.120002
2176.119998
2187.020000
2185.940001
2185.039997
2189.619999
2190.600000
2188.519999
2196.079999
2190.439999
2165.020000
2170.860000
2180.179998
2175.840002
2171.719998
2169.380002
2190.660000
2188.579999
2186.499998
2188.140001
2196.599998
2190.560002
2187.840000
2191.080000
2178.720001
2176.719997
2171.439998
2176.100001
2171.259999
2175.339997
2166.619997
2187.339999
2186.199997
2187.860001
2185.800001
2192.839999
2189.939998
2192.079999
2182.200000
2175.960001
2173.900001
2168.019999
2171.300001
2171.440002
2171.699997
2189.659998
2186.620001
2207.880002
2188.220002
2183.180001
2186.740000
2185.479999
2192.240000
2170.219999
2175.859999
2179.919999
2171.680000
2172.920000
2179.460000
2189.180002
2184.159998
2189.859997
2190.699998
2203.060001
2185.660001
2191.500001
2187.899999
2173.919998
2172.480002
2172.980003
2176.040001
2177.519999
2177.660000
2188.840002
2193.160001
2192.860000
2191.940002
2186.439998
2191.799998
2191.839997
2186.680000
2174.640000
2177.979998
2179.960001
2171.739999
2172.879998
2178.260002
2174.860001
2188.000001
2189.980000
2185.219999
2186.859999
2191.700000
2194.819998
2182.259999
2177.120000
2172.120001
2170.660000
2171.999998
2175.439999
2178.319998
2171.179999
2187.720001
2188.160002
2186.140001
2182.319999
2194.959998
2187.360004
2190.079998
2191.019997
2175.179999
2173.680000
2172.580000
2180.019997
2174.380001
2174.400002
2187.260002
2187.820002
2190.000001
2193.940002
2184.179999
2192.660000
2188.579999
2195.359997
2173.219997
2175.380003
2174.899999
2172.419999
2175.140001
2172.320001
2190.900002
2180.240002
2189.800002
2186.039999
2189.940002
2186.659999
2186.480001
2187.939998
2176.959999
2174.780000
2175.960001
2175.460000
2173.139997
2170.359999
2172.940001
2193.860002
2187.920000
2191.900000
2187.479999
2192.499999
2186.600000
2187.819999
2175.980002
2173.960000
2177.200001
2176.500000
2178.120002
2174.020000
2168.779999
2184.080001
2188.140001
2185.660001
2184.580002
2186.980002
2189.519998
2191.560000
2191.300001
2175.100002
2174.440000
2179.559998
2178.619999
2176.420003
2175.600000
2185.680002
2184.960000
2190.920003
2190.320000
2188.600000
2188.300002
2192.639999
2182.160001
2174.240001
2173.099998
2176.159997
2173.859999
2178.340003
2177.900001
2187.500000
2191.100001
2185.020000
2188.320003
2191.519998
2187.419999
2185.819998
2190.640002
2175.059997
2175.799999
2174.559999
2174.199998
2177.759998
2172.619998
2189.300001
2186.979998
2187.419999
2184.299998
2190.320000
2189.500000
2188.260000
2190.000001
2174.920000
2176.279999
2171.420000
2172.959998
2175.140001
2178.579997
2171.160001
2191.020001
2184.980001
2191.480000
2186.560001
2191.319998
2187.880002
2187.480003
2172.479998
2175.960001
2178.619999
2178.760000
2177.740000
2175.060000
2170.480002
2187.379997
2190.880001
2189.199999
2196.460001
2188.080002
2196.600001
2192.439999
2187.059999
2188.940000
2172.920000
2175.439999
2174.540002
2171.040002
2178.439997
2169.500001
2190.979999
2192.680001
2185.259998
2187.759999
2189.720001
2189.919997
2191.420000
2192.219999
2173.540000
2172.960002
2175.719999
2176.479999
2172.400001
2179.539997
2175.920002
2188.339997
2191.700000
2183.860000
2191.399999
2188.759997
2190.979999
2189.199999
2175.519999
2171.680000
2179.880001
2171.600003
2178.760000
2176.279999
2176.419999
2190.279998
2188.580003
2188.060001
2190.299999
2189.040001
2190.720003
2187.240001
2188.320000
2174.860001
2174.139999
2177.239999
2178.600002
2174.600001
2173.700001
2184.100002
2188.600000
2184.560001
2187.320001
2186.959997
2184.419997
2188.859999
2191.480000
2173.880000
2176.140003
2177.700002
2177.239999
2175.099999
2170.079999
2190.000001
2188.400000
2188.559998
2184.019998
2190.019999
2192.479998
2182.099998
2186.220001
2174.920000
2175.620001
2175.940000
2173.720002
2176.600002
2175.000001
2205.320001
2183.780000
2186.520003
2184.119999
2194.159999
2181.639999
2184.140000
2184.360001
2174.060002
2178.939998
2174.660001
2173.040003
2177.340001
2172.100000
2177.040000
2189.300001
2186.740000
2191.879999
2187.040001
2186.219998
2192.380000
2183.380000
2174.440000
2174.960002
2178.660002
2180.240002
2169.039998
2177.019998
2177.679997
2189.339999
2190.899998
2186.960001
2186.919998
2185.119998
2187.540002
2188.880000
2186.460000
2172.740001
2169.160001
2173.839998
2172.800001
2174.700003
2180.360001
2184.719998
2192.200001
2185.719997
2188.220002
2191.719998
2191.659998
2189.380001
2192.499999
2173.780002
2172.580000
2180.519998
2177.800000
2172.839999
2177.020002
2190.180000
2186.819997
2190.639999
2189.920001
2192.419998
2186.659999
2191.840000
2187.020000
2174.379997
2176.680002
2172.860000
2176.740002
2174.139999
2175.540000
2174.819998
2188.959997
2189.300001
2189.020000
2186.980002
2186.939999
2186.279997
2189.479999
2175.179999
2175.880000
2174.120001
2177.900001
2175.239999
2172.480002
2176.360000
2185.340002
2190.740000
2188.880000
2184.880000
2188.800000
2193.180002
2187.679999
2189.080000
2174.440000
2174.720000
2177.359998
2173.820000
2171.659999
2174.820002
2189.260002
2185.160000
2189.640000
2189.360000
2182.519998
2186.220001
2191.520002
2186.700001
2174.680002
2177.619997
2177.320000
2177.400000
2173.560001
2178.100001
2182.879999
2189.440001
2183.440004
2189.760000
2190.340001
2189.220000
2189.639997
2190.860000
2176.140003
2174.119998
2170.860000
2174.959999
2173.880000
2177.999999
