0.735000
0.546001
0.355000
0.344999
0.344999
0.342999
0.366000
0.344999
0.337001
0.343001
0.360001
0.345001
0.337001
0.343001
0.363000
0.344999
0.340000
0.343001
0.531001
0.348000
0.339000
0.347000
0.360001
0.348000
0.339000
0.347000
0.359999
0.347000
0.337999
0.347000
0.360001
0.348000
0.335000
0.348000
0.360001
0.348000
0.339001
0.347000
0.359999
0.348000
0.503000
0.348000
0.363000
0.347000
0.339000
0.347000
0.361001
0.348000
0.339000
0.347000
0.359999
0.348000
0.338001
0.347000
0.360999
0.347000
0.339001
0.348000
0.361001
0.348000
0.337999
0.348000
0.360001
0.348002
0.334999
0.348000
0.359999
0.348000
0.336001
0.348002
0.360001
0.348000
0.335000
0.348000
0.360001
0.348000
0.334999
0.348000
0.360001
0.348002
0.335000
0.348002
0.360001
0.348000
0.335999
0.347000
0.359999
0.348000
0.334999
0.348000
0.360001
0.348000
0.335999
0.348000
0.359999
0.348000
0.335000
0.348000
0.359999
0.468999
0.334999
0.348000
0.360001
0.348000
0.335000
0.347000
0.360999
0.348000
0.335000
0.348000
0.360999
0.348000
0.335000
0.348000
0.361001
0.348000
0.335000
0.348000
0.360001
0.348000
0.335000
0.347000
0.360001
0.348000
0.334999
0.348000
0.359999
0.348000
0.335000
0.347001
0.360001
0.348000
0.335000
0.348000
0.360001
0.348000
0.335000
0.348000
0.361001
0.348000
0.335000
0.348002
0.360999
0.348000
0.334999
0.347000
0.360001
0.348000
0.335000
0.350000
0.360001
0.350000
0.334999
0.348998
0.359999
0.350000
0.334999
0.348000
0.360001
0.349998
0.335000
0.348000
0.359999
0.350000
0.335000
0.349998
0.360001
0.350000
0.336001
0.349000
0.360999
0.348000
0.335000
0.350000
0.359999
0.348000
0.335000
0.347001
0.359999
0.350000
0.337999
0.348000
0.360001
0.350000
0.334999
0.348000
0.360999
0.350000
0.338001
0.350000
0.361001
0.348000
0.335000
0.348000
0.361999
0.350000
0.337999
0.349998
0.361999
0.350000
0.338001
0.349000
0.361999
0.348000
0.337999
0.348000
0.361001
0.350000
0.338001
0.347001
0.360001
0.349998
0.338001
0.350000
0.359999
0.350000
0.335000
0.348002
0.360001
0.348000
0.334999
0.348000
0.361999
0.350000
0.335000
0.348000
0.360999
0.348000
0.335999
0.347000
0.361999
0.350000
0.334999
0.349000
0.361999
0.350000
0.335000
0.350000
0.359999
0.348000
0.334999
0.347000
0.361999
0.350000
0.334999
0.350000
0.360001
0.348000
0.337999
0.348000
0.359999
0.348000
0.335000
0.348000
0.362001
0.348002
0.335000
0.348002
0.360001
0.348000
0.335000
0.348000
0.361999
0.347000
0.337999
0.347000
0.361999
0.350000
0.336001
0.350000
0.360001
0.348000
0.338001
0.350000
0.361999
0.348000
0.334999
0.350000
0.360001
0.350000
0.335000
0.348000
0.360001
0.350000
0.336001
0.349998
0.359999
0.348000
0.337999
0.350000
0.362001
0.348002
0.335000
0.347000
0.538001
0.348000
0.337999
0.348000
0.359999
0.348000
0.335000
0.350000
0.360001
0.348000
0.335000
0.348000
0.360001
0.348000
0.334999
0.347001
0.360001
0.348000
0.337999
0.349000
0.360999
0.351001
0.338001
0.350000
0.359999
0.350000
0.337999
0.349000
0.360001
0.348000
0.335000
0.348000
0.361999
0.350000
0.334999
0.347000
0.361999
0.350000
0.335000
0.348000
0.360001
0.349998
0.337999
0.348000
0.360999
0.350000
0.335000
0.348000
0.360001
0.348000
0.670999
0.347001
0.334999
0.334999
0.357999
0.348000
0.335000
0.334999
0.357999
0.347000
0.336001
0.335000
0.358999
0.348000
0.335000
0.334999
0.358999
0.347000
0.335000
0.335000
0.358999
0.345999
0.335000
0.334000
0.358999
0.349000
0.335000
0.335000
0.358000
0.346001
0.334999
0.334000
0.358000
0.345999
0.335000
0.335000
0.357999
0.345999
0.335000
0.334000
0.358000
0.347000
0.338001
0.335000
0.358000
0.345999
0.337999
0.334000
0.359001
0.347000
0.335000
0.335000
0.358000
0.345999
0.337999
0.335000
0.359001
0.347000
0.337999
0.334999
0.358000
0.345999
0.338001
0.334000
0.358000
0.347000
0.335000
0.335000
0.358999
0.346001
0.335000
0.333000
0.359001
0.347000
0.337999
0.335000
0.357999
0.345999
0.337999
0.334000
0.359001
0.347000
0.335000
0.334999
0.357999
0.348000
0.338001
0.334000
0.359001
0.348998
0.338001
0.335000
0.358000
0.345999
0.335000
0.334999
0.357999
0.347000
0.335000
0.334999
0.359001
0.349000
0.334999
0.335999
0.358000
0.348998
0.336001
0.334999
0.358999
0.345999
0.335000
0.334000
0.359001
0.349000
0.334999
0.334000
0.357999
0.344999
0.335999
0.336999
0.359001
0.347000
0.336001
0.335000
0.358000
0.348000
0.335000
0.335000
0.358000
0.349000
0.335000
0.337001
0.359001
0.346001
0.334999
0.335000
0.359001
0.347000
0.337999
0.335000
0.359001
0.346001
0.337999
0.335000
0.357999
0.347000
0.335999
0.335000
0.358999
0.346001
0.336001
0.335000
0.357999
0.349000
0.335000
0.335000
0.358000
0.345999
0.335000
0.336999
0.358999
0.347000
0.335000
0.335000
0.357999
0.345999
0.335000
0.337001
0.359001
0.349000
0.334999
0.335000
0.359001
0.348000
0.335000
0.334000
0.357999
0.347000
0.336001
0.335000
0.358000
0.346001
0.337999
0.337001
0.358000
0.347000
0.335000
0.335000
0.359001
0.346001
0.337999
0.335000
0.358999
0.347000
0.335000
0.337001
0.358000
0.344999
0.335000
0.333000
0.359001
0.346001
0.335000
0.336999
0.358000
0.342000
0.336001
0.329001
0.357999
0.349000
0.338001
0.335000
0.359001
0.348000
0.335000
0.337001
0.358999
0.347000
0.335000
0.335000
0.359001
0.345999
0.335000
0.335000
0.359001
0.349000
0.335000
0.335000
0.358999
0.348000
0.334999
0.333000
0.358000
0.349000
0.335000
0.335000
0.358000
0.345999
0.334999
0.335999
0.359001
0.349000
0.340000
0.334999
0.359001
0.346001
0.338001
0.333998
0.359001
0.347000
0.337999
0.335000
0.358999
0.345999
0.337999
0.334999
0.358000
0.345999
0.337999
0.335000
0.358000
0.345999
0.338001
0.335000
0.358000
0.347000
0.336999
0.335000
0.359001
0.345999
0.337999
0.334000
0.358000
0.347001
0.337999
0.335000
0.359001
0.345999
0.337999
0.333998
0.358000
0.347001
0.338001
0.334000
0.359001
0.345999
0.337999
0.334000
0.358000
0.347000
0.338001
0.335000
0.359001
0.348998
0.337999
0.334999
0.358999
0.347000
0.337999
0.337001
0.359001
0.347000
0.336001
0.335999
0.358999
0.347000
0.338001
0.336001
0.359001
0.347000
0.338001
0.335000
0.358000
0.347000
0.335999
0.335999
0.358999
0.349000
0.337999
0.334000
0.358999
0.347001
0.335000
0.334999
0.359001
0.345999
0.336001
0.334000
0.357999
0.347000
0.338001
0.335000
0.358999
0.346001
0.505000
0.335999
0.358000
0.347000
0.335000
0.337001
0.358000
0.345999
0.335000
0.334000
0.357999
0.347000
0.338001
0.337001
0.359001
0.346001
0.336001
0.333998
0.358000
0.347000
0.335000
0.334999
0.358000
0.345999
0.335000
0.333000
0.358999
0.347000
0.335000
0.334999
0.358000
0.345999
0.337001
0.334000
0.359001
0.345999
0.338001
0.335000
0.358000
0.345999
0.490999
0.333000
0.358000
0.347000
0.335000
0.336999
0.359001
0.349000
0.335000
0.335000
0.358000
0.347000
0.337999
0.335000
0.358999
0.345999
0.338001
0.333998
0.359001
0.348002
0.335000
0.335000
0.358000
0.345001
0.335999
0.334000
0.359001
0.348000
0.338001
0.335000
0.359001
0.345999
0.335999
0.334000
0.358999
0.349000
0.334999
0.335000
0.358000
0.345999
0.336001
0.335000
0.359001
0.347001
0.334999
0.334999
0.358000
0.348000
0.335000
0.335000
0.357999
0.348000
0.335000
0.335000
0.359001
0.348000
0.335000
0.334999
0.359001
0.347000
0.335000
0.335000
0.359001
0.345999
0.335000
0.335000
0.358000
0.347001
0.335000
0.337001
0.358999
0.348000
0.335000
0.335000
0.357999
0.347000
0.335999
0.334999
0.358999
0.348000
0.335000
0.335000
0.359001
0.347000
0.334999
0.335000
0.359001
0.345999
0.335000
0.335000
0.359001
0.345999
0.335000
0.335000
0.357999
0.345999
0.334999
0.335000
0.359001
0.348000
0.337999
0.334000
0.358000
0.345999
0.334999
0.335000
0.358999
0.349000
0.337999
0.335000
0.358000
0.345999
0.335000
0.334000
0.359001
0.347000
0.335000
0.336999
0.359001
0.346001
0.335000
0.335000
0.358999
0.349000
0.335000
0.335000
0.359001
0.345999
0.337999
0.334999
0.359001
0.347000
0.335000
0.335000
0.358000
0.345001
0.335000
0.334000
0.358000
0.347000
0.335000
0.335000
0.357999
0.347000
0.338001
0.336999
0.359001
0.349000
0.337999
0.334000
0.363000
0.324000
0.353001
0.345999
0.360999
0.326000
0.351999
0.347000
0.360999
0.324002
0.351999
0.345999
0.360999
0.322999
0.520000
0.349000
0.360999
0.324000
0.352001
0.348000
0.361001
0.324000
0.352999
0.349000
0.361001
0.324000
0.351999
0.345999
0.360999
0.322999
0.351999
0.349000
0.360999
0.324000
0.352001
0.346001
0.360999
0.322999
0.353001
0.347000
0.361001
0.324000
0.352001
0.346001
0.360999
0.324000
0.351999
0.347001
0.361001
0.324002
0.351999
0.345999
0.361001
0.326000
0.351999
0.347000
0.360999
0.324000
0.351999
0.346001
0.360999
0.322999
0.352999
0.349000
0.361001
0.322999
0.352001
0.345999
0.360999
0.324000
0.352001
0.347000
0.360999
0.324002
0.353001
0.346001
0.360999
0.324000
0.352001
0.345999
0.360999
0.324000
0.351999
0.348000
0.360999
0.325000
0.352999
0.345999
0.361001
0.323001
0.352001
0.345999
0.361001
0.322999
0.352001
0.349000
0.360999
0.324000
0.352001
0.347000
0.360999
0.325000
0.351999
0.347001
0.360999
0.324000
0.353001
0.346001
0.360999
0.322999
0.353001
0.348000
0.360999
0.324002
0.351999
0.342000
0.361001
0.324002
0.352001
0.347000
0.360999
0.324000
0.351999
0.348000
0.360999
0.324000
0.352001
0.347000
0.361001
0.324000
0.352001
0.345999
