10.640000
8.400000
7.960000
11.460001
8.260000
8.260000
8.000000
8.040001
7.999999
7.999999
8.180000
8.020000
8.000000
8.140001
7.959999
8.160000
8.060000
7.980000
8.020000
8.000000
7.979999
8.060000
7.980000
8.099999
8.140000
7.940000
8.140000
8.380000
8.119999
8.220000
8.040001
8.020001
8.240000
8.060000
8.119999
7.999999
8.160001
8.060000
8.140000
8.160000
8.120000
8.020000
8.060000
8.160000
7.940000
8.040001
8.100000
8.140000
8.119999
8.100000
8.100000
8.280000
10.000000
8.140001
8.060000
8.480000
7.999999
8.040001
8.140000
7.940000
7.900000
7.920000
8.040000
8.080000
8.140000
8.100000
8.040000
8.040000
8.040000
8.180000
7.980000
8.000000
8.060000
8.000000
8.119999
8.099999
8.780000
8.160000
8.120000
8.160000
7.960000
7.999999
7.980000
8.020001
8.080000
7.960000
8.060000
8.000000
8.000000
8.140000
8.040001
8.180000
8.040000
7.960000
8.060000
7.960000
7.999999
8.120000
8.140001
7.999999
7.940000
8.900000
8.140001
8.099999
8.000000
8.040000
7.979999
8.040000
8.040000
8.140000
7.980000
8.040001
7.900001
7.940000
8.060000
7.940000
8.120000
8.160001
7.980000
8.140000
8.000000
8.020000
8.040000
8.120000
8.080000
8.000000
8.160000
8.020000
8.020001
8.020001
8.119999
8.080000
8.040001
8.060000
7.999999
8.080000
8.040001
8.140000
8.140000
8.040000
8.020000
8.040000
7.980000
8.180000
8.100000
8.160000
7.960000
8.200000
7.980000
8.040000
8.140001
8.240000
8.020000
8.020001
8.000000
8.040001
8.000000
7.940000
8.020001
8.120000
8.140000
8.099999
8.140000
8.000000
8.020001
8.160000
8.160000
8.020000
8.020000
8.119999
7.980000
8.140001
8.020000
8.120000
7.980000
8.040000
8.000000
8.020000
7.900001
7.980000
8.160001
8.020001
8.100000
8.479999
8.160001
8.119999
8.040001
8.260000
7.940000
8.100000
8.120000
8.000000
8.200000
8.220000
7.980000
7.960000
8.060000
8.040000
7.999999
8.160000
8.100000
8.120000
8.260000
8.020000
7.940000
8.020001
8.060000
7.959999
8.120000
8.240000
8.040000
8.100000
7.900001
8.000000
8.040000
8.020001
8.140001
8.040000
7.980000
8.020000
8.140001
8.220000
7.979999
8.119999
8.140001
8.100000
8.040001
8.160000
8.140001
8.080000
8.160000
8.140000
8.020001
8.020000
8.060000
8.120000
8.060000
8.080000
8.160001
8.020000
8.140000
8.140000
7.979999
8.020001
8.200000
8.100000
8.000000
8.160001
8.000000
8.040001
7.980000
18.900000
8.160000
8.060000
8.040001
8.160001
8.000000
7.980000
8.040000
8.200000
8.120000
8.200000
7.980000
8.160000
8.200000
8.119999
8.119999
8.000000
8.160000
8.140000
7.960000
8.060000
8.140000
8.120000
7.999999
7.920000
37.740000
8.119999
8.099999
7.980000
8.040001
7.980000
8.160000
8.100000
7.980000
8.020001
8.080000
8.100000
8.160000
8.160000
8.180000
7.980000
7.980000
8.020001
8.180000
8.060000
8.160000
8.099999
7.960000
8.040000
8.040000
8.100000
8.140000
8.020000
8.080000
8.180000
7.979999
7.979999
8.160000
8.040001
8.180000
8.040001
8.040000
8.160001
8.040000
8.140000
8.160000
8.120000
8.080000
8.180000
7.960000
7.999999
8.020000
8.000000
7.980000
7.960000
7.859999
7.980000
8.100000
8.160001
8.080000
8.060001
8.160000
7.960000
8.000000
8.040000
8.180000
7.979999
8.140001
8.160001
7.999999
7.940000
8.040000
8.040001
8.000000
8.140000
8.020001
7.999999
8.020000
8.080000
8.119999
94.839999
8.240000
8.180000
8.120000
8.060000
7.959999
8.260000
8.060000
8.020001
8.060000
8.320000
8.120000
8.160000
8.020000
8.119999
8.060000
8.120000
8.000000
8.000000
8.060000
8.160000
8.180000
8.140000
8.140000
8.040000
8.200000
7.960000
8.140001
7.979999
8.040000
8.020001
8.140000
8.040000
8.020001
8.160000
7.979999
8.080000
8.180001
7.920001
8.100000
8.000000
8.020000
8.060000
7.980000
7.940000
8.140000
8.140000
7.920000
8.160000
8.000000
8.320000
8.040000
8.120000
8.020001
7.999999
8.040001
8.040001
8.020000
8.200000
8.060000
7.999999
8.140001
8.080000
8.040000
8.099999
8.020000
7.960000
8.020001
8.040000
8.140001
8.020000
8.040000
7.920001
8.020000
8.020000
8.060000
8.000000
8.040000
8.180000
8.020000
7.960000
8.040000
8.140001
8.160001
8.040000
8.020000
7.960000
8.180000
8.140001
8.020001
8.160000
8.000000
8.040000
8.040000
8.140001
8.040000
8.040000
8.120000
7.940000
8.120000
8.180000
8.119999
7.940000
8.040000
8.080000
8.120000
8.040000
8.040001
8.200000
8.020001
8.060000
7.999999
8.180000
8.000000
8.180000
7.999999
8.040000
8.140001
8.040000
8.020000
7.979999
8.080000
8.140000
8.020001
8.020000
8.020000
7.980000
8.020001
8.100000
8.160000
8.140000
8.000000
7.980000
7.999999
8.000000
8.060000
7.999999
8.140001
8.060000
8.020000
8.160001
7.960000
8.020000
8.180000
8.160000
7.979999
8.040001
8.020001
8.160000
8.040000
8.080000
7.960000
8.060000
7.980000
8.000000
7.940000
8.000000
8.020000
7.979999
8.020000
8.140001
8.020000
8.160001
8.000000
8.120000
8.140001
8.140001
8.020000
8.040000
7.979999
8.040000
8.000000
8.060000
8.060000
7.960000
8.180001
8.040000
8.160001
8.100000
7.980000
7.900000
8.000000
8.020001
7.960000
7.999999
8.020000
8.060000
8.160000
8.000000
7.980000
8.160000
8.140000
7.980000
8.000000
8.040000
8.160000
8.040000
8.099999
8.020000
8.180000
8.040000
8.040000
7.920000
8.080000
8.080000
8.160000
8.160000
8.040001
8.020000
8.140001
7.980000
8.180001
7.959999
8.140001
7.999999
8.000000
8.000000
8.160000
8.180000
7.980000
8.040001
8.160001
7.980000
8.160000
7.980000
8.020000
7.980000
8.020001
8.020001
8.220000
7.960000
8.140000
8.160000
8.080000
8.140000
8.140000
8.020001
7.960000
8.000000
8.040000
8.040000
8.020001
8.140000
8.020001
8.020001
8.160001
7.980000
7.920001
8.160000
8.020000
8.040000
8.140000
8.040000
8.040000
8.040000
8.120000
8.140001
7.979999
8.040000
7.960000
8.020001
8.020001
7.940000
7.999999
8.040000
8.140001
8.000000
7.960000
8.000000
8.020000
7.960000
8.000000
8.080000
7.960000
8.100000
8.079999
8.060000
8.140001
7.980000
8.020001
8.020001
8.040001
7.980000
8.020000
8.200000
8.160001
8.020001
8.040001
8.060000
7.940000
7.979999
8.060000
8.080000
8.100000
8.040000
8.140001
8.060000
8.040000
8.119999
8.140000
7.960000
8.040000
8.140001
7.940000
8.079999
8.140000
7.960000
8.080000
8.040000
7.980000
8.040001
8.040001
8.119999
8.000000
8.119999
8.020000
8.040000
8.000000
8.020001
8.119999
8.080000
8.140000
8.120000
7.999999
8.040000
8.020001
8.140000
8.220000
8.020000
8.040001
8.140000
7.960000
8.280001
8.020000
8.120000
8.020000
7.980000
8.120000
7.960000
8.100000
7.980000
8.000000
8.020000
8.060000
8.020001
8.120000
8.080000
8.020001
8.000000
8.160000
8.180000
8.040000
8.160000
7.979999
8.040000
8.000000
8.180000
8.020000
7.980000
8.040000
8.040001
8.140001
8.160000
8.000000
7.940000
8.040000
7.979999
8.100000
8.180000
8.020001
8.000000
8.000000
8.140001
8.020001
8.420000
8.140000
8.160000
8.060000
8.000000
7.980000
8.140000
8.140000
8.000000
8.140000
7.980000
8.160001
8.160000
7.960000
7.980000
8.040001
7.979999
8.160001
7.960000
7.999999
8.160000
7.940000
8.160000
8.160000
7.999999
8.100000
7.959999
8.040000
8.160000
8.180000
8.020000
8.099999
7.960000
8.040000
8.020000
8.160000
8.020001
8.040001
7.960000
8.080000
8.160000
8.040000
8.020000
8.020001
7.999999
8.219999
8.000000
7.980000
8.020001
7.980000
8.040000
8.060000
7.999999
7.980000
7.980000
8.140000
8.020001
8.040000
8.080000
8.020000
7.999999
8.000000
7.980000
8.040000
8.080000
8.040000
7.980000
7.980000
8.000000
8.160000
8.000000
8.080000
8.000000
8.000000
8.160001
7.999999
8.160000
8.160000
8.160000
8.120000
8.140000
8.020000
8.120000
8.020000
8.180000
8.100000
7.940000
8.040000
7.980000
8.119999
8.140001
8.160000
8.180000
8.000000
8.040000
8.020000
7.999999
8.040001
8.000000
8.000000
16.520000
8.060000
8.020000
8.020001
8.000000
8.140001
8.119999
7.999999
8.119999
8.140000
8.000000
8.160000
7.980000
8.020000
8.100000
8.140000
8.140000
8.060000
8.060001
8.140000
8.120000
8.020001
8.160000
8.120000
7.960000
7.940000
8.320000
8.000000
8.100000
8.140000
7.920000
8.040001
8.080000
8.020001
7.979999
8.200000
8.119999
7.999999
8.140001
8.020000
8.060000
8.060000
8.140001
8.120000
8.160000
8.020001
7.980000
8.020000
7.979999
7.980000
7.999999
8.000000
8.020000
8.000000
8.140001
8.100000
8.040000
8.180000
8.020000
7.999999
7.999999
7.999999
7.980000
8.020001
8.140000
8.140000
8.040000
8.160000
7.880000
8.060000
8.120000
8.160000
8.140001
7.980000
8.180000
8.020000
8.100000
8.020001
8.180000
8.020000
8.160000
8.020000
7.979999
8.160000
8.040000
8.000000
8.040001
8.140000
8.160000
7.980000
7.999999
8.020000
8.000000
8.000000
8.140000
8.000000
8.160001
8.020000
8.020000
8.000000
8.060000
8.140001
8.160000
8.120000
8.160001
7.980000
8.020000
8.000000
8.060000
7.980000
8.119999
8.040001
8.000000
8.100000
8.000000
8.020000
8.000000
8.200000
8.160000
8.040000
8.020001
8.080000
8.140001
8.160001
8.160000
8.120000
8.119999
8.140000
7.960000
8.040001
8.020000
8.040000
7.960000
7.980000
8.000000
7.979999
7.979999
8.020000
7.999999
8.040001
8.160001
8.020000
8.020000
8.020001
8.000000
8.000000
8.079999
8.040001
8.040000
8.180000
8.080000
8.000000
8.040000
8.000000
7.999999
8.020001
8.180000
7.960000
8.000000
8.040000
7.920000
8.060000
8.000000
8.160001
8.140001
7.999999
7.999999
8.000000
8.040000
7.980000
8.020001
7.960000
7.999999
7.980000
8.020000
