10.903001
10.733999
10.728002
10.736998
10.713000
10.853000
10.853000
10.746002
10.729998
10.736004
10.855000
10.862000
10.738000
10.747999
10.727998
10.729000
10.710999
10.735001
10.726999
10.726999
10.728002
10.754000
10.755002
10.741998
10.723997
10.726001
10.747001
10.747999
10.739002
10.745000
10.889001
10.750998
10.731999
10.752998
10.717999
10.731999
10.728002
10.747999
10.738000
10.739002
10.843001
10.743000
10.713000
10.908000
10.743998
10.722000
10.713000
10.754000
10.733999
10.742001
10.741003
10.739997
10.744002
10.740001
10.906000
10.924000
10.722999
10.733001
10.754999
10.740999
10.742001
10.751002
10.739002
10.720000
10.740001
10.750998
10.751002
10.731999
10.731999
10.740001
10.745000
10.718998
10.736000
10.899000
10.905001
10.733999
10.747999
10.724001
10.739002
10.724999
10.745000
10.731000
10.729998
10.722000
10.730997
10.745000
10.747001
10.710999
10.733999
10.724999
10.895997
10.870002
10.708001
10.744002
10.899000
10.733001
10.901000
10.899000
10.733999
34.601003
10.756001
10.741003
10.745998
10.708999
10.729000
10.727998
10.723002
10.729000
10.738999
10.752000
10.729998
10.738000
10.729000
10.743000
10.733999
10.723002
10.726999
10.736000
10.722999
10.742001
10.748003
10.751002
10.749001
10.724001
10.744002
10.729000
10.738999
10.722000
10.739002
10.736000
10.743998
10.726001
10.733999
10.736000
10.740999
10.724999
10.739002
10.747001
10.746997
10.712001
10.700002
10.729998
10.743003
10.739997
10.740999
10.708001
10.740001
10.738000
10.736000
10.725003
10.747999
10.731000
10.733999
10.747999
10.740001
10.715000
10.747001
10.732997
10.710001
10.740999
10.724001
10.738000
10.738000
10.744002
10.729000
10.722000
10.713998
10.740999
10.728002
10.735001
10.725003
10.740001
10.740999
10.756001
10.736000
10.715999
10.715000
10.712001
10.727998
10.731999
10.738000
10.734998
10.729000
10.741998
10.726999
10.729998
10.737002
10.730002
10.720000
10.713000
10.763999
10.731000
10.737002
10.753002
10.747999
10.725003
10.720998
10.727003
10.737002
10.748003
10.713000
10.740999
10.747001
10.723002
10.736000
10.720000
10.729000
10.713000
10.733001
10.731000
10.743000
10.750003
10.740999
10.718003
10.740999
10.737997
10.736000
10.720000
10.738000
10.704998
10.740999
10.736998
10.722999
10.726999
10.729998
10.736000
10.745000
10.735001
10.731000
10.745998
10.740999
10.724001
10.715000
10.720000
10.719001
10.720998
10.738999
10.740001
10.740001
10.733001
10.737002
10.747999
10.747999
10.724999
10.732003
10.736998
10.736000
10.890998
10.724999
10.716997
10.752000
10.702003
10.723002
10.722000
10.723002
10.744002
10.739002
10.725997
10.738999
10.722999
10.731000
10.710001
10.727998
10.720998
10.723002
10.729000
10.731999
10.720003
10.724001
10.715000
10.713000
10.717001
10.711998
10.724999
10.731999
10.708999
10.737002
10.757003
10.729998
10.707002
10.718998
10.727998
10.727998
10.731999
10.728002
10.725997
10.740001
10.707002
10.722000
10.708999
10.750003
10.699999
10.733999
10.727998
10.743000
10.717999
10.731000
10.717999
10.741003
10.698002
10.739997
10.726999
10.738000
10.705002
10.752998
10.728002
10.721002
10.736000
10.725997
10.742001
10.733001
10.733999
10.742001
10.715999
10.738000
10.723002
10.727998
10.725997
10.729998
10.708999
10.740999
10.743003
10.724001
10.723002
10.743000
10.719001
10.746002
10.708001
10.733001
10.717999
10.729000
10.716002
10.740999
10.728002
10.907002
10.697998
10.728002
10.736998
10.723002
10.717999
10.732997
10.731000
10.730002
10.887999
10.962002
10.897003
10.714002
10.709997
10.906000
10.709003
10.724001
10.871999
10.980997
10.725003
10.719001
10.713998
10.728002
10.729998
10.736998
10.720000
10.903999
10.724001
10.724001
10.708001
10.740999
10.721002
10.724999
10.713000
10.725003
10.726999
10.734998
10.711998
10.887001
10.724001
10.729000
10.896999
10.853000
10.736000
10.726999
10.710001
10.715999
10.741998
10.733001
10.713998
10.713998
10.732003
10.737002
10.706000
10.723997
10.726001
10.724999
10.705002
10.720998
10.730002
10.717999
10.729000
10.735001
10.726001
10.715000
10.736998
10.740001
10.718003
10.736998
10.710001
10.727998
10.733999
10.731999
10.723997
10.737002
10.716997
10.735001
10.706000
10.715000
10.724001
10.738999
10.710001
10.719001
10.725003
10.728002
10.721002
10.747001
10.718998
10.846999
10.730002
10.724001
10.732997
10.733001
10.901000
10.725997
10.738000
10.724999
10.706000
10.722000
10.729000
10.708999
10.728002
10.729998
10.726999
10.715999
10.906998
10.728002
10.721002
10.704998
10.710001
10.736000
10.722999
10.729000
10.717999
10.713004
10.736998
10.722000
10.720003
10.740999
10.743000
10.737002
10.712001
10.741998
10.732003
10.738000
10.719001
10.723997
10.725003
10.729000
10.732997
10.729998
10.742001
10.745998
10.717999
10.737002
10.723997
10.747999
10.723002
3680.595998
10.768998
10.750998
10.923002
10.925002
10.775000
10.751002
10.761000
10.754999
10.786001
10.754000
10.871001
10.779001
10.775000
10.752000
10.767002
10.749001
10.759998
10.849997
10.747001
10.752000
10.768000
10.788999
10.772001
10.734003
10.713998
10.707002
10.727998
10.738000
10.740001
10.855000
10.756001
10.720998
10.752000
10.740001
10.747001
10.730002
10.743000
10.722000
10.720998
10.740999
10.724001
10.736998
10.738999
10.721002
10.741998
10.717001
10.737002
10.714002
10.735001
10.717001
10.720000
10.722000
10.839000
10.925997
10.952998
10.944001
10.731000
10.930002
10.896001
10.919999
10.719001
10.726001
10.754000
10.720003
10.722999
10.719001
10.726999
10.940000
10.798998
10.713000
10.891002
10.751002
10.736000
10.732003
10.731000
10.726999
10.730997
10.708999
10.717001
10.730002
10.722000
10.722000
10.741003
10.844000
10.729000
10.719001
10.848001
10.728002
10.896999
10.740001
10.878000
10.713000
10.720998
10.880999
10.738000
10.726999
10.885000
10.749999
10.729000
10.859001
10.864001
10.823000
10.733999
10.918003
10.727998
10.879003
10.717999
10.713998
10.900002
10.724999
10.896001
10.894001
10.714002
10.729000
10.832001
10.885999
10.715999
10.723002
10.705002
10.838002
10.897998
10.882001
10.744996
10.923002
10.728002
10.749001
10.717001
10.890000
10.896999
10.869000
10.736998
10.733999
10.847002
10.887999
10.735001
10.722999
10.733001
10.726001
10.745000
10.727998
10.729000
10.710001
10.758001
10.715999
10.736000
10.720000
10.761000
10.736000
10.942999
10.713000
10.760996
10.736998
10.717999
10.699999
10.716002
10.732003
10.729000
10.732003
10.729000
10.729000
10.758001
10.710001
10.715999
10.733999
10.910001
10.713000
10.715000
10.752998
10.715000
10.726999
10.756999
10.742001
10.738000
10.724001
10.738999
10.740001
10.715999
10.722999
10.734998
10.717999
10.723002
10.709003
10.717001
10.750003
10.723002
10.720000
10.731999
10.731000
10.726001
10.702003
10.712001
10.696001
10.722999
10.731999
10.717999
10.722999
10.743000
10.728002
10.743000
10.736000
10.722999
10.720000
10.745000
10.740001
10.744002
10.713998
10.728002
10.709997
10.702997
10.697000
10.722999
10.699000
10.735001
10.695998
10.722000
10.715000
10.738999
10.725997
10.749001
10.706000
10.733999
10.715000
10.934003
10.721002
10.718998
10.713000
10.892998
10.715000
10.857999
10.895003
10.709003
10.715999
10.881998
10.881003
10.720000
10.744002
10.804001
10.733001
10.736000
10.726999
10.729000
10.730002
10.958999
10.731000
10.743000
10.713000
10.726001
10.731000
10.733999
10.720003
10.901000
10.902002
10.729000
10.904998
10.730997
10.727998
10.744002
10.797001
10.744002
10.716997
10.739002
10.731000
10.736000
10.742001
10.735001
10.738999
10.724001
10.747999
10.733001
10.703001
10.958001
10.753002
10.936998
10.933001
10.950003
10.730002
10.736000
10.727998
10.722999
10.728002
10.738999
10.756999
10.949001
10.754999
10.928001
10.720000
10.745000
10.733001
10.731999
10.944001
10.736000
10.911003
10.740001
10.710001
10.947000
10.737002
10.727998
10.724999
10.731999
10.876000
10.733999
10.722000
10.924999
10.729998
10.946002
10.722000
10.722000
10.755002
10.729000
10.890000
10.908000
10.713000
10.735001
10.734998
10.724001
10.754000
10.733001
10.740999
10.756001
10.733001
10.735001
10.737002
10.735001
10.747001
10.741998
10.733999
10.738000
10.704000
10.743000
10.723002
10.706998
10.726001
10.738999
10.721002
10.743000
10.726001
10.735001
10.736000
10.752998
10.733001
10.752998
10.741003
10.742001
10.720000
10.731999
10.733001
10.745000
10.717999
10.717001
10.742001
10.740999
10.713000
10.740001
10.731000
10.729000
10.697998
10.731000
10.724999
10.734003
10.717999
10.735001
10.725997
10.731999
10.747001
10.737997
10.722999
10.751002
10.733999
10.853000
10.747999
10.737002
10.738000
10.738000
10.729000
10.724999
10.729998
10.734003
10.754999
10.745998
10.732003
10.738000
10.713004
10.749001
10.726999
10.729998
10.716997
10.716002
10.729000
10.733999
10.715000
10.746997
10.760002
10.726001
10.736000
10.724001
10.729998
10.736000
10.738000
10.742001
10.708001
10.732003
10.725997
10.740001
10.721002
10.737002
10.719001
10.752998
10.723002
10.742001
10.738999
10.730997
10.717999
10.740001
10.733001
10.735001
10.720000
10.726001
10.720000
10.736000
10.710001
10.745000
10.720000
10.736998
10.705002
10.700997
10.721002
10.716002
10.743000
10.717999
10.724999
10.747001
10.722000
10.740999
10.708999
10.745998
10.726001
10.725003
10.717999
10.749999
10.723002
10.731999
10.713000
10.743998
10.722000
10.720000
10.711998
10.743000
11.026002
10.723002
10.908999
10.752000
10.727003
10.724999
10.737002
10.740999
10.731000
10.968998
10.722000
10.739002
10.737002
10.896999
10.725997
10.740001
10.892998
10.748003
10.959003
10.738999
10.732003
10.860000
10.738000
10.743998
10.770001
10.734003
10.716997
10.740999
10.732003
10.890003
10.715000
10.743000
10.886002
10.732997
10.898001
10.903001
10.738999
10.740999
10.720000
10.722999
10.739002
10.723002
10.710001
10.722000
10.729000
10.720000
10.717001
10.738000
10.761000
10.729000
10.722000
10.745000
10.758001
10.740001
10.712001
10.745000
10.887001
10.724999
10.941003
10.961998
10.736000
10.785002
10.715000
10.747999
10.708999
10.885999
10.756999
10.899998
10.731000
10.736000
10.961000
10.738000
10.717999
10.887001
10.887001
10.740999
10.745998
10.736000
10.766000
10.908000
