0.240000
0.240000
0.240000
0.219999
0.179999
0.259999
0.240000
0.260001
0.240000
0.279998
0.200000
0.280000
0.200000
0.240000
0.240000
0.260001
0.240000
0.260001
0.219999
0.260001
0.200000
0.240000
0.240000
0.240000
0.200002
0.240000
0.220001
0.240000
0.200000
0.240000
0.200000
0.260001
0.200000
0.240000
0.200000
0.240000
0.240000
0.260001
0.219999
0.200000
0.240000
0.260001
0.200000
0.240000
0.200002
0.200000
0.220001
0.240000
0.240000
0.259999
0.240000
0.220001
0.240000
0.440001
0.240000
0.259999
0.240000
0.220001
0.240000
0.240000
0.240000
0.240000
0.220001
0.260001
0.180000
0.240000
0.180000
0.240000
0.200000
0.200000
0.240000
0.200000
0.200000
0.240000
0.219999
0.220001
0.200000
0.219999
0.240002
0.279998
0.240000
0.219999
0.240000
0.200000
0.240000
0.260001
0.240000
0.220001
0.240000
0.259999
0.240000
0.259999
0.240000
0.200000
0.240000
0.200000
0.200000
0.200000
0.240000
0.200000
0.200000
0.280000
0.220001
0.260001
0.240000
0.260001
0.200000
0.240000
0.200000
0.200000
0.220001
0.220001
0.240000
0.200000
0.200000
0.280000
0.240000
0.259999
0.200000
0.280000
0.259999
0.259999
0.240000
0.219999
0.220001
0.240000
0.180000
0.280000
0.259999
0.240000
0.220001
0.220001
0.240000
0.200000
0.240000
0.240000
0.259999
0.280000
0.200000
0.260001
0.219999
0.219999
0.219999
0.280000
0.180000
0.259999
0.259999
0.220001
0.240000
0.220001
0.200000
0.200000
0.180000
0.240000
0.200000
0.260001
0.240000
0.260001
0.180000
0.280000
0.240000
0.280000
0.220001
0.259999
0.260001
0.240000
0.240000
0.220001
0.219999
0.280000
0.220001
0.280000
0.200000
0.280000
0.240000
0.219999
0.259999
0.259999
0.220001
0.220001
0.240000
0.240000
0.200002
0.260001
0.159999
0.280000
0.200000
0.319999
0.200002
0.259999
0.240000
0.219999
0.240000
0.280000
0.240000
0.280000
0.260001
0.260001
0.240000
0.219999
0.200002
0.220001
0.260001
0.240000
0.240000
0.240000
0.260001
0.240000
0.260001
0.240000
0.240000
0.280000
0.220001
0.240000
0.259999
0.220001
0.200000
0.200000
0.200000
0.259999
0.240000
0.259999
0.200000
0.280000
0.240000
0.200000
0.240000
0.260001
0.200000
0.240000
0.200000
0.280000
0.200000
0.280000
0.240000
0.240000
0.259999
0.280000
0.200000
0.280000
0.240000
0.240000
0.240000
0.220001
0.200000
0.240000
0.240000
0.280000
0.240000
0.259999
0.240000
0.360001
0.240000
0.280000
0.259999
0.200000
0.260001
0.280000
0.220001
0.280000
0.200000
0.260001
0.200000
0.200000
0.220001
0.279998
0.200000
0.259999
0.240000
0.220001
0.240000
0.280000
0.240000
0.280000
0.260001
0.259999
0.200000
0.200000
0.200000
0.279998
0.220001
0.280000
0.200000
0.219999
0.240000
0.219999
0.260001
0.219999
0.259999
0.240000
0.259999
0.259999
0.299999
0.260001
0.240000
0.280000
0.240000
0.220001
0.240000
0.240000
0.200000
0.260001
0.240000
0.240000
0.259999
0.279998
0.240000
0.240000
0.240000
0.279998
0.240000
0.219999
0.260001
0.280000
0.240000
0.380000
0.240000
0.240002
0.240000
0.280000
0.200002
0.259999
0.240000
0.280000
0.240000
0.240000
0.240000
0.259999
0.200000
0.240000
0.240000
0.319999
0.240000
0.259999
0.240000
0.219999
0.259999
0.240000
0.180000
0.220001
0.240002
0.219999
0.240000
0.259999
0.240000
0.240000
0.240000
0.279998
0.200000
0.280000
0.240000
0.259999
0.200000
0.259999
0.240000
0.260001
0.240000
0.240000
0.200002
0.280000
0.200000
0.260001
0.220001
0.240000
0.200000
0.280000
0.200002
0.260001
0.240000
0.280000
0.159999
0.240000
0.259999
0.280000
0.240000
0.280000
0.200000
0.240000
0.240000
0.200000
0.240000
0.220001
0.200000
0.280000
0.259999
0.260001
0.259999
0.259999
0.260001
0.280000
0.219999
0.260001
0.220001
0.280000
0.200000
0.240000
0.240000
0.240000
0.259999
0.240000
0.259999
0.240000
0.240000
0.219999
0.240000
0.220001
0.260001
0.280000
0.240000
0.240000
0.240000
0.279998
0.200002
0.240000
0.259999
0.200002
0.240000
0.219999
0.240000
0.260001
0.240000
0.220001
0.200000
0.240000
0.200000
0.220001
0.240000
0.280000
0.200000
0.259999
0.200000
0.240000
0.240000
0.219999
0.200000
0.259999
0.220001
0.260001
0.240000
0.280000
0.200000
0.259999
0.240000
0.260001
0.240000
0.240000
0.180000
0.300001
0.240000
0.260001
0.200000
0.220001
0.240000
0.259999
0.260001
0.220001
0.380000
0.280000
0.240000
0.220001
0.240000
0.240000
0.240002
0.240000
0.240000
0.220001
0.220001
0.259999
0.200000
0.240000
0.240000
0.220001
0.240000
0.279998
0.179999
0.279998
0.240000
0.240000
0.220001
0.240000
0.200000
0.259999
0.240000
0.259999
0.240000
0.280000
0.219999
0.260001
0.240000
0.259999
0.240000
0.260001
0.260001
0.259999
0.200000
0.240000
0.240000
0.280000
0.200000
0.260001
0.200002
0.240000
0.259999
0.240000
0.240000
0.240000
0.240000
0.240000
0.240000
0.260001
0.260001
0.280000
0.240000
0.240000
0.340000
0.240000
0.240000
0.240000
0.240002
0.200000
0.260001
0.200000
0.240000
0.260001
0.220001
0.240000
0.240000
0.220001
0.200000
0.240000
0.240002
0.280000
0.240000
0.240000
0.240000
0.280000
0.259999
0.259999
0.240000
0.219999
0.259999
0.240000
0.240000
0.260001
0.259999
0.220001
0.240000
0.240000
0.200002
0.220001
0.200000
0.240000
0.240000
0.280000
0.240000
0.280000
0.240000
0.280000
0.200002
0.240000
0.240000
0.240000
0.260001
0.240000
0.259999
0.240000
0.180000
0.260001
0.259999
0.259999
0.240000
0.240000
0.240000
0.260001
0.259999
0.260001
0.200000
0.260001
0.240000
0.219999
0.240000
0.259999
0.200002
0.259999
0.240000
0.219999
0.220001
0.240000
0.200000
0.259999
0.220001
0.220001
0.240000
0.200000
0.200002
0.219999
0.240000
0.260001
0.260001
0.280000
0.240000
0.240000
0.240000
0.279998
0.200002
0.240000
0.200002
0.280000
0.200000
0.260001
0.240000
0.260001
0.240000
0.200002
0.240000
0.260001
0.220001
0.280000
0.240000
0.280000
0.200000
0.200000
0.240000
0.220001
0.260001
0.240000
0.240000
0.280000
0.260001
0.240000
0.240000
0.360001
0.240000
0.260001
0.200000
0.240000
0.240000
0.240000
0.200000
0.240000
0.200000
0.280000
0.240000
0.280000
0.200000
0.280000
0.240000
0.219999
0.240000
0.220001
0.260001
0.220001
0.240000
0.280000
0.240000
0.299999
0.200000
0.219999
0.219999
0.280000
0.259999
0.220001
0.379998
0.240000
0.219999
0.259999
0.180000
0.220001
0.260001
0.280000
0.220001
0.280000
0.200000
0.220001
0.240000
0.240000
0.259999
0.220001
0.240000
0.219999
0.259999
0.240000
0.240000
0.260001
0.240000
0.260001
0.219999
0.259999
0.240000
0.240000
0.240000
0.280000
0.240000
0.240000
0.259999
0.280000
0.240000
0.259999
0.200002
0.259999
0.240000
0.220001
0.259999
0.240000
0.240000
0.219999
0.240000
0.280000
0.240000
0.240000
0.240000
0.260001
0.240000
0.260001
0.240000
0.240000
0.240000
0.240000
0.219999
0.220001
0.200000
0.240000
0.260001
0.299999
0.240000
0.259999
0.180000
0.240000
0.240000
0.259999
0.259999
0.220001
0.219999
0.240000
0.259999
0.259999
0.240000
0.219999
0.219999
0.279998
0.240000
0.260001
0.220001
0.240000
0.200000
0.240000
0.220001
0.240000
0.240000
0.280000
0.259999
0.280000
0.240000
0.200000
0.200000
0.280000
0.259999
0.200000
0.200000
0.280000
0.240000
0.240000
0.259999
0.259999
0.200000
0.279998
0.200000
0.259999
0.259999
0.240000
0.240000
0.260001
0.200000
0.260001
0.200000
0.260001
0.240000
0.220001
0.259999
0.240000
0.240000
0.240000
0.200000
0.280000
0.240000
0.240000
0.240000
0.259999
0.200000
0.260001
0.220001
0.240000
0.200000
0.220001
0.219999
0.240000
0.200000
0.280000
0.219999
0.279998
0.259999
0.280000
0.259999
0.280000
0.200000
0.220001
0.240000
0.259999
0.240000
0.259999
0.240000
0.220001
0.240000
0.159999
0.260001
0.220001
0.200002
0.259999
0.200000
0.280000
0.240000
0.280000
0.240000
0.240000
0.180000
0.259999
0.200000
0.280000
0.240000
0.220001
0.240000
0.259999
0.220001
0.280000
0.200000
0.240000
0.259999
0.240000
0.259999
0.260001
0.219999
0.259999
0.200000
0.200002
0.240000
0.240000
0.180000
0.240000
0.200000
0.240000
0.240000
0.240000
0.240000
0.220001
0.240000
0.240000
0.219999
0.260001
0.200000
0.220001
0.240000
0.240000
0.200002
0.219999
0.240000
0.259999
0.240000
0.219999
0.200000
0.259999
0.200000
0.260001
0.240000
0.299999
0.220001
0.280000
0.200000
0.259999
0.240000
0.240000
0.240000
0.280000
0.200000
0.220001
0.200000
0.280000
0.240000
0.260001
0.259999
0.240000
0.259999
0.280000
0.259999
0.280000
0.240000
0.240000
0.200000
0.240000
0.200000
0.259999
0.200002
0.220001
0.240000
0.259999
0.259999
0.240000
0.260001
0.280000
0.200000
0.259999
0.240000
0.240000
0.259999
0.259999
0.240000
0.260001
0.240000
0.219999
0.240000
0.259999
0.259999
0.240000
0.200002
0.280000
0.260001
0.280000
0.200002
0.280000
0.180000
0.259999
0.240000
0.240000
0.240000
0.240000
0.200002
0.280000
0.220001
0.220001
0.240000
0.380000
0.219999
0.240000
0.200000
0.259999
0.240000
0.240000
0.179999
0.280000
0.240000
0.240000
0.240000
0.280000
0.219999
0.200000
0.240000
0.200002
0.200000
0.260001
0.240002
0.240000
0.200000
0.219999
0.200000
0.499999
0.220001
0.240000
0.200000
0.280000
0.240000
0.259999
0.240000
0.240000
0.240000
0.240000
0.220001
0.220001
0.240000
0.280000
0.240000
0.240000
0.240000
0.200000
0.240000
0.220001
0.220001
0.260001
0.200000
0.240000
0.240000
0.280000
0.200000
0.240000
0.220001
0.240000
0.200000
0.240000
0.240000
0.200000
0.200000
0.280000
