0.840001
0.820000
0.539999
0.480000
0.480000
0.539999
0.459999
0.440001
0.459999
0.420000
0.440000
0.419999
0.420000
0.440000
0.440000
0.680001
0.440000
0.440000
0.440000
0.440000
0.420000
0.440000
0.360001
0.460001
0.539999
0.419999
0.440000
0.440000
0.440000
0.440000
0.440001
0.460001
0.460001
0.440000
0.440000
0.440000
0.440000
0.460001
0.420000
0.420000
0.440001
0.459999
0.440000
0.419999
0.500001
0.460001
0.459999
0.460001
0.440000
0.440001
0.440000
0.460001
0.440000
0.459999
0.440000
0.440000
0.440000
0.460001
0.419999
0.460001
0.440000
0.420000
0.480002
0.440000
0.599999
0.419999
0.440001
0.440000
0.420000
0.459999
0.440000
0.440001
0.460001
0.460001
0.440000
0.440000
0.460001
0.459999
0.440000
0.440000
0.459999
0.420000
0.460001
0.440000
0.440000
0.440000
0.440001
0.440001
0.440001
0.440001
0.440000
0.419999
0.440000
0.440000
0.420000
0.420000
0.420000
0.440001
0.440000
0.460001
0.460001
0.459999
0.440000
0.440000
0.419999
0.440000
0.440001
0.580000
0.440001
0.440000
0.460001
0.440000
0.460001
0.440000
0.460001
0.340000
0.459999
0.440001
0.440000
0.420000
0.440001
0.440000
0.440000
0.440000
0.460001
0.440000
0.440000
0.440000
0.440001
0.440000
0.420000
0.420000
0.440001
0.440000
0.420000
0.440000
0.440000
0.459999
0.440000
0.459999
0.440000
0.440001
0.440001
0.440000
0.440000
0.420000
0.460001
0.460001
0.440000
0.440000
0.420000
0.440001
0.440000
0.440000
0.440000
0.440000
0.440000
0.440001
0.460001
0.440000
0.440000
0.440001
0.440001
0.440000
0.440000
0.440000
0.419999
0.420000
0.420000
0.419999
0.440000
0.460001
0.440000
0.440000
0.420000
0.440000
0.440000
0.420000
0.440001
0.440000
0.420000
0.440000
0.440001
0.440000
0.440000
0.460001
0.459999
0.440001
0.440001
0.440001
0.440000
0.440001
0.440001
0.440000
0.440001
0.440000
0.440000
0.440000
0.440001
0.440000
0.440000
0.440000
0.440000
0.460001
0.440001
0.440000
0.420000
0.420000
0.420000
0.440000
0.459999
0.440000
0.440000
0.440001
0.440000
0.440000
0.440000
0.420000
0.440000
0.440000
0.440001
0.440000
0.440000
0.440001
0.440000
0.440000
0.440001
0.440000
0.440000
0.440000
0.440000
0.440000
0.440001
0.420000
0.440000
0.440000
0.460001
0.419999
0.440000
0.440000
0.440000
0.440000
0.440000
0.460001
0.459999
0.440001
0.440000
0.440000
0.459999
0.440000
0.440000
0.440001
0.440001
0.440000
0.440000
0.440000
0.440001
0.440000
0.359999
0.460001
0.440000
0.459999
0.440000
0.440001
0.440001
0.440000
0.440000
0.440000
0.440000
0.440000
0.440000
0.419999
0.440000
0.419999
0.440000
0.420000
0.420000
0.440000
0.420000
0.440000
0.440000
0.440000
0.440000
0.580000
0.460001
0.440001
0.459999
0.440000
0.440000
0.440000
0.440000
0.460001
0.440000
0.440000
0.440000
0.440000
0.440000
0.440001
0.440001
0.440000
0.440000
0.440000
0.440000
0.440001
0.440001
0.460001
0.440000
0.440001
0.420000
0.440001
0.440001
0.440000
0.440000
0.440000
0.419999
0.420000
0.460001
0.440001
0.460001
0.419999
0.440000
0.360001
0.420000
0.440000
0.440001
0.440000
0.440000
0.440000
0.440001
0.440000
0.440000
0.440001
0.440000
0.440000
0.440000
0.420000
0.440000
0.440000
0.440000
0.420000
0.440000
0.440001
0.440000
0.440001
0.440001
0.440001
0.440000
0.440000
0.440000
0.440000
0.440000
0.440001
0.440000
0.440000
0.419999
0.440000
0.460001
0.440000
0.440001
0.440000
0.440000
0.440000
0.440000
0.600001
0.440000
0.440000
0.420000
0.460001
0.440000
0.440000
0.420000
0.459999
0.440000
0.459999
0.720000
0.440000
0.420000
0.440001
0.440000
0.460001
0.460001
0.440000
0.440001
0.420000
0.440000
0.440001
0.440001
0.440000
0.460001
0.419999
0.440000
0.460001
0.440000
0.440001
0.440001
0.440000
0.480000
0.460001
0.440000
0.440000
0.480000
0.440001
0.580000
0.440001
0.420000
0.459999
0.440000
0.460001
0.440001
0.440000
0.440000
0.440000
0.419999
0.440000
0.600001
0.420000
0.460001
0.440000
0.440000
0.459999
0.440000
0.460001
0.440000
0.440000
0.440000
0.420000
0.440000
0.440001
0.520000
0.459999
0.440000
0.440000
0.460001
0.440001
0.440000
0.460001
0.440000
0.440001
0.419999
0.440000
0.440000
0.460001
0.440000
0.440000
0.440001
0.440000
0.420000
0.440000
0.440000
0.420000
0.420000
0.460001
0.459999
0.440000
0.460001
0.440001
0.440000
0.440000
0.440000
0.440000
0.440001
0.440001
0.420000
0.440000
0.419999
0.419999
0.440000
0.440000
0.580000
0.440000
0.440000
0.359999
0.440000
0.440000
0.580000
0.420000
0.440001
0.419999
0.440000
0.440001
0.440000
0.440000
0.420000
0.440001
0.440000
0.440001
0.440000
0.440001
0.440000
0.440000
0.440000
0.440000
0.440000
0.440001
0.440000
0.600001
0.459999
0.440000
0.440000
0.440000
0.459999
0.840001
0.440000
0.440000
0.440000
0.459999
0.419999
0.440001
0.420000
0.460001
0.419999
0.460001
0.459999
0.440000
0.440000
0.420000
0.440000
0.440000
0.440000
0.440000
0.440001
0.420000
0.440000
0.440000
0.440000
0.459999
0.420000
0.440000
0.440000
0.440000
0.420000
0.440000
0.459999
0.420000
0.440000
0.420000
0.440001
0.459999
0.440000
0.440000
0.440000
0.420000
0.420000
0.359999
0.440000
0.460001
0.440000
0.440000
0.419999
0.440000
0.419999
0.440000
0.440000
0.459999
0.419999
0.459999
0.459999
0.440000
0.460001
0.440000
0.440000
0.459999
0.440000
0.440000
0.420000
0.440000
0.440000
0.459999
1.000000
0.419999
0.440000
0.460001
0.440001
0.440000
0.440000
0.460001
0.440001
0.440001
0.440000
0.420000
0.420000
0.440000
0.440000
0.440000
0.440000
0.440000
0.440000
0.440000
0.440000
0.440000
0.440000
0.440000
0.440001
0.440000
0.420000
0.460001
0.459999
0.460001
0.440001
0.420000
0.420000
0.440000
0.460001
0.440000
0.580000
0.440000
0.440000
0.440000
0.440000
0.440000
0.440000
0.580000
0.459999
0.440001
0.440000
0.440000
0.440001
0.440000
0.420000
0.460001
0.440000
0.440001
0.440000
0.440000
0.440000
0.440000
0.440000
0.440000
0.440000
0.440000
0.420000
0.440000
0.460001
0.420000
0.419999
0.460001
0.440000
0.440000
0.440000
0.440000
0.440000
0.440000
0.440000
0.440000
0.419999
0.460001
0.420000
0.440001
0.460001
0.440000
0.440001
0.420000
0.460001
0.440000
0.440001
0.440000
0.440000
0.440000
0.440001
0.420000
0.440000
0.440000
0.440000
0.440001
0.440000
0.440000
0.440001
0.440000
0.440001
0.460001
0.440000
0.440000
0.440000
0.440000
0.440001
0.459999
0.420000
0.440000
0.440000
0.440000
0.440001
0.440000
0.459999
0.440000
0.459999
0.380000
0.440000
0.440000
0.440000
0.420000
0.440000
0.440000
0.440000
0.440000
0.440000
0.440000
0.440000
0.440000
0.420000
0.440000
0.440000
0.459999
0.440000
0.440000
0.440000
0.420000
0.440000
0.440000
0.440000
0.440000
0.420000
0.420000
0.460001
0.580000
0.440000
0.440000
0.459999
0.459999
0.420000
0.440001
0.440000
0.440000
0.440001
0.440000
0.420000
0.460001
0.440000
0.460001
0.440000
0.420000
0.440000
0.440000
0.440000
0.440000
0.420000
0.440000
0.440000
0.420000
0.440000
0.440000
0.440001
0.440000
0.440000
0.440000
0.440000
0.440000
0.440001
0.440000
0.440000
0.520000
0.440000
0.420000
0.440000
0.440000
0.420000
0.459999
0.440000
0.460001
0.440000
0.440000
0.420000
0.440001
0.420000
0.440000
0.440000
0.440000
0.440000
0.420000
0.440000
0.459999
0.440000
0.440000
0.440000
0.440000
0.440000
0.419999
0.460001
0.440000
0.440000
0.420000
0.440000
0.440000
0.440000
0.440000
0.459999
0.460001
0.440000
0.420000
0.440000
0.440001
0.420000
0.460001
0.440001
0.459999
0.460001
0.440000
0.440000
0.440000
0.440000
0.440000
0.440000
0.440000
0.440000
0.440001
0.440000
0.440000
0.440001
0.440001
0.459999
0.440000
0.440001
0.420000
0.460001
0.440000
0.440001
0.440000
0.440000
0.440001
0.420000
0.420000
0.440001
0.460001
0.440000
0.419999
0.739999
0.440000
0.440000
0.360001
0.440000
0.440000
0.440000
0.440000
0.420000
0.440000
0.420000
0.440000
0.440000
0.440000
0.440000
0.460001
0.460001
0.440000
0.420000
0.440000
0.440000
0.440001
0.440000
0.420000
0.420000
0.440000
0.420000
0.440000
0.460001
0.440001
0.440000
0.440001
0.440000
0.440000
0.419999
0.440001
0.440000
0.440000
0.440000
0.440000
0.440000
0.440000
0.440001
0.440000
0.440000
0.440000
0.420000
0.440000
0.440000
0.440000
0.440000
0.440000
0.440000
0.420000
0.440001
0.440001
0.459999
0.440000
0.440000
0.440000
0.440000
0.419999
0.580000
0.460001
0.440001
0.459999
0.440000
0.440000
0.440000
0.440001
0.440000
0.440000
0.440000
0.440000
0.440000
0.440000
0.440000
0.440001
0.420000
0.440001
0.460001
0.440000
0.440000
0.440000
0.440000
0.440001
0.420000
0.460001
0.440000
0.420000
0.420000
0.440000
0.420000
0.440000
0.440000
0.440000
0.440000
0.440000
0.420000
0.440000
0.440000
0.440000
0.459999
0.440001
0.460001
0.440001
0.440000
0.440001
0.459999
0.440000
0.420000
0.420000
0.440001
0.440001
0.440000
0.420000
0.440000
0.460001
0.440001
0.440000
0.440001
0.440000
0.440000
0.440000
0.440000
0.459999
0.440001
0.440001
0.440001
0.440001
0.440000
0.440001
0.440000
0.440000
0.440001
0.419999
0.440000
0.459999
0.440000
0.460001
0.420000
0.440001
0.460001
0.440000
0.460001
0.460001
0.340000
0.440000
0.440000
0.440000
0.440000
0.440000
0.459999
0.440000
0.459999
0.440000
0.440000
0.440001
0.459999
0.440000
0.440000
0.440000
0.440000
0.440000
0.440000
0.440000
0.420000
0.440000
0.440000
0.420000
0.440000
0.440000
0.440000
0.420000
0.440000
0.440000
