8.680001
8.560000
8.560000
8.540001
8.560000
8.560000
8.560000
8.560000
8.560000
8.560000
8.539999
8.539999
8.560000
8.540001
8.560000
8.560000
8.560000
8.740000
8.560000
8.560000
8.560000
8.560000
8.540001
8.539999
8.539999
8.540001
8.579999
8.560000
8.560000
8.560000
8.540001
8.560000
8.539999
8.560000
8.539999
8.540001
8.560000
8.560000
8.539999
8.560000
8.539999
8.560000
8.539999
8.540001
8.560000
8.560000
8.560000
8.540001
8.539999
8.560000
8.740000
8.540001
8.540001
8.560000
8.539999
8.539999
8.560000
8.560000
8.719999
8.540001
8.540001
8.539999
8.539999
8.539999
8.540001
8.539999
8.540001
8.540001
8.540001
8.540001
8.560000
8.539999
8.560000
8.560000
8.540001
8.560000
8.540001
8.540001
8.539999
8.540001
8.560000
8.560000
8.560000
8.560000
8.560000
8.560000
8.560000
8.539999
8.560000
8.560000
8.560000
8.539999
8.539999
8.560000
8.560000
8.560000
8.560000
8.539999
8.560000
8.560000
8.560000
8.560000
8.540001
8.560000
8.539999
8.540001
8.560000
8.560000
8.539999
8.539999
8.540001
8.560000
8.540001
8.560000
8.919999
8.560000
8.560000
16.799999
8.580001
8.540001
8.539999
8.539999
8.560000
8.539999
8.539999
8.540001
8.560000
8.660000
8.560000
8.560000
8.560000
8.560000
8.560000
8.560000
8.560000
8.539999
8.560000
8.560000
8.560000
8.539999
8.560000
8.560000
8.540001
8.560000
8.719999
8.560000
8.540001
8.560000
8.560000
8.560000
8.560000
8.540001
8.539999
8.560000
8.540001
8.560000
8.560000
8.560000
8.560000
8.540001
8.560000
8.560000
8.539999
8.540001
8.560000
8.560000
8.560000
8.560000
8.560000
8.540001
8.560000
8.540001
8.560000
8.539999
8.560000
8.560000
8.560000
8.560000
8.580001
8.539999
8.560000
8.520000
8.560000
8.540001
8.540001
8.540001
8.560000
8.560000
8.560000
8.560000
8.580001
8.540001
8.560000
8.560000
8.560000
8.560000
8.560000
8.540001
8.540001
8.560000
8.560000
8.560000
8.560000
8.539999
8.560000
8.539999
8.560000
8.560000
8.560000
8.540001
8.560000
8.560000
8.539999
8.540001
8.560000
8.560000
8.539999
8.560000
8.640001
8.540001
8.560000
8.560000
8.539999
8.560000
8.560000
8.560000
8.539999
8.560000
8.560000
8.560000
8.560000
8.560000
8.580001
8.560000
8.540001
8.560000
8.560000
8.560000
8.560000
8.560000
8.560000
8.540001
8.560000
8.560000
8.539999
8.560000
8.539999
8.560000
8.540001
8.560000
8.540001
8.539999
8.560000
8.560000
8.560000
8.560000
8.539999
8.560000
8.539999
8.540001
8.560000
8.560000
8.540001
8.560002
8.560000
8.540001
8.539999
8.560000
8.560000
8.560000
8.560000
8.560000
8.539999
8.560000
8.560000
8.560000
8.540001
8.539999
8.560000
8.560000
8.539999
8.539999
8.560000
8.560000
8.560000
8.560000
8.540001
8.560000
8.560000
8.539999
8.539999
8.560000
8.560000
8.560000
8.560000
8.560000
8.560000
8.540001
8.560000
8.560000
8.560000
8.560000
8.560000
8.560000
8.560000
8.560000
8.700000
8.560000
8.539999
8.560000
8.560000
8.560000
8.560000
8.540001
8.539999
8.560000
8.540001
8.839998
8.560000
8.540001
8.540001
8.560000
8.560000
8.540001
8.540001
8.560000
8.560000
8.579999
8.540001
8.560000
8.560000
8.560000
8.560000
8.560000
8.560000
8.539999
8.540001
8.560000
8.560000
8.560000
8.560000
8.560000
8.540001
8.540001
8.540001
8.539999
8.539999
8.560000
8.560000
8.560000
8.560000
8.560000
8.560000
8.540001
8.560000
8.539999
8.560000
8.560000
8.540001
8.560000
8.560000
8.660000
8.540001
8.560000
8.560000
8.539999
8.560000
8.560000
8.560000
8.539999
8.560000
8.540001
8.540001
8.560000
8.560000
8.560000
8.560000
8.560000
8.560000
8.560000
8.560000
8.560000
8.560000
8.560000
8.540001
8.560000
8.560000
8.540001
8.560000
8.540001
8.540001
8.539999
8.560000
8.540001
8.560000
8.539999
8.560000
8.560000
8.560000
8.540001
8.560000
8.560000
8.540001
8.540001
8.560000
8.560000
8.560000
8.520000
8.539999
8.539999
8.560000
8.560000
8.540001
8.560000
8.539999
8.560000
8.560000
8.560000
8.540001
8.560000
8.539999
8.539999
8.540001
8.560000
8.560000
8.560000
8.539999
8.539999
8.539999
8.539999
8.560000
8.560000
8.560000
8.560000
8.740000
8.539999
8.560000
8.539999
8.540001
8.560000
8.560000
8.560000
8.560000
8.560000
8.539999
8.539999
8.560000
8.539999
8.560000
8.560000
8.560000
8.560000
8.560000
8.560000
8.560000
8.539999
8.560000
8.560000
8.639999
8.539999
8.560000
8.560000
8.560000
8.560000
8.539999
8.539999
8.560000
8.560000
8.560000
8.560000
8.540001
8.540001
8.540001
8.560000
8.560000
8.560000
8.540001
8.560000
8.540001
8.579999
8.540001
8.560000
8.560000
8.560000
8.560000
8.540001
8.520002
8.560000
8.560000
8.540001
8.560000
8.560000
8.540001
8.560000
8.540001
8.560000
8.560000
8.560000
8.840000
8.560000
8.540001
8.560002
8.560000
8.539999
8.560000
8.560000
8.560000
8.560000
8.560000
8.539999
8.539999
8.560000
8.560000
8.560000
8.560000
8.560000
8.540001
8.539999
8.539999
8.540001
8.560000
8.560000
8.560000
8.540001
8.560000
8.560000
8.560000
8.539999
8.560002
8.560000
8.560000
8.539999
8.560000
8.560000
8.539999
8.540001
8.560000
8.539999
8.560000
8.560000
8.539999
8.560000
8.560000
8.560000
8.560000
8.560000
8.539999
8.560000
8.560000
8.560000
8.560000
8.700000
8.560000
8.540001
8.560000
8.560000
8.560000
8.560000
8.560000
8.560000
8.540001
8.540001
8.660002
8.560000
8.539999
8.560000
8.560000
8.540001
8.560000
8.539999
8.540001
8.540001
8.539999
8.560000
8.540001
8.560000
8.540001
8.539999
8.560000
8.540001
8.539999
8.540001
8.560000
8.560000
8.560000
8.560000
8.540001
8.560000
8.540001
8.560000
8.560000
8.560000
8.540001
8.560000
8.560000
8.560000
8.540001
8.540001
8.560000
8.560000
8.540001
8.560000
8.560000
8.560000
8.560000
8.539999
8.560000
8.560000
8.539999
8.560000
8.539999
8.560000
8.560000
8.560000
8.540001
8.560000
8.539999
8.560000
8.560000
8.540001
8.560000
8.560000
8.660000
16.680000
8.560000
8.560000
8.539999
8.560000
8.540001
8.560000
8.560000
8.560000
8.539999
8.539999
8.560000
8.560000
8.560000
8.560000
8.560000
8.560000
8.540001
8.539999
8.560000
8.539999
8.560000
8.560000
8.560000
8.580001
8.560000
8.540001
8.560000
8.560000
8.560000
8.539999
8.539999
8.539999
8.540001
8.539999
8.560000
8.560000
8.540001
8.560000
8.560000
8.560000
8.539999
8.540001
8.560000
8.560002
8.560000
8.539999
8.560000
8.560000
8.560000
8.560000
8.560000
8.540001
8.560000
8.540001
8.560000
8.540001
8.539999
8.560000
8.560000
8.560000
8.540001
8.539999
8.560000
8.539999
8.560000
8.560000
8.800000
8.540001
8.560000
8.540001
8.580001
8.540001
8.560000
8.539999
8.560000
8.560000
8.560002
8.539999
8.560000
8.560000
8.560000
8.560000
8.560000
8.560000
8.560000
8.560000
8.540001
8.539999
8.540001
8.560000
8.540001
8.560000
8.560000
8.540001
8.539999
8.560000
8.560000
8.560000
8.560000
8.539999
8.560000
8.540001
8.560000
8.520000
8.539999
8.560000
8.539999
8.560000
8.540001
8.540001
8.560000
8.560000
8.539999
8.560000
8.539999
8.640001
8.560000
8.660000
8.539999
8.560000
8.560000
8.560000
8.560000
8.560000
8.540001
8.560000
8.560000
8.539999
8.560000
8.560000
8.700000
8.560000
8.580001
8.560000
8.560000
8.560000
8.560000
8.560000
8.560000
8.539999
8.540001
8.540001
8.560000
8.560000
8.560000
8.560000
8.560000
8.540001
8.539999
8.540001
8.539999
8.540001
8.560000
8.560000
8.540001
8.539999
8.560000
8.560000
8.560000
8.560000
8.560000
8.539999
8.540001
8.540001
8.540001
8.560000
8.560000
8.560000
8.540001
8.560000
8.539999
8.540001
8.540001
8.540001
8.539999
8.560000
8.560000
8.560000
8.560000
8.540001
8.560000
8.539999
8.560000
8.539999
8.560000
8.560000
8.560000
8.560000
8.540001
8.540001
8.560000
8.539999
8.560000
8.560000
8.740000
8.560000
8.539999
8.540001
8.820001
8.539999
8.560000
8.560000
8.539999
8.560000
8.539999
8.539999
8.539999
8.560000
8.660000
8.540001
8.539999
8.540001
8.560000
8.560000
8.560000
8.520002
8.520000
8.540001
8.560000
8.540001
8.539999
8.560000
8.560000
8.560000
8.560000
8.560000
8.539999
8.560000
8.560000
8.540001
8.620000
8.660000
8.560000
8.540001
8.560000
8.540001
8.540001
8.539999
8.539999
8.560000
8.560000
8.660000
8.560000
8.560000
8.560000
8.560000
8.539999
8.560000
8.560000
8.560000
8.540001
8.560000
8.560000
8.560000
8.539999
8.560000
8.560000
8.560000
8.560000
8.560000
8.540001
8.560000
8.560000
8.679999
8.560000
8.560000
8.539999
8.560000
8.560000
8.560000
8.539999
8.560000
8.560000
8.560000
8.540001
8.540001
8.560000
8.539999
8.560000
8.539999
8.660000
8.660000
8.560000
8.560000
8.540001
8.540001
8.540001
8.560000
8.560000
8.560000
8.539999
8.540001
8.539999
8.539999
8.560000
8.539999
8.560000
8.560000
8.539999
8.560000
8.540001
8.560000
8.540001
8.560000
8.560000
8.540001
8.560000
8.560000
8.560000
8.560000
8.560000
8.560000
8.539999
8.560000
8.560000
8.540001
8.660000
8.540001
8.560000
8.539999
8.560000
8.539999
8.900000
8.560000
8.539999
8.560000
8.560000
8.560000
8.560000
8.560000
8.560000
8.560000
8.539999
8.579999
8.540001
8.560000
8.560000
8.560000
8.560000
8.560000
8.560000
8.540001
8.540001
8.560000
8.560000
8.560000
8.560000
8.560000
8.539999
8.560000
8.560000
8.560000
8.560000
8.540001
8.560000
8.560000
8.560000
8.560000
8.560000
8.560000
8.539999
8.520000
8.560000
8.560000
8.560000
8.560000
8.560000
8.539999
8.539999
8.560000
8.539999
8.560000
8.540001
8.540001
8.560000
8.640001
