566.320000
541.540000
618.260000
544.240000
542.180000
539.900000
542.600000
541.520000
541.280000
538.520000
537.620000
537.860000
541.240000
539.520000
540.600000
538.459999
539.020000
577.260000
537.740000
553.680000
538.060000
540.240000
538.319999
538.920000
539.720000
539.040000
533.640000
536.380000
538.900000
537.180000
539.360000
540.020000
540.740000
538.260000
534.700000
539.040000
551.179999
537.540000
571.760000
540.600000
536.480000
537.860000
540.760000
535.100000
538.240000
541.560000
535.860000
536.420000
538.080000
537.340000
538.140000
538.800000
538.659999
536.520001
535.780001
572.000001
536.920000
559.040000
537.660000
539.600000
535.480000
537.040000
536.120000
537.260000
535.860000
535.700000
536.880000
540.800000
538.500000
538.360000
540.060000
538.240001
538.240000
539.780000
575.920001
538.020000
554.840000
537.860000
536.200000
536.580000
536.719999
538.880000
537.380000
537.780000
536.259999
537.100000
536.860000
538.360001
536.340000
538.560000
537.160000
559.200000
536.860000
574.759999
536.379999
554.040001
540.380000
539.180000
536.140000
536.479999
538.560000
538.860000
535.960000
538.700000
537.940000
536.680000
536.900000
539.039999
536.800000
541.660000
567.800000
538.780000
556.320000
540.060000
567.660000
540.660000
539.439999
539.799999
541.340000
539.860000
536.740000
536.920000
539.080000
538.340000
538.520000
538.140000
539.180000
535.680000
538.060000
576.640001
540.020000
557.580000
540.120000
538.340000
536.180000
540.260000
537.080000
539.320000
534.960000
539.180000
535.680001
539.559999
535.700000
537.780000
536.680000
538.540000
532.040000
540.300000
556.720000
538.280000
566.819999
538.579999
539.340000
536.580000
539.720000
538.200000
536.400000
536.259999
537.120000
534.659999
540.820000
537.540000
539.260000
537.040000
535.360000
538.480000
536.480000
556.360000
537.900000
556.020000
538.020000
537.800000
537.060000
534.899999
537.140000
539.360000
536.380000
540.280000
538.100000
538.480001
537.079999
537.000000
535.700000
536.240000
535.780000
535.499999
581.340000
538.500000
557.500000
539.720001
538.660000
538.260000
538.880000
536.880000
542.640001
538.960000
540.520000
537.599999
535.340001
535.400000
537.719999
535.640000
536.720000
535.480000
542.740000
560.240000
537.500001
575.280000
541.960000
541.920000
537.599999
539.840000
537.040000
540.320000
540.120000
541.920001
540.000000
543.440000
537.820000
541.820000
559.240000
540.080001
581.400000
538.640000
539.740000
537.020001
539.820000
537.640001
541.080000
536.460000
538.160000
536.900000
536.680000
535.940001
538.380000
534.880000
539.000000
534.100000
537.600000
563.600000
537.100000
582.660000
537.400000
536.480000
535.680000
537.719999
537.699999
539.220000
536.020000
539.500000
538.540000
537.819999
537.920000
536.480000
537.120000
536.239999
584.500000
539.560000
556.779999
540.680000
555.400000
536.260000
537.200000
537.160000
540.680000
537.140001
535.840000
538.440000
539.840000
537.460000
535.580000
538.220000
536.540001
538.560000
538.060000
577.000000
536.820000
560.980000
537.300000
538.960001
537.960000
538.060000
537.120000
540.440000
534.480000
536.540000
537.860000
540.200000
537.760001
539.439999
536.120000
537.219999
538.020001
539.260000
556.000001
539.840000
556.220001
539.980000
541.540000
541.020000
539.580001
538.640000
537.280000
538.800000
538.560000
538.659999
533.480001
538.000001
542.100000
534.980000
540.020000
537.820000
536.900000
579.400000
539.299999
559.580000
535.020000
539.100000
538.579999
537.240000
535.519999
540.159999
535.080001
537.060000
537.300000
539.179999
534.780000
537.900000
537.540000
540.160000
572.520000
536.940000
554.540000
537.840000
564.640000
537.540000
539.400000
540.779999
537.560000
534.440000
541.880000
536.940000
540.040000
539.020000
538.880000
538.400000
539.380000
538.580000
539.480000
576.620000
539.900000
557.639999
537.780000
536.780000
541.120000
539.260000
539.200000
543.339999
538.880000
539.620000
535.519999
541.020000
539.080000
538.120000
536.160000
535.720000
537.700000
539.620000
555.740000
539.160000
573.159999
535.120000
540.020000
536.839999
538.040000
535.680000
541.099999
540.360000
539.360000
536.760001
537.199999
536.820000
540.940000
537.780001
538.120000
582.440000
537.380000
553.300000
534.360000
566.319999
535.520000
536.280000
539.300000
541.520000
535.360000
537.860001
536.920000
538.600001
538.400000
540.280000
536.480000
535.860000
536.020000
539.820001
573.220001
535.859999
558.259999
537.479999
560.420000
533.480000
537.400000
538.480000
538.620000
534.660000
538.660000
537.760001
537.220000
537.560000
538.860000
538.740000
536.660001
537.620001
535.900000
574.440000
535.560000
554.740000
535.660001
554.980000
537.079999
539.419999
540.160000
537.920000
536.620000
539.480000
535.920001
541.460000
533.960000
539.080000
535.280000
541.380000
535.880000
538.240001
577.099999
539.840000
555.260001
535.920000
562.600000
538.620000
541.400000
539.580000
537.500000
541.080000
540.999999
538.060000
539.800000
537.300000
536.859999
538.699999
534.960000
537.440000
539.600000
575.680000
540.680000
555.860000
538.760000
540.860000
539.520000
547.040001
540.000000
542.700000
538.160000
540.400000
538.079999
537.100000
535.640000
541.160000
538.400000
539.180000
575.180000
540.399999
557.300000
540.520000
539.700000
539.400000
539.220001
540.320000
538.939999
542.239999
541.940000
539.659999
539.600000
538.880000
538.020000
539.080000
539.759999
561.660000
540.220000
574.880000
538.540000
555.600001
542.480000
541.740000
535.720000
537.560000
539.020000
543.140001
538.360000
539.900000
539.800000
542.180000
539.320000
536.859999
539.740000
539.059999
571.100000
540.620000
555.700000
539.260000
540.120000
538.579999
542.380000
541.700000
540.600000
538.840001
539.679999
539.400000
540.500000
538.300000
536.560000
537.760000
541.800000
558.519999
540.380000
573.400000
542.060000
535.560000
540.820001
540.300000
536.080000
543.500001
539.439999
536.979999
538.020000
541.140000
539.320000
538.220000
540.440001
538.700000
570.220000
538.040000
556.460000
539.760000
563.940000
540.720001
540.460001
539.020000
541.420000
539.140000
540.160000
539.800000
541.460000
540.100000
542.180000
538.300000
538.480000
540.100000
542.220000
557.220001
538.640000
552.360000
537.319999
541.380000
539.080000
540.460000
537.760000
538.960001
537.660000
542.119999
537.140000
541.240000
537.460000
539.779999
536.900000
538.800000
580.279999
541.600000
556.140000
541.560000
538.180000
540.120000
539.480001
537.120000
539.060000
537.940000
540.680000
537.440000
541.980000
538.920000
537.740000
541.260000
537.300000
559.980000
541.980000
583.280000
540.200000
554.980000
539.039999
539.540000
537.640001
539.220000
537.920000
538.880000
541.400000
535.600000
541.580000
541.720000
539.760000
539.540000
539.480000
536.560000
557.180000
537.620000
556.559999
535.640000
540.779999
538.460000
542.480000
538.740000
544.980000
535.120000
544.680000
538.900000
538.140000
539.020000
538.780000
539.340000
540.140000
578.840001
541.480000
555.200000
540.340000
542.660001
539.740000
539.360000
541.020000
539.380000
538.980000
538.160000
538.800000
540.620000
539.640000
539.220000
542.200000
541.900001
557.460001
540.860000
557.840001
539.080000
551.680000
540.080000
541.940000
539.500001
538.100000
539.220000
538.660000
537.880001
544.299999
537.800000
563.379999
540.220000
538.240001
542.220000
541.960000
555.700000
540.000000
554.380000
538.020000
538.060000
542.219999
548.719999
537.959999
541.759999
536.500000
540.440000
541.940000
540.500000
540.039999
541.440000
536.240000
543.400000
581.740000
539.380000
557.800001
538.020000
540.320000
537.820000
540.920001
538.939999
538.720000
540.000000
540.620000
539.560000
539.460000
536.680000
539.880000
541.180000
538.920000
554.200000
538.820000
556.320000
541.700000
553.140000
540.380000
537.200000
540.460000
537.760000
539.480000
538.819999
540.180000
540.779999
541.700000
539.820000
542.300000
543.860000
540.340000
538.620001
555.800000
537.460000
554.780000
542.400000
537.900000
537.000000
537.900000
538.400000
538.180000
541.499999
538.600001
538.320000
542.000000
538.620000
538.240001
539.360000
541.220000
557.400000
540.400000
554.820000
538.660000
577.540000
538.459999
538.060000
536.959999
540.440000
541.620000
541.540001
539.260000
540.840000
539.300000
542.959999
538.260000
539.420000
577.760001
541.580000
557.580000
537.559999
556.460000
540.400000
540.739999
539.340000
540.800001
540.720000
539.780000
538.300000
539.320000
537.980000
539.220001
540.580000
538.939999
539.860000
536.060000
557.640000
539.080000
552.680000
539.800000
541.739999
539.220001
541.560000
538.820000
540.980000
539.020000
536.960000
537.319999
541.340000
539.799999
542.480000
539.480000
537.400000
576.800000
541.160000
557.519999
541.320000
564.420001
537.280000
540.960000
536.920000
540.220000
538.540000
540.620000
538.980000
539.880000
535.660001
537.780001
538.440000
539.419999
538.200000
538.900000
580.680001
541.180001
554.500001
538.920000
539.000000
538.899999
538.480000
538.380000
540.500000
540.900000
541.460000
539.720000
539.140000
538.160000
538.420000
537.740000
537.760000
560.220000
538.380001
555.799999
540.899999
540.440001
539.200000
537.599999
538.140000
541.940000
538.820000
546.320001
538.780000
540.540000
540.120000
540.120000
539.340000
540.159999
557.640000
537.320000
579.660000
541.100000
557.779999
538.200000
538.880000
536.280001
540.600000
539.580001
540.460000
539.540000
538.480000
537.100000
540.540000
540.379999
541.260000
538.800000
540.380000
557.580000
544.799999
569.800001
537.459999
540.500000
536.880000
539.400000
540.700000
540.560000
540.380000
541.160000
537.359999
537.780000
538.680000
541.020000
539.460000
538.620000
585.059999
538.460000
559.100000
539.780000
538.500000
538.840001
546.060000
540.340001
540.840000
539.880000
539.559999
537.440000
543.440000
538.600000
537.440000
539.980000
540.300000
576.660000
537.719999
556.159999
541.240000
567.940000
538.140000
541.160000
538.060000
539.940001
539.920000
539.520000
541.200000
539.400000
538.120001
540.060000
537.440000
541.080001
541.239999
539.640000
577.400000
539.980001
556.279999
539.140000
540.820000
540.720000
538.760000
537.900000
562.260000
542.120000
538.880000
543.200000
541.880000
537.520000
544.320000
537.760000
541.900000
557.740000
540.600000
568.039999
543.000001
541.620000
541.660000
538.439999
541.920000
538.380000
538.880000
543.020001
540.240000
541.400000
538.679999
541.500000
539.340001
539.659999
577.599999
540.500000
555.200000
539.000000
567.840000
542.800000
538.400000
540.780000
542.280000
539.840001
540.520000
537.240000
540.220000
540.460000
539.200000
538.080000
538.160000
556.520000
538.480000
579.460000
538.440000
556.680000
539.560000
537.660000
539.320000
541.740000
540.759999
545.340000
539.480000
542.540000
540.980000
542.720000
538.880000
537.580000
541.060001
537.640000
556.380000
537.140001
553.800000
541.260000
539.340000
536.000000
540.120000
539.440000
538.360001
