0.167000
0.168000
0.159000
0.175000
0.159000
0.161000
0.159999
0.161000
0.159000
0.159000
0.159000
0.159000
0.159000
0.158001
0.158000
0.159000
0.157000
0.163000
0.159000
0.158999
0.159000
0.159000
0.161000
0.159000
0.157000
0.159000
0.159000
0.159000
0.163000
0.159000
0.159000
0.159000
0.159000
0.159000
0.159000
0.159000
0.159000
0.161000
0.161000
0.159000
0.159000
0.159000
0.159000
0.159000
0.157000
0.173001
0.159000
0.159000
0.159000
0.159000
0.159000
0.157000
0.163000
0.158000
0.159000
0.157000
0.159000
0.163000
0.161001
0.159000
0.159000
0.159000
0.159000
0.159000
0.159000
0.158999
0.159000
0.158999
0.163000
0.161000
0.159000
0.159000
0.159000
0.159000
0.159000
0.163000
0.161001
0.159000
0.159000
0.159000
0.159000
0.159000
0.163000
0.159999
0.159000
0.198000
0.159000
0.159000
0.171999
0.161000
0.159000
0.159000
0.159000
0.159000
0.162001
0.159000
0.159000
0.159000
0.159000
0.159000
0.158000
0.163000
0.161000
0.159000
0.159000
0.159000
0.159000
0.158000
0.158001
0.159000
0.157000
0.159000
0.159000
0.157000
0.159000
0.159000
0.159000
0.163000
0.161000
0.159000
0.159000
0.159000
0.159000
0.159000
0.163000
0.161001
0.159000
0.158999
0.159000
0.159000
0.159000
0.176000
0.161000
0.159000
0.159000
0.159000
0.158999
0.184000
0.159000
0.159000
0.159000
0.159000
0.159000
0.157000
0.158000
0.159000
0.159000
0.159000
0.163000
0.161001
0.159000
0.159000
0.159000
0.163000
0.162000
0.159000
0.159000
0.159000
0.159000
0.161000
0.159000
0.159000
0.159000
0.157000
0.159000
0.157000
0.159000
0.159000
0.159000
0.163000
0.159000
0.161000
0.159000
0.172000
0.159000
0.161001
0.159000
0.158001
0.163000
0.158999
0.161001
0.159000
0.159000
0.159000
0.159000
0.159000
0.159000
0.161001
0.163000
0.159000
0.159000
0.157000
0.159000
0.158000
0.159000
0.161000
0.159000
0.157000
0.159000
0.159000
0.159000
0.159000
0.159000
0.159000
0.159000
0.161001
0.159000
0.159000
0.159000
0.157000
0.159000
0.163000
0.159000
0.161001
0.157000
0.161001
0.172000
0.159000
0.159000
0.159000
0.159000
0.159000
0.159000
0.159000
0.158000
0.159000
0.159000
0.159000
0.159000
0.159000
0.159000
0.159000
0.159000
0.159000
0.159000
0.159000
0.159000
0.159000
0.159000
0.159000
0.159000
0.159000
0.159000
0.158999
0.158000
0.159000
0.159999
0.159000
0.159000
0.158999
0.159000
0.159000
0.159000
0.159000
0.158000
0.159000
0.159000
0.159000
0.159000
0.170000
0.159000
0.159000
0.158000
0.161000
0.159000
0.159000
0.159000
0.159000
0.158001
0.157000
0.159000
0.159000
0.159000
0.159000
0.159000
0.159000
0.159000
0.159000
0.159000
0.159000
0.159000
0.158999
0.159000
0.159000
0.160000
0.160000
0.159000
0.159000
0.159000
0.159000
0.159000
0.159000
0.158000
0.161000
0.163000
0.159000
0.159000
0.159000
0.158000
0.159000
0.159000
0.195000
0.159000
0.157000
0.158999
0.159000
0.159000
0.159000
0.159000
0.159000
0.159000
0.160000
0.159000
0.159000
0.159000
0.157000
0.161000
0.159000
0.159000
0.159000
0.159000
0.159000
0.158999
0.165000
0.159000
0.159000
0.159000
0.159000
0.159000
0.157000
0.158000
0.159000
0.159000
0.157000
0.159000
0.157000
0.159000
0.159000
0.158000
0.159000
0.165001
0.158001
0.159000
0.159000
0.178000
0.157000
0.159000
0.158000
0.159000
0.162000
0.190000
0.159000
0.159000
0.157000
0.159000
0.159000
0.159000
0.159000
0.160000
0.157000
0.159000
0.157000
0.159000
0.159000
0.159000
0.159000
0.166000
0.159000
0.162001
0.159000
0.159000
0.159000
0.159000
0.159000
0.159000
0.159000
0.159000
0.159000
0.158999
0.159000
0.159000
0.159000
0.159000
0.159000
0.159000
0.159000
0.159000
0.171000
0.159000
0.159000
0.158000
0.163000
0.159000
0.159000
0.159000
0.159000
0.159000
0.159000
0.159000
0.159000
0.159000
0.159000
0.159000
0.159000
0.158999
0.159000
0.157000
0.159000
0.159000
0.159000
0.157000
0.159000
0.159000
0.157000
0.159000
0.159000
0.159000
0.159000
0.159000
0.159000
0.159000
0.162001
0.159000
0.159000
0.159000
0.159000
0.159000
0.159000
0.159000
0.173000
0.159000
0.157000
0.159000
0.159000
0.159000
0.161000
0.159000
0.159000
0.159000
0.159000
0.159000
0.159000
0.159000
0.159000
0.159000
0.159000
0.159000
0.159000
0.159000
0.159000
0.159000
0.159000
0.159000
0.158000
0.160000
0.159000
0.158999
0.158999
0.159000
0.159000
0.157000
0.161001
0.159000
0.159000
0.159000
0.157000
0.161000
0.157000
0.159000
0.159000
0.159000
0.161000
0.192000
0.160000
0.159000
0.159000
0.161000
0.159000
0.159000
0.159000
0.159000
0.159000
0.159000
0.159000
0.159000
0.159000
0.159000
0.159000
0.159000
0.159000
0.159000
0.157000
0.159000
0.159000
0.159000
0.158001
0.159000
0.159000
0.159000
0.159000
0.159000
0.159000
0.159000
0.159000
0.159000
0.159000
0.159000
0.159000
0.159000
0.159000
0.159000
0.158001
0.159000
0.159000
0.159000
0.171000
0.159000
0.159000
0.159000
0.159000
0.187000
0.159000
0.159000
0.157000
0.159000
0.159000
0.159000
0.158999
0.163000
0.159000
0.159000
0.159000
0.159000
0.159000
0.158999
0.159000
0.159000
0.163000
0.163000
0.159000
0.159000
0.157000
0.159000
0.159000
0.163000
0.159000
0.159000
0.158999
0.159000
0.159000
0.159000
0.159000
0.159000
0.159000
0.158999
0.159000
0.159000
0.198999
0.160000
0.158999
0.159000
0.159000
0.159000
0.158000
0.159000
0.159000
0.159000
0.159000
0.159000
0.161001
0.159000
0.159000
0.159000
0.159000
0.161000
0.159000
0.159000
0.159000
0.159000
0.161001
0.159000
0.159000
0.163000
0.159000
0.159000
0.159000
0.161000
0.159000
0.159000
0.163000
0.158000
0.159000
0.159000
0.161000
0.159000
0.158999
0.164000
0.159000
0.159000
0.161001
0.172000
0.159000
0.163000
0.159000
0.158999
0.159000
0.159000
0.159000
0.159000
0.159000
0.159000
0.159000
0.159000
0.159000
0.159000
0.159000
0.158999
0.159000
0.160000
0.159000
0.159000
0.159000
0.159000
0.159000
0.159000
0.158001
0.159000
0.158001
0.159999
0.159000
0.159000
0.159000
0.159000
0.159000
0.159000
0.159000
0.159000
0.159000
0.159000
0.159000
0.159000
0.159000
0.159000
0.233000
0.159000
0.159000
0.159000
0.159000
0.159000
0.159000
0.159000
0.158999
0.159000
0.159000
0.159000
0.159000
0.159000
0.159000
0.158999
0.159000
0.159000
0.158999
0.159000
0.159000
0.159000
0.159000
0.159000
0.159000
0.159000
0.159000
0.159000
0.159000
0.158000
0.159000
0.159000
0.159000
0.159000
0.159000
0.159000
0.159000
0.159000
0.159000
0.159000
0.159000
0.159000
0.173001
0.159000
0.159000
0.159000
0.159000
0.159000
0.159000
0.159000
0.159000
0.159000
0.159000
0.159000
0.159000
0.159000
0.158000
0.158999
0.159000
0.159000
0.159000
0.159000
0.159000
0.159000
0.159000
0.159000
0.159000
0.159000
0.159000
0.159000
0.159000
0.159000
0.159000
0.159000
0.159000
0.159000
0.159000
0.159000
0.159000
0.159000
0.160000
0.158999
0.159000
0.159000
0.159000
0.182000
0.159000
0.159000
0.159000
0.159000
0.159000
0.159000
0.158999
0.159000
0.158999
0.159000
0.159000
0.158999
0.159000
0.159000
0.159000
0.159000
0.159000
0.159000
0.159000
0.159000
0.159000
0.159000
0.159000
0.159000
0.159000
0.159000
0.159000
0.161001
0.159000
0.159000
0.159000
0.159000
0.158999
0.159000
0.159000
0.159000
0.159000
0.159000
0.159000
0.159000
0.158999
0.159000
0.171000
0.162000
0.159000
0.159000
0.159000
0.159000
0.159000
0.159000
0.159000
0.161000
0.159000
0.161000
0.159000
0.159000
0.159000
0.159000
0.159000
0.161001
0.159000
0.159000
0.159000
0.159000
0.159000
0.159000
0.159000
0.159000
0.159000
0.159000
0.158000
0.158000
0.159000
0.159000
0.159000
0.159000
0.159000
0.159000
0.159000
0.159000
0.159000
0.159000
0.159000
0.159000
0.172000
0.159000
0.161001
0.161000
0.161001
0.159000
0.159000
0.159000
0.159000
0.159000
0.159000
0.161001
0.159000
0.159000
0.159000
0.161000
0.161000
0.159000
0.161000
0.159000
0.159000
0.159000
0.159000
0.158999
0.159000
0.159000
0.157000
0.157000
0.159000
0.161001
0.161001
0.159000
0.161000
0.159000
0.159000
0.159000
0.159000
0.161001
0.159000
0.161001
0.158000
0.159000
0.158001
0.172000
0.162000
0.159000
0.159000
0.159000
0.186000
0.161001
0.157000
0.159000
0.161000
0.159000
0.159000
0.159000
0.159000
0.161000
0.159000
0.161000
0.159000
0.159000
0.162000
0.159000
0.159000
0.161000
0.159000
0.159000
0.157000
0.159000
0.161001
0.159000
0.158000
0.159000
0.159000
0.162000
0.157000
0.159000
0.159000
0.159000
0.163000
0.159000
0.159000
0.161000
0.158999
0.159000
0.172000
0.159000
0.159000
0.159000
0.159000
0.159000
0.159000
0.159000
0.158000
0.159000
0.159000
0.159000
0.159000
0.159000
0.159000
0.159000
0.159000
0.159000
0.159000
0.159000
0.159000
0.159000
0.159000
0.159000
0.159000
0.159000
0.159000
0.159000
0.159000
0.159000
0.159000
0.159000
0.159000
0.159000
0.159000
0.159000
0.159000
0.159000
0.158000
0.158999
0.159000
0.159000
0.173001
0.159000
0.163000
0.159000
0.159000
0.161001
0.159000
0.159000
0.159000
0.159000
0.157000
0.159000
0.159000
0.158000
0.159000
0.163000
0.157000
0.159000
0.157000
0.159000
0.163000
0.159000
0.159000
0.159000
0.159000
0.168000
0.159000
0.161001
0.160000
0.160000
0.163000
0.159000
0.157000
0.159000
0.159000
0.159000
0.159000
0.159000
0.159000
0.159000
0.159000
0.159000
0.157000
0.174000
0.159000
0.159000
0.157000
0.159000
0.159000
0.159000
0.159000
0.159000
0.159000
0.159000
0.159000
0.159000
0.159000
0.159000
0.158999
