481.833000
471.109000
474.977000
473.682000
472.878000
477.651000
476.787000
476.221000
477.675000
475.830000
474.273000
478.309000
476.272000
478.226000
471.992000
472.411000
476.163000
477.168000
475.254000
474.958000
479.389000
478.221000
474.621000
474.161000
477.075000
478.820000
477.900000
473.037000
473.138000
475.332000
475.762000
473.360000
477.702000
477.837000
477.065000
480.782000
476.466000
473.354000
468.542000
476.066000
475.915000
474.450000
477.141000
479.470000
473.571000
472.604000
473.319000
465.131000
476.657000
475.901000
467.509000
478.644000
473.390000
474.695000
471.871000
479.927000
468.885000
472.725000
477.412000
479.307000
475.848000
483.433000
475.565000
477.912000
478.686000
476.811000
477.177000
474.830000
470.108000
468.941000
478.100000
463.032000
477.131000
476.045000
468.195000
475.064000
474.218000
477.871000
480.627000
473.190000
475.620000
476.910000
476.811000
480.152000
477.908000
476.015000
474.471000
477.335000
475.001000
476.195000
473.558000
479.409000
473.214000
474.510000
479.947000
473.226000
474.243000
476.855000
477.713000
477.737000
478.402000
476.227000
477.868000
475.899000
481.576000
476.956000
474.992000
479.352000
470.888000
476.390000
472.085000
478.914000
475.575000
475.437000
477.095000
476.926000
481.173000
478.430000
475.095000
478.827000
477.704000
478.752000
471.657000
477.371000
477.213000
479.946000
475.157000
476.464000
469.193000
477.016000
478.939000
471.940000
477.146000
476.869000
477.553000
473.853000
472.911000
476.749000
473.046000
478.057000
476.258000
477.903000
478.382000
468.538000
474.329000
479.031000
477.417000
471.604000
472.312000
475.311000
474.479000
473.170000
477.940000
477.921000
476.391000
475.588000
477.356000
477.920000
473.508000
473.778000
474.478000
478.457000
478.913000
474.686000
473.657000
474.492000
476.236000
474.865000
476.655000
475.117000
472.165000
477.309000
480.134000
476.712000
478.282000
479.195000
473.913000
478.983000
477.926000
474.963000
474.815000
473.154000
477.715000
474.313000
475.508000
470.968000
472.370000
478.740000
473.662000
476.140000
481.031000
478.847000
476.157000
473.279000
476.450000
471.056000
475.987000
469.341000
476.287000
476.756000
475.091000
477.540000
472.984000
476.725000
474.935000
474.868000
476.320000
478.170000
479.303000
472.436000
477.654000
477.607000
463.694000
478.616000
474.488000
475.923000
473.753000
477.820000
476.381000
477.917000
473.242000
474.909000
473.226000
477.297000
476.699000
473.709000
475.048000
479.300000
474.963000
479.075000
477.618000
473.964000
476.561000
479.107000
473.982000
476.712000
480.704000
476.315000
476.782000
476.354000
475.395000
482.609000
478.119000
476.065000
477.406000
477.483000
477.553000
476.161000
479.974000
478.974000
471.905000
473.878000
471.866000
470.774000
476.360000
477.917000
468.413000
478.615000
477.988000
471.331000
474.296000
476.108000
473.635000
473.617000
477.380000
476.209000
476.208000
473.903000
475.444000
476.314000
472.173000
473.905000
476.721000
472.999000
476.926000
476.998000
472.203000
478.146000
472.626000
473.927000
480.032000
479.608000
478.181000
476.794000
475.396000
474.480000
475.385000
475.362000
470.490000
475.832000
473.237000
475.114000
473.779000
475.911000
473.276000
479.790000
477.647000
474.266000
475.440000
474.418000
479.512000
474.668000
478.254000
482.762000
479.136000
479.189000
480.499000
478.682000
475.117000
476.838000
475.977000
479.357000
473.711000
476.637000
475.813000
480.610000
475.040000
473.043000
479.706000
476.655000
473.774000
472.857000
476.981000
476.055000
479.302000
475.827000
475.949000
476.458000
479.082000
476.659000
467.220000
477.215000
474.405000
476.087000
476.632000
478.252000
496.123000
476.467000
482.978000
477.437000
478.934000
482.700000
478.258000
480.025000
476.470000
477.783000
482.131000
480.488000
479.016000
479.187000
477.272000
478.208000
483.349000
483.257000
496.309000
478.766000
514.268000
480.455000
487.129000
489.885000
497.380000
512.209000
486.104000
492.041000
490.126000
488.658000
489.325000
483.750000
489.007000
479.896000
485.114000
496.078000
488.507000
491.788000
488.023000
496.597000
478.783000
475.589000
488.723000
485.651000
490.589000
506.266000
479.709000
473.965000
516.460000
531.169000
502.746000
491.523000
472.618000
477.855000
476.074000
475.953000
474.272000
472.135000
474.022000
477.072000
468.190000
480.879000
474.144000
477.359000
474.876000
473.549000
477.686000
480.049000
478.904000
476.114000
478.749000
478.316000
478.913000
472.799000
479.133000
471.670000
481.036000
476.546000
477.133000
477.647000
472.366000
478.191000
471.801000
478.068000
482.140000
477.513000
474.408000
473.710000
476.051000
474.463000
470.573000
475.181000
472.058000
476.657000
474.113000
481.673000
476.861000
472.270000
479.648000
478.124000
474.997000
478.584000
476.394000
473.272000
474.579000
478.235000
482.070000
476.018000
476.502000
474.922000
476.323000
475.626000
476.622000
476.962000
474.110000
472.339000
465.992000
474.556000
468.347000
475.477000
474.611000
472.889000
473.832000
476.551000
473.279000
472.369000
479.670000
465.969000
481.026000
472.629000
476.518000
477.500000
479.169000
485.378000
474.198000
474.782000
475.824000
469.570000
477.407000
478.842000
476.898000
475.699000
475.210000
480.370000
471.764000
479.933000
476.335000
464.941000
473.029000
481.452000
473.190000
477.554000
477.381000
472.334000
478.258000
476.137000
477.744000
474.112000
481.086000
478.059000
476.474000
474.398000
477.772000
479.817000
476.041000
474.542000
476.094000
473.323000
471.828000
472.548000
476.097000
478.028000
467.066000
476.828000
470.052000
477.881000
474.790000
478.356000
474.822000
479.925000
478.925000
480.083000
473.744000
479.804000
476.976000
477.916000
474.085000
479.389000
475.347000
479.130000
476.092000
479.957000
478.570000
473.889000
474.335000
477.002000
476.915000
476.938000
467.572000
475.764000
469.801000
471.663000
474.327000
477.587000
475.537000
480.982000
481.669000
479.616000
478.051000
472.454000
475.562000
476.036000
475.858000
476.761000
474.118000
474.694000
474.255000
479.843000
475.184000
475.564000
476.517000
477.337000
472.467000
486.135000
476.829000
477.996000
470.992000
479.462000
474.514000
474.055000
473.948000
475.320000
472.177000
477.942000
480.228000
479.199000
476.882000
473.772000
477.308000
478.843000
479.888000
476.117000
472.587000
475.136000
477.549000
472.206000
474.635000
473.701000
476.969000
478.774000
474.408000
474.033000
475.252000
473.145000
478.540000
466.572000
477.595000
479.241000
475.572000
479.656000
476.486000
469.434000
474.497000
478.310000
469.098000
473.993000
477.638000
470.321000
476.812000
474.679000
478.053000
476.255000
476.357000
475.319000
475.169000
477.368000
478.084000
474.583000
475.466000
477.939000
475.818000
475.923000
477.743000
475.158000
477.862000
479.715000
479.037000
475.035000
475.518000
472.260000
475.539000
474.381000
477.618000
474.760000
477.847000
473.306000
476.688000
470.708000
472.480000
468.896000
476.584000
478.556000
478.785000
474.274000
476.316000
474.633000
473.534000
479.733000
476.004000
476.866000
474.713000
477.741000
475.726000
475.184000
474.809000
475.714000
473.463000
478.000000
477.908000
475.656000
474.872000
473.738000
478.029000
474.510000
475.398000
475.503000
479.471000
478.855000
471.808000
475.876000
476.034000
475.531000
466.892000
476.655000
476.259000
480.874000
473.990000
476.265000
474.919000
473.897000
473.525000
471.112000
475.769000
472.791000
477.000000
475.533000
475.657000
478.272000
473.985000
473.081000
472.973000
475.004000
479.400000
475.564000
480.142000
470.486000
473.853000
479.820000
478.227000
476.927000
479.360000
474.083000
474.535000
477.359000
477.573000
479.746000
474.843000
475.909000
472.683000
477.219000
472.881000
475.257000
476.583000
478.786000
475.968000
481.625000
476.643000
466.605000
481.617000
478.238000
480.704000
476.986000
478.490000
476.679000
478.229000
473.943000
473.502000
477.220000
474.574000
477.301000
478.407000
471.478000
476.236000
474.162000
481.019000
473.300000
474.135000
459.849000
477.535000
478.198000
479.968000
472.350000
473.657000
477.993000
476.710000
477.446000
475.295000
465.170000
476.513000
478.357000
471.726000
479.641000
473.749000
476.618000
475.931000
474.595000
484.732000
476.004000
478.152000
476.456000
475.272000
475.713000
475.204000
480.266000
475.697000
473.508000
477.837000
477.995000
475.361000
470.698000
476.199000
478.565000
477.456000
475.715000
477.841000
478.461000
475.505000
476.931000
473.201000
477.826000
472.572000
471.914000
472.770000
476.754000
475.618000
476.247000
471.914000
476.071000
475.484000
475.851000
480.783000
477.055000
475.142000
477.959000
477.984000
473.829000
477.441000
479.049000
478.831000
474.631000
478.639000
474.546000
477.459000
477.195000
477.184000
475.764000
474.290000
473.082000
478.654000
474.123000
481.695000
475.687000
476.725000
476.540000
475.107000
478.634000
476.869000
476.505000
478.681000
475.397000
476.788000
478.099000
479.682000
476.600000
477.472000
474.725000
477.310000
475.472000
475.875000
475.247000
474.766000
479.219000
478.256000
477.249000
475.074000
474.448000
474.696000
478.098000
475.878000
478.720000
475.828000
474.672000
476.355000
476.041000
477.911000
475.106000
477.622000
475.419000
480.934000
473.548000
477.753000
473.433000
481.753000
476.831000
476.386000
480.481000
480.727000
475.943000
478.125000
478.649000
477.576000
475.931000
478.915000
477.435000
462.357000
475.172000
460.635000
475.526000
476.055000
477.287000
471.284000
477.475000
478.945000
483.359000
476.887000
473.560000
478.351000
477.059000
475.222000
482.832000
475.528000
474.752000
471.201000
474.710000
467.392000
473.106000
477.924000
472.742000
474.314000
476.991000
476.719000
478.048000
465.895000
477.477000
476.048000
475.776000
473.307000
474.475000
473.717000
480.430000
472.389000
476.311000
475.658000
468.357000
477.154000
478.251000
480.051000
474.208000
479.118000
478.600000
473.927000
478.082000
476.007000
482.478000
477.010000
478.393000
469.216000
478.662000
475.231000
474.413000
475.752000
474.968000
475.398000
470.205000
475.246000
470.733000
472.944000
476.314000
475.479000
473.699000
477.556000
477.396000
476.645000
475.048000
475.236000
475.678000
477.229000
475.099000
468.411000
480.839000
471.989000
472.511000
474.508000
475.624000
474.536000
482.471000
475.702000
480.756000
475.762000
475.025000
473.688000
475.215000
476.298000
470.998000
475.652000
477.688000
472.500000
475.072000
476.275000
479.168000
471.866000
477.912000
478.847000
479.088000
471.298000
472.837000
477.376000
475.879000
475.529000
475.236000
478.663000
476.714000
476.443000
479.388000
472.225000
477.107000
473.051000
474.299000
479.764000
479.586000
476.727000
478.880000
476.749000
477.719000
473.455000
474.786000
473.684000
464.637000
467.787000
475.029000
474.395000
476.562000
481.387000
476.637000
473.449000
474.679000
476.398000
475.875000
475.692000
474.918000
478.705000
478.437000
469.373000
480.309000
