3.140000
3.140000
3.040000
3.060000
3.100000
3.060000
3.100000
3.080000
3.100000
3.060000
3.380000
3.080000
3.080000
3.120000
3.120000
3.060000
3.120000
3.120000
3.120000
3.100000
3.100000
3.100000
3.060000
3.120000
3.100000
3.080000
3.120000
3.060000
3.080000
3.100000
3.120000
3.100000
3.120000
3.100000
3.100000
3.080000
3.080000
3.340000
3.100000
3.100000
3.100000
3.140000
3.140000
3.440000
3.120000
3.100000
3.100000
3.160000
3.100000
3.100000
3.040000
3.100000
3.060000
3.100000
3.100000
3.100000
3.120000
3.040000
3.100000
3.100000
3.100000
3.120000
3.060000
3.100000
3.100000
3.060000
3.100000
3.060000
3.100000
3.080000
3.100000
3.100000
3.120000
3.100000
3.080000
3.120000
3.060000
3.100000
3.100000
3.080000
3.060000
3.140000
3.080000
3.100000
3.120000
3.140000
3.120000
3.100000
3.100000
3.100000
3.060000
3.120000
3.100000
3.140000
3.100000
3.100000
3.120000
3.100000
3.080000
3.140000
3.120000
3.100000
3.100000
3.100000
3.100000
3.100000
3.080000
3.120000
3.100000
3.080000
3.100000
3.100000
3.060000
3.100000
3.100000
3.100000
3.120000
3.080000
3.060000
3.080000
3.440000
3.120000
3.100000
3.060000
3.100000
3.100000
3.040000
3.080000
3.140000
3.060000
3.080000
3.060000
3.060000
3.080000
3.120000
3.100000
3.140000
3.100000
3.100000
3.060000
3.040000
3.100000
3.100000
3.100000
3.060000
3.060000
3.060000
3.060000
3.400000
3.100000
3.100000
3.100000
3.100000
3.100000
3.080000
3.100000
3.080000
3.100000
3.040000
3.060000
3.060000
3.660000
3.080000
3.120000
3.100000
3.080000
3.100000
3.100000
3.100000
3.100000
3.100000
3.120000
3.040000
3.100000
3.140000
3.060000
3.120000
3.060000
3.100000
3.100000
3.100000
3.100000
3.100000
3.120000
3.100000
3.460000
3.080000
3.100000
3.040000
3.100000
3.020000
3.360000
3.060000
3.100000
3.060000
3.060000
3.100000
3.080000
3.060000
3.100000
3.100000
3.100000
3.140000
3.100000
3.060000
3.120000
3.060000
3.040000
3.100000
3.100000
3.140000
3.100000
3.100000
3.080000
3.040000
3.040000
3.100000
3.100000
3.100000
3.100000
3.140000
3.100000
3.100000
3.080000
3.120000
3.120000
3.100000
3.100000
3.140000
3.100000
3.100000
3.120000
3.100000
3.080000
3.060000
3.060000
3.080000
3.120000
3.660000
3.060000
3.100000
3.080000
3.040000
3.080000
3.080000
3.040000
3.060000
3.100000
3.100000
3.100000
3.040000
3.040000
3.100000
3.100000
3.100000
3.120000
3.100000
3.080000
3.100000
3.100000
3.080000
3.100000
3.080000
3.100000
3.100000
3.100000
3.120000
3.100000
3.120000
3.060000
3.100000
3.040000
3.120000
3.100000
3.120000
3.060000
3.100000
3.180000
3.060000
3.060000
3.040000
3.100000
3.120000
3.020000
3.060000
3.080000
3.140000
3.140000
3.040000
3.100000
3.060000
3.100000
3.120000
3.100000
3.080000
3.100000
3.100000
3.120000
3.100000
3.100000
3.060000
3.140000
3.080000
3.100000
3.140000
3.060000
3.100000
3.080000
3.060000
3.080000
3.100000
3.100000
3.440000
3.060000
3.100000
3.080000
3.080000
3.120000
3.100000
3.100000
3.120000
3.100000
3.120000
3.100000
3.080000
3.100000
3.080000
3.060000
3.100000
3.120000
3.140000
3.100000
3.100000
3.100000
3.080000
3.440000
3.120000
3.120000
3.140000
3.100000
3.100000
3.100000
3.080000
3.100000
3.060000
3.100000
3.100000
3.100000
3.100000
3.100000
3.080000
3.120000
3.100000
3.080000
3.080000
3.100000
3.060000
3.080000
3.100000
3.100000
3.040000
3.040000
3.100000
3.100000
3.100000
3.120000
3.100000
3.060000
3.100000
3.080000
3.100000
3.060000
3.100000
3.020000
3.080000
3.080000
3.140000
3.100000
3.100000
3.120000
3.040000
3.100000
3.120000
3.080000
3.080000
3.080000
3.060000
3.100000
3.100000
3.060000
3.120000
3.100000
3.120000
3.100000
3.100000
3.120000
3.100000
3.060000
3.420000
3.120000
3.080000
3.460000
3.120000
3.060000
3.100000
3.100000
3.100000
3.100000
3.060000
3.120000
3.100000
3.100000
3.120000
3.120000
3.120000
3.100000
3.040000
3.100000
3.080000
3.080000
3.060000
3.060000
3.060000
3.140000
3.120000
3.100000
3.120000
3.060000
3.680000
3.100000
3.080000
3.120000
3.080000
3.100000
3.140000
3.060000
3.100000
3.100000
3.100000
3.100000
3.060000
3.580000
3.100000
3.100000
3.120000
3.120000
3.100000
3.100000
3.100000
3.040000
3.080000
3.080000
3.140000
3.140000
3.060000
3.100000
3.120000
3.100000
3.100000
3.060000
3.100000
3.100000
3.100000
3.080000
3.080000
3.140000
3.100000
3.100000
3.040000
3.060000
3.140000
3.140000
3.100000
3.080000
3.540000
3.100000
3.100000
3.100000
3.100000
3.100000
3.120000
3.100000
3.440000
3.120000
3.080000
3.040000
3.100000
3.120000
3.080000
3.100000
3.080000
3.080000
3.080000
3.100000
3.100000
3.120000
3.080000
3.060000
3.100000
3.120000
3.100000
3.080000
3.100000
3.140000
3.060000
3.100000
3.100000
3.100000
3.080000
3.080000
3.120000
3.120000
3.100000
3.100000
3.120000
3.120000
3.120000
3.100000
3.120000
3.080000
3.100000
3.080000
3.080000
3.100000
3.100000
3.120000
3.120000
3.020000
3.120000
3.100000
3.140000
3.160000
3.120000
3.080000
3.100000
3.100000
3.120000
3.460000
3.100000
3.120000
3.120000
3.060000
3.100000
3.080000
3.120000
3.100000
3.040000
3.060000
3.120000
3.080000
3.120000
3.100000
3.120000
3.120000
3.480000
3.100000
3.120000
3.100000
3.120000
3.080000
3.120000
3.100000
3.120000
3.160000
3.120000
3.060000
3.100000
3.120000
3.080000
3.200000
3.120000
3.120000
3.120000
3.120000
3.100000
3.120000
3.100000
3.120000
3.120000
3.120000
3.080000
3.120000
3.060000
3.080000
3.140000
3.140000
3.120000
3.120000
3.100000
3.100000
3.120000
3.120000
3.100000
3.120000
3.100000
3.120000
3.100000
3.100000
3.080000
3.480000
3.120000
3.120000
3.100000
3.120000
3.120000
3.100000
3.100000
3.100000
3.120000
3.120000
3.120000
3.140000
3.120000
3.120000
3.080000
3.120000
3.100000
3.120000
3.120000
3.160000
3.120000
3.120000
3.120000
3.120000
3.140000
3.120000
3.100000
3.040000
3.120000
3.060000
3.120000
3.160000
3.100000
3.100000
3.120000
3.100000
3.120000
3.080000
3.100000
3.140000
3.120000
3.100000
3.140000
3.100000
3.120000
3.120000
3.120000
3.120000
3.120000
3.080000
3.140000
3.120000
3.120000
3.100000
3.060000
3.100000
3.120000
3.100000
3.140000
3.100000
3.040000
3.100000
3.060000
3.060000
3.160000
3.040000
3.120000
3.060000
3.120000
3.060000
3.120000
3.120000
3.100000
3.120000
3.120000
3.120000
3.120000
3.040000
3.120000
3.120000
3.100000
3.100000
3.080000
3.100000
3.080000
3.120000
3.120000
3.100000
3.120000
3.160000
3.120000
3.100000
3.120000
3.160000
3.080000
3.080000
3.080000
3.100000
3.060000
3.040000
3.120000
3.120000
3.100000
3.100000
3.120000
3.120000
3.120000
3.080000
3.100000
3.120000
3.120000
3.080000
3.120000
3.100000
3.120000
3.120000
3.120000
3.100000
3.120000
3.060000
3.100000
3.140000
3.120000
3.360000
3.760000
3.120000
3.100000
3.120000
3.120000
3.140000
3.100000
3.120000
3.120000
3.100000
3.080000
3.120000
3.120000
3.080000
3.120000
3.120000
3.100000
3.120000
3.120000
3.120000
3.120000
3.080000
3.140000
3.140000
3.060000
3.100000
3.100000
3.100000
3.120000
3.060000
3.040000
3.120000
3.120000
3.100000
3.060000
3.080000
3.120000
3.120000
3.080000
3.100000
3.120000
3.060000
3.060000
3.080000
3.100000
3.160000
3.160000
3.080000
3.100000
3.120000
3.080000
3.100000
3.100000
3.100000
3.120000
3.100000
3.120000
3.100000
3.360000
3.060000
3.080000
3.100000
3.120000
3.100000
3.100000
3.100000
3.100000
3.140000
3.080000
3.060000
3.120000
3.140000
3.100000
3.120000
3.100000
3.080000
3.100000
3.100000
3.120000
3.140000
3.120000
3.120000
3.120000
3.120000
3.120000
3.100000
3.100000
3.100000
3.040000
3.100000
3.020000
3.100000
3.100000
3.100000
3.120000
3.120000
3.040000
3.100000
3.100000
3.120000
3.160000
3.080000
3.080000
3.080000
3.120000
3.120000
3.080000
3.100000
3.080000
3.460000
3.060000
3.080000
3.100000
3.120000
3.080000
3.120000
3.160000
3.100000
3.080000
3.120000
3.100000
3.100000
3.120000
3.120000
3.040000
3.060000
3.120000
3.120000
3.060000
3.080000
3.120000
3.120000
3.120000
3.140000
3.120000
3.100000
3.120000
3.080000
3.120000
3.120000
3.100000
3.120000
3.120000
3.100000
3.100000
3.120000
3.080000
3.100000
3.100000
3.120000
3.120000
3.100000
3.120000
3.120000
3.120000
3.060000
3.060000
3.140000
3.100000
3.100000
3.120000
3.120000
3.060000
3.120000
3.120000
3.080000
3.120000
3.100000
3.100000
3.120000
3.120000
3.120000
3.120000
3.100000
3.120000
3.100000
3.120000
3.040000
3.120000
3.120000
3.060000
3.080000
3.120000
3.100000
3.140000
3.100000
3.120000
3.100000
3.100000
3.460000
3.760000
3.780000
3.120000
3.500000
3.120000
3.060000
3.060000
3.100000
3.120000
3.080000
3.080000
3.080000
3.100000
3.100000
3.080000
3.060000
3.120000
3.060000
3.100000
3.100000
3.080000
3.160000
3.120000
3.100000
3.120000
3.100000
3.100000
3.100000
3.100000
3.080000
3.080000
3.040000
3.140000
3.120000
3.100000
3.100000
3.100000
3.100000
3.080000
3.060000
3.100000
3.080000
3.120000
3.120000
3.120000
3.140000
3.120000
3.120000
3.060000
3.060000
3.120000
3.060000
3.120000
3.080000
3.080000
3.080000
3.120000
3.100000
3.100000
3.100000
3.460000
3.760000
3.760000
3.140000
3.120000
3.040000
3.120000
3.040000
3.060000
3.120000
3.100000
3.100000
3.120000
3.120000
3.060000
3.100000
3.080000
3.120000
3.080000
3.100000
3.120000
3.120000
3.120000
3.120000
3.120000
3.120000
