0.103999
0.102002
0.093002
0.099003
0.092000
0.098001
0.092000
0.099000
0.092998
0.099000
0.092000
0.098001
0.093002
0.097997
0.094000
0.099000
0.092998
0.098001
0.093002
0.099003
0.094000
0.098001
0.094000
0.097997
0.092998
0.098001
0.092000
0.099000
0.094000
0.099000
0.093002
0.099000
0.093002
0.099000
0.093002
0.099000
0.094000
0.097997
0.092000
0.098001
0.093002
0.099000
0.092000
0.099000
0.094000
0.098001
0.093002
0.099000
0.094000
0.099000
0.092003
0.099998
0.094000
0.099000
0.092998
0.098001
0.094000
0.097997
0.093002
0.099000
0.092998
0.099000
0.094000
0.097997
0.092998
0.098001
0.092000
0.099000
0.092998
0.099000
0.092998
0.100002
0.093002
0.097997
0.092000
0.098001
0.092998
0.099000
0.094000
0.099000
0.092000
0.097997
0.094000
0.099998
0.094000
0.099000
0.093002
0.098001
0.093002
0.098001
0.092000
0.098001
0.092998
0.099003
0.092998
0.098001
0.092000
0.098001
0.092000
0.098001
0.092000
0.099000
0.092000
0.099000
0.093002
0.099000
0.092000
0.098001
0.092000
0.099998
0.092003
0.097997
0.092998
0.100002
0.093002
0.098001
0.093002
0.100002
0.092998
0.098001
0.095002
0.098001
0.094000
0.099000
0.094000
0.099000
0.094000
0.099998
0.094000
0.099000
0.093002
0.097997
0.092000
0.097003
0.096001
0.099000
0.094000
0.099000
0.094000
0.098001
0.094000
0.099000
0.093002
0.099000
0.092998
0.099000
0.094000
0.099000
0.092000
0.099000
0.093002
0.098001
0.094999
0.099000
0.094000
0.097997
0.092998
0.098001
0.092000
0.097997
0.092000
0.099000
0.092000
0.099003
0.094000
0.099000
0.092998
0.099000
0.092998
0.099000
0.093002
0.098001
0.093002
0.099000
0.094000
0.097997
0.094000
0.099000
0.093002
0.099000
0.092998
0.099000
0.094000
0.098001
0.092000
0.098001
0.092998
0.098001
0.093002
0.098001
0.092998
0.099000
0.093002
0.098001
0.092998
0.099003
0.093002
0.099000
0.093002
0.099000
0.092998
0.099000
0.092000
0.098001
0.093002
0.099000
0.092998
0.098001
0.092000
0.099000
0.093002
0.099000
0.092000
0.098001
0.092000
0.099000
0.092998
0.099000
0.094000
0.098001
0.093002
0.099000
0.092998
0.097997
0.092998
0.099000
0.093002
0.097997
0.092000
0.099000
0.092998
0.098001
0.093002
0.098001
0.093002
0.099000
0.092998
0.099000
0.094000
0.098001
0.092000
0.099000
0.094000
0.096999
0.094000
0.099000
0.092000
0.098001
0.092998
0.098001
0.094000
0.099000
0.092998
0.098001
0.092998
0.099000
0.094000
0.099003
0.093002
0.098001
0.093002
0.098001
0.092000
0.098001
0.092000
0.099000
0.092998
0.098001
0.092998
0.099000
0.094000
0.099000
0.092998
0.098001
0.094000
0.099003
0.092000
0.099000
0.094000
0.097997
0.092000
0.099000
0.094000
0.099000
0.094000
0.099000
0.092000
0.099000
0.092000
0.097997
0.092998
0.099003
0.092998
0.098001
0.094000
0.099000
0.094000
0.099000
0.094000
0.098001
0.093997
0.099000
0.094999
0.099000
0.094999
0.098001
0.094000
0.099000
0.094999
0.097997
0.094000
0.099000
0.094999
0.099000
0.094000
0.097997
0.092998
0.099000
0.092998
0.098001
0.093002
0.098001
0.093002
0.097997
0.092000
0.098001
0.092000
0.099000
0.092000
0.099000
0.092000
0.100002
0.092000
0.097997
0.092998
0.098001
0.092998
0.100002
0.094000
0.098001
0.095002
0.097997
0.093002
0.100002
0.092998
0.098001
0.092000
0.099000
0.092998
0.099003
0.093002
0.099000
0.093002
0.099000
0.092998
0.099000
0.093997
0.099000
0.093002
0.096999
0.093002
0.099000
0.094000
0.099003
0.092998
0.099000
0.094000
0.099000
0.092998
0.099000
0.093002
0.099000
0.092998
0.099000
0.092998
0.099998
0.092998
0.098001
0.093002
0.099998
0.092998
0.097997
0.092998
0.099998
0.092003
0.098001
0.094000
0.098001
0.090998
0.099000
0.094999
0.098001
0.094000
0.099000
0.094999
0.098001
0.092998
0.099998
0.093002
0.097997
0.094999
0.100002
0.092998
0.097997
0.093002
0.098001
0.094000
0.098001
0.092998
0.099000
0.092998
0.098001
0.094000
0.098001
0.092998
0.099000
0.093002
0.098001
0.093002
0.099000
0.093002
0.099000
0.093002
0.099000
0.093002
0.099000
0.094000
0.099003
0.093002
0.099000
0.092998
0.097997
0.092998
0.097997
0.092000
0.099000
0.094000
0.099000
0.093002
0.098001
0.092000
0.097997
0.092998
0.099000
0.092000
0.098001
0.093997
0.099000
0.092000
0.099000
0.092000
0.099000
0.092000
0.099000
0.092000
0.098001
0.094000
0.099000
0.094000
0.099000
0.092998
0.098001
0.093002
0.099000
0.093002
0.099000
0.094000
0.099000
0.094000
0.098001
0.092000
0.099000
0.093002
0.099000
0.092998
0.099000
0.094000
0.099000
0.092998
0.099000
0.094000
0.098001
0.092998
0.099000
0.094000
0.097997
0.092998
0.099000
0.092000
0.098001
0.092000
0.099000
0.092000
0.098001
0.092998
0.099000
0.094000
0.099000
0.094000
0.098001
0.094000
0.099000
0.092000
0.098001
0.092998
0.099000
0.092003
0.099000
0.093002
0.097997
0.093002
0.098001
0.092998
0.099000
0.092998
0.097997
0.093002
0.099000
0.093002
0.097997
0.094000
0.097997
0.092998
0.099000
0.094000
0.098001
0.092998
0.100002
0.092000
0.098001
0.093002
0.099998
0.092000
0.100002
0.092000
0.099998
0.092000
0.100002
0.093002
0.100002
0.092000
0.100002
0.092000
0.100002
0.094000
0.100002
0.092998
0.097997
0.094000
0.099998
0.093997
0.099998
0.092000
0.098001
0.094000
0.099000
0.094000
0.098001
0.092000
0.098001
0.094000
0.099000
0.092998
0.099000
0.093002
0.098001
0.093997
0.099000
0.094000
0.098001
0.094000
0.099000
0.092998
0.099000
0.093002
0.098001
0.093002
0.098001
0.093002
0.099003
0.092998
0.100002
0.093002
0.099000
0.094000
0.099000
0.094000
0.098001
0.094000
0.099003
0.094000
0.097997
0.092998
0.098001
0.092998
0.097997
0.094999
0.099000
0.093997
0.098001
0.095002
0.099000
0.094000
0.100002
0.093002
0.099998
0.092000
0.099998
0.092998
0.098001
0.094000
0.098001
0.094000
0.098001
0.094000
0.099000
0.093002
0.097997
0.092998
0.122000
0.094000
0.096999
0.092000
0.096999
0.093002
0.096999
0.094000
0.097003
0.092998
0.096999
0.094000
0.096999
0.092998
0.097003
0.092998
0.096999
0.094000
0.097003
0.092000
0.096999
0.094000
0.096999
0.094000
0.096999
0.092998
0.096999
0.094000
0.096999
0.094000
0.097003
0.094000
0.096999
0.093002
0.096999
0.093002
0.096999
0.092000
0.096999
0.093002
0.096999
0.094000
0.096999
0.093002
0.096999
0.094999
0.096999
0.094000
0.096999
0.094000
0.096999
0.094000
0.097003
0.092998
0.097003
0.094000
0.096999
0.093002
0.096999
0.092998
0.096999
0.093002
0.096999
0.093002
0.096999
0.092000
0.096999
0.092000
0.096999
0.092998
0.096999
0.092998
0.096999
0.094000
0.097003
0.094000
0.096999
0.092998
0.096999
0.094000
0.096999
0.094000
0.096999
0.094000
0.096999
0.094999
0.098001
0.092000
0.099000
0.094999
0.097997
0.094000
0.096999
0.094000
0.096999
0.092998
0.097003
0.094000
0.096999
0.093002
0.099000
0.095002
0.097997
0.092000
0.096999
0.093002
0.096999
0.092998
0.096999
0.092998
0.097003
0.093002
0.097003
0.092998
0.097003
0.092998
0.096999
0.092998
0.096999
0.093002
0.096999
0.094999
0.097003
0.094000
0.099000
0.092003
0.096999
0.094000
0.099000
0.092000
0.096999
0.092998
0.096999
0.092998
0.096999
0.094000
0.096999
0.093002
0.096999
0.092000
0.096999
0.092998
0.096999
0.092998
0.096999
0.093002
0.096999
0.092000
0.098001
0.093002
0.097003
0.093002
0.096999
0.093002
0.097003
0.092000
0.096999
0.092998
0.097003
0.092998
0.096999
0.094000
0.097003
0.093002
0.096999
0.094000
0.096999
0.092000
0.096999
0.092000
0.096999
0.094000
0.096999
0.092998
0.097003
0.092998
0.099003
0.095002
0.096999
0.092998
0.096999
0.093002
0.101000
0.094000
0.099000
0.093002
0.096001
0.092998
0.099000
0.094000
0.100002
0.092998
0.099000
0.092998
0.097997
0.094000
0.099998
0.092998
0.096999
0.092000
0.099998
0.093002
0.097003
0.092003
0.099998
0.092998
0.096999
0.092003
0.100002
0.094000
0.096999
0.093002
0.100002
0.092000
0.100002
0.094000
0.096999
0.093002
0.099998
0.093002
0.096999
0.093002
0.096001
0.092998
0.099998
0.091001
0.100002
0.094000
0.099000
0.092000
0.098001
0.093002
0.096999
0.094000
0.099998
0.094000
0.099998
0.094000
0.097003
0.094000
0.100002
0.094999
0.096999
0.093002
0.095997
0.092998
0.096001
0.093002
0.100002
0.094000
0.096999
0.094000
0.100002
0.093002
0.099000
0.092000
0.100002
0.093002
0.096999
0.092000
0.100002
0.093002
0.096999
0.092998
0.100002
0.092998
0.096999
0.093002
0.100002
0.092000
0.096999
0.092000
0.100002
0.092998
0.097003
0.092000
0.098001
0.093002
0.096999
0.092998
0.100002
0.093002
0.096999
0.092000
0.099998
0.092000
0.096999
0.092998
0.100002
0.093002
0.097003
0.093002
0.100002
0.092000
0.096999
0.092000
0.099998
0.092000
0.097003
0.094000
0.099998
0.092000
0.097003
0.092998
0.099998
0.093002
0.097003
0.092998
0.100002
0.093002
0.096999
0.092998
0.100002
0.094000
0.096999
0.092998
0.100002
0.093002
0.096999
0.093002
0.099000
0.094000
0.096001
0.092998
0.100002
0.092998
0.096999
0.094000
0.100002
0.090998
0.099000
0.095002
0.100002
0.090998
0.096999
0.094000
0.100002
0.093002
0.098001
0.092998
0.096999
0.092998
0.098001
0.094000
0.099000
0.092998
0.100002
0.094000
0.097997
0.094000
0.101000
0.092000
0.099000
0.094000
0.096001
0.092998
0.099000
0.094000
0.097997
0.093002
0.099000
0.092000
0.098001
0.093002
0.099003
0.092000
0.098001
0.093002
0.099000
0.092000
0.096001
0.092998
0.097997
0.093002
0.097003
0.092998
0.100002
0.093002
0.097003
0.092000
0.099998
