19.096000
18.879000
17.953999
18.809000
18.674000
18.717000
18.620000
18.550000
18.737000
18.348000
18.255000
18.838000
18.871000
19.218000
18.584000
18.390000
18.851000
19.046000
18.927000
18.384000
18.973000
18.795000
19.031000
18.487000
18.643000
18.298999
18.527000
18.929000
19.086001
18.160000
18.398000
18.416000
18.409000
18.072001
18.511000
19.171000
18.622000
18.825000
18.318000
18.831000
18.630001
18.603999
18.967000
18.106000
18.382001
18.934000
19.109000
19.288000
19.033000
18.409000
18.076000
18.380000
18.698000
18.310999
18.661000
18.248000
18.615000
18.826000
19.222000
20.482999
18.921000
18.925000
18.648000
18.289000
18.642000
18.385000
19.257000
18.958000
19.003000
18.673001
18.822000
18.751000
18.250000
18.490001
18.693000
18.687000
19.020000
19.128000
18.748000
18.677000
18.253000
18.685000
17.864000
18.183000
18.594000
18.697999
18.304001
18.869000
18.692000
17.789001
17.658000
18.765000
18.274999
18.705000
18.668000
18.514001
18.935001
18.703000
18.603001
18.179000
18.506000
18.391999
18.232000
18.683000
18.222000
19.835000
18.511999
18.426000
18.315000
19.177000
18.876000
18.976000
19.086001
19.006000
18.666000
18.755999
18.645000
18.341000
18.495000
18.734000
18.990000
18.517000
18.467000
19.338000
18.888000
18.251000
18.008000
18.983000
18.800000
18.531000
18.207001
18.261001
18.462000
18.874000
18.837000
18.152000
18.560001
17.978000
17.874000
19.800000
18.808000
18.843001
17.859000
18.221000
18.479001
18.579000
18.526000
19.037000
18.620000
18.571000
18.848000
18.445000
18.588000
19.215000
18.750999
18.401000
18.681999
19.034000
19.221000
18.902000
18.522000
18.438000
18.412000
18.306999
18.809000
18.584000
18.956000
17.961000
18.569000
18.444000
18.364999
18.447000
19.166000
19.022000
18.692000
19.117000
18.746000
18.606001
18.052000
18.277000
19.012000
18.596000
18.397000
18.164000
18.362000
18.518000
19.107000
18.152000
18.447000
18.247000
18.490000
18.457000
18.119000
18.123000
18.617000
17.945000
18.480000
18.137000
18.211000
18.521001
18.728000
18.542000
18.300000
18.723000
18.608000
18.184000
18.607000
18.831000
18.792000
17.472000
18.239000
18.407000
18.491000
18.620000
18.751000
18.592999
19.016000
18.666000
19.183000
18.883999
18.359001
18.114000
18.713000
17.950000
18.568000
18.385000
18.819000
18.619000
18.221000
18.972999
18.321999
17.987000
18.246001
18.311000
18.654999
18.526000
18.430000
18.231000
19.067001
19.232000
18.620000
18.705000
18.643000
17.895000
18.176000
18.149001
18.734000
19.093000
18.424000
18.781000
18.122001
18.497000
18.584000
19.203000
18.805000
18.821999
18.882001
18.465000
18.761001
18.666000
17.835000
18.557000
19.037000
18.278000
18.501000
18.739000
18.507999
18.693000
18.591000
18.522000
19.259000
19.551001
19.082000
18.186999
18.748000
18.674000
18.481000
18.333999
18.772000
18.072000
19.154000
18.641000
18.866000
18.032000
18.377000
18.515000
18.071000
19.000000
18.354000
18.811000
18.234001
18.701000
18.405000
17.971000
19.021000
18.618001
18.538999
18.073000
18.758000
18.744000
18.590000
18.526000
18.235000
18.247000
18.230000
19.032000
18.807000
18.425001
18.465000
18.945000
18.731000
19.076000
18.137000
18.439000
18.053000
18.398000
18.599000
18.181999
18.406999
19.046000
18.739000
18.726000
18.997001
18.236000
18.688000
18.408000
18.388000
18.608000
18.384000
18.281000
18.919000
18.259000
18.751999
18.741000
18.895000
18.634000
18.629000
18.292001
18.743000
18.562000
18.674000
25.822000
17.911000
18.294000
18.425000
19.652000
19.344999
18.886000
18.863000
17.547000
18.747000
17.875000
18.238000
19.016000
18.577000
18.413000
18.653000
18.715000
18.610000
18.228000
18.523000
18.054000
18.784000
18.174000
18.722000
18.875999
18.392000
18.720000
19.248000
19.302000
20.052000
18.794000
18.685000
18.763999
18.865000
19.206000
18.406999
18.225000
18.928000
18.457999
18.592999
18.343000
18.472000
19.093000
18.942000
18.616000
18.902000
18.880000
19.650999
18.643000
18.688001
18.208000
18.513000
18.338000
18.635999
18.402000
19.107000
18.724999
18.417000
18.315000
18.785000
18.937000
18.650000
18.348999
18.385001
18.611000
19.008000
18.568000
18.619000
19.226000
18.677000
18.355000
18.585000
19.133000
18.201999
18.911000
18.432001
18.379000
19.200999
18.499999
18.997001
18.999000
18.560000
18.711000
18.923000
18.751999
18.780000
18.718001
18.531000
18.277000
18.567001
18.346000
18.642000
19.381001
18.633000
18.367000
18.908000
18.603000
18.851000
18.441000
18.511999
18.104000
18.753001
19.281999
19.126000
18.909000
18.322000
18.461000
18.488999
18.524000
18.964000
18.630000
19.123000
18.552000
18.258999
18.092000
19.045000
18.756000
18.577000
18.685000
18.698000
18.418000
18.345000
18.715000
18.568000
18.960000
18.495000
18.510000
18.263000
18.517000
18.548000
17.931000
18.472000
18.408000
18.293000
18.961000
18.172001
19.022000
18.430000
18.859000
18.580000
18.877000
19.040000
18.708999
18.803000
18.054000
18.721000
18.616000
18.771000
18.305001
18.553000
17.839000
19.052000
18.459001
18.448000
18.767000
18.499000
18.445000
18.584000
18.477000
18.331000
18.892000
18.207000
19.122000
18.615000
18.168000
17.907000
18.145000
18.021001
18.896000
18.305000
18.448000
18.294999
18.455001
18.859000
18.824000
19.413000
19.042000
18.117000
18.240000
18.805000
18.577000
18.502000
18.815000
17.651999
18.911000
18.236000
19.055000
19.044001
18.492000
18.634000
18.174000
18.906000
18.827000
18.348999
18.986000
17.981000
18.690000
18.767000
18.475001
18.234001
18.279000
18.735000
18.672001
18.995000
18.744000
18.207001
18.570000
18.736000
18.784001
18.665001
19.019000
18.203001
18.618001
18.944000
18.658000
18.627000
18.593000
18.230001
18.425000
18.321000
18.316999
18.358000
18.723000
18.452999
18.782000
19.099999
18.635000
18.089000
18.037000
18.211001
18.811001
19.171000
19.372000
17.913000
18.693999
17.712001
19.514000
18.302000
18.315000
18.310000
18.411000
18.607000
18.360000
18.747999
19.254999
18.761001
18.382000
18.878000
18.653000
18.544000
19.103000
18.453999
18.915000
18.284000
18.692000
18.410000
18.742000
18.473000
18.240999
18.393000
18.285001
18.458000
18.329999
18.363000
18.431000
18.427000
18.383999
18.131000
18.368000
19.397999
18.859000
18.784000
18.736999
18.851999
18.416000
18.635000
19.004000
18.070000
18.472000
17.829000
18.302000
18.839000
18.199000
18.386000
18.576000
18.271000
18.995999
19.561999
18.723000
18.580000
18.934000
18.562000
18.274000
18.119000
17.762000
18.203001
18.893000
18.989000
18.437000
18.596000
18.343000
18.401000
18.484999
18.265001
18.788000
19.103000
19.726001
18.420001
18.298000
19.734000
18.751000
18.221000
19.054000
18.015999
18.719000
18.574000
18.567000
18.676000
18.357000
18.394000
18.243000
18.316000
18.553000
19.136000
18.863000
18.855000
19.404001
18.639000
18.700001
18.217999
18.817000
17.991000
19.005000
18.439000
18.429000
18.592000
18.800000
18.536001
18.585000
18.444000
19.297999
19.250000
18.421000
18.193000
18.798999
18.036000
18.542000
18.513000
18.753001
19.034000
18.395999
18.670000
18.844000
18.536001
18.787000
18.754000
18.075000
18.147000
17.913001
18.722001
18.831001
19.274999
18.923000
18.466000
18.912000
18.693000
18.071000
18.696000
18.813000
18.076000
18.699000
18.209999
19.041000
18.303000
18.269001
18.863999
18.804001
18.013000
18.437000
18.521000
18.304001
18.906999
18.666000
19.200999
18.299000
18.763999
18.422000
19.369000
18.379999
18.696000
19.144000
18.331000
18.322000
18.806000
19.157999
18.090000
18.880000
18.520000
18.282000
18.765001
17.908000
18.121000
19.057999
19.111000
18.623000
18.875000
18.626000
18.810000
18.702000
18.642000
18.526000
18.216000
18.228000
18.783000
18.399000
17.789000
19.033000
18.801000
18.672001
18.673999
18.312001
18.079001
17.919000
18.386000
18.210000
18.641001
18.287000
18.456000
18.085999
19.019000
18.844000
18.141000
18.522000
18.485000
19.044000
18.753000
18.453000
18.751000
18.688001
18.614000
18.695000
18.971000
19.099000
18.578000
18.724000
18.328000
18.877000
18.891999
18.743000
17.849000
18.476000
18.431000
18.406000
18.630999
19.268000
18.400000
18.104999
19.276001
18.817999
19.266999
18.474001
19.178000
18.743000
18.422000
18.753000
18.433000
18.478000
18.392000
19.158000
18.406000
18.413000
18.251000
18.070000
19.177000
18.509000
18.625000
18.652000
18.924000
18.522000
18.356999
18.736000
18.579001
18.804001
18.755999
18.639999
18.666000
18.741000
18.363000
18.476000
18.689000
19.604000
18.835000
18.630000
18.559000
19.019000
18.546000
18.507999
18.537000
18.047000
18.514000
18.605000
18.703000
18.709000
18.696000
23.538999
18.862001
18.438000
18.432000
18.519000
18.424000
18.608000
18.902000
18.602001
18.392000
18.289000
18.715001
19.558000
18.402999
18.556000
19.316999
18.703001
18.820000
19.158999
18.522000
18.515999
18.405001
18.426000
18.162000
18.568000
18.755000
18.626001
18.491999
18.305999
18.067000
18.074000
19.148000
18.796000
18.766000
19.721000
18.595000
18.239999
18.677000
18.953000
18.149000
18.143000
18.537000
18.517001
17.971001
18.456000
18.565000
18.188000
18.524000
18.978000
18.501000
18.383000
18.390000
18.372000
18.938000
18.286000
18.668000
19.003000
18.405000
18.670999
18.768000
18.484000
18.683000
18.700000
19.012000
18.485000
19.206000
18.361000
19.125000
18.449000
18.425000
18.546000
18.755999
18.579000
18.506000
17.893000
18.789000
18.699000
18.795000
18.106000
18.504000
18.859000
19.109000
18.503000
19.531000
18.543000
18.917000
18.730001
19.326000
18.526000
19.464999
18.820000
18.085000
18.715000
18.573999
18.561999
18.025000
19.242000
18.891999
18.089999
18.367000
18.588000
17.922000
18.248000
18.828000
18.272000
18.923000
19.242000
18.589000
18.317999
18.025001
18.823001
18.074000
18.782000
18.699001
18.572000
18.367999
18.458000
18.605000
18.716000
18.395000
18.693000
18.812001
18.802000
18.390000
18.711000
18.067000
19.029999
18.564000
18.716000
18.169001
18.914999
18.391000
19.049000
18.945999
18.104999
18.487999
18.736999
18.689000
18.171000
18.176000
18.473000
19.120000
18.604000
18.068000
18.600000
18.475000
18.631000
18.497000
19.365001
18.578000
18.747000
18.680000
18.988000
18.819001
18.948000
