272.800000
265.799999
263.440000
263.180001
279.340001
264.620000
262.459999
263.680000
262.460001
262.460001
262.460001
262.460001
263.499999
263.060000
262.459999
273.720000
262.480000
262.460001
262.459999
262.800001
262.460001
262.440000
262.440000
262.440000
262.459999
262.520000
262.460001
268.519999
262.459999
262.460001
262.459999
262.440000
262.459999
262.459999
262.459999
262.600001
262.440000
262.440000
270.760000
262.600001
262.440002
262.440000
262.599999
262.440000
262.440000
262.460001
262.459999
262.459999
262.440000
262.460001
262.860000
262.480000
262.459999
262.440000
262.760000
262.460001
262.440000
262.699999
262.460001
262.459999
262.460001
270.059999
262.739999
262.760000
262.760000
262.440002
262.600001
262.460001
262.460001
262.440000
262.460001
262.460001
262.440000
262.399999
262.460001
262.460001
262.459999
262.440000
262.460001
262.460001
262.459999
262.459999
262.460001
262.459999
269.840000
262.440002
262.480000
262.459999
262.460001
262.620000
262.540000
262.759998
262.460001
262.559999
262.459999
262.459999
262.399999
263.060000
263.060000
262.639999
262.540000
262.519998
262.680000
262.540000
262.540000
262.739999
262.500001
270.780001
262.440000
262.460001
262.740001
262.460001
262.620000
262.459999
262.780000
262.460001
262.440000
262.459999
267.659999
262.460001
262.459999
262.459999
262.540000
262.620000
262.600001
262.540000
262.660000
262.459999
262.440000
262.460001
270.700000
262.459999
262.480000
262.460001
262.620000
262.440000
262.540001
262.740001
262.620000
262.460001
262.460001
268.000001
262.780000
262.540000
262.540000
262.459999
262.460001
262.459999
262.460001
262.459999
262.440000
262.459999
262.460001
262.440000
262.459999
262.459999
262.580000
262.459999
262.459999
262.440000
262.440000
262.460001
262.460001
262.460001
269.760001
262.440002
262.440000
262.440000
262.460001
262.459999
262.440000
262.459999
262.460001
262.460001
262.459999
262.460001
262.459999
262.459999
262.480000
262.460001
262.440002
262.460001
262.459999
263.860000
263.019999
262.520000
262.459999
268.140001
262.540001
262.620000
262.540000
262.680000
262.760000
262.580000
262.459999
262.460001
262.460001
262.459999
270.560000
262.660000
262.879999
262.460001
262.739999
262.560001
262.560001
262.459999
262.440000
262.440000
262.739999
262.460001
267.740000
262.460001
262.640001
262.440000
262.459999
262.459999
262.440000
262.720000
262.440000
262.460001
262.440000
271.399999
262.760000
262.639999
262.460001
262.459999
262.759998
262.459999
262.459999
262.480000
262.460001
262.460001
262.440000
267.940000
262.620000
262.580000
262.720000
262.459999
262.459999
262.459999
262.600001
262.459999
262.459999
262.460001
270.380000
262.499999
262.459999
262.460001
262.460001
262.440000
262.460001
262.460001
269.719999
268.120000
264.540000
275.080001
263.620000
263.079999
262.760000
262.799999
262.599999
262.660000
262.780000
262.620000
262.540000
262.520000
262.460001
263.220001
264.319999
263.560001
262.400001
262.620000
262.540000
262.460001
262.440000
262.480000
262.459999
262.460001
269.120000
262.960000
262.740001
262.960000
262.900000
262.480000
262.540001
262.620000
262.639999
262.459999
262.460001
268.480001
262.640001
262.540000
262.540000
262.899999
262.700001
262.540000
262.460001
262.540000
262.520000
262.459999
262.459999
262.899999
262.960000
262.460001
262.760000
262.459999
262.440000
262.440000
262.440000
262.480000
262.460001
262.460001
270.260001
262.519998
262.520000
262.520000
262.459999
262.680000
262.460001
262.480000
262.459999
262.440000
262.440002
262.440000
262.419999
262.520000
262.660000
262.560001
262.540000
262.540000
262.520000
262.640001
262.540000
262.540001
262.460001
270.019999
262.620000
262.700001
262.500001
262.540000
262.780000
262.460001
262.540000
262.540000
262.560001
262.540000
267.180001
262.520000
262.440000
262.840001
262.460001
262.520000
262.920000
263.599999
263.040001
262.440000
262.639999
262.620000
269.700000
262.480000
262.499999
262.440000
262.660000
262.540000
262.639999
262.540000
262.459999
262.460001
262.780000
267.899999
262.700001
262.699999
262.700001
262.440002
262.520000
262.440000
262.460001
262.459999
262.440000
262.620000
262.440000
262.660000
262.720000
262.540001
262.399999
262.499999
262.460001
262.440000
262.440000
262.460001
262.440000
262.459999
267.719999
262.440000
262.540001
262.600001
262.459999
262.860000
263.480000
263.320001
262.839999
262.740001
262.459999
262.459999
262.459999
262.839999
262.459999
262.459999
262.400001
262.520000
262.540000
262.460001
262.739999
262.460001
262.460001
267.620001
262.920000
262.879999
262.440000
262.560001
262.460001
262.399999
262.720000
262.760000
262.440000
262.780000
269.879999
262.520000
262.540000
262.400001
262.540000
262.540000
262.459999
262.460001
262.459999
262.460001
262.720000
262.459999
267.480001
263.780002
262.840001
262.520000
262.540000
262.460001
262.460001
262.459999
262.459999
262.540000
262.440000
271.060001
262.459999
262.459999
262.440000
262.460001
262.460001
262.440000
262.460001
262.460001
262.459999
262.460001
262.460001
262.419999
262.879999
262.519998
262.459999
262.440000
262.459999
262.540000
262.660000
262.760000
262.460001
262.460001
270.400001
262.440000
262.480000
262.460001
262.540000
262.759998
262.540001
262.460001
262.540000
262.460001
262.540000
262.540000
262.520000
262.540000
262.600001
262.699999
262.540000
262.540000
262.399999
262.459999
262.459999
262.440000
262.459999
269.900000
262.540000
262.820000
262.460001
262.459999
262.460001
262.480000
262.460001
262.440000
262.460001
262.459999
262.459999
262.520000
262.460001
262.660000
262.459999
262.459999
262.460001
262.480000
262.459999
262.460001
262.460001
262.459999
270.020001
262.540000
262.540000
262.460001
262.400001
262.620000
264.120001
262.600001
262.680000
262.780000
262.800001
268.339999
262.460001
262.560001
262.440000
262.680000
262.459999
262.460001
262.460001
262.459999
262.440000
262.499999
262.639999
270.479999
262.640001
262.399999
262.540000
262.440002
262.540000
262.540000
262.440000
262.640001
262.459999
262.459999
267.999999
262.739999
262.780001
262.459999
262.660000
262.540000
262.580000
262.540000
262.460001
262.459999
262.460001
262.440000
262.559999
262.540001
262.540000
262.559999
262.720000
262.460001
262.659999
262.440000
262.440000
262.459999
262.460001
267.700000
262.480000
262.459999
262.459999
262.460001
262.459999
262.460001
262.460001
262.459999
262.460001
262.459999
262.460001
262.540000
262.879999
262.459999
262.520000
262.460001
262.459999
262.520000
262.460001
262.440000
262.459999
262.460001
267.780000
262.520000
262.519998
262.540000
262.459999
262.459999
262.459999
262.459999
262.480000
262.460001
262.460001
263.599999
262.879999
262.600001
262.540000
262.440000
262.620000
262.540001
262.460001
262.459999
262.440000
262.699999
262.659999
267.840000
263.100000
262.460001
263.060000
262.480000
262.540000
262.460001
262.440000
262.460001
262.460001
262.440000
270.959999
262.560001
262.540000
262.840001
262.620000
262.620000
262.440002
262.540001
262.460001
262.460001
262.460001
262.600001
267.640000
262.580000
262.860000
262.620000
262.420001
262.520000
262.660000
262.459999
262.440000
262.460001
262.780000
269.579999
262.600001
262.540000
262.400001
262.440000
262.440000
262.519998
262.440000
262.459999
262.620000
262.540000
262.520000
262.500001
262.540000
262.660000
262.599999
262.540000
262.740001
262.460001
262.519998
262.420001
262.540000
262.520000
270.240001
262.540000
262.460001
262.540000
262.460001
262.459999
262.460001
262.440000
262.460001
262.459999
262.800001
262.440000
262.480000
262.440000
262.459999
262.460001
262.440000
263.640000
262.860000
262.560001
262.459999
262.620000
262.440002
270.220000
262.440000
262.720000
262.599999
262.700001
262.520000
262.799999
262.580000
262.580000
262.540001
262.519998
270.699998
262.659999
262.420001
262.700001
262.540001
262.460001
262.540001
262.660000
262.459999
262.560001
262.440000
262.460001
270.180000
262.540000
262.440000
262.820000
262.480000
262.600001
262.700001
262.540000
262.460001
262.440000
262.440000
267.480001
262.480000
262.540000
263.060000
262.739999
262.540001
262.540000
262.540000
262.440002
262.460001
262.440000
262.540000
269.820001
262.660000
262.440000
262.459999
262.480000
262.440000
262.440002
262.440000
262.459999
262.440000
262.459999
267.160000
262.540001
262.540001
262.519998
262.720000
262.660000
262.540001
262.419999
262.460001
262.540000
262.460001
262.480000
270.020001
262.419999
262.459999
262.459999
262.440002
262.620000
262.460001
262.459999
262.459999
262.459999
263.560001
268.120000
262.800001
262.740001
262.459999
262.460001
262.440000
262.459999
262.459999
262.660000
262.459999
262.460001
262.460001
262.639999
262.460001
262.460001
262.440000
262.560001
262.440000
262.740001
262.460001
262.460001
262.460001
262.459999
270.299999
262.720000
262.460001
262.460001
262.440000
262.460001
262.460001
262.459999
262.459999
262.659999
262.459999
270.240001
262.440000
262.580000
262.480000
262.459999
262.540000
262.880001
262.459999
262.460001
262.460001
262.459999
262.459999
267.680001
262.440000
262.420001
262.440000
262.520000
262.460001
262.460001
262.460001
262.459999
262.460001
262.460001
269.800000
262.540000
262.440000
262.459999
262.460001
262.459999
262.660000
262.440002
262.440002
262.760000
262.459999
262.440000
267.340001
262.380000
262.440000
262.700001
262.459999
262.460001
262.440002
262.520000
262.620000
262.699999
262.739999
270.800000
262.620000
262.480000
262.520000
263.039999
262.600001
263.100000
262.760000
262.620000
262.780000
262.459999
262.440000
262.760000
262.699999
262.800001
262.460001
262.600001
262.460001
262.460001
262.460001
262.460001
262.440000
262.440000
270.460000
262.960000
262.820002
262.540001
262.459999
262.739999
262.540001
262.540001
262.460001
262.620000
262.540000
262.440000
262.680002
262.440002
262.540000
262.620000
262.480000
262.459999
262.459999
262.460001
262.440000
262.459999
262.499999
270.080000
262.820000
262.739999
262.399999
262.540000
262.540000
262.459999
262.759998
262.460001
262.399999
262.520000
267.619999
262.580000
262.459999
262.540001
262.459999
262.460001
262.440000
262.540000
262.460001
262.560001
262.460001
262.540000
270.199999
262.480000
262.620000
262.459999
262.640001
262.739999
262.459999
262.540000
262.740001
262.760000
262.540000
267.300000
262.460001
262.440000
262.440000
262.520000
262.459999
262.459999
262.460001
262.740001
262.480000
263.340000
262.680000
262.680002
262.459999
262.680000
263.080001
262.760000
262.460001
262.460001
262.459999
262.500001
262.760000
262.440000
267.740000
262.580000
262.480000
262.560001
262.460001
262.700001
262.739999
262.580000
262.459999
262.460001
262.540001
262.759998
262.800001
262.540000
262.780000
262.620000
262.739999
262.420001
262.540000
262.540000
262.800001
262.800001
262.459999
267.659999
262.459999
262.440000
262.520000
262.440000
262.440000
262.540000
262.540001
262.460001
262.460001
262.440002
262.440000
262.480000
