1.960000
1.920001
2.080000
1.900000
1.880000
1.920000
1.980000
2.040000
1.900000
1.860000
1.860000
1.940000
1.900000
1.859999
1.920001
1.860000
1.859999
1.879999
2.180000
1.960000
1.860000
1.920000
1.880000
1.879999
1.979999
1.879999
1.920000
1.920000
1.980000
1.860000
1.860000
1.879999
1.920000
1.900000
1.960000
1.840000
1.900000
1.860000
1.860000
1.859999
1.859999
1.920000
1.860000
1.980000
1.920000
1.879999
1.900000
1.859999
1.859999
1.980000
1.979999
1.880000
1.900000
1.960000
1.900000
1.880000
1.880000
1.840000
1.840000
1.900000
1.920000
1.879999
1.920000
1.860000
1.900000
1.860000
1.940000
1.859999
1.860000
1.840000
1.920000
1.859999
1.900000
1.979999
1.900000
1.880000
1.940000
1.920001
1.860000
1.860000
1.920000
1.920001
2.220000
1.980000
1.859999
1.859999
1.840000
1.920001
1.900000
1.860000
1.840000
1.940001
1.900000
1.960000
1.880000
1.859999
1.960000
1.880000
1.880000
1.859999
1.900000
1.900000
1.860000
1.860000
1.860000
1.980000
1.860000
1.860000
1.940000
1.920001
2.000000
1.860000
1.860000
1.860000
1.880000
1.940000
1.900000
2.020000
1.860000
1.920000
1.900000
1.880000
1.920000
1.960000
1.880000
1.900000
1.839999
1.859999
1.960000
1.960000
1.840000
1.859999
1.840000
1.860000
1.900000
1.900000
1.940000
1.920000
1.860000
1.840000
2.040000
1.859999
1.900000
1.940000
1.880000
1.900000
1.900000
1.980000
1.959999
1.879999
1.920000
1.880000
1.900000
1.980000
1.860000
1.920001
1.940000
1.859999
1.860000
1.859999
1.920000
1.879999
1.859999
1.900000
1.940000
1.920001
1.860000
1.860000
1.860000
1.900000
1.880000
1.840000
1.860000
1.900000
1.920001
1.860000
1.980000
1.860000
1.900000
1.860000
1.880000
1.860000
2.000000
1.960000
1.900000
1.860000
1.860000
1.900000
1.860000
1.900000
1.840000
1.940000
1.900000
1.860000
1.940000
1.920000
1.940000
1.920000
1.920001
1.860000
1.840000
1.880000
1.860000
1.920001
1.940000
1.980000
1.920001
1.900000
1.859999
1.860000
1.860000
1.860000
2.040001
1.920000
1.840000
2.040000
1.860000
1.920000
1.920000
1.999999
1.900000
1.860000
1.940001
1.860000
1.900000
1.920000
1.900000
1.900000
1.920000
1.940000
1.860000
1.920000
1.879999
1.860000
1.840000
1.960000
1.840000
1.860000
1.900000
1.860000
1.940000
1.960000
1.840000
1.880000
1.860000
1.859999
1.920000
1.920000
1.900000
1.920000
1.840000
1.900000
1.859999
1.879999
2.000000
1.900000
1.860000
1.900000
1.900000
1.840000
1.900000
1.960000
1.980000
1.860000
1.980000
1.940000
1.960000
1.860000
1.920000
1.920000
1.980000
1.900000
1.940000
1.860000
1.900000
1.860000
1.900000
1.980000
1.920000
1.960000
1.860000
1.900000
1.980000
1.980000
1.860000
1.920001
1.900000
1.860000
1.860000
1.920000
1.920000
1.920000
1.920001
1.960000
1.860000
1.960000
1.840000
1.960000
1.900000
1.960000
1.860000
1.860000
1.860000
1.860000
1.920000
1.860000
1.900000
2.000000
1.860000
1.900000
1.960000
1.859999
1.859999
1.879999
1.900000
1.840000
1.879999
1.880000
1.879999
1.860000
1.920000
1.860000
1.960000
1.920001
1.900000
1.940000
1.920000
1.840000
1.840000
1.920000
1.879999
1.860000
1.860000
1.920000
1.920000
1.879999
1.920000
1.920000
1.860000
1.920000
1.960000
1.900000
1.900000
1.860000
1.860000
1.900000
1.880000
1.920000
1.900000
1.860000
1.940000
1.980000
1.960000
2.080000
1.860000
1.860000
1.920001
1.920001
1.840000
1.859999
1.979999
1.900000
1.960000
1.980000
1.860000
1.859999
1.920001
1.940000
1.940000
1.900000
1.859999
1.920000
1.880000
1.900000
1.980000
1.860000
1.920001
1.900000
1.900000
1.860000
1.920000
1.960000
1.880000
2.040000
1.840000
1.860000
1.860000
1.900000
1.879999
1.959999
1.879999
1.860000
1.860000
1.920001
1.860000
2.040000
1.860000
1.980000
1.999999
1.980000
1.900000
1.960000
1.860000
1.920000
1.920001
1.860000
1.920000
1.920000
1.900000
1.900000
1.980000
1.859999
1.880000
1.920000
1.860000
1.920000
1.920000
1.920000
1.879999
1.860000
1.900000
1.860000
1.880000
1.980000
1.920000
2.020000
1.860000
1.860000
1.900000
1.960000
1.860000
1.940001
1.860000
1.920000
1.940000
1.900000
1.880000
1.900000
1.859999
1.859999
1.859999
1.900000
1.920000
1.920000
1.860000
1.920000
2.020000
1.880000
1.960000
1.920000
1.880000
1.980000
1.920000
1.940000
1.979999
1.860000
1.900000
1.920000
1.860000
1.859999
2.040000
1.880000
1.920001
1.920001
1.900000
1.859999
1.980000
1.960000
1.960000
1.880000
1.900000
1.860000
1.900000
1.940000
1.880000
1.879999
1.920000
1.860000
1.960000
1.900000
1.860000
1.900000
1.979999
1.920000
1.940001
1.900000
1.860000
1.900000
1.860000
1.900000
1.920001
1.880000
1.920000
1.960000
1.900000
1.940000
1.840000
1.920000
1.920000
1.940000
1.880000
1.900000
1.920000
1.900000
1.860000
1.900000
1.859999
1.920000
2.000000
1.900000
1.900000
1.840000
1.900000
1.860000
1.960000
1.920000
1.960000
1.980000
1.880000
1.860000
1.900000
1.900000
1.859999
1.879999
1.859999
1.879999
1.860000
1.920000
1.880000
1.920000
1.900000
1.860000
1.900000
1.960000
1.920001
1.920000
1.960000
1.980000
1.860000
1.920000
1.940000
1.879999
1.880000
1.860000
1.860000
1.860000
1.900000
1.860000
1.860000
1.860000
1.859999
1.860000
1.920000
1.880000
1.940000
1.860000
1.960000
1.840000
1.880000
1.880000
1.880000
1.880000
1.860000
1.900000
1.840000
1.940000
1.860000
1.880000
1.900000
2.000000
1.860000
1.900000
1.900000
1.860000
1.940000
1.860000
1.860000
1.920001
1.860000
1.900000
1.860000
1.960000
1.880000
1.859999
1.840000
1.879999
1.900000
1.960000
1.860000
2.020000
1.960000
1.980000
1.860000
1.960000
1.900000
1.900000
1.840000
1.880000
1.859999
2.020000
1.880000
6.639999
1.900000
1.920000
1.920000
1.920000
1.920000
1.940000
1.859999
1.980000
1.960000
1.860000
1.859999
1.860000
1.940001
1.940000
1.900000
1.880000
1.940000
1.960000
1.860000
1.960000
1.860000
1.980000
1.900000
1.940000
2.000000
1.920000
1.860000
1.920001
1.860000
1.880000
1.920000
1.940000
1.879999
1.900000
1.900000
1.940000
1.900000
1.900000
1.900000
1.860000
1.900000
1.860000
1.860000
1.980000
1.900000
2.000000
1.860000
1.920000
1.860000
1.900000
1.860000
1.880000
2.020000
1.860000
1.979999
1.920001
1.859999
1.920000
1.859999
1.860000
1.900000
1.880000
1.900000
1.960000
1.900000
1.940001
1.880000
1.900000
1.859999
1.860000
2.000000
1.900000
1.860000
1.880000
2.060000
1.900000
1.900000
1.920000
1.860000
2.000000
1.860000
1.920000
1.940000
1.860000
1.920001
1.900000
1.960000
2.020000
1.920001
1.960000
1.860000
1.920000
1.860000
1.900000
1.900000
1.940000
1.880000
1.860000
1.900000
1.900000
1.900000
1.860000
1.840000
1.860000
1.920000
1.900000
1.940000
1.860000
1.860000
1.860000
1.900000
1.860000
1.960000
1.920001
1.840000
1.880000
1.900000
1.920000
1.920001
1.920001
1.860000
1.860000
1.860000
1.900000
1.960000
1.920001
1.960000
1.860000
1.920001
2.200000
1.940000
2.000000
1.920000
1.879999
1.860000
1.860000
1.859999
1.880000
1.859999
1.900000
1.860000
1.860000
1.920000
1.879999
1.900000
1.940000
1.880000
1.840000
1.900000
1.860000
1.880000
1.880000
1.860000
1.860000
1.920000
1.880000
1.860000
1.880000
1.860000
1.920000
1.880000
1.860000
1.900000
1.960000
1.859999
1.860000
1.840000
1.860000
1.860000
1.920000
1.880000
1.880000
1.980000
1.859999
1.940000
1.900000
1.920000
1.860000
1.880000
1.860000
1.860000
1.860000
1.900000
1.879999
1.879999
1.900000
1.880000
1.900000
1.880000
1.999999
1.920000
1.940000
1.920000
1.900000
2.040000
1.880000
1.859999
1.840000
1.840000
1.900000
1.979999
1.900000
1.840000
1.920000
1.879999
1.900000
2.000000
1.859999
1.900000
1.900000
1.960000
1.840000
1.860000
1.980000
1.900000
1.920000
1.879999
1.860000
1.860000
1.859999
1.940000
1.959999
1.859999
1.839999
1.860000
1.920001
1.900000
1.860000
1.860000
1.860000
1.879999
1.860000
1.880000
2.040000
1.879999
1.880000
1.900000
1.880000
1.860000
1.900000
1.860000
1.900000
1.860000
1.900000
1.860000
1.860000
1.900000
1.860000
1.860000
1.960000
1.900000
1.879999
1.840000
1.920000
1.940000
1.860000
1.920000
1.920000
1.920000
1.920001
1.880000
1.859999
1.860000
1.900000
1.859999
1.880000
1.980000
1.859999
1.859999
1.860000
1.920000
1.860000
1.840000
1.920001
1.860000
1.920001
1.900000
1.920000
1.999999
1.960000
1.859999
1.900000
1.880000
1.880000
1.900000
1.859999
1.900000
1.860000
1.880000
1.880000
1.860000
1.880000
1.860000
1.960000
1.860000
1.880000
1.880000
1.940000
1.920000
1.960000
1.900000
1.860000
1.860000
1.960000
1.860000
1.860000
1.940000
1.880000
1.920000
1.900000
1.879999
1.880000
1.860000
1.979999
1.960000
1.860000
1.860000
1.960000
1.900000
1.920000
1.980000
1.960000
1.900000
1.860000
2.020000
1.880000
2.000000
1.860000
1.920000
1.860000
1.879999
1.920000
1.960000
1.860000
1.879999
1.880000
1.980000
1.860000
1.840000
1.980000
1.860000
1.880000
1.920000
1.860000
1.840000
1.920001
1.859999
1.940000
1.960000
1.860000
1.960000
1.859999
1.999999
1.860000
1.920001
1.860000
1.880000
1.900000
1.860000
1.900000
1.880000
1.880000
1.860000
1.900000
1.860000
1.879999
1.979999
1.860000
1.940000
1.860000
1.940000
1.920000
1.900000
1.980000
1.900000
1.859999
1.920000
1.920001
1.880000
1.900000
1.940000
1.900000
1.999999
1.860000
1.860000
1.880000
1.840000
1.859999
1.920001
1.900000
1.879999
1.859999
1.900000
1.900000
1.859999
1.860000
1.920001
1.879999
