961.040001
957.699999
956.820000
956.420001
940.860000
938.060001
935.220003
973.699998
953.200001
946.320001
942.359999
936.379999
957.479998
941.399999
958.500002
957.520001
945.620000
937.479999
971.880000
978.340000
974.259999
958.699998
958.579998
956.880003
957.380001
957.219999
956.300002
938.160002
967.060000
951.080002
951.400001
937.700000
940.800000
940.540001
956.179999
937.040001
945.259999
956.560001
939.819999
978.599999
967.459999
955.260001
960.880000
954.879999
958.359998
945.960000
957.620002
936.220001
954.459999
934.140000
968.139999
971.179999
968.660001
938.299999
937.560000
935.500000
955.699999
970.940001
937.540002
943.520002
936.460000
969.260000
974.479999
955.300000
955.159999
939.520001
955.300000
947.600000
946.339998
956.020001
937.879998
948.599998
946.800001
951.960001
937.899999
955.520000
955.460001
939.779997
955.340002
937.160000
954.099998
956.840001
965.579998
965.900000
969.379999
961.339999
955.220003
959.260002
945.939999
936.880000
935.100000
958.459999
938.920002
971.659999
968.059998
979.339998
955.960002
957.459997
939.900000
950.920001
936.000001
936.740000
975.579999
958.120000
954.480000
959.440000
936.920002
936.820000
946.259998
956.960000
937.139999
958.859999
957.340002
956.760000
976.440001
954.820000
956.099998
1004.839998
936.900001
955.359999
943.939999
936.440002
935.059998
968.460001
972.160000
968.000002
943.420000
934.839997
953.960001
944.520000
937.180001
953.460000
936.880000
936.020002
970.799997
969.280001
958.840001
958.080001
935.920000
933.440000
937.759999
935.600001
956.820000
962.159999
937.980000
951.279998
953.540001
949.960001
935.539998
959.239997
958.339997
935.300000
960.140001
952.799998
935.100000
966.759998
953.919999
954.480000
954.579998
944.639999
966.120001
969.359998
973.699998
936.859999
955.419999
954.379998
935.400002
936.900001
936.899997
936.920002
935.839999
958.940003
964.720003
1003.020000
985.460002
985.980000
1008.060001
977.640003
959.559999
934.499998
1009.859998
1012.400001
978.900000
962.320000
943.020001
987.740003
1000.319999
967.739999
1000.900000
1007.260002
1003.980000
963.819999
940.479998
984.900001
941.539999
938.600000
954.040002
961.380001
939.160001
938.859999
960.759997
956.960000
944.959998
947.079998
943.219997
937.999997
958.799999
935.320001
955.580000
966.639999
960.439999
940.260001
941.260003
957.080003
959.200002
954.439998
933.940001
957.540002
956.439998
960.120000
970.819999
943.080001
961.980000
950.739998
956.100002
945.960000
953.740001
940.639999
947.439998
961.199999
955.399998
954.620000
962.219998
939.080000
956.759997
959.619999
965.860002
987.019997
959.059998
974.160001
957.059998
964.380000
942.079999
959.059998
946.699999
960.099999
936.219998
944.800001
971.680000
954.299998
955.959998
959.279999
939.500000
959.559999
936.179999
935.520001
956.440002
937.179998
935.800001
954.379998
954.639997
969.620001
939.379998
958.660003
936.200000
934.939999
953.599997
943.979997
956.800003
939.020000
971.799999
965.560000
970.619999
951.719999
954.039998
936.939999
950.300001
936.639998
957.799997
939.719997
935.360000
970.980000
976.599999
938.460000
934.840001
956.159998
937.100001
934.820000
959.959999
953.120001
974.280000
952.140000
952.839997
934.000000
962.800000
937.240001
935.320001
1010.159999
941.000000
957.040001
951.359998
968.839999
953.779999
936.840001
946.559999
937.580001
957.780000
936.920002
942.260001
954.699997
1030.740000
999.539997
1035.859998
963.020001
1010.280002
936.620001
955.600001
942.980003
935.200002
943.200000
978.319999
954.239998
958.659999
959.820002
938.120000
936.779998
951.819997
940.079998
958.060000
971.859999
972.680002
937.300000
942.720000
936.520003
937.320001
939.880002
936.220001
955.619998
934.920002
950.600002
956.760000
954.879999
958.060000
941.800002
962.580003
937.299997
936.420001
958.900001
935.839999
941.459998
957.120001
954.319999
948.179998
953.559998
948.320001
961.959999
936.379999
1007.860001
941.599999
939.479999
950.400002
959.900003
958.540000
939.380001
956.420001
939.719997
934.599999
938.900001
971.880000
955.199998
977.600001
936.860003
958.020002
961.939998
945.420001
953.919999
943.799999
933.240000
943.259999
952.220000
962.740000
952.880003
955.820002
936.939999
937.160000
939.660002
938.660003
956.239998
955.539998
936.579999
954.699997
966.699999
973.060001
940.719999
937.759999
934.560001
942.940000
937.860001
950.259998
935.780000
935.100000
951.460000
970.460001
955.320001
956.240002
958.019998
933.780003
939.919997
939.560000
962.700002
958.200000
936.880000
940.559998
951.280002
958.799999
956.380002
952.640001
946.020000
939.720001
958.780002
956.599999
954.160001
963.760000
952.379998
938.359998
955.240000
937.700000
956.520002
953.940000
957.400002
946.319997
990.880001
955.380000
963.479999
953.560002
937.399998
940.980002
958.400004
954.280000
941.420000
941.160001
938.560002
937.300000
971.499998
970.160000
974.900000
935.400002
958.159998
937.300000
937.179998
959.500000
938.779999
955.060001
946.100000
949.880000
969.560001
962.460000
947.200000
938.220002
940.759998
938.180003
952.300001
972.059999
973.620001
954.999998
959.700000
957.480002
956.460003
941.760000
935.780000
937.479999
943.160001
939.059999
953.959998
976.920001
956.400000
971.000001
963.179998
937.500000
934.080001
938.160002
956.599999
955.019999
948.720001
950.999998
948.020000
940.320000
931.680001
955.380000
952.840000
956.519999
937.619999
958.180003
966.120001
955.019999
956.680000
935.320001
954.040002
947.219998
938.420001
957.340002
939.660002
957.360003
966.440000
956.380002
956.939999
950.380001
955.740001
938.539997
941.460002
934.020001
951.680001
938.280001
944.459997
951.419998
972.220000
956.280001
937.920000
934.080001
958.760001
938.139997
938.340001
949.320000
959.980000
971.220002
952.280000
954.439998
939.280000
934.939999
950.139999
956.060000
956.219997
953.940000
954.620000
953.720000
961.120002
975.260001
938.400000
940.779999
938.420001
957.380001
944.600001
960.280001
948.279999
973.499998
943.399999
936.620001
943.039998
958.920002
959.180001
986.299999
954.119999
956.720002
935.260002
950.560000
968.380000
955.839999
939.179998
956.680000
939.640000
936.000001
959.619999
941.079997
933.639999
954.480000
963.539999
950.780001
940.600000
937.120002
937.840000
942.299999
945.220001
937.220000
968.060002
962.539997
957.180001
959.599998
936.680000
939.959999
942.539997
937.480003
936.600000
964.580003
936.880000
965.779997
972.460002
947.899997
955.380000
955.300000
956.220001
955.119997
959.840000
936.299998
956.099998
951.979998
971.299998
974.179998
940.439999
936.580002
958.019998
959.860001
958.060000
957.300000
937.299997
945.200000
954.360001
951.919999
950.920001
946.320001
957.339998
933.499999
941.360001
958.939999
957.520001
934.140000
937.680002
955.120001
972.700000
954.760000
957.800001
943.939999
935.780000
961.580001
938.660000
947.400000
940.700002
934.360001
952.500001
958.839998
957.699999
958.099999
942.279998
937.980000
959.800001
943.180002
937.119998
956.040002
953.040000
951.600000
974.980000
958.100002
955.600001
958.279997
953.720000
933.539998
957.899999
952.539999
935.279999
955.100000
968.460001
951.019999
938.060001
969.480000
939.439997
939.199999
937.819999
937.620003
949.960001
937.539998
960.280001
975.860000
956.400003
936.899997
956.459999
951.400001
937.360000
952.320002
954.599999
933.060002
933.699999
950.619999
973.540001
959.680002
937.920000
941.040002
956.999999
959.380001
941.020001
958.720002
935.240000
957.819998
974.959999
969.560001
958.659999
966.779999
1006.479997
1039.620001
973.539997
959.720001
938.860003
971.620001
1015.719999
1015.700001
942.919999
961.819999
936.340000
1000.860002
957.620002
1007.119998
974.420000
1048.039999
970.959999
944.539998
938.680001
939.099997
940.439999
952.460002
933.680002
940.259997
971.760001
979.160003
959.660001
975.660000
943.640001
938.660000
942.400001
959.899999
969.240002
950.399999
941.720001
954.739999
964.279998
964.860000
941.059999
957.400002
938.979998
958.740000
935.440000
949.979998
956.239998
940.420002
963.000003
970.060002
940.860000
941.660002
939.859997
955.340002
941.540003
943.759996
938.900001
959.640000
979.160000
965.560000
959.920000
944.279999
935.579997
941.599999
963.999998
936.120000
937.880002
961.879998
938.720003
978.140000
953.820001
955.800001
943.239998
939.939998
938.239999
958.519999
960.840002
948.240001
962.740000
960.020002
965.920001
958.799999
951.840002
959.180001
943.739999
934.700001
939.780001
941.620000
938.660000
934.960000
967.159998
956.540000
975.040000
957.739998
956.180003
1014.540002
961.739998
934.700001
957.359999
938.320000
954.259999
949.879996
972.080000
957.319997
960.600000
936.959997
935.339998
933.900002
956.000000
944.280002
938.600000
953.560002
972.640000
956.799999
1729.960002
939.420000
934.880000
934.659999
937.819999
960.900001
952.539999
948.700000
954.560000
958.160002
957.699999
959.360000
935.380001
934.799999
946.479999
937.879998
960.300002
967.340000
952.919997
971.600000
936.400000
936.559997
954.419997
958.279997
984.420002
980.280001
1013.860002
995.760001
1019.859999
969.260000
940.019999
955.839999
938.299999
940.579999
944.160003
943.680000
934.340000
957.520001
950.499997
955.520000
942.120001
1020.440001
958.260000
945.680000
934.439998
940.259997
961.239997
936.100002
959.040001
955.520000
970.160000
937.479999
941.620000
939.840000
934.060000
935.799997
955.740001
953.399997
935.980000
950.759999
982.040003
959.120002
937.279999
962.580003
937.399998
957.420003
957.079999
958.840001
957.620002
961.380001
955.800001
975.960001
939.100001
938.400000
959.819999
957.699999
958.120000
954.160001
939.560000
954.800002
960.239999
969.319999
955.460001
938.719999
959.120002
957.920000
938.619997
954.039998
935.500000
940.560002
965.220001
956.219997
939.599998
939.020000
938.579999
941.539999
953.860000
953.720000
941.800002
934.680000
938.460000
989.879999
979.340002
938.820001
958.419997
958.820000
934.519999
956.540000
932.800002
956.220001
954.620000
951.299999
988.699999
960.160002
936.580002
964.219999
933.619998
953.399997
943.459999
935.500000
956.560001
943.280000
964.380000
970.679998
957.380001
956.700001
956.080001
959.060002
936.360002
955.119997
952.540003
949.540000
965.820000
975.520000
955.259997
933.660001
936.840001
935.280003
957.539998
958.239999
937.179998
944.639999
939.519998
955.720000
955.040000
950.640000
937.100001
942.440003
935.920000
944.639999
942.880001
938.079998
955.600001
935.699999
975.880001
952.919997
952.280000
940.820001
947.840001
940.280002
937.100001
937.300000
960.340001
958.100002
944.260001
970.179997
957.400002
942.919999
945.080001
938.260000
942.120001
956.519999
954.799999
957.300000
937.600002
935.160000
969.439998
951.260000
937.520001
952.380002
934.939999
957.240000
944.440000
955.420002
933.760002
937.700003
955.660000
956.060000
951.120000
959.000003
956.380002
952.820003
957.740001
951.219998
945.259999
957.820002
943.099998
951.340001
952.000000
951.200001
939.700000
957.539998
935.780000
