272.385000
272.206000
272.222000
272.146000
272.194000
272.276000
272.223000
272.122000
271.991000
272.184000
282.593000
272.219000
272.150000
272.228000
272.332000
272.149000
272.130000
272.172000
272.168000
272.126000
272.287000
272.181000
271.993000
272.349000
272.392000
272.323000
272.183000
272.287000
271.910000
272.287000
272.468000
272.353000
272.164000
272.306000
272.137000
272.122000
272.374000
272.218000
272.206000
272.112000
272.269000
272.344000
272.364000
272.126000
272.250000
271.846000
272.367000
272.243000
272.233000
291.693000
272.471000
272.174000
272.281000
272.176000
272.091000
272.108000
272.169000
272.275000
272.175000
272.023000
272.145000
272.101000
272.119000
272.084000
272.151000
271.966000
272.180000
272.331000
272.259000
276.685000
272.312000
272.319000
272.260000
272.382000
272.341000
272.317000
272.225000
272.168000
272.662000
272.321000
272.287000
272.195000
272.232000
272.213000
272.361000
272.043000
272.201000
272.370000
272.402000
272.276000
272.263000
272.268000
272.175000
272.401000
272.344000
272.402000
272.298000
272.219000
272.297000
272.255000
272.225000
272.400000
272.131000
272.331000
272.362000
272.352000
272.323000
271.975000
314.343000
272.592000
272.417000
272.205000
272.082000
272.255000
272.625000
272.230000
272.262000
272.049000
272.159000
272.014000
272.216000
272.222000
272.028000
272.276000
272.184000
272.165000
272.207000
272.061000
278.907000
272.166000
272.329000
272.128000
272.022000
272.119000
272.266000
272.033000
272.255000
272.273000
272.207000
272.188000
272.063000
272.009000
272.372000
272.191000
272.138000
272.243000
272.202000
272.167000
272.325000
272.161000
271.995000
272.132000
272.209000
272.240000
271.951000
272.192000
272.363000
272.206000
272.129000
272.489000
272.085000
272.197000
272.208000
272.176000
272.266000
272.199000
272.312000
272.169000
272.275000
272.185000
272.380000
272.200000
272.232000
272.249000
272.281000
272.176000
272.145000
272.360000
272.190000
272.299000
272.257000
272.212000
272.105000
272.184000
272.262000
272.310000
272.389000
306.705000
272.413000
272.140000
272.174000
272.358000
272.111000
272.414000
272.645000
272.232000
272.214000
272.307000
272.329000
272.502000
272.452000
272.495000
272.309000
272.545000
272.400000
272.325000
272.384000
272.294000
272.172000
272.136000
272.271000
272.151000
272.220000
272.247000
272.203000
272.240000
272.159000
272.241000
272.185000
272.107000
272.565000
272.042000
272.251000
272.287000
272.287000
272.125000
272.197000
272.310000
272.097000
272.123000
272.148000
272.245000
272.087000
272.055000
272.033000
272.135000
272.219000
272.126000
272.095000
272.328000
272.199000
272.132000
272.213000
272.126000
272.009000
272.231000
288.487000
272.245000
272.103000
272.063000
272.272000
272.104000
272.463000
272.348000
272.125000
272.010000
272.239000
272.127000
272.167000
272.061000
272.125000
272.097000
272.116000
272.251000
271.973000
272.119000
292.107000
272.609000
272.414000
272.263000
272.190000
272.087000
272.286000
272.203000
272.110000
272.139000
271.999000
272.227000
272.122000
272.064000
272.051000
271.943000
272.237000
272.121000
271.895000
281.283000
272.153000
272.213000
272.044000
272.125000
272.166000
272.054000
272.060000
272.098000
272.196000
272.079000
272.273000
272.301000
272.183000
272.121000
272.152000
272.206000
272.051000
272.045000
272.128000
277.709000
272.249000
272.268000
272.140000
272.275000
272.159000
272.078000
272.138000
272.108000
272.242000
272.263000
271.971000
272.123000
272.402000
272.294000
272.082000
272.246000
272.079000
271.918000
272.140000
272.271000
272.015000
272.362000
272.170000
272.370000
272.285000
272.256000
272.294000
272.274000
272.281000
272.275000
272.369000
272.343000
272.583000
272.236000
272.321000
272.275000
272.324000
272.254000
278.007000
272.062000
272.173000
272.067000
272.223000
271.969000
272.241000
272.007000
272.174000
272.165000
272.160000
272.036000
272.188000
272.141000
272.159000
272.107000
272.050000
272.287000
272.098000
271.989000
276.916000
271.743000
272.142000
272.090000
272.192000
272.245000
271.768000
272.115000
272.220000
272.133000
272.118000
272.107000
272.172000
272.191000
272.034000
272.038000
272.143000
272.192000
272.043000
272.222000
272.387000
272.080000
272.009000
271.999000
272.067000
272.246000
272.416000
271.984000
272.001000
272.185000
272.189000
272.111000
272.148000
272.214000
271.719000
272.016000
272.000000
272.161000
272.239000
272.359000
272.334000
271.927000
272.049000
272.037000
272.083000
271.948000
272.261000
272.163000
272.238000
272.093000
272.060000
272.046000
272.023000
272.090000
272.137000
272.100000
272.044000
272.308000
272.178000
277.503000
272.257000
272.145000
272.223000
272.201000
272.139000
272.061000
272.198000
272.164000
272.313000
272.107000
272.165000
271.991000
272.053000
272.353000
272.110000
272.360000
271.971000
272.112000
272.183000
289.907000
272.438000
272.309000
272.509000
272.060000
272.331000
271.954000
272.101000
272.158000
272.213000
272.258000
271.963000
272.220000
272.306000
272.119000
272.271000
272.239000
272.231000
272.245000
272.187000
272.375000
272.207000
272.211000
272.301000
272.072000
272.188000
272.197000
272.163000
272.079000
272.229000
272.197000
272.170000
272.270000
272.347000
272.259000
272.348000
272.254000
272.285000
272.164000
279.088000
272.282000
272.185000
272.185000
272.494000
272.122000
272.248000
272.167000
272.162000
272.166000
272.202000
272.154000
272.016000
272.356000
272.164000
272.157000
272.191000
272.148000
272.056000
272.023000
277.129000
272.161000
272.237000
272.183000
272.110000
272.193000
272.249000
272.188000
272.169000
271.966000
272.204000
272.098000
272.190000
272.181000
272.307000
272.121000
272.191000
272.281000
272.035000
272.189000
272.469000
271.663000
272.137000
272.331000
272.059000
272.306000
272.097000
272.291000
272.292000
272.253000
272.123000
272.126000
272.289000
272.299000
272.178000
272.243000
272.172000
272.165000
276.965000
272.340000
272.405000
272.378000
272.268000
272.298000
272.432000
272.469000
272.368000
272.349000
272.244000
272.513000
272.239000
272.258000
272.197000
272.365000
272.235000
272.250000
272.249000
272.130000
272.141000
278.472000
272.407000
272.197000
272.340000
272.256000
272.170000
272.045000
272.193000
272.166000
272.299000
271.995000
272.269000
272.321000
272.716000
272.450000
272.258000
272.256000
272.440000
272.374000
272.396000
277.866000
272.227000
272.084000
272.147000
272.380000
272.533000
272.116000
272.248000
272.332000
272.311000
272.149000
272.372000
272.258000
272.131000
272.538000
272.123000
272.384000
272.566000
272.418000
272.204000
272.572000
272.303000
272.362000
272.403000
272.425000
272.415000
272.456000
272.349000
272.441000
272.588000
272.336000
272.404000
272.469000
272.512000
272.692000
272.444000
272.414000
272.475000
272.347000
272.428000
272.505000
272.253000
272.410000
272.360000
272.490000
272.447000
272.416000
272.439000
272.384000
272.397000
272.364000
272.519000
272.463000
272.273000
272.299000
272.496000
272.328000
272.603000
272.274000
279.268000
272.612000
272.517000
272.632000
272.333000
272.266000
272.447000
272.460000
272.207000
272.389000
272.522000
272.590000
272.399000
272.495000
272.346000
272.499000
272.334000
272.371000
272.471000
272.377000
277.103000
272.558000
272.487000
272.337000
272.553000
272.348000
272.428000
272.480000
272.363000
272.030000
272.262000
272.387000
272.278000
272.270000
272.460000
272.382000
272.411000
272.429000
272.265000
272.373000
272.513000
272.325000
272.153000
272.278000
272.159000
272.125000
272.082000
272.403000
272.202000
272.227000
272.104000
272.074000
272.125000
272.102000
272.402000
271.900000
272.262000
272.103000
272.216000
272.203000
272.863000
272.692000
272.827000
272.473000
272.229000
272.233000
272.596000
272.472000
272.278000
272.416000
272.238000
272.356000
272.320000
272.456000
272.359000
272.252000
272.587000
272.306000
272.169000
272.419000
272.183000
272.267000
272.291000
272.269000
272.129000
272.340000
272.214000
272.294000
272.435000
272.046000
272.193000
272.304000
272.334000
272.381000
272.363000
272.250000
272.424000
272.431000
278.488000
272.267000
272.246000
272.172000
272.057000
272.260000
272.333000
272.195000
272.044000
272.218000
272.233000
272.342000
272.101000
272.376000
272.333000
272.025000
272.117000
272.169000
272.184000
271.984000
278.279000
272.462000
272.276000
272.085000
272.171000
272.149000
272.024000
272.175000
272.199000
272.165000
272.475000
272.297000
272.001000
272.201000
272.038000
272.275000
271.944000
272.210000
272.269000
272.240000
272.269000
272.091000
272.210000
272.277000
272.241000
272.231000
272.269000
271.977000
272.190000
272.128000
272.230000
272.026000
272.221000
272.178000
272.292000
272.200000
272.169000
272.388000
272.218000
277.584000
272.264000
272.347000
272.136000
272.314000
272.222000
271.946000
272.378000
271.976000
272.030000
272.434000
272.334000
272.108000
272.079000
271.839000
272.119000
272.152000
272.158000
272.115000
272.074000
277.714000
272.051000
272.214000
272.220000
272.232000
272.304000
272.099000
272.138000
272.019000
272.220000
272.212000
272.067000
272.099000
272.018000
272.123000
272.071000
272.023000
272.065000
272.056000
272.108000
272.177000
272.112000
272.023000
272.238000
271.907000
272.233000
272.184000
272.080000
272.001000
271.970000
272.143000
272.010000
272.174000
272.140000
272.244000
271.950000
272.097000
272.430000
272.066000
271.995000
272.443000
272.178000
272.377000
272.325000
272.222000
272.298000
272.186000
272.371000
271.951000
272.018000
272.129000
272.281000
272.019000
272.080000
272.258000
272.070000
272.103000
272.268000
272.127000
290.592000
272.025000
272.167000
272.094000
271.961000
272.025000
272.219000
271.916000
272.054000
271.957000
271.988000
272.039000
272.276000
272.012000
272.121000
271.957000
272.093000
272.008000
272.130000
271.958000
272.638000
272.056000
272.059000
272.055000
272.186000
272.114000
272.073000
272.062000
272.318000
272.224000
272.101000
272.308000
272.142000
272.204000
272.193000
272.037000
272.062000
272.263000
272.191000
272.029000
272.078000
272.243000
271.992000
272.062000
272.233000
272.153000
271.987000
272.047000
271.908000
272.137000
272.034000
271.990000
272.035000
272.129000
272.218000
272.336000
272.141000
272.264000
272.135000
277.078000
272.400000
272.577000
272.724000
272.434000
272.379000
272.306000
272.339000
272.083000
272.217000
272.334000
272.308000
272.289000
272.292000
272.285000
272.379000
272.212000
272.544000
272.229000
272.286000
289.317000
272.304000
272.455000
272.240000
272.218000
272.211000
272.491000
272.244000
272.122000
272.071000
272.034000
272.101000
272.152000
272.244000
272.121000
272.061000
272.120000
272.184000
272.167000
272.110000
272.447000
272.314000
272.198000
272.094000
271.945000
272.264000
272.202000
271.969000
272.423000
272.043000
272.027000
271.751000
272.048000
272.123000
272.104000
272.147000
272.126000
272.137000
272.033000
278.514000
271.915000
271.974000
272.166000
272.163000
272.292000
