16.904000
16.989999
16.880000
17.095000
16.887000
16.682000
16.941000
16.811000
16.830000
16.577000
16.621000
16.598000
16.923000
17.232000
16.808000
16.538001
16.524000
16.671000
16.521000
16.551000
16.776000
16.867000
17.053001
16.776000
16.999000
16.853000
16.526000
16.479000
16.583000
16.661000
16.859000
16.852001
17.026000
16.996000
17.413001
17.019000
17.031999
16.392000
16.595000
16.705000
16.718000
16.744999
16.658000
16.900000
17.097000
16.710000
16.629000
16.398001
16.482000
16.595000
16.726000
16.748001
17.024000
16.666000
16.447000
16.692000
16.774000
16.632999
17.011000
16.716000
16.442000
16.734000
16.577000
16.762000
16.713000
16.664000
16.742000
16.913000
16.345001
16.317000
16.131000
16.256001
16.444000
16.305001
16.351000
16.613000
21.108001
16.120000
15.872000
16.038000
16.047000
16.611000
16.069001
16.357999
16.070000
16.154001
16.343000
16.396999
15.879000
16.245999
16.185000
16.360000
16.365000
15.923000
16.082000
15.924000
15.791000
16.137999
16.053000
16.403999
16.165000
16.077001
15.937001
16.201000
16.108001
16.291000
16.353000
16.058000
16.234000
16.354000
16.121000
16.685000
16.519000
16.156999
16.517000
16.423999
16.234000
16.376000
16.290000
16.233000
16.177000
16.442000
16.386000
15.958000
16.065000
16.420000
16.379000
16.308000
16.305001
16.003000
15.962999
16.071999
16.215000
16.050000
16.267000
15.925000
16.215000
15.653000
16.012000
15.738999
16.054000
16.008000
16.261999
15.936000
16.658000
15.901000
15.729000
16.094000
16.178000
17.155000
17.235001
15.742000
16.036000
16.679000
16.661000
16.257999
16.561000
16.148000
16.438001
16.609000
16.553000
16.353000
16.466000
16.292000
16.729000
16.620000
16.569001
16.465000
16.160999
16.407000
16.178001
16.309000
16.580000
16.546001
16.195999
16.252001
16.137999
15.979000
16.203000
16.492000
16.516000
16.386000
16.077000
16.278000
16.275000
16.549000
16.052000
15.842000
16.049000
16.345000
15.962000
16.224000
15.865999
16.480000
16.518000
16.196000
16.259001
16.613000
16.081000
16.201001
16.075999
15.958999
16.331000
16.147000
16.067999
16.284000
16.395000
16.423000
16.297000
16.150000
15.841000
16.524000
16.002000
15.648999
16.125000
16.686000
15.676999
16.070000
15.750000
15.845000
16.108000
16.164000
16.309000
16.188000
16.050000
15.963000
15.943000
16.129000
16.212000
15.861001
15.587000
15.738000
16.184000
15.864001
15.907001
15.767001
15.785000
15.649000
16.309001
15.860000
15.916999
15.997000
16.034000
16.028000
16.016000
16.233000
15.953000
16.053000
16.028000
15.827000
16.012000
16.376000
15.979000
15.822000
15.541000
15.668000
16.036999
15.772000
15.858000
16.044999
15.862000
16.028000
16.133000
16.000000
16.153000
16.158000
15.967000
16.004000
16.165000
16.123001
16.022000
15.888000
16.723000
16.245000
16.395000
16.383001
16.150001
16.405000
16.421000
16.287000
16.373999
16.274000
16.038000
16.104000
16.130000
16.050000
16.013000
16.350000
15.990000
16.030000
16.284000
16.007000
15.950000
16.380000
16.173000
16.045000
16.265000
16.147001
15.798000
16.075999
16.268000
16.044000
16.097000
16.255000
16.159000
16.239000
15.984000
15.899001
15.899000
16.229999
16.425000
16.465999
16.152999
16.375000
16.711000
16.319999
16.622000
15.918000
15.988000
15.876999
16.898001
15.665000
16.268999
16.338000
15.994000
15.775001
15.465000
15.861000
16.413000
16.349000
16.484001
16.195999
16.144000
15.833000
16.020999
15.811000
16.275001
16.067000
16.288000
15.792000
15.839000
16.011000
15.906001
15.755000
15.951999
16.092001
16.032999
15.873999
16.133999
15.603000
15.726000
16.050001
15.974999
16.427000
16.178000
15.837001
16.059000
16.014000
16.339000
16.321000
16.602000
16.442000
16.347000
16.797001
15.957000
15.915000
16.129000
16.340001
15.989000
16.286000
16.380000
16.084000
16.105000
16.119001
15.902000
15.925000
15.712000
15.911000
15.634000
15.699000
16.021000
16.042000
16.322000
15.767000
16.013000
16.016999
16.262000
15.895001
16.031000
15.884000
16.006000
16.178001
16.322000
15.882000
16.048000
16.354000
16.223000
15.774000
15.761999
15.729000
15.915000
16.011001
15.854000
15.560000
15.989999
16.102999
15.857000
15.955000
15.933000
16.185000
15.707000
15.870000
16.399001
16.205000
16.091000
16.054000
15.754000
15.910000
15.809000
16.237000
15.709000
16.052000
15.977000
15.978000
15.834000
16.001000
16.097000
15.810000
15.885000
15.969000
15.921000
15.931999
15.822000
15.884000
16.477000
15.795000
15.966000
15.930000
17.150000
16.115000
16.139000
16.357999
15.978999
16.342999
16.191999
16.211000
16.190000
16.338999
15.918000
16.400000
16.009000
15.931000
15.589000
16.106000
15.760000
15.571000
15.730000
15.564000
15.787999
16.097000
15.943999
15.532000
16.029000
16.143000
15.470000
15.337001
16.106000
15.767001
15.948000
16.092000
15.990000
16.079000
15.738999
16.036000
15.969001
16.957999
15.229001
16.311000
15.933000
15.890000
15.726000
16.148000
16.016999
15.758000
15.873000
16.153000
15.848001
15.787000
16.252000
15.944000
15.596000
15.691000
16.141000
15.598000
15.862999
15.949001
15.753000
15.796999
15.750000
16.081000
15.682001
15.867000
15.768000
15.992000
16.373999
15.841000
15.794000
16.036000
15.766000
16.073000
15.853000
16.212000
15.947000
16.051000
15.997000
16.219000
16.037000
16.234000
16.092001
16.229000
15.936000
15.803000
16.181001
16.094999
16.064000
16.195000
15.969001
16.154000
16.261000
15.934001
16.226000
16.114000
15.774000
16.048000
15.536000
15.833000
15.964000
15.963000
15.895001
16.090999
15.984001
16.086999
16.155000
15.774000
15.981000
15.951000
15.934000
16.476000
15.965000
15.991000
15.955000
16.246000
15.919000
16.031000
16.028000
16.071000
15.789000
16.012000
15.748000
16.080000
15.887001
16.032000
15.830000
15.939000
16.029000
15.801000
16.150000
16.132000
16.016000
15.714000
15.404999
15.751000
16.123000
16.072000
15.941000
16.155000
15.931000
16.487000
16.500000
16.213000
15.843000
16.146000
15.870000
15.667999
15.279000
15.238999
15.478000
15.887001
15.880000
16.078000
15.444000
15.605001
15.145000
15.605001
15.750000
15.833001
15.757000
15.396000
15.731000
16.064000
15.884000
15.446001
15.292000
15.530000
15.606000
15.491000
15.311000
15.252001
15.345000
15.776000
15.700000
15.509000
15.867000
15.644999
15.680000
15.743000
15.857000
16.273000
15.900000
16.346000
15.787000
15.995000
16.284000
15.784000
16.057000
16.023000
15.217000
15.284000
15.355000
15.831000
15.612000
15.360000
15.801000
15.604000
15.481001
15.559000
15.737000
15.618999
15.130999
15.532000
15.531000
15.356000
15.763000
15.950000
15.699000
15.366000
15.467000
15.203000
15.684000
16.261000
15.229000
15.613000
15.845000
15.755001
15.465000
15.235000
15.682000
15.932000
15.954000
15.535000
15.856000
15.550000
15.659000
15.716000
15.714000
15.692000
15.738000
15.524999
16.158001
16.162000
15.852001
15.868000
16.014000
15.793000
15.875001
15.950000
15.593001
15.981000
15.832000
16.360999
15.731000
16.148000
15.981999
16.054000
15.892999
15.944000
15.916000
15.788999
16.111000
16.175000
16.156000
15.800999
15.819000
15.911000
16.040000
15.823000
15.774000
15.819000
15.733000
15.923000
15.809000
15.894000
15.802001
15.684000
15.806000
15.974000
16.326000
15.952000
15.908999
15.623000
15.831999
16.100000
15.871000
15.857000
15.965000
15.618000
15.953000
15.846000
15.679999
15.870000
15.922000
16.074000
15.850000
15.723000
15.922000
15.912999
16.008000
15.829001
17.677001
16.244000
15.934000
16.266000
15.943000
15.986000
16.059000
16.030000
16.287001
16.095000
16.142000
16.009999
15.958000
16.062000
16.177000
16.117000
15.931000
15.903000
16.061001
16.090999
15.892000
16.025000
15.820000
16.013999
15.860000
15.910001
15.771000
15.840000
16.052000
15.903000
16.037000
15.846000
16.248000
16.301000
16.353000
15.891000
16.036999
15.727000
15.952000
15.780999
15.356001
16.361999
15.597000
15.996000
15.870000
16.026000
15.991000
15.710999
15.733000
15.814000
15.733000
15.962000
15.774000
16.079000
16.142000
16.221000
15.988000
16.055000
16.176000
16.102999
16.272000
15.678000
16.042000
16.385000
16.175000
15.680000
15.891000
15.477000
16.100001
15.732001
15.997999
15.788999
15.918001
15.792000
16.136000
15.794000
16.199000
16.012000
15.908000
15.859000
16.340000
16.002000
16.170000
15.969001
15.866000
15.859000
16.286000
15.777000
16.024000
16.108000
15.897000
16.183000
15.772000
15.969000
15.730999
15.900999
16.047000
16.391000
16.117000
16.404000
15.977000
16.275000
15.952000
15.877000
15.934000
15.950000
15.836000
15.887001
16.022000
15.794000
15.895000
15.907001
16.130000
16.099000
15.942000
15.947000
15.932000
15.674001
16.015000
16.039000
16.193001
15.765999
16.002000
15.873000
17.765000
15.195999
15.933000
15.746000
15.646000
15.811000
15.884000
15.499000
15.675000
15.977000
15.964000
16.408000
15.698000
15.501001
15.735000
15.817000
15.531000
15.649000
15.730999
15.916000
15.621000
16.345001
16.248000
16.322999
16.070000
16.260999
15.747000
15.872000
16.163000
16.131000
15.985000
15.814000
15.908000
15.991000
15.753999
16.322000
16.261999
16.663000
16.178000
16.313001
16.124000
16.388000
15.986999
16.183000
16.343000
15.904999
16.302000
16.040999
16.264000
16.192000
15.959000
16.219000
16.157000
15.982999
15.987000
15.931000
16.171000
16.319000
16.059999
15.879001
16.423000
15.892000
16.219000
16.359000
16.195000
16.477000
16.257000
16.228000
15.869000
16.243000
15.967000
15.755001
16.001000
15.916000
15.715000
15.949000
16.110000
15.930000
16.046001
16.016000
15.958999
15.904999
16.066999
16.031001
15.873000
16.034001
15.923000
16.195999
16.008001
16.142000
15.840000
16.302001
15.923000
15.868000
16.353000
16.364000
16.298001
16.270000
16.338000
16.430000
16.145000
16.190000
16.236001
16.266000
16.068000
16.276000
16.240000
16.138000
15.702999
15.906000
16.160000
16.338999
15.848000
16.016000
15.858000
15.776999
15.395001
15.753000
15.691000
15.633000
15.711000
15.831000
15.389999
16.240000
16.018000
16.281000
16.359000
15.889999
15.997000
16.042000
16.295000
15.973000
16.079000
16.001000
15.664000
16.401000
15.882000
15.842000
16.221000
16.390000
15.586000
15.724000
16.020999
15.753000
16.156000
15.661000
15.855000
15.988000
