1.514000
1.511000
1.510000
1.510001
1.509001
1.511000
1.511000
1.512000
1.511000
1.512000
1.511999
1.510000
1.513000
1.511000
1.511999
1.511000
1.512000
1.514000
1.512000
1.512000
1.513000
1.511999
1.512000
1.510001
1.510001
1.512000
1.511999
1.511000
1.507000
1.509000
1.514000
1.512000
1.510000
1.511999
1.510000
1.511000
1.509001
1.515000
1.513001
1.510000
1.509001
1.514000
1.510000
1.510000
1.510000
1.513001
1.512000
1.510999
1.511000
1.511999
1.510000
1.510000
1.511999
1.511999
1.511999
1.511000
1.511000
1.512000
1.513000
1.511000
1.511000
1.512000
1.511999
1.510001
1.510000
1.511999
1.507999
1.510000
1.511000
1.511000
1.512000
1.510000
1.511000
1.511000
1.511999
1.510999
1.511000
1.511000
1.511999
1.511999
1.510999
1.513001
1.516000
1.511000
1.509000
1.513001
1.512000
1.510000
1.509000
1.513000
1.510000
1.510999
1.511000
1.512000
1.513000
1.511000
1.509000
1.511000
1.510001
1.510001
1.509001
1.512000
1.510001
1.510000
1.510000
1.511000
1.512000
1.511000
1.507000
1.507999
1.512000
1.510001
1.511999
1.512000
1.513001
1.510001
1.509001
1.514000
1.512000
1.511000
1.511000
1.510999
1.512000
1.510000
1.511000
1.513000
1.513001
1.509001
1.511000
1.513000
1.510000
1.512000
1.557000
1.511000
1.513000
1.511000
1.511000
1.507000
1.513000
1.511000
1.511000
1.511000
1.513000
1.510000
1.510000
1.507000
1.515000
1.507999
1.507000
1.507000
1.511000
1.508000
1.507000
1.507000
1.512000
1.507999
1.507000
1.507000
1.512000
1.507999
1.507000
1.507000
1.511000
1.508000
1.511000
1.509000
1.509001
1.511000
1.508000
1.507000
1.511000
1.507999
1.507000
1.509001
1.509000
1.507999
1.507000
1.507000
1.515000
1.507000
1.507000
1.507000
1.513001
1.507000
1.509000
1.507000
1.509000
1.509001
1.507000
1.507999
1.513000
1.507000
1.509000
1.507000
1.512000
1.508000
1.507000
1.507000
1.511000
1.508000
1.507000
1.507000
1.510000
1.509000
1.506999
1.507000
1.509001
1.509000
1.507000
1.511000
1.514001
1.507999
1.510000
1.509000
1.511000
1.508000
1.508000
1.507000
1.511000
1.508000
1.507999
1.508000
1.511000
1.507000
1.507000
1.507999
1.515000
1.507000
1.507000
1.509000
1.509000
1.507999
1.507000
1.507000
1.514000
1.511000
1.511000
1.513000
1.511999
1.507000
1.507000
1.506999
1.509000
1.508000
1.507000
1.511000
1.507999
1.509000
1.507000
1.506999
1.509000
1.507000
1.507000
1.511000
1.509000
1.507000
1.508000
1.507000
1.510000
1.511000
1.507000
1.507000
1.514999
1.507000
1.508000
1.507000
1.509001
1.507000
1.507000
1.507000
1.514999
1.507000
1.509001
1.507999
1.540000
1.509000
1.507000
1.510999
1.511000
1.508000
1.508000
1.507999
1.511000
1.509001
1.507000
1.507999
1.516000
1.509001
1.507000
1.508000
1.511000
1.509000
1.507999
1.508000
1.511000
1.507999
1.507000
1.507000
1.513000
1.508000
1.507999
1.507000
1.511000
1.509000
1.507000
1.507000
1.511000
1.508000
1.507000
1.509000
1.508000
1.508000
1.510001
1.507000
1.513000
1.507000
1.509001
1.507000
1.510000
1.508000
1.506000
1.511000
1.510000
1.507000
1.507000
1.511000
1.509001
1.511999
1.507000
1.508000
1.511000
1.507999
1.507000
1.508000
1.510000
1.511000
1.507000
1.511999
1.516000
1.507999
1.508000
1.508000
1.513000
1.507000
1.507000
1.506999
1.511000
1.506999
1.511000
1.506999
1.512000
1.507000
1.508000
1.507000
1.510000
1.507000
1.511000
1.507000
1.511000
1.507000
1.511000
1.508000
1.511000
1.506999
1.507000
1.507000
1.511000
1.507999
1.507000
1.510000
1.510000
1.507000
1.507000
1.507000
1.511000
1.507000
1.506999
1.511000
1.509000
1.510000
1.507000
1.507000
1.510999
1.507000
1.511000
1.507000
1.509001
1.510000
1.507000
1.507000
1.510001
1.508000
1.506999
1.515000
1.510000
1.507000
1.507000
1.507000
1.511000
1.508000
1.507000
1.507000
1.514000
1.508000
1.507000
1.508000
1.510000
1.507000
1.508000
1.508000
1.510000
1.509000
1.508000
1.507000
1.512000
1.507000
1.507000
1.507000
1.510000
1.508000
1.508000
1.507000
1.512000
1.507000
1.511000
1.507000
1.511000
1.508000
1.511999
1.507000
1.510999
1.508000
1.507000
1.507000
1.510000
1.508000
1.508000
1.507999
1.511000
1.507999
1.509000
1.507000
1.513001
1.508000
1.507000
1.507000
1.509001
1.507000
1.507000
1.511000
1.513000
1.511000
1.509000
1.511000
1.511000
1.511000
1.509000
1.513001
1.514001
1.510001
1.514000
1.511000
1.513000
1.511000
1.513000
1.507000
1.536001
1.508000
1.511000
1.513001
1.515000
1.510000
1.510999
1.510000
1.513001
1.509000
1.507000
1.507000
1.513001
1.509000
1.507000
1.510999
1.510999
1.508000
1.511000
1.510000
1.509001
1.507999
1.507000
1.507000
1.511000
1.508000
1.511999
1.507000
1.511000
1.508000
1.507000
1.510999
1.509001
1.511000
1.507000
1.510000
1.509000
1.508000
1.507000
1.508000
1.510001
1.511000
1.507000
1.507000
1.513000
1.507000
1.508000
1.507000
1.511000
1.507000
1.507000
1.507999
1.511000
1.507000
1.507000
1.507000
1.511000
1.507999
1.507000
1.506999
1.510001
1.506999
1.507000
1.507000
1.534999
1.506999
1.507000
1.507000
1.511000
1.507000
1.507999
1.507000
1.510000
1.509000
1.507000
1.534000
1.511000
1.510999
1.507999
1.507000
1.511000
1.508000
1.507000
1.507000
1.510000
1.508000
1.507000
1.511000
1.513001
1.507000
1.513000
1.509001
1.514000
1.515000
1.511000
1.509000
1.513000
1.510000
1.510000
1.510001
1.511999
1.509000
1.511000
1.512000
1.512000
1.510000
1.509001
1.511000
1.514999
1.514001
1.507000
1.512000
1.516000
1.510000
1.508000
1.510999
1.511000
1.508000
1.510001
1.511000
1.515000
1.510000
1.508000
1.512000
1.517000
1.510001
1.507000
1.509001
1.517000
1.509000
1.510999
1.508000
1.511000
1.511000
1.507999
1.507000
1.511000
1.507000
1.508000
1.508000
1.511000
1.507000
1.508000
1.507000
1.509000
1.508000
1.508000
1.507000
1.514000
1.506999
1.507000
1.507000
1.511000
1.510000
1.508000
1.507999
1.511000
1.509001
1.507000
1.508000
1.511000
1.508000
1.507000
1.507000
1.509001
1.507000
1.511999
1.507000
1.511000
1.509000
1.506999
1.511000
1.509000
1.507000
1.507000
1.506999
1.511000
1.507999
1.508000
1.506999
1.511000
1.507000
1.507000
1.507999
1.511000
1.507000
1.511000
1.506999
1.511000
1.509000
1.507000
1.507000
1.515000
1.507000
1.507999
1.507000
1.514000
1.507000
1.507000
1.508000
1.511000
1.507999
1.509001
1.507000
1.511000
1.507999
1.507000
1.508000
1.517000
1.510000
1.510000
1.512000
1.513000
1.509001
1.510000
1.507000
1.512000
1.511000
1.511000
1.511000
1.515000
1.510000
1.511000
1.511000
1.515999
1.511000
1.510999
1.512000
1.514999
1.509001
1.511000
1.509000
1.513001
1.511000
1.511999
1.513000
1.515000
1.510000
1.510001
1.511000
1.513000
1.511999
1.509001
1.511000
1.514001
1.510999
1.511000
1.511000
1.514000
1.511000
1.511000
1.512000
1.514999
1.510000
1.511000
1.510999
1.518000
1.511000
1.511000
1.509000
1.513000
1.507000
1.511000
1.510000
1.515000
1.513000
1.510000
1.509000
1.511000
1.510000
1.507000
1.507000
1.511999
1.510000
1.507000
1.507000
1.511000
1.509001
1.507000
1.511000
1.513000
1.510000
1.511000
1.511000
1.513001
1.507000
1.509001
1.507000
1.508000
1.509000
1.511000
1.510999
1.513000
1.511000
1.509000
1.507000
1.511000
1.511000
1.509001
1.507000
1.517000
1.509001
1.507000
1.511000
1.513001
1.508000
1.507000
1.511000
1.510000
1.507000
1.510999
1.507000
1.514000
1.509001
1.510000
1.507000
1.511000
1.507999
1.507000
1.507000
1.551000
1.509000
1.513000
1.511000
1.513001
1.507000
1.511000
1.511000
1.511000
1.510000
1.511999
1.511000
1.515999
1.510000
1.511000
1.510001
1.510999
1.507999
1.507000
1.509000
1.510001
1.512000
1.512000
1.509000
1.513000
1.511000
1.512000
1.507000
1.510001
1.507000
1.507000
1.507000
1.513000
1.511000
1.510000
1.507000
1.511000
1.510000
1.507999
1.511000
1.513001
1.512000
1.511000
1.507000
1.515999
1.512000
1.540000
1.509001
1.509000
1.507000
1.510000
1.508000
1.510000
1.507000
1.512000
1.513001
1.512000
1.507000
1.511000
1.510999
1.512000
1.507000
1.509000
1.509001
1.540000
1.511000
1.508000
1.510000
1.507000
1.507000
1.515000
1.510000
1.510000
1.507000
1.512000
1.508000
1.514000
1.509000
1.510000
1.509000
1.510000
1.507000
1.510000
1.507999
1.510000
1.507000
1.509000
1.508000
1.510000
1.507000
1.510000
1.509000
1.508000
1.506999
1.510000
1.507999
1.513000
1.511000
1.510000
1.513000
1.511000
1.509001
1.510000
1.512000
1.510000
1.511000
1.511000
1.513000
1.510000
1.510999
1.510000
1.513001
1.512000
1.510000
1.511999
1.540000
1.510000
1.509001
1.510000
1.507999
1.507000
1.507000
1.509000
1.508000
1.507999
1.507000
1.507000
1.511999
1.515999
1.510001
1.512000
1.511000
1.514000
1.511000
1.509000
1.507999
1.507000
1.507000
1.513001
1.509001
1.509000
1.507000
1.513000
1.508000
1.507999
1.509001
1.511999
1.508000
1.507000
1.508000
1.508000
1.509000
1.508000
1.507000
1.510000
1.509001
1.510000
1.506999
1.510000
1.507999
1.507999
1.507000
1.510000
1.508000
1.509000
1.508000
1.508000
1.508000
1.508000
1.508000
1.508000
1.507999
1.508000
1.507000
1.507999
1.508000
1.508000
1.506999
1.509000
1.509000
1.509001
1.506999
1.508000
1.509000
1.508000
1.507000
1.509001
1.507999
1.507999
1.507000
1.509000
1.508000
1.561999
1.509000
1.509001
1.508000
1.509001
1.507000
1.510000
1.507999
1.507000
1.507000
1.510001
1.508000
1.507999
1.508000
1.508000
1.508000
1.509000
1.507000
1.507999
1.509001
1.510000
1.507000
