3.339000
3.338000
3.440000
3.329000
3.331000
3.330000
3.330000
3.330001
3.330000
3.330001
3.330000
3.330000
3.329000
3.330000
3.330000
3.330001
3.329000
3.330000
3.332000
3.333000
3.330001
3.334001
3.330001
3.333000
3.334000
3.330001
3.334001
3.333000
3.334000
3.334001
3.334000
3.332000
3.329000
3.333000
3.330000
3.330000
3.330000
3.333000
3.333000
3.333000
3.330000
3.334000
3.333000
3.330000
3.333000
3.330000
3.330000
3.329000
3.334000
3.330000
3.330000
3.329000
3.333000
3.329000
3.334001
3.330001
3.335000
3.329000
3.334000
3.333000
3.329000
3.330000
3.330000
3.330000
3.330000
3.330000
3.330000
3.330001
3.330001
3.329000
3.334001
3.329000
3.330000
3.329000
3.330000
3.330000
3.334000
3.329000
3.334000
3.330001
3.330000
3.330000
3.330000
3.330000
3.330000
3.330000
3.329000
3.330001
3.330001
3.330001
3.334001
3.334001
3.333000
3.404000
3.334000
3.333000
3.330000
3.333000
3.334001
3.330001
3.330000
3.331999
3.732000
3.458000
3.442000
3.407001
3.407000
3.334000
3.406000
3.330001
3.335000
3.333000
3.330000
3.334000
3.334000
3.334001
3.333000
3.405999
3.334001
3.436000
3.334000
3.334000
3.335000
3.330000
3.333000
3.330000
3.330001
3.333000
3.329000
3.330000
3.330000
3.409000
3.330000
3.333000
3.330001
3.333000
3.334000
3.333000
3.330001
3.333000
3.329000
3.333000
3.330000
3.333000
3.331000
3.330000
3.330000
3.330000
3.329000
3.329000
3.330001
3.333000
3.329000
3.330000
3.333000
3.329000
3.330000
3.329000
3.333000
3.330001
3.330001
3.330000
3.330000
3.330000
3.330001
3.330000
3.330000
3.330000
3.330001
3.330000
3.329000
3.330000
3.330000
3.330000
3.407001
3.333000
3.330000
3.330000
3.332000
3.330000
3.330001
3.333000
3.329000
3.333000
3.334000
3.330001
3.329000
3.330000
3.330000
3.330001
3.330000
3.329000
3.330000
3.329000
3.330001
3.329000
3.329000
3.330000
3.333000
3.330000
3.334000
3.329000
3.333000
3.330000
3.603000
3.330000
3.329000
3.330000
3.330000
3.334000
3.333000
3.330001
3.333000
3.330000
3.484000
3.330000
3.452000
3.334000
3.330000
3.330000
3.850000
3.742000
3.329000
3.329000
3.329000
3.330000
3.330000
3.330000
3.330000
3.330000
3.330000
3.423000
3.330001
3.330001
3.330001
3.329000
3.329000
3.330000
3.330000
3.808000
3.330001
3.330000
3.406000
3.330001
3.329000
3.330000
3.329000
3.330001
3.330000
3.329000
3.329000
3.330001
3.330000
3.330000
3.329000
3.329000
3.334000
3.330001
3.329000
3.329000
3.330000
3.330000
3.330000
3.330000
3.330001
3.330001
3.330001
3.330001
3.330000
3.330000
3.330000
3.330000
3.330000
3.330001
3.330001
3.330001
3.330001
3.330000
3.330000
3.330000
3.329000
3.330000
3.330000
3.330000
3.330000
3.330000
3.330000
3.330000
3.330001
3.329000
3.330001
3.330000
3.330000
3.330000
3.330000
3.333000
3.330000
3.330000
3.334001
3.408999
3.330000
3.329000
3.329000
3.330001
3.330000
3.330001
3.329000
3.329000
3.330000
3.330001
3.427000
3.330000
3.329000
3.330000
3.329000
3.330000
3.330000
3.330000
3.330001
3.329000
3.330000
3.430000
3.330001
3.330001
3.330000
3.330000
3.431000
3.330000
3.329000
3.330000
3.329000
3.330000
3.330000
3.330001
3.329000
3.329000
3.329000
3.329000
3.335000
3.333000
3.330001
3.333000
17.651999
3.444000
3.333000
3.330000
3.335000
3.333000
3.330000
3.334000
3.330000
3.330000
3.330001
3.333000
3.334000
3.330001
3.330001
3.334000
3.453000
3.434000
3.330000
3.354000
3.408000
3.330001
3.330000
3.330001
3.330000
3.333000
3.330000
3.333000
3.335000
3.330000
3.335000
3.330000
3.330000
3.333000
3.330001
3.329000
3.330000
3.334000
3.335000
3.330000
3.335000
3.329000
3.335000
3.330001
3.333000
3.334000
3.333000
3.334000
3.330000
3.330000
3.335000
3.334000
3.330000
3.330000
3.333000
3.330000
3.335000
3.333000
3.330000
3.333000
3.330000
3.334000
3.330000
3.330001
3.330001
3.334001
3.330001
3.334000
3.330000
3.333000
3.330001
3.333000
3.330000
3.334000
3.335000
3.330000
3.335000
3.330001
3.335000
3.330000
3.334001
3.330000
3.335000
3.330000
3.335000
3.334000
3.330000
3.330000
3.331000
3.330001
3.330001
3.333000
3.330000
3.330000
3.330000
3.330000
3.335000
3.330000
3.330000
3.330001
3.330000
3.433000
3.335000
3.333000
3.330000
3.333000
3.330001
3.330000
3.335000
3.330000
3.330000
3.334000
3.330000
3.334001
3.330000
3.333000
3.335000
3.330000
3.335000
3.330001
3.335000
3.330000
3.330000
3.333000
3.335000
3.330000
3.330001
3.334000
3.330000
3.333000
3.335000
3.330001
3.331000
3.329000
3.330001
3.330001
3.330000
3.333000
3.330000
3.334000
3.335000
3.407000
3.335000
3.334001
3.330001
3.334000
3.335000
3.330001
3.330000
3.334000
3.330001
3.330001
3.330000
3.334000
3.335000
3.334000
3.335000
3.330000
3.330000
3.330000
3.335000
3.334000
3.330000
3.334000
3.335000
3.436000
3.335000
3.330001
3.333000
3.333000
3.330000
3.333000
3.330000
3.334000
3.335000
3.330000
3.335000
3.330001
3.330000
3.333000
3.330000
3.330000
3.330000
3.334000
3.329000
3.330001
3.330000
3.334000
3.330000
3.330000
3.335000
3.333000
3.329000
3.330000
3.330000
3.330000
3.334001
3.330001
3.335000
3.333000
3.330001
3.334000
3.335000
3.330000
3.333000
3.330000
3.330001
3.333000
3.330000
3.334000
3.330000
3.330000
3.330000
3.334000
3.335000
3.330000
3.335000
3.332000
3.335000
3.330000
3.335000
3.330000
3.330000
3.330000
3.331000
3.330000
3.330000
3.330000
3.330001
3.330001
3.330000
3.334000
3.335000
3.330000
3.330000
3.330000
3.335000
3.330000
3.330000
3.330000
3.335000
3.445000
3.330001
3.330001
3.330000
3.330000
3.330001
3.334000
3.331000
3.333000
3.335000
3.330000
3.330001
3.334000
3.330000
3.330000
3.335000
3.330001
3.335000
3.333000
3.330000
3.334000
3.335000
3.330000
3.331000
3.333000
3.330000
3.334000
3.331000
3.333000
3.330000
3.330000
3.335000
3.330001
3.335000
3.334000
3.330001
3.330000
3.333000
3.330000
3.330000
3.334000
3.330000
3.334001
3.330000
3.333000
3.330001
3.334001
3.330000
3.330000
3.335000
3.330001
3.330001
3.330000
3.335000
3.330001
3.330000
3.334001
3.330000
3.330001
3.335000
3.330001
3.330000
3.333000
3.330001
3.333000
3.335000
3.330000
3.335000
3.330000
3.335000
3.333000
3.335000
3.333000
3.335000
3.330000
3.330000
3.333000
3.335000
3.330000
3.334999
3.330000
3.335000
3.329000
3.329000
3.330000
3.335000
3.330001
3.331000
3.334000
3.330000
3.330001
3.330000
3.330000
3.330000
3.330000
3.330001
3.330000
3.330000
3.330001
3.330000
3.330000
3.330000
3.330000
3.330000
3.330000
3.330000
3.330000
3.330000
3.330000
3.330001
3.330000
3.330000
3.330000
3.330001
3.330000
3.330000
3.334000
3.330000
3.330000
3.335000
3.334000
3.335000
3.334000
3.330000
3.333000
3.330001
3.330001
3.334000
3.330000
3.333000
3.330001
3.334001
3.330000
3.334000
3.330000
3.334000
3.330001
3.334000
3.330000
3.333000
3.334000
3.334001
3.334000
3.330000
3.334000
3.334000
3.330000
3.330000
3.334000
3.333000
3.330000
3.333000
3.333000
3.330000
3.334001
3.334000
3.334001
3.330000
3.330000
3.330000
3.330000
3.330000
3.330000
3.330000
3.330000
3.330000
3.330000
3.330000
3.330000
3.330001
3.330000
3.330000
3.330000
3.330000
3.330000
3.330001
3.330000
3.330000
3.330000
3.330000
3.330001
3.330000
3.330000
3.333000
3.330000
3.334000
3.330000
3.330001
3.330000
3.330000
3.330000
3.330000
3.330000
3.330001
3.330001
3.330000
3.330000
3.330000
3.330000
3.330001
3.330000
3.330000
3.330000
3.330000
3.330000
3.330000
3.330001
3.330000
3.330000
3.330000
3.330001
3.330000
3.330001
3.330000
3.330000
3.330000
3.334000
3.333000
3.330000
3.330000
3.330000
3.330000
3.330000
3.330000
3.330000
3.330000
3.330001
3.330000
3.330000
3.330000
3.330000
3.330001
3.333000
3.333000
3.332000
3.333000
3.330001
3.330001
3.330001
3.330001
3.330000
3.330000
3.330000
3.333000
3.334001
3.333000
3.334000
3.333000
3.334000
3.333000
3.334000
3.333000
3.333000
3.333000
3.334001
3.334001
3.330000
3.330000
3.330000
3.330000
3.330000
3.330000
3.330001
3.333000
3.331999
3.334000
3.330001
3.330000
3.330000
3.330001
3.329000
3.330000
3.330000
3.330001
3.330001
3.330000
3.330000
3.330000
3.330001
3.330001
3.330000
3.330000
3.330000
3.330000
3.330000
3.330000
3.335000
3.330000
3.330000
3.330000
3.330000
3.330000
3.330000
3.330001
3.330000
3.330000
3.330001
3.330000
3.330000
3.333000
3.330000
3.333000
3.334000
3.330000
3.333000
3.333000
3.330000
3.333000
3.334001
3.330001
3.333000
3.330001
3.334000
3.333000
3.330000
3.333000
3.330000
3.333000
3.330000
3.330000
3.330001
3.330000
3.330000
3.334001
3.330000
3.330000
3.334000
3.330000
3.333000
3.334000
3.334001
3.334000
3.334000
3.333000
3.334000
3.333000
3.334001
3.333000
3.331999
3.334000
3.334000
3.333000
3.334001
3.333000
3.334000
3.333000
3.333000
3.334000
3.333000
3.333000
3.334000
3.333000
3.333000
3.333000
3.334000
3.333000
3.334000
3.333000
3.334000
3.333000
3.333000
3.335000
3.334000
3.334000
3.333000
3.334000
3.334000
3.333000
3.333000
3.334000
3.333000
3.333000
3.334000
3.334000
3.334000
3.334000
3.334000
3.334000
3.334000
3.334000
3.334000
3.334000
3.333000
3.333000
3.333000
3.334000
3.334000
3.333000
3.334001
3.334001
3.334000
3.333000
3.334000
3.334000
3.330000
3.330001
3.333000
3.330000
3.333000
3.330000
3.330001
3.333000
3.334000
3.330001
3.334001
3.334000
3.330000
3.333000
3.330000
3.330000
3.330000
3.333000
3.330001
3.330001
3.334000
3.330001
3.330000
