6.596000
6.698000
6.588000
6.591000
6.592000
6.592001
6.592000
6.588000
6.592000
6.588000
6.592000
6.588000
6.592000
6.588000
6.592000
6.670000
6.588000
6.592001
6.588000
6.592000
6.588000
6.592000
6.588000
6.592000
6.588001
6.588000
6.588000
6.588000
6.588000
6.588000
6.588000
6.592001
6.592000
6.592000
6.588000
6.592001
6.592000
6.592000
6.592000
6.592000
6.588000
6.588000
6.671000
6.662000
6.592000
6.592000
6.592000
6.664000
6.662000
6.588000
6.662000
6.661000
6.592000
6.592000
6.592000
6.592000
6.592000
6.591001
6.588000
6.592000
6.592000
6.588000
6.592000
6.665000
6.663000
6.664000
6.588000
6.662000
6.588000
6.588000
6.588000
6.588000
6.589000
6.663000
6.588000
6.588000
6.592000
6.662000
6.592000
6.588000
6.592000
6.588001
6.592000
6.592000
6.588000
6.592000
6.592000
6.664000
6.592000
6.591000
6.588000
6.592000
6.588000
6.613000
6.591000
6.592000
6.588001
6.588000
6.588000
6.662000
6.592000
6.592000
6.592000
6.658000
6.592000
6.662000
6.664000
6.661001
6.592000
6.588000
6.592000
6.588000
6.592000
6.661001
6.588000
6.592000
6.592000
6.660000
6.592000
6.588000
6.592000
6.588000
6.592000
6.592000
6.588000
6.661000
6.588000
6.592000
6.664000
6.592000
6.592000
6.592000
6.662000
6.592000
6.588000
6.662000
6.588000
6.588001
6.588000
6.588000
6.588001
6.592000
6.662999
6.592000
6.588000
6.592000
6.592000
6.592000
6.665001
6.662000
6.588999
6.592000
6.592000
6.592000
6.592000
6.591000
6.664000
6.592001
6.664000
6.588000
6.588001
6.588000
6.662000
6.591000
6.592000
6.588000
6.588000
6.588000
6.674000
6.593000
6.664000
6.588000
6.592000
6.592000
6.662000
6.592000
6.592000
6.592000
6.588001
6.588000
6.592000
6.592000
6.592000
6.588000
6.592001
6.588000
6.592000
6.588000
6.588000
6.591000
6.588000
6.588000
6.592000
6.588000
6.592000
6.592000
6.588001
6.592000
6.591001
6.592000
6.588000
6.588001
6.589000
6.588000
6.588000
6.588000
6.588000
6.592000
6.592000
6.592000
6.592000
6.592000
6.592001
6.592000
6.592000
6.592000
6.592000
6.592001
6.592001
6.592000
6.592000
6.592000
6.592000
6.592001
6.592000
6.592000
6.592000
6.592000
6.593000
6.592000
6.592001
6.592000
6.592000
6.592001
6.592000
6.592000
6.592000
6.592000
6.592000
6.592000
6.592000
6.592000
6.592000
6.592000
6.592000
6.588000
6.588000
6.667000
6.588000
6.593000
6.588000
6.696000
6.591000
6.588000
6.666000
6.592001
6.592001
6.588000
6.592000
6.592000
6.915000
6.588000
6.592000
6.592000
6.588000
6.592000
6.592000
6.588000
6.592001
6.588000
6.592001
6.588000
6.588001
6.592000
6.592000
6.592000
6.588000
6.592000
6.588000
6.591000
6.588000
6.588000
6.758001
6.588000
6.665000
6.588001
6.588000
6.588001
6.588000
6.592000
6.592000
6.588000
6.588000
6.588001
6.588000
6.588000
6.588000
6.588000
6.588000
6.588000
6.592000
6.588000
6.588000
6.744999
6.588000
6.588000
6.592001
6.591000
6.666000
6.592000
6.592000
6.592000
6.592000
6.588000
6.588000
6.588000
6.668000
6.592000
6.592000
6.592000
6.592000
6.592000
6.663000
6.592000
6.661000
6.592000
6.592000
6.592000
6.663000
6.592000
6.592000
6.592000
6.592000
6.592000
6.666999
6.592000
6.592000
6.664000
6.588000
6.588000
6.588000
6.591000
6.592000
6.592000
6.592000
6.592000
6.588000
6.592000
6.588000
6.592000
6.661000
6.662999
6.588000
6.666000
6.588000
6.666000
6.666000
6.588000
6.592000
6.588000
6.592000
6.592000
6.588000
6.592000
6.588000
6.588000
6.592001
6.665000
6.592000
6.592000
6.588000
6.592000
6.592000
6.592000
6.588000
6.588000
6.588000
6.591000
6.592000
6.591000
6.588000
6.592001
6.588000
6.590000
6.588001
6.665001
6.588000
6.592000
6.660000
6.592000
6.592000
6.592000
6.592000
6.592000
6.588000
6.588000
6.592000
6.588000
6.592001
6.664000
6.591000
6.588000
6.592001
6.588000
6.592000
6.588000
6.666999
6.588000
6.592000
6.588001
6.588000
6.668000
6.588001
6.588000
6.592000
6.592000
6.592000
6.592000
6.592000
6.588000
6.592000
6.592000
6.588000
6.588000
6.592000
6.588000
6.592000
6.592000
6.592000
6.588001
6.592000
6.669000
6.592000
6.592000
6.667000
6.592000
6.592000
6.588000
6.588000
6.588000
6.592000
6.592000
6.588000
6.592000
6.588000
6.592001
6.592000
6.592000
6.592000
6.591001
6.592001
6.592001
6.592000
6.592000
6.591000
6.588000
6.592000
6.588000
6.592000
6.588000
6.588000
6.588000
6.588000
6.588000
6.588000
6.588000
6.588000
6.588000
6.592000
6.588000
6.592000
6.588000
6.592000
6.588001
6.592001
6.682000
6.880000
6.592000
6.588001
6.592000
6.588000
6.592000
6.592000
6.592000
6.588000
6.592000
6.588000
6.592000
6.592000
6.588000
6.588000
6.592000
6.588000
6.592000
6.589000
6.593000
6.592000
6.592000
6.592000
6.592000
6.592001
6.592000
6.592000
6.592000
6.592000
6.592000
6.592000
6.592000
6.592000
6.592000
6.592000
6.592000
6.592000
6.588001
6.592000
6.588000
6.678999
6.592000
6.592000
6.592000
6.592000
6.592000
6.592000
6.588000
6.588000
6.588000
6.588000
6.588000
6.588001
6.588000
6.588000
6.588000
6.588000
6.588000
6.588001
6.588000
6.588000
6.592000
6.592000
6.588000
6.588000
6.588001
6.588000
6.588000
6.588000
6.592000
6.588000
6.588000
6.588000
6.588001
6.588000
6.778000
6.588000
6.588000
6.592001
6.592001
6.592000
6.588000
6.588000
6.592000
6.592000
6.592000
6.592000
6.666000
6.592000
6.592000
6.592001
6.592000
6.592000
6.592000
6.592000
6.592000
6.592000
6.592000
6.592000
6.666000
6.592000
6.592000
6.592000
6.592000
6.592000
6.592000
6.592000
6.592000
6.592000
6.592000
6.588000
6.592000
6.589000
6.592000
6.709000
6.588000
6.588000
6.588000
6.588000
6.777000
6.588000
6.588000
6.588001
6.592000
6.588000
6.588000
6.592000
6.592000
6.669000
6.588000
6.588000
6.588000
6.668000
6.588000
6.592000
6.592000
6.592000
6.588000
6.588001
6.880000
6.588001
6.588000
6.592001
6.592000
6.591000
6.588000
6.665000
6.665000
6.665000
6.592000
6.588000
6.665000
6.589000
6.588000
6.588000
6.588000
6.588000
6.588000
6.592000
6.592000
6.592000
6.588000
6.592000
6.592000
6.592000
6.592000
6.592000
6.592000
6.592000
6.592000
6.592000
6.666000
6.588000
6.592000
6.592000
6.588001
6.592000
6.588000
6.592000
6.588000
6.592000
6.588000
6.667000
6.667000
6.592000
6.588000
6.588000
6.588000
6.588000
6.588000
6.659999
6.701000
6.592000
6.592000
6.862000
6.588000
6.592000
6.588000
6.592000
6.592000
6.588001
6.592000
6.588000
6.592000
6.592000
6.588001
6.588000
6.588000
6.588000
6.592000
6.592000
6.592001
6.592000
6.588000
6.592000
6.592000
6.592000
6.588000
6.591000
6.592000
6.588000
6.591000
6.592000
6.592001
6.588000
6.588000
6.588000
6.592000
6.592000
6.592000
6.592000
6.588000
6.694000
6.592000
6.588000
6.666000
6.666000
6.588000
6.592000
6.588000
6.592000
6.588000
6.588000
6.588000
6.592000
6.588000
6.592000
6.588000
6.588000
6.588001
6.592000
6.666000
6.588000
6.588000
6.592000
6.588000
6.592001
6.670000
6.664000
6.592000
6.588000
6.588001
6.588001
6.588000
6.588000
6.588001
6.664000
6.588000
6.588000
6.588000
6.592000
6.664000
6.592000
6.592000
6.592000
6.592000
6.666000
6.588000
6.592000
6.592000
6.592000
6.592000
6.592001
6.592000
6.592000
6.588000
6.592000
6.588000
6.592000
6.588001
6.592000
6.592000
6.592001
6.592000
6.592000
6.592000
6.665000
6.592000
6.592000
6.592001
6.592000
6.588000
6.588000
6.592000
6.592000
6.592000
6.666000
6.592000
6.592000
6.591001
6.616000
6.662999
6.592000
6.592000
6.592000
6.592000
6.592000
6.592000
6.592000
6.592001
6.592000
6.590000
6.592001
6.668000
6.592000
6.592000
6.592000
6.592000
6.592000
6.592000
6.592000
6.592000
6.592001
6.592001
6.592000
6.592000
6.588000
6.588000
6.588000
6.592000
6.592001
6.592000
6.592001
6.592001
6.592000
6.590000
6.592000
6.592000
6.592001
6.588000
6.588000
6.588000
6.592000
6.668000
6.592001
6.588001
6.592001
6.592000
6.588000
6.588000
6.588001
6.588001
6.592000
6.592000
6.665000
6.666000
6.592000
6.588000
6.592000
6.665000
6.588001
6.665001
6.665001
6.588000
6.592000
6.588000
6.665000
6.592001
6.592000
6.588000
6.592000
6.588001
6.679000
6.588000
6.592000
6.588000
6.664000
6.588000
6.592000
6.592000
6.588000
6.592000
6.686999
6.665000
6.665000
6.592000
6.592000
6.664000
6.592000
6.588000
6.592001
6.588000
6.696000
6.592000
6.588000
6.592000
6.670000
6.588000
6.665001
6.588000
6.666000
6.588000
6.588000
6.592000
6.592000
6.592000
6.666000
6.592000
6.588000
6.592000
6.592000
6.588000
6.592000
6.588000
6.592000
6.666999
6.588000
6.588000
6.592000
6.588000
6.592000
6.588000
6.592000
6.592000
6.592001
6.592000
6.592001
6.592000
6.592000
6.592000
6.744999
6.588000
6.588000
6.588000
6.588000
6.592000
6.588001
6.674000
6.588000
6.592000
6.588000
6.592000
6.588000
6.681000
6.591000
6.592000
6.588000
6.588001
6.588000
6.588000
6.588000
6.588000
6.589000
6.588000
6.592000
6.592000
6.588000
6.588000
6.588000
6.588000
6.589000
6.679000
6.592000
6.592000
6.592000
6.592000
6.592001
6.666999
6.592000
6.592000
6.592000
6.588000
6.589000
6.588000
6.588000
6.592000
6.592000
6.588000
6.588001
6.588000
6.588000
6.588000
6.588000
6.588000
6.592000
6.592000
6.588001
6.664000
6.588001
6.588000
6.588000
6.592000
6.592000
6.592001
6.592000
6.591000
6.592000
6.592000
6.592000
6.592000
6.588000
6.588000
6.588001
6.592000
6.588000
6.665000
6.588000
6.588000
6.588001
6.588000
6.588001
6.588000
6.592000
6.592000
