569.366000
623.532000
582.690000
583.664000
626.604000
568.336000
621.130000
606.525000
583.230000
618.039000
593.411000
597.767000
624.000000
568.550000
626.117000
611.620000
572.667000
638.678000
584.230000
607.829000
628.178000
592.161000
629.732000
600.351000
591.985000
632.368000
599.695000
600.906000
629.669000
588.429000
612.934000
621.068000
593.513000
621.805000
607.717000
606.403000
632.259000
589.638000
633.180000
633.799000
578.836000
625.523000
593.434000
602.956000
604.881000
568.555000
627.100000
611.672000
570.411000
615.862000
581.944000
602.699000
607.715000
585.218000
627.879000
608.008000
605.268000
633.349000
601.600000
604.466000
624.889000
587.104000
622.607000
612.832000
590.485000
623.434000
586.557000
588.205000
628.026000
593.192000
613.117000
617.830000
573.765000
648.797000
605.520000
606.996000
630.851000
574.791000
632.089000
599.328000
588.383000
659.733000
607.913000
590.379000
631.585000
594.980000
631.996000
649.643000
572.165000
632.076000
581.765000
593.491000
623.073000
585.209000
623.724000
609.935000
588.451000
613.909000
623.261000
603.892000
623.617000
569.136000
618.990000
606.165000
587.523000
635.791000
621.654000
602.708000
625.384000
581.087000
610.425000
615.689000
585.704000
621.117000
600.098000
590.670000
610.514000
592.017000
611.934000
618.837000
593.700000
638.878000
590.641000
624.970000
632.718000
580.208000
632.265000
619.957000
597.891000
637.096000
603.859000
616.299000
615.086000
589.408000
606.699000
611.726000
589.506000
632.929000
599.853000
595.709000
606.972000
586.060000
628.209000
612.422000
591.000000
635.701000
603.049000
604.041000
625.736000
588.425000
625.091000
615.843000
590.486000
617.596000
602.636000
585.733000
651.063000
591.427000
614.816000
618.413000
594.057000
620.157000
606.002000
606.205000
654.607000
586.578000
613.834000
619.616000
575.344000
623.841000
586.914000
590.069000
631.099000
578.164000
615.992000
621.078000
597.564000
639.044000
609.617000
602.961000
623.730000
584.673000
625.907000
608.327000
574.205000
617.132000
596.890000
583.521000
625.541000
611.011000
605.589000
613.822000
589.489000
635.452000
603.014000
604.108000
606.052000
604.734000
608.894000
613.975000
573.316000
618.757000
586.893000
604.645000
629.837000
587.135000
624.037000
617.592000
592.693000
639.191000
608.050000
601.096000
625.126000
595.177000
632.330000
612.481000
597.522000
639.997000
609.190000
603.280000
615.799000
578.848000
687.460000
624.501000
570.106000
632.185000
598.864000
604.210000
624.929000
588.178000
640.023000
613.190000
589.017000
634.809000
600.755000
584.575000
609.434000
587.071000
624.972000
599.524000
571.114000
634.028000
599.415000
601.749000
609.528000
626.415000
610.405000
622.527000
612.204000
627.647000
609.577000
625.597000
619.946000
626.888000
627.215000
680.077000
687.782000
686.281000
693.300000
690.525000
691.194000
689.988000
719.287000
675.128000
672.396000
687.277000
687.967000
595.082000
613.612000
596.824000
619.607000
611.096000
612.481000
596.523000
594.387000
596.699000
614.301000
596.116000
692.523000
674.740000
688.991000
686.717000
683.283000
668.874000
689.203000
668.769000
735.538000
688.010000
673.690000
670.940000
672.646000
687.285000
668.897000
688.523000
668.974000
668.201000
687.572000
679.325000
687.402000
688.381000
688.337000
688.170000
673.268000
671.635000
688.227000
672.235000
667.502000
671.590000
688.152000
719.257000
676.411000
689.468000
687.920000
668.998000
673.611000
688.475000
670.695000
745.550000
691.905000
678.562000
671.528000
681.902000
689.196000
686.240000
685.656000
671.691000
687.618000
689.287000
684.722000
685.804000
688.055000
691.082000
701.212000
689.458000
688.714000
685.824000
691.792000
688.220000
685.592000
680.521000
709.955000
687.543000
669.260000
670.191000
669.950000
686.602000
691.081000
689.939000
720.688000
692.409000
689.158000
690.740000
669.312000
687.218000
688.616000
670.032000
689.991000
685.438000
684.592000
670.608000
686.497000
692.902000
687.074000
683.631000
685.553000
669.437000
681.587000
685.177000
670.459000
688.244000
689.673000
670.915000
681.000000
683.524000
677.352000
685.117000
688.454000
679.958000
687.361000
688.066000
687.202000
688.861000
687.871000
688.179000
690.358000
685.804000
680.644000
688.472000
672.314000
672.155000
686.493000
669.557000
671.072000
684.950000
687.574000
689.993000
674.874000
686.646000
688.677000
669.315000
689.719000
687.519000
687.489000
686.717000
668.936000
688.373000
685.434000
672.046000
689.402000
690.099000
673.304000
703.272000
687.698000
688.418000
686.869000
687.969000
685.879000
669.860000
691.280000
710.815000
677.685000
682.953000
687.222000
675.123000
667.635000
688.360000
689.092000
704.487000
688.255000
673.149000
669.191000
684.144000
686.748000
690.860000
688.384000
707.209000
686.234000
688.552000
671.813000
689.601000
690.341000
684.097000
689.955000
670.268000
688.144000
670.007000
689.467000
669.666000
687.965000
684.612000
687.786000
689.578000
671.792000
671.415000
684.374000
670.227000
685.614000
669.447000
691.106000
669.093000
691.065000
680.620000
686.906000
689.625000
687.390000
688.200000
689.267000
676.298000
682.817000
668.780000
687.547000
687.593000
686.885000
673.410000
685.904000
673.218000
685.598000
686.255000
683.153000
686.412000
689.219000
689.072000
707.341000
686.734000
688.625000
686.278000
686.877000
686.655000
688.547000
680.668000
711.639000
689.210000
685.802000
691.053000
686.661000
686.998000
688.295000
687.377000
694.770000
668.062000
684.602000
685.230000
673.691000
669.071000
682.472000
687.064000
710.985000
667.982000
690.342000
669.673000
683.469000
689.666000
684.863000
689.174000
711.525000
670.509000
686.163000
686.335000
689.910000
687.851000
670.536000
670.704000
712.715000
677.990000
688.176000
672.807000
686.011000
679.457000
687.480000
678.765000
681.430000
687.152000
686.557000
689.224000
688.128000
666.932000
689.187000
675.162000
689.917000
686.904000
671.547000
685.116000
667.281000
678.929000
685.401000
687.528000
682.810000
688.829000
687.367000
690.217000
688.897000
687.761000
688.530000
688.883000
679.365000
671.373000
686.914000
670.042000
688.428000
686.523000
668.661000
687.817000
666.802000
679.548000
690.537000
685.298000
669.042000
687.927000
688.487000
713.002000
670.607000
688.328000
690.228000
688.417000
671.948000
668.581000
683.400000
700.577000
679.860000
688.180000
673.090000
685.365000
668.875000
670.675000
687.963000
690.560000
688.120000
686.592000
683.960000
671.127000
671.005000
687.572000
687.263000
689.966000
671.651000
680.728000
688.040000
686.370000
690.604000
681.305000
670.414000
706.224000
681.362000
685.657000
687.572000
672.908000
670.815000
687.727000
678.668000
708.400000
670.017000
670.359000
684.022000
687.464000
687.007000
688.067000
689.375000
701.826000
685.875000
668.882000
671.297000
688.754000
689.094000
688.964000
688.247000
681.329000
689.643000
686.190000
672.119000
687.950000
685.317000
686.234000
688.555000
684.955000
671.662000
682.827000
686.235000
672.099000
687.756000
688.179000
687.118000
683.399000
673.503000
680.382000
674.965000
689.645000
690.153000
687.822000
687.679000
668.414000
671.263000
690.119000
690.381000
689.036000
687.584000
688.778000
702.635000
684.460000
688.130000
686.660000
685.812000
685.934000
687.420000
687.095000
701.938000
689.070000
669.943000
685.813000
688.249000
686.813000
682.094000
690.290000
693.015000
667.172000
685.719000
672.030000
669.946000
669.240000
682.302000
686.927000
705.375000
685.861000
687.147000
668.456000
688.221000
685.818000
688.947000
687.835000
688.460000
667.660000
674.245000
686.007000
672.823000
688.627000
692.604000
689.592000
711.090000
672.920000
688.102000
676.609000
688.257000
687.230000
685.174000
685.080000
687.200000
667.867000
669.977000
688.342000
687.256000
665.702000
670.592000
671.540000
686.377000
685.270000
689.378000
687.305000
687.510000
685.882000
685.170000
685.744000
688.782000
688.564000
669.411000
687.050000
688.574000
685.825000
666.898000
669.554000
680.507000
679.673000
672.117000
686.835000
686.987000
688.747000
686.605000
668.564000
677.290000
679.443000
680.378000
690.466000
685.088000
680.370000
687.680000
670.897000
670.831000
686.269000
687.536000
671.912000
691.879000
680.839000
688.229000
701.945000
688.404000
688.068000
689.302000
685.290000
686.905000
688.345000
673.429000
688.955000
687.570000
684.930000
671.437000
688.900000
689.662000
682.082000
684.917000
712.893000
688.546000
685.799000
669.179000
687.525000
670.118000
687.202000
687.034000
706.234000
671.559000
683.743000
672.581000
689.956000
681.115000
671.875000
689.283000
682.685000
670.488000
673.689000
687.005000
686.995000
692.002000
686.759000
688.378000
702.942000
689.898000
688.079000
687.188000
668.835000
681.068000
684.906000
687.180000
670.520000
684.910000
670.013000
687.594000
686.667000
669.514000
668.316000
670.504000
689.044000
687.999000
689.754000
691.406000
681.596000
687.522000
689.354000
689.092000
689.455000
691.078000
687.173000
684.802000
686.858000
676.182000
689.103000
686.935000
672.286000
684.788000
666.561000
670.053000
689.140000
684.957000
684.652000
687.162000
671.663000
686.704000
680.658000
679.580000
686.712000
687.782000
685.335000
671.650000
672.426000
687.829000
688.611000
672.076000
684.010000
671.104000
688.927000
696.838000
669.418000
689.771000
667.896000
672.343000
670.748000
685.775000
693.085000
702.300000
668.397000
685.042000
687.523000
673.705000
669.027000
687.802000
670.482000
709.647000
687.326000
687.968000
671.941000
682.428000
668.317000
666.782000
669.628000
707.004000
688.450000
686.891000
687.522000
687.008000
684.354000
688.715000
688.941000
702.932000
690.021000
679.461000
689.512000
688.460000
687.367000
683.315000
680.506000
714.769000
686.940000
688.511000
666.550000
672.015000
671.592000
685.407000
671.709000
713.370000
670.728000
686.830000
682.788000
669.418000
688.989000
671.848000
681.132000
711.879000
690.240000
668.353000
690.286000
669.808000
690.084000
685.033000
686.389000
683.083000
668.259000
685.097000
686.740000
669.789000
688.752000
686.208000
689.141000
684.052000
685.782000
684.384000
688.668000
678.576000
684.107000
672.796000
668.270000
680.620000
690.728000
685.335000
667.266000
688.002000
686.592000
671.536000
689.152000
678.806000
688.470000
671.757000
689.807000
692.820000
668.878000
680.459000
686.569000
674.581000
672.721000
687.950000
669.156000
686.643000
677.952000
687.414000
685.194000
675.120000
688.756000
677.122000
684.693000
684.681000
687.923000
689.490000
709.925000
690.483000
687.385000
682.158000
689.765000
684.914000
667.863000
681.483000
707.177000
685.173000
687.120000
668.777000
689.921000
690.035000
690.159000
686.351000
717.543000
668.705000
688.336000
686.814000
685.660000
667.129000
687.232000
692.376000
698.240000
686.457000
687.501000
688.035000
688.263000
683.724000
688.791000
687.866000
700.417000
686.023000
688.837000
685.753000
667.932000
690.298000
686.508000
680.741000
674.761000
668.929000
687.438000
