0.355000
0.353999
0.347001
0.349000
0.347000
0.350000
0.347001
0.357000
0.345999
0.349000
0.346000
0.351001
0.345999
0.345999
0.345000
0.355001
0.344999
0.346000
0.345000
0.350000
0.359000
0.346000
0.350000
0.350000
0.349000
0.346000
0.349000
0.350000
0.350000
0.350000
0.349999
0.349000
0.349000
0.349000
0.346000
0.350000
0.347001
0.344999
0.346000
0.344999
0.349000
0.349999
0.349000
0.348000
0.350000
0.348000
0.349000
0.347000
0.349000
0.350000
0.346000
0.348000
0.345000
0.345000
0.346000
0.350000
0.348001
0.349999
0.345999
0.350000
0.347000
0.349999
0.349000
0.350000
0.347001
0.349000
0.350000
0.346000
0.349000
0.350000
0.345999
0.351001
0.350000
0.349999
0.348000
0.350000
0.349999
0.350000
0.348001
0.350000
0.347000
0.349999
0.348000
0.349000
0.347000
0.350000
0.347001
0.349000
0.348000
0.350000
0.348001
0.349999
0.349999
0.349999
0.349000
0.349999
0.347001
0.349999
0.350000
0.349000
0.349999
0.350000
0.347001
0.345000
0.345000
0.346000
0.346000
0.349999
0.349999
0.349000
0.346000
0.348999
0.349000
0.346000
0.349000
0.349000
0.346000
0.348001
0.359000
0.345000
0.349999
0.349000
0.346000
0.347001
0.347000
0.349000
0.348000
0.345999
0.345000
0.349000
0.346000
0.345000
0.345000
0.345000
0.345999
0.345000
0.345999
0.350000
0.348001
0.350000
0.359000
0.349000
0.348000
0.350000
0.345999
0.349999
0.347000
0.349999
0.347000
0.351001
0.347001
0.349999
0.346000
0.350000
0.345999
0.349999
0.346000
0.349000
0.349000
5.733999
0.345000
0.348999
0.358000
0.349000
0.348000
0.349000
0.347000
0.350000
0.347001
0.350000
0.347000
0.349999
0.346000
0.348000
0.350000
0.350000
0.345000
0.347001
0.350000
0.349000
0.345999
0.349999
0.345000
0.361000
0.349000
0.346000
0.364000
0.345000
0.349000
0.349000
0.348999
0.350000
0.349000
0.349000
0.345999
0.349000
0.359000
0.350000
0.346000
0.346000
0.346000
0.349000
0.350000
0.349000
0.349000
0.345000
0.345999
0.347001
0.346000
0.348999
0.347001
0.349000
0.345000
0.349000
0.349000
0.349000
0.345000
0.345000
0.346000
0.345000
0.350000
0.345000
0.346000
0.349000
0.345000
0.345999
0.349000
0.345999
0.349000
0.349000
0.346000
0.345000
0.345000
0.345000
0.346000
0.349000
0.349999
0.349000
0.349000
0.349000
0.346000
0.345000
0.350000
0.349000
0.349999
0.349999
0.358000
0.349999
0.350000
0.350000
0.356000
0.349000
0.348000
0.349999
0.346000
0.348999
0.346000
0.349000
0.348000
0.348000
0.349999
0.350000
0.349000
0.349999
0.350000
0.344999
0.345999
0.345000
0.349000
0.348999
0.349999
0.348000
0.349000
0.349999
0.348000
0.349999
0.349000
0.349999
0.347001
0.347001
0.359000
0.345000
0.345000
0.345000
0.346000
0.345000
0.345000
0.350000
0.348000
0.349999
0.358000
0.349000
0.349000
0.350000
0.349999
0.350000
0.348000
0.350000
0.348000
0.349999
0.357000
0.350000
0.347000
0.349999
0.350000
0.345999
0.349000
0.349000
0.349999
0.349000
0.346000
0.347000
0.347001
0.345000
0.345000
0.349999
0.350000
0.349000
0.349000
0.349000
0.349000
0.348999
0.349999
0.349999
0.349999
0.346000
0.350000
0.347000
0.347000
0.349000
0.350000
0.349999
0.349000
0.345000
0.348000
0.349000
0.349999
0.349999
0.349000
0.349000
0.345000
0.348999
0.347001
0.350000
0.347001
0.350000
0.349000
0.348999
0.345000
0.348999
0.350000
0.345000
0.346000
0.349000
0.349000
0.345000
0.349000
0.365000
0.350000
0.349000
0.359000
0.349000
0.345000
0.349000
0.350000
0.349000
0.346000
0.345000
0.346000
0.349000
0.359000
0.347000
0.345999
0.349000
0.345000
0.349000
0.345999
0.349000
0.345999
0.345000
0.349000
0.349999
0.380000
0.350000
0.349000
0.349000
0.345000
0.349000
0.348999
0.345000
0.345999
0.350000
0.349000
0.349999
0.349000
0.349999
0.349999
0.349000
0.349000
0.349999
0.350000
0.349999
0.347001
0.349000
0.359000
0.349000
0.349000
0.347000
0.347001
0.347001
0.349000
0.349000
0.349000
0.349999
0.344999
0.345999
0.345999
0.349000
0.348000
0.345000
0.346000
0.364000
0.345999
0.350000
0.350000
0.350000
0.347001
0.349000
0.347001
0.350000
0.347001
0.350000
0.347000
0.345000
0.350000
0.349999
0.349999
0.349000
0.348001
0.347000
0.345999
0.349000
0.345000
0.349000
0.349000
0.350000
0.349000
0.349000
0.346000
0.350000
0.347001
0.360000
0.349000
0.349999
0.349000
0.350000
0.347001
0.350000
0.351000
0.350000
0.347000
0.350000
0.349000
0.350000
0.348000
0.349000
0.349999
0.348000
0.348999
0.346000
0.346000
0.349000
0.348001
0.349999
0.349000
0.349000
0.347000
0.349999
0.356999
0.349000
0.349000
0.345999
0.348001
0.347001
0.346000
0.350000
0.346000
0.349999
0.348000
0.349999
0.351000
0.350000
0.346000
0.349000
0.349000
0.349000
0.347000
0.349000
0.349000
0.345000
0.349000
0.347000
0.349000
0.349999
0.349000
0.349000
0.360000
0.350000
0.345999
0.347001
0.346000
0.350000
0.347000
0.349999
0.357999
0.349999
0.349000
0.345000
0.347001
0.345000
0.349000
0.345000
0.345000
0.350000
0.346000
0.349000
0.347000
0.350000
0.349000
0.346000
0.349000
0.349000
0.348999
0.349999
0.347001
0.349000
0.348000
0.349000
0.349000
0.349000
0.349000
0.349999
0.345999
0.350000
0.349000
0.349999
0.349000
0.345000
0.349000
0.349999
0.346000
0.345000
0.350000
0.349999
0.346000
0.345000
0.350000
0.349000
0.347000
0.350000
0.347001
0.349000
0.347000
0.349000
0.349000
0.345999
0.349999
0.348999
0.349000
0.349000
0.349000
0.349000
0.357999
0.345000
0.345000
0.349000
0.349999
0.346000
0.345000
0.349000
0.349000
0.345000
0.349000
0.347000
0.345000
0.345000
0.344000
0.350000
0.345000
0.349999
0.350000
0.349000
0.381000
0.345000
0.346000
0.351000
0.364000
0.345000
0.346000
0.345999
0.350000
0.349000
0.350000
0.349000
0.347001
0.349000
0.348000
0.349999
0.350000
0.349000
0.345000
0.346000
0.349000
0.349000
0.348999
0.349000
0.347000
0.349999
0.347001
0.350000
0.347001
0.350000
0.349999
0.350000
0.347001
0.349999
0.350000
0.350000
0.348000
0.349000
0.349000
0.346000
0.349999
0.349000
0.349000
0.350000
0.349000
0.349000
0.349000
0.349000
0.345999
0.348000
0.349999
0.348999
0.349000
0.345000
0.350000
0.350000
0.348999
0.345000
0.349000
0.345000
0.349000
0.345000
0.349999
0.349999
0.346000
0.348999
0.349000
0.349999
0.349000
0.345000
0.344999
0.345999
0.344000
0.349000
0.349000
0.347001
0.349000
0.350000
0.345000
0.348000
0.348000
0.349999
0.345000
0.348999
0.344999
0.349000
0.345000
0.349000
0.348001
0.350000
0.349000
0.350000
0.345000
0.345000
0.344001
0.347000
0.380000
0.349000
0.349000
0.350000
0.349000
0.345000
0.350000
0.350000
0.349000
0.348999
0.364000
0.345999
0.344999
0.345000
0.345000
0.345999
0.349000
0.345000
0.349000
0.345999
0.345000
0.346000
0.346000
0.347001
0.349000
0.349000
0.348000
0.349000
0.345000
0.345000
0.350000
0.349999
0.349000
0.349999
0.348000
0.349999
0.349000
0.350000
0.349000
0.349000
0.344999
0.349000
0.344000
0.349999
0.344000
0.349000
0.349000
0.345000
0.349000
0.350000
0.349000
0.363000
0.347001
0.349000
0.349000
0.345000
0.346000
0.350000
0.349000
0.350000
0.349000
0.345000
0.346000
0.346000
0.349000
0.349000
0.345000
0.345000
0.349000
0.345000
0.345000
0.349000
0.348000
0.349000
0.347000
0.349999
0.345999
0.349000
0.350000
0.346000
0.349000
0.349000
0.345999
0.345000
0.349000
0.349999
0.383000
0.364000
0.366000
0.350000
0.344000
0.345000
0.350000
0.349000
0.346000
0.364999
0.349000
0.349000
0.349000
0.349000
0.349000
0.380000
0.349999
0.361000
0.346000
0.349999
0.347001
0.349999
0.349000
0.349000
0.350000
0.349999
0.349000
0.349999
0.349000
0.359001
0.349000
0.349000
0.364000
0.376000
0.349000
0.349000
0.347001
0.346000
0.346000
0.345000
0.348001
0.349000
0.349000
0.363000
0.349000
0.349000
0.349000
0.350000
0.346000
0.349000
0.345000
0.349000
0.349000
0.359000
0.384000
0.349999
0.349000
0.360000
0.381000
0.348999
0.347000
0.349000
0.347000
0.349999
0.347001
0.349999
0.347000
0.345999
0.346000
0.364999
0.349999
0.349000
0.349000
0.359000
0.349000
0.349999
0.347000
0.350000
0.348001
0.349000
0.347000
0.349999
0.345999
0.349999
0.347000
0.350000
0.347000
0.345000
0.346000
0.380000
0.348999
0.345000
0.349000
0.349000
0.349000
0.364000
0.365000
0.347000
0.347000
0.350000
0.347000
0.347000
0.350000
0.349000
0.349999
0.346000
0.349000
0.359001
0.345999
0.349000
0.359000
0.349999
0.345000
0.350000
0.347001
0.347000
0.345999
0.350000
0.351001
0.345000
0.349000
0.349000
0.349000
0.345000
0.345999
0.350000
0.350000
0.349000
0.350000
0.344999
0.345000
0.346000
0.345000
0.346000
0.349000
0.345000
0.345000
0.350000
0.347001
0.347000
0.349000
0.349000
0.348999
0.349000
0.349000
0.349000
0.346000
0.350000
0.345000
0.350000
0.348000
0.349999
0.349000
0.350000
0.348000
0.346000
0.349999
0.346000
0.345000
0.345000
0.348001
0.349000
0.349000
0.349000
0.349000
0.349999
0.346000
0.345000
0.364000
0.364000
0.349000
0.350000
0.349000
0.349999
0.349000
0.349000
0.346000
0.346000
0.349000
0.344999
0.345000
0.348999
0.346000
0.349000
0.349000
0.350000
0.348000
0.350000
0.345000
0.345000
0.348000
0.349000
0.382000
0.345000
0.345000
0.349000
0.345999
0.345000
0.347000
0.350000
0.349999
0.345000
0.359000
0.348000
0.365000
0.365000
0.345000
0.364000
0.348000
0.348999
0.349999
0.348001
0.350000
0.349000
0.356999
0.348999
0.350000
0.349999
0.356000
0.349000
0.350000
0.350000
0.347000
0.349999
0.347000
0.350000
