6.720000
6.200000
5.620001
5.160000
4.720000
4.520000
4.540000
4.620000
4.460000
4.360000
4.380000
4.240000
4.299999
4.260000
4.260000
4.280000
4.260000
4.319999
4.300000
4.260000
4.280000
4.280000
4.299999
4.260000
4.280000
4.260000
4.280000
4.260000
4.280000
4.240000
4.280000
4.280000
5.060000
5.020000
4.260000
4.260000
4.300000
4.260000
4.240001
4.260000
4.220000
4.260000
4.940000
4.220000
4.260000
4.960000
4.280000
4.240001
4.939999
4.280000
4.960000
5.000000
4.920000
4.240000
4.280000
4.939999
4.260000
4.980001
4.260000
4.660000
4.240000
4.240000
4.260001
4.280000
4.260001
4.280000
4.280000
4.300000
5.080000
4.300000
4.280000
4.280000
4.280000
4.559999
4.220000
4.240000
4.480000
4.300000
4.240001
4.300000
4.220000
4.220000
4.160000
4.199999
4.680000
4.240000
4.200000
4.240000
4.920000
4.220000
4.220000
4.220000
4.960001
4.200000
4.180000
4.220000
4.200000
4.980001
4.400000
4.240000
4.240000
4.240000
4.200000
4.240001
4.199999
4.240000
4.220000
4.220000
4.240001
4.200000
4.200000
4.220000
4.220000
4.200000
4.199999
4.220000
4.200000
4.640000
4.199999
4.240001
4.199999
4.240000
4.920000
4.200000
4.240001
4.220000
4.400000
4.220000
4.200000
4.200000
4.260000
4.199999
4.199999
4.220000
4.200000
4.180000
4.200000
4.200000
4.200000
4.200000
4.199999
4.180000
4.180000
4.180000
4.200000
4.240000
4.220000
4.240000
4.200000
4.220000
4.140000
4.220000
4.220000
4.220000
4.460000
4.220000
4.200000
4.200000
4.240000
4.240000
4.200000
4.140000
4.220000
4.240001
4.240000
4.220000
4.220000
4.220000
4.220000
4.180000
4.200000
4.200000
4.199999
4.200000
4.960001
4.200000
4.260000
4.200000
4.199999
4.200000
4.240000
4.180000
4.200000
4.360000
4.220000
4.200000
4.200000
4.220000
4.240001
4.220000
4.220000
4.200000
4.220000
4.280000
4.360000
4.280000
4.240000
4.240000
4.240001
4.260000
4.240001
4.220000
4.260000
4.260000
4.260000
4.240000
4.220000
4.240001
4.400000
4.220000
4.240001
4.240001
4.240001
4.240001
4.200000
4.400000
4.240000
4.260000
4.220000
4.220000
4.220000
4.220000
4.260000
4.980000
4.220000
4.220000
4.240000
4.460000
4.240001
4.220000
4.240001
4.240000
4.260000
4.280000
4.240000
4.260000
4.220000
4.240001
4.240001
4.260000
4.280000
4.220000
4.260000
4.260000
4.960000
4.240001
4.560000
4.220000
4.200000
4.240000
4.220000
4.260000
4.939999
4.240001
4.240000
4.940000
4.240001
4.240000
4.240000
4.199999
4.260000
4.240001
4.240000
4.260001
4.240000
4.280000
4.260001
4.240000
4.240000
4.220000
4.220000
4.240001
4.240000
4.260000
4.280000
4.439999
4.240000
4.240001
4.240001
4.220000
4.240000
4.240000
4.260000
4.220000
4.220000
4.280000
4.220000
4.240000
4.260000
4.240000
4.240000
4.200000
4.240001
4.240000
4.260000
4.240001
4.260000
4.240000
4.240001
4.260000
4.380000
4.220000
4.220000
4.220000
4.960000
4.240001
4.240000
4.260000
4.240000
4.260000
4.240001
4.220000
4.180000
4.220000
4.220000
4.220000
4.260000
4.260000
4.240000
4.240000
4.260000
4.220000
4.260001
4.340000
4.220000
4.240000
4.220000
4.260000
4.220000
4.220000
4.260000
4.240000
4.260000
4.240000
4.240000
4.220000
4.240001
4.260000
4.260000
4.240000
4.240000
4.240000
4.220000
4.260000
4.200000
4.260001
4.220000
4.240000
4.220000
4.280000
4.240000
4.260001
4.240000
4.360001
4.260000
4.240000
4.199999
4.240000
4.240000
4.240000
4.240000
4.960001
4.260000
4.260001
4.260000
4.220000
4.960000
4.220000
4.240001
4.240001
4.220000
4.240001
4.240001
4.220000
4.240000
4.240000
4.240000
4.980000
4.220000
4.439999
4.240001
4.260000
4.240000
4.220000
4.260000
4.200000
4.240000
4.240001
4.220000
4.220000
4.240001
4.240000
4.240000
4.240001
4.260001
4.180000
4.220000
4.240000
4.260000
4.260000
4.260000
4.240000
4.380001
4.240000
4.240001
4.240001
4.240001
4.980001
4.939999
4.260000
4.240001
4.240001
4.280000
4.400000
4.280000
4.220000
4.240000
4.240000
4.220000
4.220000
4.400000
4.260000
4.260000
4.220000
4.220000
4.240001
4.260000
4.240000
4.240000
4.240000
4.240001
4.220000
4.220000
4.980001
4.220000
4.260001
4.260000
4.240001
4.240000
4.220000
4.220000
4.240000
4.240000
4.260001
4.240001
4.240000
4.240001
4.260000
4.220000
4.220000
4.220000
4.260000
4.240000
4.240000
4.260000
4.240000
4.240001
4.240000
4.260000
4.220000
4.240000
4.240001
4.240001
4.220000
4.220000
4.200000
4.260000
4.260001
4.200000
4.540000
4.740000
4.740001
4.220000
4.960001
4.260000
4.260000
4.240000
4.220000
4.220000
4.240000
4.260000
4.240000
4.260001
4.260001
4.240000
4.260000
4.240000
4.240000
4.260000
4.240000
4.220000
4.220000
4.220000
4.260000
4.260001
4.240000
4.260000
4.240000
4.240001
4.200000
4.220000
4.240000
4.680000
4.740000
4.280000
4.260000
4.220000
4.240000
4.240000
4.240000
4.260000
4.240000
4.260000
4.220000
4.220000
4.240001
4.280000
4.260000
4.260000
4.220000
4.240001
4.240001
4.240000
4.240000
4.240001
4.260001
4.240000
4.939999
5.039999
4.240000
4.240001
4.240001
4.240001
4.260000
4.240000
4.220000
4.260000
4.260000
4.960001
4.240001
4.240000
4.240000
4.260000
4.240001
4.220000
4.260000
4.240000
4.179999
4.240000
4.240000
4.220000
4.220000
4.960001
4.380000
4.220000
4.260000
5.000001
4.980000
4.280000
4.240000
4.240000
4.220000
4.240001
4.260000
4.260001
4.240000
4.260000
4.260000
4.240000
4.240000
4.240000
4.400000
4.240001
4.240000
4.659999
5.000000
4.240000
4.220000
4.240001
4.360001
4.240000
4.240001
4.440000
4.280000
4.240000
4.240000
4.260001
4.240000
4.160000
4.220000
4.240000
4.240000
4.220000
4.240000
4.260000
4.240000
4.940000
4.240001
4.960000
4.260001
4.260001
4.260000
4.240000
4.200000
4.220000
4.240000
4.240000
4.240001
4.240000
4.240000
4.240001
4.240001
4.220000
4.220000
4.240001
4.240000
4.280000
4.220000
4.240001
4.960001
4.220000
4.199999
4.580000
4.260000
4.240000
4.220000
4.240000
4.200000
4.240000
4.220000
4.220000
4.260000
4.240000
4.240001
4.240001
4.240001
4.260000
4.240000
4.240000
4.240000
4.200000
4.199999
4.260000
4.260000
4.280000
4.240000
4.260000
4.220000
4.240000
4.220000
4.220000
4.220000
4.240001
4.240001
4.960001
4.260000
4.340000
4.280000
4.260000
4.199999
4.240000
4.240000
4.240000
4.200000
4.220000
4.260000
4.220000
4.280000
4.240001
4.240001
4.240000
4.260000
4.240000
4.240000
4.240001
4.199999
4.240001
4.240000
4.400000
4.960001
4.939999
4.240000
4.260000
4.220000
4.240001
4.220000
4.280000
4.240001
4.240000
4.240001
4.260000
4.240001
4.240000
4.380000
4.240000
4.220000
4.240001
4.240001
4.960001
4.220000
4.240000
4.280000
4.240000
4.240001
5.360000
4.800000
4.220000
4.440000
4.260000
4.240000
4.260000
4.240000
4.260000
4.220000
4.240000
4.220000
4.280000
4.260000
4.240000
4.400001
4.240001
4.220000
4.260000
4.220000
4.220000
4.240001
4.220000
4.240000
4.220000
4.240000
4.240001
4.220000
4.280000
4.440000
4.240001
4.240001
4.260000
4.240001
4.220000
4.220000
4.220000
4.220000
4.240001
4.260000
4.240000
4.440000
4.240001
4.240000
4.240000
4.280000
4.980000
4.220000
4.200000
4.220000
4.260000
4.200000
4.240000
4.240001
4.240000
4.240000
4.240001
4.280000
4.240001
4.240001
4.260000
4.220000
4.200000
4.240000
4.240000
4.260000
4.260000
4.220000
4.260000
4.260000
4.240000
4.280000
4.240000
4.240001
4.240001
4.240000
4.220000
4.220000
4.280000
4.240000
4.240000
4.380001
4.179999
4.240000
4.220000
4.280000
4.260000
4.220000
4.400000
4.640000
4.240001
4.240001
4.240000
4.240000
4.200000
4.960001
4.240001
4.240001
4.220000
4.240000
4.240001
4.220000
4.220000
4.220000
4.260000
4.260001
4.240000
4.240000
4.199999
4.240001
4.240001
4.240000
4.260000
4.220000
4.200000
4.220000
4.960000
4.220000
4.260000
4.240000
4.940000
4.220000
4.220000
4.260000
4.240000
4.220000
4.559999
4.220000
4.220000
4.240001
4.240001
4.260000
4.960000
4.260000
4.240000
4.240000
4.260000
4.120000
4.960000
4.240000
4.400000
4.240001
4.240000
4.260000
4.240000
4.240001
4.240001
4.240001
4.240000
4.220000
4.240000
4.220000
4.240000
4.220000
4.220000
4.240000
4.260000
4.240000
4.240000
4.240001
4.240000
4.260001
4.240000
4.260000
4.620000
4.960001
4.220000
4.260000
4.400000
4.940000
4.940000
4.240000
4.260000
4.240000
4.980001
4.240000
4.240000
4.240001
4.260000
4.240000
4.980000
4.220000
4.960000
4.960001
4.260000
4.240000
4.240000
4.220000
4.420000
160.220000
4.240000
4.280000
4.240000
4.260000
4.240000
4.240000
4.240000
4.240001
4.240000
4.240000
4.240000
4.240000
4.240000
4.240000
4.440000
4.280000
4.240000
4.220000
4.240001
4.240001
4.240000
4.240000
4.400000
4.260000
4.240001
4.240001
4.240000
4.240000
4.220000
4.220000
4.300000
4.260000
4.220000
4.260000
4.220000
4.260000
4.220000
4.260000
4.240001
4.240000
4.240000
4.220000
4.260001
4.380000
4.960001
4.240000
4.220000
4.240000
4.240000
4.240000
4.240001
4.240000
4.220000
4.260000
4.180000
4.580000
4.240000
4.220000
4.220000
4.240000
4.260000
4.340000
4.260000
4.240001
4.240000
4.660000
4.240000
4.220000
4.260000
4.140000
4.220000
4.220000
4.240001
4.240000
4.240000
4.260001
4.240000
4.199999
4.220000
4.260000
4.220000
4.199999
4.260000
4.240000
4.260000
4.220000
4.220000
4.240000
4.300000
4.280001
4.280000
4.220000
4.240001
4.260001
4.220000
4.960001
4.960000
4.960000
4.260000
4.220000
4.439999
4.260000
4.220000
4.220000
4.240001
4.240001
