1.788000
1.737000
1.657002
1.642000
1.347000
1.492001
1.337999
1.660001
2.074001
1.492999
1.490999
1.311999
1.316000
1.345001
1.443999
1.418000
1.273999
1.347000
1.273999
1.218000
1.348000
1.382001
1.223000
1.373999
1.390999
1.247998
1.246000
1.234999
1.084000
1.240000
1.389999
1.230000
1.537001
1.240000
1.254002
1.378000
1.235001
1.398001
1.387000
1.218999
1.235001
1.217999
1.218000
1.424000
1.235999
1.391999
1.250999
1.551000
1.397001
1.243001
1.228999
1.447000
1.398999
1.211001
1.306999
1.426000
1.421001
1.219001
1.204001
1.212999
1.222000
1.223000
1.209999
1.225000
1.216000
1.244999
1.225000
1.224000
1.222000
1.209000
1.380000
1.552001
1.302000
1.459999
1.261001
1.234001
1.368999
1.273999
1.398999
1.411000
1.412999
1.404999
1.528000
1.444001
1.431001
1.443001
1.430999
1.215000
1.376001
1.393000
1.226999
1.257000
1.238000
1.255998
1.399999
1.209000
1.238000
1.077998
1.267001
1.364000
1.238000
1.242001
1.687000
1.215000
1.226000
1.218000
1.393000
1.397999
1.398999
1.395000
1.249000
1.434999
1.535000
1.257000
1.536999
1.443001
1.442000
1.429001
1.424000
1.279000
1.279000
1.284000
1.428001
1.225000
1.909999
1.405001
1.284000
1.292000
1.265001
1.261000
1.416001
1.401000
1.417000
1.218999
1.288999
1.898000
1.580000
1.579000
1.571000
1.549000
1.404000
1.566000
1.608001
1.563000
1.591999
1.402998
1.569999
1.561001
1.581999
1.391001
1.564000
1.719000
1.590000
1.589999
1.580000
1.435000
1.558000
1.555001
1.580000
1.561001
1.567001
1.571001
1.367001
1.534000
1.371998
1.388000
1.389001
1.416001
1.543000
1.385000
1.374001
1.222000
1.386000
1.209999
1.382999
1.246000
1.520000
1.225000
1.454001
1.444999
1.436999
1.428999
1.426000
1.465000
1.430999
1.438001
1.439000
1.447000
1.379000
1.387998
1.224000
1.375001
1.394000
1.376001
1.398999
1.390999
1.380000
1.534000
1.223002
1.754001
1.248999
1.395000
1.217999
1.374999
1.240000
1.362000
1.205999
1.227001
1.511000
1.220001
1.406001
1.230000
1.364000
1.359001
1.531001
1.502000
1.232000
1.053000
1.218000
1.243999
1.207002
1.214001
1.378000
1.216000
1.222000
1.081001
1.354000
1.365000
1.224000
1.223000
1.518002
1.374001
1.270000
1.383001
1.379000
1.368999
1.402000
1.366001
1.377000
2.286000
1.751000
1.372000
1.542000
1.370000
1.064999
1.089999
1.087001
1.068000
1.095999
1.063000
1.063000
1.070000
1.072999
1.061000
1.062000
1.211001
1.077000
1.079001
1.215000
1.078000
1.067000
1.066001
1.210000
1.576001
1.403000
1.402000
1.371000
1.367999
1.376001
1.384001
1.553999
1.550999
1.535000
1.230000
1.382001
1.370000
1.366999
1.361001
1.239000
1.233000
1.399001
1.379000
1.265001
1.456000
1.272999
1.298999
1.288999
1.285000
1.302000
1.284000
1.293000
1.285000
1.329999
1.391999
1.580000
1.561999
1.450000
1.437999
1.456002
1.626000
1.391001
1.270000
1.502000
1.382001
1.398999
1.439000
1.390999
1.385000
1.371998
1.386000
1.386000
1.410000
1.405999
1.217000
1.401000
1.399001
1.404000
1.402000
1.413001
1.408001
1.393000
1.373999
1.374999
1.231002
1.569001
1.563000
1.393000
1.416000
1.564002
1.403999
1.413001
1.376001
1.552001
1.384001
1.553001
1.531001
1.389999
1.390001
1.213999
1.394000
1.413999
1.415001
1.535000
1.525000
1.532000
1.387000
1.506999
1.532000
1.364000
1.373000
1.381001
1.402000
1.395000
1.520000
1.397001
2.083000
1.960000
1.566000
1.241000
1.742000
1.234999
1.374999
1.390001
1.376001
1.234001
1.389001
1.224000
1.379998
1.390999
1.349000
1.201000
1.419000
1.354000
1.411999
1.405001
1.349999
1.220001
1.220999
1.423001
1.382001
1.378000
1.502998
1.248000
1.364000
1.383999
1.363998
1.388000
1.545001
1.218000
1.399999
1.422001
1.860000
1.556000
1.376001
1.408000
1.223000
1.347000
1.346000
1.419999
1.423001
1.419000
1.417000
1.420001
1.413999
1.422999
1.439001
1.402000
1.401000
1.393002
1.425000
1.396000
1.364000
1.352001
1.381001
1.367001
1.346000
1.362000
1.354000
1.216000
1.220999
1.230000
1.227001
1.220001
1.080001
1.380000
1.062000
1.089999
1.208000
1.222001
1.249000
1.396000
1.390999
1.067000
1.389001
1.226000
1.219001
1.192000
1.363000
1.360999
1.197999
1.084000
1.237001
1.079001
1.374001
1.340000
1.208002
1.226000
1.203001
1.220999
1.366001
1.211999
1.371000
1.348000
1.355000
1.389001
1.603000
1.375999
1.223002
1.203001
1.521999
1.368999
1.343001
1.362000
1.352999
1.389999
1.395000
1.398999
1.440000
1.433000
1.397001
1.411999
2.092998
1.591001
1.551999
1.517000
1.716999
1.513001
1.386000
1.544999
1.231000
1.377001
1.218000
1.534000
1.391001
1.371000
1.071000
1.199001
1.224000
1.226999
1.355000
1.359999
1.244999
1.065999
1.397001
1.267001
1.389999
1.211001
1.379000
1.376001
1.404000
1.440000
1.448000
1.370002
1.239000
1.193000
1.377000
1.482001
1.352999
1.072999
1.377000
1.222000
1.350001
1.248000
1.360001
1.370000
1.366001
1.240000
1.236999
1.213001
1.920000
1.564002
1.424000
1.372000
1.410000
1.363000
1.373000
1.427000
1.525000
1.522001
1.352999
1.437001
1.215000
1.064999
1.209999
1.215002
1.078999
1.087999
1.228999
1.226000
1.061000
1.202000
1.205999
1.347000
1.073001
1.222000
1.227001
1.065001
1.232000
1.203001
1.251001
1.203999
1.208000
1.217000
1.310999
1.235001
1.210999
1.238000
1.216000
1.196001
1.073999
1.218999
1.270002
1.259001
1.279000
1.412001
1.386000
1.209000
1.385000
1.257000
1.257000
1.368001
1.396000
1.377000
1.543000
1.484999
1.362000
1.370000
1.401002
1.231000
1.375999
1.389999
1.365999
1.344001
1.875000
1.614999
1.451999
1.468999
1.549000
1.483999
1.348000
1.247000
1.199000
1.199000
1.224000
1.204999
1.213001
1.219999
1.235001
1.372000
1.210999
1.329999
1.211001
1.210000
1.215000
1.204001
1.204999
1.337001
1.240000
1.255000
1.256000
1.246000
1.243999
1.428999
1.253001
1.347000
1.072999
1.203999
1.230000
1.385001
1.240000
1.251001
1.085000
1.231998
1.239000
1.375999
1.216000
1.242001
1.408001
1.396000
1.247000
1.240000
1.388000
1.408000
1.384001
1.388000
1.228999
1.406999
1.404999
1.399001
1.383999
1.397999
1.242001
1.250001
1.572000
1.541000
1.556002
1.409000
1.750000
1.573000
1.381001
1.680000
1.210000
1.358999
1.274999
1.360001
1.048999
1.204999
1.186000
1.063000
1.212001
1.233000
1.070000
1.234001
1.223000
1.366999
1.234999
1.240000
1.228999
1.390001
1.374001
1.552999
1.233000
1.224000
1.081999
1.215002
1.264999
1.263000
1.264000
1.261000
1.262000
1.442000
1.376001
1.240999
1.221001
1.495000
1.224000
1.240000
1.233000
1.217000
1.373000
1.084000
1.434000
1.231000
1.207000
1.220001
1.211001
1.218000
1.221001
1.220001
1.217000
1.075001
1.228999
1.782000
1.094999
1.095001
1.721999
1.396999
1.607001
1.535000
1.659000
1.437999
1.901999
1.442000
1.530001
1.534000
1.512000
1.225000
1.364999
1.460999
1.209999
1.382001
1.239000
1.523001
1.251001
1.294000
1.296001
1.263000
1.276001
1.352999
1.273001
1.278000
1.209000
1.225000
1.353001
1.199000
1.286000
1.081999
1.065999
1.219001
1.075000
1.075000
1.061000
1.216000
1.069000
1.086000
1.062000
1.077000
1.247998
1.232000
1.228999
1.060000
1.216000
1.108000
1.243999
1.079999
1.094999
1.073001
1.208998
1.358999
1.057999
1.218999
1.070000
1.222000
1.228001
1.086999
1.075001
1.061002
1.241000
1.240000
1.232000
1.235999
1.366001
1.381999
1.239000
1.219999
1.439000
1.253000
1.244999
1.218000
1.210999
1.510000
1.065001
1.055999
1.220999
1.215000
1.218000
1.214001
1.375999
1.378000
1.383001
1.404000
1.240000
1.383999
1.531001
1.374001
1.388999
1.372000
1.370000
1.231000
1.377000
1.386000
1.390001
1.229001
1.378000
1.360999
1.372000
1.382001
1.374999
1.201000
1.236999
1.514001
1.368999
1.381001
1.375001
1.389999
1.397001
1.387000
1.240000
1.621000
1.541000
1.425002
1.417000
1.360999
1.204001
1.192000
1.225000
1.206001
1.193000
1.371000
1.246000
1.205999
1.221001
1.201000
1.204999
1.356000
1.230000
1.202999
1.194000
1.216000
1.846001
1.381001
1.251999
1.265001
1.311000
1.210000
1.269000
1.429001
1.564000
1.618000
1.439001
1.535000
1.635000
1.553001
1.713999
1.255000
1.390001
1.427000
1.388999
1.227001
1.393000
1.543000
1.519000
1.379000
1.497000
1.510000
1.533000
1.662999
1.702001
1.537999
1.403000
1.358001
1.226999
1.404000
1.554001
1.354000
1.366001
1.389999
1.424002
1.372000
1.271999
1.440000
1.445001
1.533000
1.379000
1.354000
1.367999
1.527000
1.370000
1.349000
1.351001
1.354001
1.344999
1.377001
1.222001
1.509000
1.381001
1.343999
1.219001
1.373000
1.381999
1.390999
1.541000
1.437999
1.735998
1.401000
1.243001
1.378000
1.375999
1.398001
1.523999
1.383999
1.358001
1.232000
1.205999
1.211001
1.359999
1.370000
1.351999
1.368001
1.387998
1.218000
1.529999
1.359999
1.256000
1.400001
1.403999
1.402000
1.399999
1.495000
1.404999
1.414001
1.513001
1.387998
2.003999
1.559000
1.241999
1.221001
1.365999
1.405001
1.380999
1.376001
1.388000
1.389001
1.233000
1.355000
1.202999
1.228001
1.337999
1.210000
1.368999
1.357000
1.355000
1.357000
1.352999
1.341000
1.356000
1.347000
1.351001
1.349000
1.343001
1.530999
1.371000
1.224000
1.383001
1.343999
1.264000
1.406999
1.546999
1.460001
1.366001
1.349000
1.228999
1.344999
1.356998
1.351999
1.410000
1.402998
1.346000
1.374001
1.358001
1.360999
1.374001
1.403000
1.389001
1.216000
1.238000
1.391001
1.379000
1.366001
1.360999
1.358001
1.448000
1.530001
1.215000
1.386000
1.387000
1.264999
1.242001
1.378000
1.370000
