4.699998
4.200000
4.099999
3.999997
4.079998
4.080001
4.060000
4.080001
4.039999
4.060000
4.079998
4.079998
4.060000
4.060000
4.060000
4.080001
4.060000
4.060000
4.080001
4.060000
4.359998
4.060000
4.079998
4.080001
4.100002
4.060000
4.079998
4.080001
4.079998
4.079998
4.400000
4.099999
4.060000
4.120000
4.099999
4.080001
4.080001
4.120000
4.060000
4.080001
4.120000
4.060000
4.060000
4.120000
4.060000
4.080001
4.079998
4.200000
4.080001
4.060000
4.080001
4.140001
4.080001
4.160002
4.059996
4.080001
4.419997
4.080001
4.120000
4.060000
4.200000
4.079998
4.100002
4.079998
4.140001
4.079998
4.080001
4.060000
4.060000
4.060000
4.120000
4.080001
4.080001
4.079998
4.060000
4.140001
4.060000
4.080001
4.080001
4.120000
4.060000
4.140001
4.039999
4.140001
4.079998
4.060000
4.060000
4.060000
4.140001
4.060000
4.120000
4.080001
4.080001
4.559997
4.159998
4.060000
4.179999
4.080001
4.159998
4.159998
4.080001
4.079998
4.260000
4.079998
4.159998
4.079998
4.079998
4.079998
4.080001
4.080001
4.080001
4.080001
4.080001
4.060000
4.159998
4.079998
4.080001
4.319999
4.060000
4.060000
4.159998
4.160002
4.080001
4.080001
4.140001
4.080001
4.060000
4.080001
4.080001
4.460000
4.220001
4.080001
4.160002
4.120000
4.120000
4.080001
4.080001
4.079998
4.079998
4.079998
4.140001
4.080001
4.060000
4.139997
4.080001
4.120000
4.079998
4.060000
4.319999
4.080001
4.060000
4.079998
4.080001
4.080001
4.079998
4.060000
4.079998
4.040003
4.080001
4.079998
4.060000
4.060000
4.079998
4.079998
4.080001
4.080001
4.099999
4.000001
4.000001
4.080001
4.140001
4.120000
4.060000
4.060000
4.080001
4.080001
4.140001
4.079998
4.079998
4.060000
4.060000
4.080001
4.080001
4.079998
4.160002
4.120000
4.080001
4.140001
4.080001
4.120000
4.220001
4.079998
4.080001
4.120000
4.079998
4.080001
4.060000
4.079998
4.120000
4.080001
4.080001
4.140001
4.240002
4.359998
4.080001
4.060000
4.160002
4.080001
4.239999
4.079998
4.179999
4.220001
4.060000
4.080001
4.219998
4.060000
4.080001
4.080001
4.080001
4.080001
4.080001
4.160002
4.079998
4.060000
4.159998
4.079998
4.060000
4.060000
4.080001
4.060000
4.060000
4.079998
4.079998
4.060000
4.079998
4.080001
4.060000
4.080001
4.060000
4.600000
4.080001
4.080001
4.120000
4.140001
4.060000
4.140001
4.060000
4.079998
4.060000
4.120000
4.140001
4.140001
4.100002
4.080001
4.080001
4.080001
4.080001
4.120000
4.079998
4.080001
4.140001
4.060000
4.060000
4.060000
4.140001
4.060000
4.060000
4.080001
4.060000
4.120000
4.139997
4.239999
4.060000
4.060000
4.079998
4.079998
4.300002
4.160002
4.099999
4.159998
4.059996
4.060000
4.080001
4.060000
4.159998
4.079998
4.100002
4.060000
4.160002
4.060000
4.140001
4.160002
4.160002
4.159998
4.060000
4.080001
4.080001
4.080001
4.140001
4.079998
4.080001
4.159998
4.059996
4.079998
4.079998
4.080001
4.060000
4.060000
4.160002
4.080001
4.080001
4.080001
4.280001
4.179999
4.060000
4.139997
4.060000
4.080001
4.080001
4.159998
4.080001
4.080001
4.079998
4.060000
4.140001
4.079998
4.080001
4.060000
4.140001
4.120000
4.080001
4.080001
4.060000
4.060000
4.139997
4.120000
4.060000
4.140001
4.080001
4.060000
4.140001
4.280001
4.080001
4.079998
4.060000
4.139997
4.099999
4.080001
4.079998
4.359998
4.120000
4.079998
4.080001
4.060000
4.699998
4.080001
4.179999
4.140001
4.080001
4.080001
4.059996
4.060000
4.079998
4.060000
4.059996
4.080001
4.060000
4.060000
4.060000
4.120000
4.080001
4.120000
4.080001
4.080001
4.079998
4.079998
4.060000
4.100002
4.080001
4.059996
4.080001
4.060000
4.059996
4.079998
4.060000
4.240002
4.140001
4.200000
4.160002
4.079998
4.060000
4.080001
4.080001
4.060000
4.080001
4.079998
4.079998
4.080001
4.060000
4.080001
4.080001
4.080001
4.080001
4.080001
4.060000
4.079998
4.080001
4.140001
4.080001
4.060000
4.079998
4.060000
4.060000
4.080001
4.060000
4.080001
4.079998
4.120000
4.060000
4.099999
4.079998
4.079998
5.039997
4.220001
4.080001
4.060000
4.220001
4.159998
4.140001
4.140001
4.080001
4.060000
4.160002
4.140001
4.060000
4.160002
4.159998
4.160002
4.079998
4.060000
4.080001
4.060000
4.060000
4.079998
4.080001
4.060000
4.060000
4.080001
4.060000
4.079998
4.080001
4.159998
4.060000
4.080001
4.060000
4.080001
4.159998
4.159998
4.080001
4.340000
4.060000
4.080001
4.060000
4.120000
4.080001
4.120003
4.080001
4.080001
4.060000
4.120000
4.140001
4.060000
4.139997
4.139997
4.140001
4.120003
4.200000
4.140001
4.079998
4.080001
4.060000
4.060000
4.060000
4.080001
4.079998
4.179999
4.140001
4.079998
4.099999
4.080001
4.079998
4.080001
4.079998
4.079998
4.080001
4.379999
4.060000
4.080001
4.359998
4.120000
4.080001
4.000001
4.179999
4.059996
4.060000
4.079998
4.060000
4.120000
4.079998
4.060000
4.080001
4.140001
4.060000
4.080001
4.060000
4.060000
4.199997
4.080001
4.060000
4.060000
4.179999
4.120000
4.080001
4.079998
4.219998
4.079998
4.099999
4.060000
4.099999
4.060000
4.179999
4.079998
4.480001
4.080001
4.319999
4.139997
4.060000
4.079998
4.200000
4.080001
4.060000
4.080001
4.060000
4.140001
4.079998
4.080001
4.080001
4.080001
4.099999
4.120000
4.000001
4.099999
4.060000
4.120003
4.080001
4.079998
4.079998
4.140001
4.079998
4.059996
4.080001
4.120000
4.080001
4.080001
4.120000
4.080001
4.079998
4.059996
4.420001
4.120003
4.079998
4.199997
4.060000
4.060000
4.120000
4.140001
4.060000
4.060000
4.100002
4.079998
4.060000
4.140001
4.099999
4.060000
4.120000
4.120000
4.460000
4.060000
4.079998
4.060000
4.080001
4.080001
4.080001
4.060000
4.079998
4.080001
4.140001
4.060000
4.080001
4.140001
4.080001
4.060000
4.060000
4.180003
4.079998
4.180003
4.080001
4.000001
4.120000
4.200000
4.120003
4.080001
4.080001
4.100002
4.080001
4.039999
4.080001
4.079998
4.120000
4.080001
4.060000
4.060000
4.080001
4.080001
4.060000
4.080001
4.079998
4.080001
4.139997
4.060000
4.080001
4.039999
4.079998
4.060000
4.120000
4.059996
4.060000
4.200000
4.060000
4.080001
4.060000
4.140001
4.080001
4.140001
4.120000
4.080001
4.080001
4.080001
4.080001
4.060000
4.080001
4.080001
4.079998
4.120003
4.079998
4.080001
4.079998
4.120000
4.080001
4.080001
4.080001
4.080001
4.160002
4.080001
4.080001
4.060000
4.079998
4.100002
4.060000
4.079998
4.100002
4.060000
4.140001
4.080001
4.079998
4.080001
4.080001
4.080001
4.280001
4.140001
4.120000
4.080001
4.120000
4.120000
4.219998
4.080001
4.080001
4.080001
4.060000
4.080001
4.060000
4.120000
4.060000
4.080001
4.139997
4.060000
4.060000
4.220001
4.220001
4.060000
4.080001
4.079998
4.080001
4.060000
4.080001
4.080001
4.060000
4.080001
4.080001
4.060000
4.060000
4.060000
4.079998
4.060000
4.060000
4.560001
4.159998
4.060000
4.260000
4.080001
4.219998
4.179999
4.060000
4.239999
4.080001
4.079998
4.180003
4.079998
4.080001
4.060000
4.080001
4.080001
4.159998
4.060000
4.060000
4.080001
4.080001
4.079998
4.079998
4.080001
4.159998
4.080001
4.080001
4.060000
4.060000
4.080001
4.079998
4.060000
4.080001
4.079998
4.060000
4.479997
4.080001
4.060000
4.080001
4.079998
4.140001
4.120000
4.080001
4.120000
4.079998
4.000001
4.060000
4.080001
4.080001
4.060000
4.080001
4.060000
4.060000
4.079998
4.120000
4.080001
4.079998
4.060000
4.139997
4.060000
4.140001
4.080001
4.120000
4.140001
4.140001
4.060000
4.080001
4.060000
4.080001
4.060000
4.079998
4.060000
4.700001
4.080001
4.080001
4.060000
4.099999
4.079998
4.080001
4.080001
4.120000
4.179999
4.080001
4.140001
4.140001
4.060000
4.140001
4.079998
4.060000
4.060000
4.120000
4.079998
4.080001
4.340000
4.079998
4.060000
4.120000
4.060000
4.060000
4.060000
4.060000
4.000001
4.079998
4.080001
4.140001
4.080001
4.080001
4.120000
4.200000
4.080001
4.060000
4.080001
4.140001
4.080001
4.079998
4.140001
4.140001
4.060000
4.079998
4.099999
4.079998
4.060000
4.060000
4.080001
4.139997
4.079998
4.059996
4.140001
4.080001
4.080001
4.080001
4.060000
4.080001
4.080001
4.060000
4.120000
4.080001
4.080001
4.080001
4.060000
4.060000
4.060000
4.140001
4.120003
4.200000
4.179999
4.120000
4.080001
4.079998
4.060000
4.080001
4.080001
4.060000
4.080001
4.060000
4.060000
4.140001
4.060000
4.079998
4.140001
4.040003
4.080001
4.079998
4.219998
4.080001
4.080001
4.140001
4.060000
4.080001
4.060000
4.160002
4.060000
4.140001
4.079998
4.079998
4.079998
4.140001
4.060000
4.079998
4.079998
4.179999
4.440002
4.220001
4.060000
4.160002
4.080001
4.300002
4.060000
4.080001
4.220001
4.080001
4.159998
4.140001
4.139997
4.080001
4.160002
4.079998
4.159998
4.079998
4.080001
4.060000
4.060000
4.160002
4.060000
4.079998
4.140001
4.159998
4.060000
4.080001
4.160002
4.140001
4.039999
4.080001
4.080001
4.079998
4.080001
4.260000
4.060000
4.859999
4.060000
4.060000
4.160002
4.060000
4.080001
4.380003
4.060000
4.179999
4.080001
4.080001
4.460000
4.140001
4.060000
4.060000
4.060000
4.060000
4.079998
4.060000
4.060000
4.140001
4.159998
4.079998
4.060000
4.080001
4.080001
4.060000
4.080001
4.080001
4.320003
4.080001
4.060000
4.060000
4.080001
4.079998
4.080001
4.060000
4.319999
4.140001
4.080001
4.059996
4.079998
4.060000
4.079998
4.080001
4.080001
4.160002
4.080001
4.060000
4.060000
4.060000
4.060000
4.380003
4.079998
4.060000
4.079998
4.160002
4.080001
4.080001
4.060000
4.060000
4.060000
4.160002
4.080001
4.080001
4.080001
