1.480002
1.420002
1.419999
1.420002
1.400001
1.420002
1.440000
1.400001
1.780000
1.420002
1.419999
1.440000
1.419999
1.419999
1.420002
1.420002
1.419999
1.440000
1.780000
1.420002
1.419999
1.419999
1.420002
1.420002
1.419999
1.800001
1.419999
1.400001
1.420002
1.419999
1.400001
1.480002
1.400001
1.420002
1.420002
1.400001
1.440000
1.399998
1.419999
1.419999
1.419999
1.419999
1.420002
1.440000
1.480002
1.419999
1.420002
1.679998
1.440000
1.400001
1.419999
1.420002
1.419999
1.400001
1.400001
1.419999
1.420002
1.419999
1.480002
1.520000
1.420002
1.419999
1.419999
1.420002
1.419999
1.419999
1.440000
1.440000
1.419999
1.420002
1.400001
1.419999
1.419999
1.420002
1.419999
1.419999
1.460001
1.399998
1.419999
1.419999
1.419999
1.500003
1.399998
1.400001
1.459997
1.480002
1.419999
1.419999
1.540001
1.400001
1.400001
1.499999
1.419999
1.440000
1.400001
1.399998
1.419999
1.420002
1.419999
1.440000
1.419999
1.419999
1.419999
1.440000
1.419999
1.440000
1.419999
1.419999
1.419999
1.420002
1.419999
1.400001
1.400001
1.419999
1.419999
1.419999
1.420002
1.520000
1.419999
1.419999
1.419999
1.760002
1.359999
1.559999
1.419999
1.419999
1.400001
1.419999
1.399998
1.400001
1.420002
1.419999
1.420002
1.560003
1.440004
1.419999
1.420002
1.419999
1.420002
1.419999
1.420002
1.440000
1.419999
1.400001
1.400001
1.420002
1.419999
1.420002
1.419999
1.419999
1.419999
1.419999
1.419999
1.400001
1.419999
1.400001
1.399998
1.460001
1.400001
1.399998
1.440000
1.419999
1.419999
1.419999
1.419999
1.420002
1.420002
1.440000
1.399998
1.400001
1.380000
1.420002
1.420002
1.420002
1.420002
1.419999
1.419999
1.400001
1.419999
1.419999
1.459997
1.419999
1.400001
1.419999
1.419999
1.420002
1.400001
1.419999
1.400001
1.419999
1.420002
1.419999
1.420002
1.420002
1.440000
1.400001
1.420002
1.420002
1.400001
1.419999
1.460001
1.419999
1.400001
1.399998
1.420002
1.419999
1.399998
1.419999
1.440000
1.420002
1.400001
1.419999
1.420002
1.420002
1.399998
1.399998
1.419999
1.440000
1.419999
1.440000
1.419999
1.419999
1.420002
1.399998
1.419999
1.420002
1.440000
1.419999
1.400001
1.399998
1.600001
1.359999
1.419999
1.420002
1.419999
1.420002
1.520000
1.419999
1.419999
1.419999
1.399998
1.419999
1.420002
1.419999
1.420002
1.400001
1.399998
1.420002
1.420002
1.419999
1.419999
1.420002
1.420002
1.559999
1.400001
1.499999
1.499999
1.440004
1.399998
1.420002
1.419999
1.419999
1.420002
1.420002
1.419999
1.419999
1.419999
1.459997
1.399998
1.419999
1.419999
1.440004
1.420002
1.420002
1.420002
1.440000
1.419999
1.440000
1.440000
1.419999
1.520000
1.419999
1.419999
1.419999
1.440000
1.420002
1.420002
1.400001
1.399998
1.419999
1.419999
1.420002
1.440000
1.419999
1.440000
1.400001
1.440000
1.440000
1.440000
1.419999
1.400001
1.419999
1.419999
1.440000
1.400001
1.419999
1.420002
1.420002
1.419999
1.419999
1.419999
1.420002
1.419999
1.419999
1.419999
1.400001
1.420002
1.440000
1.419999
1.399998
1.419999
1.399998
1.420002
1.419999
1.419999
1.420002
1.399998
1.420002
1.440000
1.400001
1.420002
1.420002
1.380000
1.419999
1.420002
1.420002
1.440000
1.400001
1.400001
1.460001
1.420002
1.420002
1.400001
1.399998
1.440000
1.440000
1.420002
1.400001
1.419999
1.399998
1.380000
1.440004
1.399998
1.440000
1.399998
1.400001
1.400001
1.420002
1.440000
1.399998
1.419999
1.419999
1.400001
1.460001
1.399998
1.420002
1.419999
1.400001
1.399998
1.419999
1.399998
1.419999
1.420002
1.420002
1.420002
1.400001
1.419999
1.499999
1.440000
1.440000
1.419999
1.440000
1.420002
1.419999
1.420002
1.419999
1.419999
1.580000
1.419999
1.419999
1.400001
1.419999
1.420002
1.419999
1.419999
1.419999
1.419999
1.399998
1.419999
1.440000
1.419999
1.440004
1.399998
1.419999
1.420002
1.420002
1.400001
1.420002
1.460001
1.420002
1.419999
1.420002
1.419999
1.460001
1.419999
1.400001
1.560003
1.419999
1.420002
1.419999
1.479998
1.419999
1.440000
1.440000
1.419999
1.419999
1.419999
1.399998
1.479998
1.419999
1.419999
1.420002
1.419999
1.419999
1.420002
1.420002
1.419999
1.440000
1.419999
1.400001
1.419999
1.420002
1.419999
1.419999
1.399998
1.420002
1.420002
1.419999
1.420002
1.399998
1.500003
1.419999
1.420002
1.419999
1.460001
1.419999
1.419999
1.419999
1.400001
1.420002
1.419999
1.420002
1.380000
1.419999
1.399998
1.419999
1.419999
1.440000
1.420002
1.419999
1.399998
1.419999
1.420002
1.420002
1.419999
1.419999
1.400001
1.400001
1.420002
1.440000
1.420002
1.420002
1.419999
1.440000
1.399998
1.420002
1.460001
1.419999
1.419999
1.420002
1.440000
1.399998
1.400001
1.419999
1.440000
1.419999
1.400001
1.440000
1.419999
1.440000
1.380000
1.419999
1.420002
1.419999
1.420002
1.419999
1.400001
1.420002
1.420002
1.419999
1.399998
1.420002
1.400001
1.419999
1.400001
1.399998
1.420002
1.419999
1.419999
1.399998
1.420002
1.400001
1.440000
1.660001
1.420002
1.440000
1.399998
1.440000
1.419999
1.419999
1.440000
1.419999
1.559999
1.399998
1.419999
1.479998
1.440000
1.419999
1.419999
1.400001
1.340002
1.480002
1.400001
1.440000
1.420002
1.480002
1.419999
1.400001
1.400001
1.419999
1.420002
1.419999
1.480002
1.419999
1.419999
1.419999
1.419999
1.420002
1.440000
1.559999
1.419999
1.400001
1.400001
1.419999
1.380000
1.420002
1.399998
1.419999
1.420002
1.419999
1.400001
1.419999
1.420002
1.440000
1.380000
1.440000
1.440000
1.400001
1.400001
1.440000
1.419999
1.419999
1.419999
1.400001
1.400001
1.419999
1.420002
1.440000
1.419999
1.419999
1.400001
1.460001
1.440000
1.420002
1.419999
1.420002
1.600001
1.480002
1.419999
1.399998
1.420002
1.419999
1.400001
1.419999
1.419999
1.419999
1.420002
1.420002
1.559999
1.400001
1.399998
1.540001
1.420002
1.419999
1.420002
1.420002
1.419999
1.479998
1.419999
1.419999
1.400001
1.860000
1.420002
1.440004
1.419999
1.419999
1.420002
1.440000
1.419999
1.419999
1.419999
1.419999
1.420002
1.459997
1.399998
1.419999
1.400001
1.440000
1.440000
1.419999
1.420002
1.419999
1.419999
1.419999
1.400001
1.400001
1.419999
1.420002
1.419999
1.420002
1.419999
1.400001
1.399998
1.440000
1.440000
1.399998
1.419999
1.420002
1.419999
1.400001
1.419999
1.420002
1.419999
1.420002
1.419999
1.419999
1.420002
1.419999
1.420002
2.060000
1.419999
1.419999
1.419999
1.480002
1.419999
1.400001
1.420002
1.419999
1.419999
1.419999
1.419999
1.419999
1.400001
1.380000
1.540001
1.420002
1.420002
1.399998
1.400001
1.419999
1.420002
1.419999
1.419999
1.440000
1.400001
1.419999
1.400001
1.420002
1.419999
1.419999
1.400001
1.419999
1.540001
1.419999
1.519997
1.419999
1.499999
1.419999
1.419999
1.419999
1.419999
1.420002
1.419999
1.420002
1.400001
1.420002
1.440000
1.420002
1.399998
1.559999
1.520000
1.419999
1.419999
1.440000
1.420002
1.420002
1.399998
1.400001
1.720000
1.419999
1.479998
1.440000
1.419999
1.419999
1.400001
1.420002
1.399998
1.400001
1.419999
1.419999
1.399998
1.419999
1.839999
1.440000
1.420002
1.400001
1.419999
1.420002
1.419999
1.400001
1.400001
1.419999
1.480002
1.479998
1.419999
1.419999
1.419999
1.419999
1.419999
1.419999
1.419999
1.419999
1.419999
1.419999
1.440000
1.419999
1.420002
1.420002
1.420002
1.419999
1.560003
1.419999
1.419999
1.440000
1.440000
1.400001
1.440000
1.420002
1.419999
1.459997
1.419999
1.440000
1.419999
1.419999
1.419999
1.419999
1.399998
1.419999
1.420002
1.440000
1.419999
1.419999
1.399998
1.400001
1.419999
1.419999
1.419999
1.420002
1.400001
1.420002
1.400001
1.420002
1.440000
1.440000
1.420002
1.399998
1.419999
1.440004
1.400001
1.419999
1.419999
1.419999
1.440000
1.419999
1.419999
1.479998
1.440000
1.399998
1.419999
1.419999
1.459997
1.400001
1.419999
1.420002
1.459997
1.399998
1.400001
1.419999
1.419999
1.419999
1.419999
1.419999
1.419999
1.419999
1.440004
1.419999
1.420002
1.400001
1.419999
1.420002
1.420002
1.440004
1.399998
1.419999
1.420002
1.419999
1.419999
1.419999
1.440000
1.419999
1.419999
1.419999
2.000000
1.419999
1.399998
1.419999
1.419999
1.419999
1.440000
1.400001
1.400001
1.420002
1.440000
1.559999
1.420002
1.479998
1.440004
1.580000
1.419999
1.419999
1.399998
1.420002
1.399998
1.419999
1.419999
1.399998
1.759999
1.400001
1.419999
1.420002
1.400001
1.499999
1.400001
1.419999
1.420002
1.419999
1.419999
1.440000
1.440000
1.520000
1.460001
1.419999
1.399998
1.420002
1.419999
1.419999
1.420002
1.400001
1.480002
1.419999
1.400001
1.419999
1.400001
1.440000
1.399998
1.419999
1.420002
1.440000
1.559999
1.419999
1.419999
1.440000
1.419999
1.419999
1.400001
1.419999
1.419999
1.399998
1.419999
1.420002
1.499999
1.419999
1.400001
1.400001
1.400001
1.520000
1.399998
1.420002
1.400001
1.400001
1.480002
1.400001
1.520000
1.420002
1.419999
1.419999
1.399998
1.419999
1.440000
1.419999
1.399998
1.419999
1.419999
1.419999
1.400001
1.419999
1.400001
1.420002
1.400001
1.419999
1.419999
1.419999
1.419999
1.399998
1.420002
1.419999
1.440000
1.440000
1.499999
1.400001
1.440000
1.440000
1.440000
1.419999
1.419999
1.420002
1.419999
1.440000
1.440000
1.419999
1.419999
1.419999
1.420002
1.400001
1.419999
1.419999
1.440000
1.419999
1.440000
1.420002
1.419999
1.399998
1.419999
1.419999
1.440000
1.399998
1.420002
1.419999
1.419999
1.419999
1.400001
1.400001
1.440000
1.419999
1.399998
1.400001
1.420002
1.420002
1.640003
1.480002
