2.779998
2.580002
2.420001
2.579998
2.420001
2.340000
2.519999
2.480000
2.580002
2.360001
2.499998
2.480000
2.400000
2.519999
2.379999
2.459999
2.359997
2.540000
2.480000
3.139999
2.620000
2.600003
2.480000
2.599999
2.420001
2.400000
2.620000
2.480000
2.520002
2.380002
2.519999
2.540000
2.459999
2.440002
2.480000
2.400000
2.460003
2.499998
2.620000
2.480000
2.540000
2.540000
2.680000
2.340000
2.540000
2.480000
2.359997
2.359997
2.540000
2.340000
2.639998
2.540000
2.560001
2.380002
2.580002
2.200000
2.680000
2.400000
2.420001
2.400000
2.579998
2.579998
2.579998
2.560001
2.379999
2.500001
2.219997
2.659999
2.439998
2.599999
2.500001
2.599999
2.220001
2.519999
2.540000
2.540000
2.379999
2.480000
2.560001
2.540000
2.560001
2.340000
2.459999
2.379999
2.579998
2.400000
2.540000
2.400000
2.380002
2.459999
2.379999
2.500001
2.619997
2.459999
2.619997
2.519999
2.299998
2.459999
2.600003
2.579998
2.580002
2.400000
2.600003
2.440002
2.899997
2.500001
2.540000
2.600003
2.459999
2.480000
2.540000
2.599999
2.459999
2.559997
2.620000
2.540000
2.520002
2.519999
2.620000
2.360001
2.620000
2.480000
2.620000
2.579998
2.419997
2.420001
2.360001
2.659999
2.620000
2.519999
2.420001
2.439998
2.400000
2.379999
2.560001
2.439998
2.440002
2.500001
2.420001
2.599999
2.520002
2.519999
2.400003
2.360001
2.580002
2.400000
2.580002
2.439998
2.479997
2.420001
2.420001
2.560001
2.420001
2.540000
2.520002
2.380002
2.520002
2.420001
2.540000
2.540000
2.459999
2.560001
2.620000
2.620000
2.580002
2.560001
2.519999
2.379999
2.400000
2.400000
2.499998
2.540000
2.400003
2.540000
2.420001
2.460003
2.440002
2.580002
2.499998
2.500001
2.400000
2.439998
2.400000
2.400000
2.420001
2.540000
2.500001
2.620000
2.480000
2.220001
2.219997
2.579998
2.400000
2.620000
2.480000
2.459999
2.380002
2.579998
2.499998
2.460003
2.560001
2.600003
2.420001
2.439998
2.499998
2.420001
2.420001
2.459999
2.480000
2.480000
2.459999
2.519999
2.640001
2.440002
2.380002
2.620000
2.439998
2.420001
2.500001
2.499998
2.580002
2.560001
2.400000
2.440002
2.499998
2.419997
2.500001
2.500001
2.379999
2.500001
2.620000
2.460003
2.459999
2.459999
2.600003
2.439998
2.559997
2.480000
2.439998
2.440002
2.420001
2.579998
2.480000
2.379999
2.540000
2.400000
2.480000
2.580002
2.360001
2.540000
2.519999
2.519999
2.400000
2.360001
2.540000
2.520002
2.580002
2.459999
2.480000
2.459999
2.559997
2.400000
2.480000
2.459999
2.500001
2.400000
2.560001
2.359997
2.620000
2.599999
2.480000
2.419997
2.540000
2.480000
2.440002
2.599999
2.440002
2.519999
2.560001
2.359997
2.580002
2.580002
2.519999
2.379999
2.620000
2.459999
2.420001
2.439998
2.480000
2.500001
2.519999
2.559997
2.520002
2.560001
2.639998
2.360001
2.540000
2.519999
2.480000
2.519999
2.380002
2.459999
2.579998
2.620000
2.540000
2.459999
2.400000
2.580002
2.580002
2.340000
2.599999
2.459999
2.420001
2.579998
2.540000
2.440002
2.499998
2.540000
2.499998
2.519999
2.480000
2.500001
2.540000
2.520002
2.459999
2.599999
2.579998
2.560001
2.400000
2.579998
2.580002
2.540000
2.460003
2.520002
2.519999
2.459999
2.440002
2.340000
2.499998
2.560001
2.559997
2.599999
2.599999
2.599999
2.459999
2.560001
2.459999
2.540000
2.400000
2.479997
2.420001
2.400000
2.580002
2.359997
2.600003
2.580002
2.420001
2.379999
2.459999
2.439998
2.480000
2.340000
2.640001
2.599999
2.599999
2.460003
2.599999
2.440002
2.419997
2.480000
2.619997
2.459999
2.580002
2.420001
2.480000
2.639998
2.479997
2.540000
2.540000
2.540000
2.560001
2.460003
2.540000
2.500001
2.579998
2.440002
2.480000
2.659999
2.379999
2.540000
2.519999
2.580002
2.400000
2.500001
2.559997
2.379999
2.420001
2.480000
2.379999
2.420001
2.599999
2.620000
2.419997
2.560001
2.400000
2.599999
2.559997
2.420001
2.480000
2.459999
2.400000
2.379999
2.620000
2.599999
2.499998
2.440002
2.440002
2.459999
2.439998
2.599999
2.360001
2.519999
2.600003
2.480000
2.540000
2.540000
2.480000
2.640001
2.620000
2.599999
2.439998
2.519999
2.520002
2.499998
2.560001
2.480000
2.359997
2.360001
2.600003
2.379999
2.579998
2.420001
2.579998
2.459999
2.600003
2.639998
2.719998
2.440002
2.600003
2.559997
2.580002
2.639998
2.519999
2.400000
2.540000
2.500001
2.599999
2.360001
2.560001
2.599999
2.680000
2.420001
2.440002
2.400000
2.499998
2.380002
2.599999
2.519999
2.440002
2.560001
2.580002
2.559997
2.460003
2.400000
2.500001
2.559997
2.400000
2.400000
2.560001
2.420001
2.400000
2.560001
2.519999
2.560001
2.400000
2.540000
2.519999
2.500001
2.499998
2.480000
2.599999
2.560001
2.560001
2.360001
2.439998
2.380002
2.599999
2.479997
2.440002
2.480000
2.599999
2.519999
2.459999
2.480000
2.459999
2.540000
2.540000
2.360001
2.580002
2.400000
2.580002
2.579998
2.520002
2.459999
2.460003
2.480000
2.540004
2.540000
2.480000
2.379999
2.459999
2.600003
2.620000
2.400003
2.459999
2.459999
2.560001
2.519999
2.579998
2.480000
2.459999
2.640001
2.680000
2.520002
2.579998
2.480000
2.619997
2.480000
2.400003
2.420001
2.480000
2.400000
2.400000
2.480000
2.400000
2.620000
2.440002
2.520002
2.540000
2.479997
2.380002
2.420001
2.540000
2.579998
2.540004
2.560001
2.420001
2.599999
2.540000
2.420001
2.500001
2.519999
2.500001
2.480000
2.380002
2.620000
2.620000
2.459999
2.600003
2.400003
2.519999
2.379999
2.580002
2.559997
2.580002
2.599999
2.519999
2.459999
2.500001
2.480000
2.200000
2.580002
2.519999
2.500001
2.560001
2.560001
2.400000
2.540000
2.440002
2.359997
2.560001
2.359997
2.599999
2.400000
2.459999
2.420001
2.579998
2.560001
2.519999
2.640001
2.620000
2.560001
2.439998
2.500001
2.499998
2.579998
2.620000
2.360001
2.540000
2.520002
2.420001
2.580002
2.400000
2.440002
2.480000
2.200004
2.400000
2.420001
2.379999
2.579998
2.439998
2.459999
2.220001
2.500001
2.599999
2.480000
2.400000
2.520002
2.439998
2.599999
2.640001
2.439998
2.359997
2.540000
2.599999
2.560001
2.480000
2.640001
2.419997
2.360001
2.440002
2.579998
2.620000
2.440002
2.299998
2.500001
2.400000
2.560001
2.420001
2.380002
2.560001
2.500001
2.620000
2.400000
2.400000
2.380002
2.519999
2.379999
2.560001
2.379999
2.560001
2.440002
2.620000
2.519999
2.599999
2.400000
2.540000
2.439998
2.619997
2.580002
2.540000
2.440002
2.519999
2.480000
2.400003
2.459999
2.379999
2.480000
2.480000
2.480000
2.619997
2.579998
2.459999
2.420001
2.540000
2.380002
2.520002
2.500001
2.519999
2.599999
2.519999
2.400000
2.559997
2.680000
2.540000
2.420001
2.440002
2.480000
2.579998
2.580002
2.500001
2.400000
2.400000
2.599999
2.519999
2.620000
2.580002
2.480000
2.420001
2.500001
2.599999
2.459999
2.620000
2.460003
2.579998
2.560001
2.480000
2.400000
2.599999
2.499998
2.580002
2.480000
2.419997
2.380002
2.400003
2.500001
2.379999
2.480000
2.459999
2.480000
2.380002
2.620000
2.440002
2.599999
2.400003
2.579998
2.420001
2.380002
2.599999
2.420001
2.500001
2.620000
2.620000
2.480000
2.560001
2.480000
2.400000
2.439998
2.599999
2.460003
2.480000
2.440002
2.360001
2.459999
2.599999
2.560001
2.379999
2.580002
2.579998
2.540000
2.599999
2.480000
2.440002
2.599999
2.620000
2.519999
2.400000
2.620000
2.500001
2.379999
2.420001
2.480000
2.480000
2.540000
2.500001
2.420001
2.580002
2.400000
2.420001
2.599999
2.540000
2.440002
2.540000
2.459999
2.620000
2.500001
2.599999
2.480000
2.640001
2.520002
2.599999
2.379999
2.500001
2.400000
2.400000
2.480000
2.599999
2.540000
2.440002
2.419997
2.480000
2.620000
2.580002
2.200000
2.579998
2.459999
2.560001
2.540000
2.420001
2.379999
2.620000
2.560001
2.480000
2.500001
2.400000
2.540000
2.560001
2.459999
2.540004
2.599999
2.640001
2.480000
2.420001
2.360001
2.560001
2.200000
2.480000
2.379999
2.500001
2.620000
2.599999
2.220001
2.620000
2.480000
2.459999
2.560001
2.580002
2.619997
2.459999
2.560001
2.540000
2.520002
2.620000
2.480000
2.640001
2.580002
2.579998
2.620000
2.519999
2.560001
2.400000
2.439998
2.440002
2.419997
2.620000
2.519999
2.480000
2.380002
2.459999
2.560001
2.620000
2.540000
2.400000
2.500001
2.500001
2.359997
2.620000
2.419997
2.580002
2.620000
2.540000
2.520002
2.680000
2.580002
2.280001
2.459999
2.540000
2.500001
2.620000
2.519999
2.420001
2.599999
2.419997
2.500001
2.580002
2.680000
2.400000
2.520002
2.420001
2.500001
2.579998
2.500001
2.619997
2.440002
2.579998
2.499998
2.620000
2.540000
2.699997
2.599999
2.480000
2.459999
2.400000
2.540000
2.480000
2.459999
2.460003
2.680000
2.480000
2.359997
2.220001
2.400003
2.579998
2.400000
2.560001
2.400000
2.500001
2.419997
2.580002
2.359997
2.500001
2.499998
2.480000
2.500001
2.400003
2.420001
2.599999
2.599999
2.620000
2.359997
2.380002
2.459999
2.439998
2.540000
2.459999
2.580002
2.440002
2.480000
2.439998
2.500001
2.379999
2.560001
2.540000
2.559997
2.380002
2.480000
2.420001
2.580002
2.500001
2.400000
2.640001
2.579998
2.460003
2.480000
2.439998
2.620000
2.659999
2.599999
2.459999
2.560001
2.540000
2.440002
2.519999
2.460003
2.420001
2.579998
2.620000
2.599999
2.519999
2.540000
2.400003
2.400000
2.519999
2.400003
2.519999
2.439998
2.419997
2.459999
2.519999
2.499998
2.360001
2.379999
2.400000
2.500001
2.540000
2.500001
2.580002
2.500001
2.380002
2.379999
2.220001
2.220001
2.560001
2.499998
2.379999
2.440002
2.500001
2.400000
2.580002
2.519999
