1.163000
1.162000
1.150001
1.146000
1.164000
1.147000
1.162000
1.147000
1.162998
1.146000
1.163000
1.145002
1.162000
1.147000
1.163000
1.147000
1.162000
1.146000
1.163000
1.146000
1.162000
1.149999
1.163000
1.146000
1.163000
1.146000
1.164000
1.146000
1.162000
1.149001
1.163000
1.146002
1.163000
1.152001
1.163000
1.151001
1.162000
1.150999
1.163000
1.157999
1.162000
1.150001
1.161000
1.150001
1.161000
1.151001
1.162000
1.146000
1.162000
1.151999
1.162000
1.149999
1.162000
1.151999
1.161000
1.147000
1.162000
1.146000
1.162000
1.146000
1.162000
1.158001
1.161000
1.145000
1.162000
1.146000
1.162000
1.184000
1.161000
1.164000
1.162000
1.146000
1.162000
1.150999
1.162000
1.146000
1.162000
1.146998
1.162000
1.148000
1.161002
1.147000
1.162000
1.146000
1.161000
1.148000
1.162000
1.146000
1.161000
1.146000
1.161000
1.146000
1.162000
1.150001
1.162000
1.148999
1.162998
1.150999
1.162000
1.150999
1.162000
1.165001
1.162000
1.193000
1.163000
1.150001
1.162000
1.150999
1.164000
1.150001
1.162000
1.149999
1.163000
1.150001
1.161002
1.149999
1.163000
1.150999
1.162000
1.147000
1.164000
1.147000
1.163000
1.147000
1.162000
1.146998
1.164000
1.146000
1.163000
1.147000
1.163000
1.165001
1.163999
1.151001
1.162000
1.147000
1.163000
1.158999
1.161000
1.148000
1.163000
1.147000
1.163000
1.147000
1.163000
1.146000
1.162000
1.150999
1.162000
1.151999
1.162000
1.150001
1.164000
1.151999
1.162000
1.146000
1.163000
1.152001
1.162998
1.149999
1.163000
1.151999
1.163000
1.147000
1.162000
1.150001
1.161000
1.155000
1.162000
1.165001
1.161000
1.149999
1.162000
1.151999
1.162000
1.149999
1.161000
1.150999
1.162000
1.151001
1.162000
1.164000
1.162000
1.150999
1.162000
1.151001
1.162000
1.149001
1.161000
1.147000
1.162998
1.150001
1.161000
1.151999
1.162000
1.147000
1.161000
1.146000
1.167001
1.158001
1.162000
1.147000
1.163000
1.147000
1.162000
1.146000
1.162000
1.184000
1.162000
1.150001
1.162000
1.150001
1.163000
1.151999
1.161000
1.146000
1.162000
1.157001
1.162000
1.147000
1.162000
1.147000
1.161000
1.146000
1.162000
1.148999
1.161002
1.146000
1.161000
1.151001
1.161000
1.158999
1.161002
1.147000
1.163000
1.146000
1.162000
1.147000
1.163000
1.162000
1.162000
1.147000
1.162000
1.163000
1.162000
1.149999
1.163000
1.149999
1.162000
1.151001
1.164000
1.146000
1.162000
1.147000
1.163000
1.146998
1.162998
1.149999
1.163000
1.146000
1.162000
1.146998
1.162000
1.146998
1.161000
1.147000
1.164000
1.146000
1.161000
1.148000
1.163000
1.150001
1.162000
1.149999
1.164000
1.149999
1.162000
1.146000
1.164000
1.150001
1.161000
1.150999
1.163000
1.148999
1.163000
1.150999
1.163000
1.146000
1.162000
1.147000
1.163000
1.149999
1.161000
1.146000
1.162000
1.155000
1.162000
1.157001
1.163000
1.146002
1.162000
1.158001
1.162000
1.145002
1.162000
1.147000
1.161002
1.146000
1.162000
1.158001
1.161000
1.146000
1.162000
1.158999
1.162000
1.150001
1.162000
1.147000
1.162000
1.157999
1.162000
1.157999
1.162000
1.156999
1.162000
1.147000
1.161000
1.146000
1.162000
1.157999
1.163000
1.146998
1.162000
1.147000
1.162998
1.146000
1.162000
1.148000
1.162000
1.146000
1.161002
1.151001
1.162000
1.146000
1.162000
1.196999
1.162000
1.146000
1.162000
1.150999
1.163000
1.150001
1.162000
1.149999
1.162000
1.149999
1.163000
1.149999
1.162000
1.157999
1.163000
1.150999
1.163000
1.157001
1.162998
1.149999
1.162000
1.146000
1.163000
1.158001
1.163000
1.146000
1.164000
1.147000
1.164000
1.147000
1.162000
1.147000
1.162000
1.147000
1.162998
1.157999
1.163000
1.146000
1.162000
1.146000
1.162000
1.150001
1.163000
1.148000
1.163000
1.147000
1.162998
1.184002
1.162998
1.146000
1.163000
1.147000
1.162000
1.146000
1.164000
1.147000
1.168000
1.146000
1.163999
1.147000
1.162000
1.146000
1.174001
1.147000
1.162000
1.146000
1.163000
1.147000
1.163000
1.163000
1.162998
1.146000
1.162000
1.146000
1.162000
1.147998
1.162000
1.155000
1.162998
1.147000
1.162000
1.147000
1.162000
1.147000
1.163000
1.149999
1.161000
1.148000
1.161000
1.146000
1.161000
1.148000
1.163000
1.146000
1.162000
1.146000
1.162000
1.146000
1.163000
1.147000
1.162000
1.146000
1.161000
1.146000
1.162000
1.146000
1.162000
1.147000
1.163000
1.147000
1.162000
1.146000
1.162000
1.146000
1.163000
1.146000
1.162000
1.150999
1.162000
1.148000
1.162000
1.149999
1.163000
1.147000
1.162000
1.147000
1.162000
1.147000
1.162000
1.147000
1.163000
1.150001
1.162000
1.150001
1.162000
1.151999
1.163000
1.149999
1.162000
1.150999
1.162000
1.155000
1.161000
1.151001
1.162000
1.150001
1.163000
1.150999
1.162998
1.150001
1.162000
1.147000
1.162000
1.147000
1.163000
1.147000
1.163000
1.567001
1.162000
1.147000
1.162000
1.146000
1.162000
1.146000
1.163000
1.150001
1.161000
1.147000
1.162000
1.146000
1.162000
1.146998
1.162000
1.147000
1.163000
1.147000
1.161000
1.146000
1.163000
1.148000
1.162000
1.146000
1.162000
1.147000
1.162000
1.146000
1.163000
1.147000
1.162000
1.146000
1.163999
1.147000
1.162000
1.146000
1.160000
1.156000
1.162000
1.147000
1.162998
1.150001
1.162000
1.151001
1.162000
1.147000
1.161002
1.157001
1.161002
1.151001
1.164999
1.146000
1.162000
1.149999
1.163000
1.146000
1.163000
1.148000
1.163000
1.146000
1.162000
1.151001
1.162000
1.146000
1.161000
1.147000
1.163000
1.147000
1.162000
1.148000
1.163000
1.147000
1.161000
1.147000
1.162000
1.147000
1.162000
1.146000
1.163000
1.146000
1.162000
1.147000
1.162000
1.151001
1.164000
1.147000
1.162000
1.150001
1.162998
1.147000
1.163000
1.147000
1.163000
1.147000
1.163000
1.147000
1.162000
1.150001
1.164000
1.150001
1.163000
1.152001
1.163000
1.150999
1.162000
1.151999
1.162000
1.149999
1.163000
1.150999
1.164000
1.156000
1.162998
1.150001
1.163000
1.146000
1.162000
1.146000
1.161000
1.150999
1.162000
1.150001
1.162000
1.146000
1.163000
1.151001
1.163000
1.149001
1.163000
1.151999
1.162000
1.149999
1.163000
1.191001
1.161000
1.146000
1.162000
1.151001
1.161002
1.149999
1.162000
1.152001
1.163000
1.148999
1.162000
1.150999
1.162000
1.149999
1.162000
1.150999
1.161000
1.151001
1.161000
1.149999
1.161002
1.149001
1.161000
1.150999
1.162000
1.150001
1.161002
1.150999
1.161000
1.149999
1.162000
1.151001
1.161000
1.150999
1.162000
1.158999
1.162000
1.149999
1.162000
1.151001
1.162000
1.166001
1.161000
1.147000
1.163000
1.147000
1.164000
1.163999
1.162000
1.149999
1.162000
1.150999
1.162000
1.149999
1.164000
1.152001
1.162000
1.157001
1.163000
1.151001
1.162000
1.146000
1.162000
1.147000
1.162000
1.149999
1.163000
1.147000
1.163000
1.146000
1.163000
1.147000
1.162000
1.147000
1.163000
1.147000
1.162000
1.147000
1.162000
1.185000
1.163000
1.146000
1.163000
1.156000
1.162000
1.146000
1.163000
1.146000
1.162000
1.146000
1.162000
1.147000
1.163000
1.146000
1.163000
1.147000
1.163000
1.147000
1.163000
1.146002
1.161000
1.146000
1.163000
1.147000
1.162000
1.156000
1.162000
1.152001
1.161000
1.147000
1.163000
1.147000
1.162000
1.150001
1.162000
1.146000
1.161000
1.147000
1.162000
1.151999
1.162000
1.149999
1.162000
1.147000
1.162000
1.149999
1.163000
1.147000
1.163000
1.150001
1.162000
1.147000
1.162000
1.151001
1.161000
1.152001
1.161000
1.149999
1.162000
1.150999
1.162000
1.148999
1.162000
1.152001
1.162000
1.147000
1.160000
1.148000
1.163000
1.149001
1.163000
1.148000
1.162000
1.150999
1.163000
1.146002
1.162000
1.163000
1.162000
1.147000
1.162000
1.162998
1.162000
1.147000
1.162000
1.149999
1.162000
1.150001
1.161000
1.155000
1.162000
1.147000
1.162000
1.146000
1.161000
1.146000
1.162000
1.146000
1.163000
1.148000
1.161000
1.146000
1.163000
1.147000
1.162000
1.147000
1.163000
1.146000
1.162000
1.156000
1.162000
1.147000
1.162998
1.147000
1.162000
1.147000
1.163000
1.147000
1.161002
1.147000
1.162000
1.147000
1.162000
1.148000
1.163000
1.146000
1.162000
1.147000
1.163000
1.149999
1.163000
1.151001
1.162000
1.149999
1.162000
1.150999
1.164000
1.147000
1.162000
1.147000
1.163000
1.147000
1.164000
1.147000
1.163000
1.151001
1.163000
1.146000
1.162000
1.146000
1.162000
1.147000
1.163000
1.165999
1.162000
1.149999
1.164000
1.151001
1.162000
1.152001
1.161000
1.149999
1.162000
1.151001
1.163000
1.150001
1.162000
1.147000
1.162000
1.146000
1.162000
1.146000
1.161000
1.146000
1.161000
1.147000
1.162000
1.146000
1.162000
1.148000
1.162000
1.147000
1.162000
1.147000
1.162000
1.183001
1.162000
1.150999
1.162000
1.146000
1.162000
1.147000
1.163000
1.150001
1.162000
1.146000
1.161000
1.146000
1.162000
1.148999
1.161000
1.145002
1.162000
1.150999
1.162000
1.150001
1.161000
1.153000
1.162000
1.147000
1.161000
1.147000
1.162000
1.146002
1.162000
1.147000
1.162000
1.154000
1.164000
1.149999
1.162000
1.146000
1.163000
1.150999
1.162000
1.149001
1.162000
1.151001
1.162000
1.146000
1.163000
1.150999
1.163000
1.150001
1.164000
1.152001
1.162000
1.151001
1.162998
1.151001
1.163000
1.146000
1.164000
1.147000
1.162000
1.150001
1.163000
1.148000
1.162000
1.147000
1.163000
1.146998
1.162000
1.146000
1.162000
1.147000
1.163000
1.146000
1.162998
1.146000
1.162000
1.146000
1.163000
1.148000
1.162000
1.146000
1.162000
1.149999
1.162000
1.150001
1.164000
1.147000
1.162000
1.146000
1.162000
1.147000
1.162000
1.147000
1.164000
1.147000
1.162000
1.187000
