119.603999
119.542001
119.498000
119.471001
119.547000
119.492000
119.567001
119.488001
119.481999
119.533001
119.507002
119.506000
119.509000
119.485000
119.507000
119.488999
119.484000
119.464001
119.508000
119.485000
119.512001
119.461000
119.570000
119.461000
119.514002
119.489001
119.511001
119.548000
119.481999
119.472999
119.498000
119.494000
119.466001
119.494000
119.449001
119.470999
119.457999
119.504001
119.484000
119.495001
119.462999
119.496001
119.543999
119.566999
119.463000
119.470000
119.499000
119.497001
119.477000
119.470999
119.488001
119.500000
125.432000
119.503999
119.511001
119.524000
119.469000
119.512999
119.488001
119.493000
119.482001
119.458999
119.487001
119.504001
119.487001
119.481999
119.504999
119.511999
119.611001
119.500000
119.620001
119.476000
119.514002
119.506000
119.501000
119.438000
119.490001
119.495001
119.513001
119.520999
119.523000
119.499000
119.551999
119.540000
119.527999
119.507000
119.495001
119.500000
119.493000
119.466001
119.487999
119.469000
119.491000
119.484000
119.496999
119.532999
119.535999
119.464999
119.494999
119.501000
119.489999
119.499000
119.546000
119.487001
119.527001
119.553002
119.693000
119.493000
119.507000
119.679000
119.788000
119.578000
119.795000
119.795000
119.601000
119.680000
119.569998
119.570000
119.481001
119.499000
119.537000
119.542001
119.524999
119.564999
119.526999
119.537000
119.502001
119.540000
119.507000
119.541999
119.526999
119.532000
119.757999
119.580999
119.528001
119.541001
119.602000
119.565999
119.585000
119.622000
119.593000
119.569000
119.543999
119.596999
119.572001
119.570000
119.542001
119.581001
119.488999
119.613001
119.504001
119.546000
119.551999
119.589999
119.550999
119.558999
119.549999
119.556000
119.586000
119.634001
119.578000
119.595999
119.511999
119.564999
119.549001
119.553002
119.582999
119.573001
119.548000
119.529000
119.541999
119.572999
119.520999
119.580999
119.522000
119.539000
119.522000
119.527001
119.516000
119.576000
119.558001
119.541001
119.518999
119.570998
119.541001
119.526001
119.632998
119.547000
119.566999
119.542999
119.567001
119.558001
119.631000
119.557999
119.577000
119.561000
119.640999
119.525000
119.537000
119.513001
119.602000
119.507000
119.537001
119.517000
119.504001
119.514002
119.501000
119.534001
119.542001
119.530000
119.527001
119.526999
125.167999
119.630000
119.527999
119.519999
119.512001
119.569000
119.501000
119.545002
119.504999
119.574999
119.585000
119.543001
119.556000
119.501999
119.541001
119.520999
119.522000
119.545000
119.549999
119.518999
119.524999
119.538000
119.537000
119.566999
119.580001
119.540999
119.581999
119.562000
119.504001
119.504001
119.512001
119.545000
119.503001
119.526001
119.544001
119.577000
119.525000
119.550001
119.527001
119.563000
119.526999
119.530000
119.518001
119.526999
119.504999
119.525999
119.532999
119.549999
119.543999
119.588999
119.556999
119.539998
119.528001
119.607000
124.969000
119.607000
119.541001
119.546000
119.515000
119.517999
119.519999
119.566999
119.524000
119.556000
119.522000
119.546000
119.510001
119.504001
119.554000
119.503999
119.498000
119.527001
119.512001
119.535999
119.502001
119.524000
119.532000
119.546000
119.534999
119.545000
119.501000
119.518001
119.543999
119.563000
119.532000
119.659001
119.900001
120.161001
119.695000
119.542999
119.932001
119.536001
119.561000
119.519999
119.554000
119.596999
119.607000
119.539998
119.557001
119.532999
119.581999
119.490001
119.531000
119.485000
119.532000
119.526999
119.538002
126.804000
119.566999
119.577000
119.524000
119.524999
119.615000
119.560000
119.551001
119.502001
119.527001
119.537000
119.500998
119.560001
119.491000
119.546000
119.511999
119.550999
119.517999
119.526999
119.552001
119.521001
119.483000
119.516000
119.488999
119.546000
119.489999
119.518001
119.505001
119.545000
119.525000
119.548999
119.487001
119.567001
119.523000
119.508998
119.549999
119.520001
119.489001
119.519999
119.507000
119.593998
119.518999
119.551999
119.562000
119.570000
119.482001
119.573001
119.495999
119.526999
119.568000
119.540000
119.479999
119.518001
119.495999
119.842000
119.503001
119.523000
119.544001
119.568000
119.608000
119.525000
119.551001
119.615002
119.504999
119.546998
119.487001
119.549999
119.502001
119.522000
119.642001
119.561000
119.541999
119.634001
119.503999
119.530000
119.503999
119.551001
119.483000
119.525000
119.547000
119.519999
119.518001
119.563999
119.515000
119.585000
119.489999
119.549001
119.501000
119.545000
119.561000
119.539000
119.525000
119.499000
119.483000
119.533001
119.562000
119.585000
119.495001
119.574999
119.508000
119.525000
119.561000
119.512999
119.508000
119.542001
119.495001
119.515000
126.426000
119.617999
119.517000
119.547000
119.586000
119.525000
119.567001
119.593000
119.542001
119.562000
119.545002
119.577000
119.593000
119.533001
119.538000
119.524999
119.549001
119.503999
119.581999
119.508998
119.564001
119.504001
119.520001
119.554000
119.537000
119.549999
119.555999
119.542001
119.585000
119.518001
119.554000
119.488999
119.499000
119.495999
119.529000
119.530000
119.511999
119.526001
119.525000
119.492000
119.548000
119.526999
119.515000
119.509000
119.533999
119.519999
119.522000
119.527001
119.574999
119.508000
119.499000
119.519999
119.500000
119.516000
119.561000
119.456999
119.525000
120.034000
119.555000
119.694000
119.504999
119.602000
119.586000
119.665001
119.671000
119.649000
119.611999
119.538002
119.535999
119.596001
119.526001
119.519001
119.654000
119.510999
119.578000
119.540000
119.525000
119.525000
119.519001
119.500000
119.553000
119.527999
119.502001
119.543001
119.622001
119.539000
119.608998
119.487001
119.543999
119.492000
119.771000
119.555000
119.550999
119.558999
119.525999
119.532999
119.526001
119.497001
119.545002
119.538000
119.565001
119.517000
119.601000
119.560000
119.551999
119.564999
119.550001
119.589001
119.548000
119.538998
119.516000
119.567001
119.511999
119.492000
119.517000
119.508000
119.546000
119.539998
119.480001
119.586000
119.558999
119.485999
119.530000
119.547000
119.532000
119.509000
119.504999
119.542001
119.546000
119.508000
119.534999
119.515000
119.511001
119.540999
119.507000
119.517000
119.506000
119.546000
119.500000
119.510001
119.514000
119.485000
119.516000
119.513001
119.479001
119.568000
119.528001
119.540999
119.501999
119.502001
119.517000
119.543999
119.557001
119.535001
119.652001
119.563000
119.506000
119.556999
119.521001
119.528001
124.531999
119.685000
119.583001
119.572001
119.629001
119.575001
119.551999
119.592000
119.554998
119.535001
119.526001
119.590001
119.555999
119.552001
119.552001
119.535001
119.581999
119.541001
119.521001
119.531000
119.546000
119.591000
119.531000
119.508000
119.521001
119.517999
119.551001
119.562000
119.549999
119.512999
119.582001
119.576000
119.554000
119.542001
119.546000
119.592000
119.508998
119.564001
119.550999
119.556000
119.524999
119.541999
119.560000
119.517000
119.568000
119.562000
119.515000
119.580001
119.555000
119.518001
119.540000
119.520999
119.506000
119.546000
125.202000
119.552001
119.507002
119.496999
119.546000
119.535001
119.533001
119.532000
119.531998
119.554000
119.509000
119.558999
119.540000
119.554000
119.529000
119.568000
119.506000
119.551999
119.547000
119.530000
119.506000
119.578999
119.507000
119.532000
119.532000
119.539000
119.533001
119.551999
119.532000
119.532000
119.534001
119.580999
119.541001
119.568000
119.530002
119.626001
119.781999
119.525999
119.554000
119.827000
119.537000
119.572001
119.555999
119.531998
119.578999
119.503001
119.534001
119.473999
119.549001
119.496001
119.511001
119.527999
119.527001
125.559000
119.616000
119.571999
119.518001
119.531000
119.602999
119.503999
119.501999
119.516999
119.557999
119.487001
119.523000
119.532999
119.561000
119.523000
119.554000
119.507000
119.571000
119.532000
119.556000
119.582001
119.578000
119.603999
119.557001
119.572999
119.589999
119.578000
119.556000
119.553002
119.530000
119.529000
119.524000
119.535001
119.547999
119.496001
119.508000
119.500000
119.502001
119.494999
119.533001
119.554000
119.506000
119.501000
119.475000
119.472001
119.534001
119.457999
119.508998
119.476000
119.479001
119.495001
119.509000
119.482001
119.532000
119.748000
119.558001
119.581001
119.531000
119.520999
119.547000
119.547000
119.486000
119.492000
119.511001
119.492000
119.508000
119.500000
119.481999
119.503001
119.487001
119.492000
119.507000
119.492000
119.516000
119.522000
119.512999
119.491000
119.509999
119.537001
119.588999
119.495001
119.526001
119.499002
119.511999
119.485000
119.531000
119.548000
119.558001
119.472001
119.548000
119.546000
119.520999
119.548000
119.508000
119.539000
119.480999
119.499000
119.498000
119.530000
119.517999
119.520999
119.542999
119.555000
119.504001
119.489999
119.508000
119.530000
123.949999
119.515000
119.481001
119.529000
119.524000
119.496999
119.525999
119.547999
119.501000
119.518001
119.517000
119.527999
119.490001
119.498000
119.550001
119.498000
119.489001
119.501000
119.519001
119.495001
119.480999
119.517000
119.530000
119.521001
119.530000
119.496001
119.453002
119.524000
119.491002
119.470999
119.553000
119.496999
119.481999
119.483000
119.518999
119.495001
119.532000
119.492000
119.464001
119.468000
119.514002
119.464999
119.491000
119.465999
119.498000
119.505001
119.578000
119.485000
119.527999
119.465001
119.481999
119.469000
119.455000
119.475000
124.996001
119.531998
119.512999
119.485000
119.530002
119.462999
120.042000
119.487001
119.596001
119.674001
119.783999
119.743999
119.569000
119.715001
119.798001
119.525000
119.581001
119.486000
119.508000
119.509000
119.588001
119.524000
119.485999
119.488001
119.512001
119.463000
119.530002
119.463000
119.526999
119.462999
119.539000
119.465001
119.488999
119.461000
119.486000
119.488001
119.532000
119.511999
119.509999
119.470000
119.486999
119.489999
119.562000
119.482001
119.489999
119.479001
119.787000
119.530998
119.546000
119.506001
119.504999
119.535999
119.563000
124.800000
119.511999
119.488001
119.486000
119.548000
119.564999
119.514000
119.506000
119.532999
119.530000
119.512999
119.540000
119.545002
119.505001
119.512001
119.526001
119.489999
119.485000
119.506001
119.483000
119.510001
119.545002
119.488999
119.482001
119.518001
119.508000
119.493000
119.551999
119.512001
119.504999
119.510001
119.507000
119.486999
119.560000
119.532999
119.506001
119.535999
119.483000
119.492000
119.577000
119.508000
119.578000
119.535001
119.562000
119.498000
119.544001
119.565001
119.511001
119.509000
119.486000
119.467000
119.488999
119.569000
119.503001
119.653000
119.530002
119.542001
119.575001
119.515000
119.516000
119.518001
119.533001
119.513001
119.515000
119.510001
119.507000
119.486000
119.486000
119.512001
119.541001
119.483000
119.559001
119.490001
119.504999
119.514000
119.505001
119.489999
119.510001
119.494999
119.506000
119.488999
119.511999
119.483000
119.560000
119.469000
119.504999
119.507002
119.506000
119.503999
119.485000
119.536001
119.585000
119.545000
