0.250001
0.241000
0.230001
0.225000
0.237999
0.224000
0.236001
0.225000
0.236001
0.224000
0.236001
0.225000
0.235999
0.224002
0.236999
0.226000
0.235999
0.224000
0.236001
0.225000
0.236001
0.224000
0.236001
0.226000
0.236001
0.224000
0.235999
0.225000
0.235999
0.224000
0.236001
0.225000
0.240000
0.223001
0.234999
0.226000
0.236001
0.224000
0.234999
0.225000
0.235999
0.224000
0.234999
0.226000
0.236001
0.223000
0.235999
0.225000
0.235001
0.224000
0.235001
0.225000
0.235999
0.224000
0.235999
0.225000
0.235999
0.224000
0.236001
0.225000
0.234999
0.224000
0.235999
0.225000
0.235001
0.224000
0.236001
0.225000
0.236001
0.224000
0.235999
0.225000
0.235001
0.224000
0.235001
0.225000
0.235001
0.224000
0.236001
0.225000
0.235999
0.224000
0.235999
0.224000
0.235001
0.224000
0.235001
0.225998
0.235001
0.224000
0.237001
0.226000
0.236001
0.220001
0.235999
0.225000
0.243999
0.224000
0.236001
0.225000
0.236001
0.224000
0.235999
0.225000
0.237999
0.224000
0.237001
0.226000
0.235999
0.224000
0.236001
0.225998
0.236001
0.224000
0.236001
0.225000
0.236001
0.224000
0.236001
0.225000
0.235999
0.224000
0.236001
0.225000
0.236001
0.224000
0.235999
0.225000
0.236001
0.224000
0.236999
0.225000
0.236001
0.224002
0.236001
0.225000
0.236001
0.224000
0.235999
0.225000
0.236001
0.223000
0.235999
0.225000
0.236001
0.224002
0.235999
0.225000
0.236001
0.219999
0.235999
0.225000
0.236001
0.224000
0.236001
0.225000
0.236001
0.224000
0.235999
0.225000
0.241000
0.224000
0.236999
0.225000
0.236001
0.224000
0.237001
0.226000
0.235001
0.219999
0.236001
0.226000
0.236001
0.224000
0.235001
0.225000
0.235999
0.224000
0.235999
0.226000
0.254000
0.224000
0.236001
0.220999
0.235001
0.224000
0.235999
0.224998
0.235001
0.224000
0.234999
0.226000
0.234999
0.224000
0.234999
0.226000
0.235999
0.225000
0.235001
0.226000
0.236001
0.224000
0.235999
0.225000
0.236001
0.224000
0.235001
0.225000
0.236001
0.224000
0.236999
0.225000
0.235001
0.219999
0.236001
0.225000
0.235999
0.225000
0.235001
0.225000
0.236001
0.224000
0.235001
0.225000
0.241000
0.224000
0.235999
0.225000
0.236001
0.224000
0.235999
0.226000
0.236001
0.225000
0.236001
0.225000
0.235999
0.224000
0.235999
0.225000
0.236001
0.224000
0.236001
0.225000
0.236001
0.224000
0.235999
0.225000
0.236001
0.224000
0.235999
0.225000
0.236001
0.224000
0.235999
0.225000
0.235999
0.224000
0.236001
0.225000
0.235999
0.224000
0.236001
0.226000
0.235999
0.224002
0.236001
0.225000
0.236001
0.224000
0.235999
0.224998
0.235999
0.224002
0.236001
0.225000
0.235999
0.225000
0.235999
0.224998
0.236001
0.225000
0.236001
0.225000
0.235999
0.224000
0.236001
0.225000
0.242000
0.224000
0.236001
0.225000
0.235001
0.224000
0.236001
0.226000
0.235999
0.224000
0.235999
0.225000
0.235999
0.224000
0.234999
0.225000
0.235001
0.224000
0.236001
0.225000
0.235001
0.224000
0.236001
0.226000
0.236001
0.224000
0.235001
0.226000
0.235001
0.224000
0.235999
0.225000
0.235001
0.224000
0.236001
0.226000
0.235999
0.224000
0.236001
0.225000
0.236001
0.224000
0.235001
0.225000
0.236001
0.224000
0.235999
0.225000
0.235999
0.224000
0.236001
0.225000
0.236001
0.224000
0.236001
0.225000
0.236001
0.224000
0.236001
0.225000
0.236001
0.224002
0.236001
0.226000
0.242000
0.224000
0.235999
0.226000
0.236001
0.224000
0.235999
0.225000
0.236001
0.224000
0.236001
0.225000
0.235999
0.224000
0.235999
0.225000
0.236001
0.224000
0.235999
0.225000
0.236001
0.224000
0.235999
0.225000
0.236001
0.224000
0.236001
0.226000
0.236001
0.224000
0.235999
0.224000
0.235999
0.224000
0.236001
0.225000
0.236001
0.224000
0.236001
0.225000
0.235999
0.224000
0.237001
0.225000
0.236001
0.224000
0.236001
0.226000
0.236001
0.224000
0.236001
0.225000
0.236001
0.224000
0.235999
0.225000
0.236001
0.224000
0.236001
0.225000
0.236001
0.224000
0.236001
0.225000
0.241999
0.224000
0.236001
0.225000
0.236001
0.225000
0.236001
0.225000
0.236001
0.224000
0.235001
0.225000
0.236001
0.224000
0.235001
0.270000
0.239000
0.224000
0.237001
0.223000
0.236001
0.224000
0.236999
0.224000
0.235999
0.224000
0.237001
0.224002
0.235999
0.224000
0.237001
0.224002
0.236999
0.224000
0.236999
0.224000
0.235999
0.224000
0.237001
0.224000
0.236001
0.224000
0.236999
0.224000
0.235999
0.224000
0.236999
0.224000
0.235999
0.224000
0.237001
0.224000
0.235999
0.224000
0.237001
0.224000
0.236001
0.224000
0.236999
0.224000
0.235999
0.224000
0.235999
0.224000
0.241000
0.224002
0.235001
0.224000
0.235001
0.224000
0.235999
0.224000
0.235999
0.224000
0.235001
0.225000
0.235001
0.224000
0.234999
0.224000
0.235001
0.224000
0.235001
0.224000
0.234999
0.224000
0.234999
0.224000
0.236001
0.224000
0.234999
0.224000
0.235999
0.224000
0.236001
0.224000
0.235001
0.224000
0.235001
0.224000
0.235001
0.224002
0.236001
0.224000
0.236001
0.224002
0.236001
0.225000
0.235999
0.219999
0.236001
0.224000
0.234999
0.224000
0.234999
0.224000
0.234999
0.224000
0.234999
0.224000
0.236001
0.224000
0.237001
0.224000
0.235999
0.224000
0.234999
0.225000
0.242000
0.224000
0.236001
0.224000
0.237001
0.224000
0.235999
0.224000
0.237001
0.224002
0.236001
0.224000
0.237001
0.224000
0.236001
0.224000
0.237001
0.224000
0.236001
0.224000
0.236999
0.224002
0.236001
0.224000
0.236001
0.224000
0.235999
0.224000
0.236999
0.224000
0.236001
0.224000
0.237001
0.224000
0.236001
0.224002
0.236999
0.224000
0.235999
0.224002
0.236999
0.224002
0.235999
0.224000
0.237001
0.224000
0.236001
0.224000
0.236999
0.224000
0.236001
0.224000
0.237001
0.219999
0.235999
0.224000
0.236001
0.225000
0.236001
0.225000
0.237001
0.224000
0.235999
0.224000
0.241000
0.224000
0.235001
0.224000
0.235001
0.224000
0.236001
0.224000
0.236001
0.224000
0.235001
0.224000
0.235001
0.224000
0.235001
0.224000
0.235001
0.224000
0.235001
0.224000
0.235001
0.224000
0.234999
0.224000
0.234999
0.223000
0.234999
0.224000
0.236001
0.224000
0.235001
0.224000
0.236001
0.224000
0.235999
0.224002
0.234999
0.224000
0.235001
0.224000
0.235001
0.225000
0.235999
0.224000
0.237999
0.224000
0.235001
0.224000
0.234999
0.224000
0.235001
0.224000
0.235001
0.224000
0.235001
0.224000
0.235999
0.224000
0.234999
0.224000
0.235001
0.224000
0.235001
0.224000
0.242000
0.224000
0.236999
0.224000
0.236001
0.224000
0.236001
0.224002
0.235999
0.224000
0.236999
0.224000
0.236001
0.224000
0.237001
0.224000
0.236999
0.225000
0.237001
0.224000
0.235999
0.224000
0.237001
0.224000
0.235999
0.224000
0.236999
0.223000
0.236999
0.224002
0.237001
0.224000
0.236001
0.224000
0.236999
0.224000
0.235999
0.224000
0.236999
0.224002
0.236001
0.224000
0.236999
0.224000
0.235999
0.237999
0.237001
0.224000
0.236001
0.224000
0.237001
0.224000
0.236001
0.224000
0.237001
0.224000
0.236001
0.224000
0.237001
0.224000
0.235999
0.224000
0.236999
0.224000
0.240998
0.224000
0.235001
0.224000
0.235001
0.224000
0.234999
0.224000
0.234999
0.224000
0.235001
0.224000
0.235999
0.225000
0.236001
0.224000
0.234999
0.220001
0.234999
0.224000
0.236001
0.225000
0.236001
0.219999
0.235001
0.224002
0.234999
0.225000
0.235001
0.224000
0.235001
0.224000
0.235001
0.224000
0.234999
0.224000
0.236001
0.224000
0.235999
0.225000
0.234999
0.224000
0.236001
0.224002
0.235001
0.224000
0.234999
0.224000
0.235999
0.224000
0.235001
0.225000
0.234999
0.224000
0.235001
0.224000
0.236001
0.224000
0.234999
0.224000
0.235001
0.224000
0.235001
0.224000
0.242000
0.224000
0.236001
0.224000
0.236999
0.224000
0.236001
0.224000
0.236999
0.224000
0.236001
0.224000
0.236001
0.224000
0.235999
0.225000
0.235999
0.224000
0.235999
0.225000
0.236999
0.224000
0.237001
0.224000
0.237001
0.223000
0.235999
0.224000
0.236999
0.224000
0.236001
0.224000
0.236999
0.224000
0.236001
0.224000
0.236999
0.224000
0.235999
0.225000
0.235999
0.224002
0.236001
0.225000
0.237001
0.224000
0.236001
0.224000
0.236999
0.220001
0.236001
0.224000
0.236999
0.224000
0.236001
0.223000
0.237001
0.224000
0.235999
0.224000
0.236999
0.225000
0.236001
0.224000
0.242000
0.224000
0.235001
0.224000
0.235001
0.225000
0.234999
0.224000
0.234999
0.224000
0.235001
0.224000
0.235001
0.225000
0.235001
0.224000
0.235001
0.225000
0.234999
0.224000
0.236001
0.224000
0.235001
0.224000
0.235001
0.224000
0.235001
0.224000
0.235001
0.224000
0.236001
0.224000
0.235001
0.224000
0.235001
0.224002
0.234999
0.225000
0.236001
0.224000
0.235001
0.224002
0.235001
0.224002
0.235001
0.224000
0.235001
0.224000
0.235999
0.224000
0.236001
0.219999
0.235001
0.225000
0.234999
0.224000
0.235001
0.224000
0.234999
0.224000
0.234999
0.224000
0.235001
0.224000
0.242000
0.224002
0.236999
0.224000
0.235999
0.224000
0.237001
0.224000
0.235999
0.224000
0.236999
0.224000
0.235999
0.224000
0.236999
0.224000
0.236001
0.224000
0.237001
0.224000
0.236001
0.224000
0.236999
0.225000
0.236001
0.224000
0.237001
0.224000
0.235999
0.225000
0.237001
0.224000
0.235999
0.224000
0.237001
0.223000
0.237001
0.224000
0.236999
0.224000
0.236999
0.224000
0.237001
0.224000
0.235999
0.224000
0.237001
0.220001
0.235999
0.224000
0.236999
0.224000
0.236001
0.224000
0.237001
0.224000
0.235999
0.224000
0.237001
0.224000
0.235999
0.224000
0.237001
0.224000
0.241000
0.224000
0.235001
0.224000
0.236001
0.224000
0.235999
0.224000
