477.452999
477.368001
477.156000
477.132998
477.209000
477.313001
477.205999
477.169000
477.158001
477.102000
477.415001
477.236001
477.195000
477.161000
477.124000
477.135999
477.213001
477.059001
482.436001
477.271000
477.109000
477.189001
477.099000
477.202000
477.128999
477.223000
477.284001
477.210000
477.148999
477.163000
477.247000
477.054000
477.182999
477.155000
477.120999
477.157000
477.103001
477.147000
477.630001
477.497000
477.628000
477.511000
477.329999
477.923000
477.357000
477.607999
477.172000
477.306001
477.154000
477.449000
477.179000
477.175001
477.096999
477.113001
477.144999
477.127001
477.119999
477.119001
484.952001
477.221999
477.120999
477.192000
477.192000
477.417000
477.128999
477.143999
477.143999
477.024000
477.052001
477.210000
477.163000
477.296000
477.425000
477.236001
477.159001
477.158999
477.121999
477.085000
477.151999
477.130000
477.203000
477.475999
477.070000
477.155000
477.253001
484.303001
477.265999
478.572000
477.885999
477.347000
477.427999
477.361999
477.260001
477.444001
477.262001
477.155000
477.125999
477.247000
483.798999
477.275999
477.152999
477.146000
477.125000
477.076000
477.235999
477.028001
477.092000
477.313001
477.071999
477.205001
477.081001
477.140000
477.258001
477.270000
477.231000
477.180000
477.093000
477.070000
477.240000
477.277000
477.100000
477.094000
477.111999
477.151001
477.128001
483.343000
477.233000
477.086000
477.196999
477.140000
477.119999
477.073999
477.187000
477.621000
477.758000
478.360999
477.704000
477.836000
486.552000
477.451000
477.410002
477.512000
477.218000
477.182999
477.142999
477.222001
477.066999
477.175999
477.488000
477.240002
477.116998
477.171000
477.435000
477.145001
477.166999
477.181001
477.518000
477.164000
477.162002
477.130000
477.172000
477.113999
477.208000
477.125999
477.147000
484.475000
477.303000
477.109000
477.197001
477.149000
477.048999
477.243001
477.101000
477.097999
477.071999
477.082999
477.104001
477.178000
477.129001
477.212999
477.159001
477.110000
478.079000
477.482999
477.283999
477.334000
477.285000
477.560999
477.149999
477.180000
477.195000
477.086000
477.492001
477.199001
477.326000
477.105999
477.061000
477.202000
477.170000
477.187999
477.179000
477.152999
477.077000
477.090999
477.151001
482.798001
477.282001
477.094000
477.317000
477.113999
477.266001
477.105999
477.502000
477.125000
477.159001
477.135999
477.229001
477.157999
477.208000
477.392999
477.138000
477.069002
477.252001
477.107001
477.095000
477.140000
477.176001
477.132000
477.283999
478.029000
478.142001
477.254000
477.542000
477.552999
477.311999
477.282999
478.342000
477.029001
477.078000
477.140998
477.249999
477.986999
477.125000
477.094000
477.110999
485.090001
477.412000
477.186000
477.186998
477.103999
477.112999
477.123000
477.177000
477.225000
477.172000
477.152999
477.094000
477.240000
482.244998
477.232000
477.146000
477.182999
477.078998
477.157000
477.203000
477.409000
477.073999
477.148000
477.136001
477.101000
477.265999
477.158999
483.356999
477.215001
477.107000
477.624999
477.630001
477.778999
477.349000
477.596000
477.467000
477.519998
477.087999
477.675000
477.118999
483.344000
477.306999
477.271000
477.220999
477.192001
477.255000
477.152001
477.196001
477.182001
477.361001
477.198999
477.136999
477.100000
483.842000
477.327000
477.094999
477.220999
477.140000
477.121999
477.221001
477.201000
477.162998
477.175001
477.258001
477.143001
477.081999
477.127001
482.704999
477.202000
477.134001
477.113999
477.442000
477.065999
477.128001
477.136999
477.104999
477.335000
477.662999
477.243999
478.129001
484.464001
477.651000
477.225000
477.332000
477.246000
477.158999
477.122001
477.120999
477.167001
477.229001
477.158999
477.231001
477.148000
482.796000
477.297001
477.089999
477.143001
477.138000
477.302002
477.358999
477.110000
477.139000
477.186000
477.263000
477.263000
477.223000
477.099000
483.051000
477.377001
477.089001
477.169000
477.125000
477.105999
477.210000
477.188000
483.709998
477.572000
477.110000
477.215001
477.327000
483.260000
477.268001
477.255998
477.105999
478.481000
477.275999
477.861000
477.723999
477.724001
477.592001
477.231001
477.356000
477.171000
485.207001
477.457000
477.041999
477.183999
477.074999
477.231000
477.150999
477.087000
477.102999
477.100000
477.390001
477.149999
477.301000
477.497000
482.101001
477.346001
477.117000
477.161001
477.392999
477.179000
477.085000
477.262001
477.091001
477.654999
477.107000
477.101000
477.189001
483.199000
477.240000
477.289001
477.131000
477.154000
477.157000
477.165999
477.157000
477.100000
477.173999
477.087000
477.139000
477.544999
478.182999
478.274001
477.404000
477.499999
477.301002
477.333000
477.286002
477.458000
477.181999
477.116000
477.133000
477.207001
477.209000
477.189999
484.223001
477.418000
477.066999
477.072001
477.132000
477.148000
477.154000
477.306999
477.077000
477.322999
477.068000
477.128001
477.202000
482.784001
477.345999
477.062000
477.165001
477.120001
477.057001
477.054000
477.087000
477.156000
477.200001
477.172000
477.179000
477.073999
477.073001
483.274000
477.116998
477.103001
477.123000
477.062000
477.708001
477.279000
478.333000
477.954999
477.607001
477.298999
477.120001
477.101000
484.550001
477.577999
477.165001
477.195000
477.076000
477.262000
477.334000
477.099001
477.133999
477.142999
477.249000
477.181001
477.152999
484.480999
477.197999
477.396000
477.180999
477.214001
477.140000
477.150001
477.288000
477.107000
477.109000
477.154000
477.302002
477.204999
477.127001
481.868001
477.206999
477.197001
477.267999
477.111001
477.172000
477.192000
477.099000
477.072001
477.094999
477.099000
477.163998
477.103001
477.181999
477.978999
477.692999
477.558000
477.365000
477.141000
477.265000
477.185000
477.267001
477.047000
477.173999
477.079000
477.158999
484.346999
477.336001
477.322001
477.098001
477.173999
477.268999
477.221999
477.057999
477.119001
477.047998
477.231001
477.103999
477.162000
477.061000
484.017000
477.147000
477.090001
477.144001
477.141000
477.108000
477.194998
477.126000
477.105999
477.153001
477.241000
477.195999
477.218000
482.122000
477.100000
477.113001
477.096001
477.174999
477.436000
477.500001
477.680000
477.980001
478.171000
477.603000
477.384001
477.268999
485.743001
477.401000
477.225000
477.140000
477.216000
477.088001
477.111001
477.370000
477.178000
477.141000
477.465000
477.237999
477.267001
477.252001
477.495000
477.024999
477.194000
477.133000
477.035001
477.059999
477.106001
477.111001
477.187000
477.198999
477.154000
477.163998
477.068000
483.532000
477.201002
477.200001
477.148999
477.085000
477.188999
477.066001
477.072001
477.136999
477.115002
477.146000
477.205999
477.186000
477.074999
482.319999
477.595000
478.240000
477.654999
477.604000
477.344999
477.173001
477.144999
477.164000
477.050001
477.157000
477.204001
477.320001
484.773999
477.290999
477.173001
477.140000
477.161000
477.201000
477.316001
477.217000
477.169001
477.191001
477.482000
477.367001
477.142001
483.012000
477.352001
477.172000
477.037000
477.100000
477.074999
477.263000
477.276001
477.286002
477.148000
477.153001
477.130000
477.240998
477.205999
484.399999
477.206001
477.305001
477.192000
477.071999
477.083001
477.237001
477.414001
477.553001
477.688000
477.583000
477.520999
477.576999
484.213999
477.317000
477.181999
477.203000
477.148000
477.108000
477.146000
477.133000
477.107000
477.163000
477.127999
477.409000
477.110000
483.818000
477.333000
477.119999
477.311000
477.170000
477.074001
477.110000
477.076000
477.265000
477.051999
477.220001
477.188000
477.212001
477.124000
481.983999
477.217000
477.117000
477.249000
477.196001
477.172000
477.252001
477.167001
477.028999
477.228001
477.056000
477.093000
477.129001
477.203000
477.299001
477.636999
477.521999
477.582000
477.682000
477.419000
477.578001
477.510000
477.188000
477.265999
477.212001
477.205001
485.292999
477.275999
477.201000
477.058999
477.110999
477.201000
477.196999
477.119001
477.452001
477.132998
477.087000
477.163000
477.144999
477.073001
483.654000
477.158999
477.135001
477.168001
477.132000
477.153001
477.212001
477.175001
477.198001
477.232000
477.148000
477.187000
477.170000
477.219999
477.419000
477.244999
477.151001
477.217000
477.270000
477.155000
477.099000
477.108000
477.152999
477.156000
477.570001
477.611000
477.500001
478.100000
477.237001
477.263000
477.316000
477.136001
477.290999
477.699999
477.202000
477.223001
477.119001
477.140998
477.148000
477.082999
484.635001
477.420000
477.206001
477.146000
477.217000
477.204001
477.107000
477.148000
477.149000
477.119999
477.384001
477.283001
477.078000
484.297000
477.188000
477.085000
477.043001
477.212999
477.171000
477.094999
477.095000
477.198001
477.241000
477.217000
477.541000
477.303999
477.336999
483.848000
477.185000
477.180000
477.670999
477.841999
478.418000
477.762001
477.313999
477.307001
477.222001
477.689000
477.245001
477.359001
485.653000
477.427000
477.063000
477.178000
477.148999
477.174001
477.133000
477.009000
477.193000
477.402000
477.108000
477.170998
477.138000
483.891001
477.220999
477.090999
477.167999
477.104001
477.086000
477.131000
477.170000
477.079000
477.041999
477.104001
477.173999
477.089001
477.129001
483.801000
477.200000
477.330001
477.286000
477.116998
477.256000
477.132000
477.154000
477.091001
477.146000
477.697000
477.405000
477.670001
486.065000
477.572000
477.180999
477.166999
477.459999
477.274999
477.259999
477.127999
477.316001
477.294000
477.095999
477.034999
477.115000
484.389000
477.182001
477.225000
477.281999
477.172999
477.146000
477.048000
477.058001
477.110999
477.268999
477.191001
477.155000
477.094999
477.108000
483.703000
477.206999
477.092002
477.251001
477.059999
477.073999
477.020999
477.123000
477.231000
477.235999
477.035001
477.172000
477.116000
477.217000
477.245001
477.124000
477.281999
477.145001
477.806000
477.752000
477.892999
477.692001
477.450000
477.214001
477.298001
477.152001
477.352999
477.399999
477.346001
477.214001
477.305999
477.356000
477.201000
477.155000
477.237999
477.072001
477.090999
477.172000
477.582000
477.117000
484.043999
477.203999
477.214999
477.077000
477.082999
477.140000
477.143999
477.225000
477.116000
477.197001
477.169000
477.173001
477.236001
482.117001
477.161000
477.083001
477.203000
477.164000
477.143001
477.213001
477.175999
477.260999
477.119999
477.272000
477.454999
477.673000
477.798000
478.274001
477.595000
477.316000
477.178002
477.275001
477.326998
477.224000
477.384999
477.181001
477.367001
477.244999
477.242000
477.104001
483.508000
477.360001
477.423001
477.340000
477.172000
477.350999
477.192001
477.369001
477.206001
477.144999
477.165001
477.280000
477.164000
484.391998
477.134999
477.143999
477.171000
477.140000
477.097001
477.108000
477.217000
477.118000
477.203000
477.093000
477.148000
477.101000
477.190001
477.481000
477.142999
477.091001
477.193002
477.266999
477.584001
477.339000
478.031000
477.496000
477.850001
477.305001
477.337001
477.477999
485.171000
477.397000
477.236999
477.283999
477.324000
477.208000
477.133000
