0.293000
0.280000
0.267999
0.264000
0.282001
0.264000
0.280000
0.264000
0.280000
0.264000
0.280000
0.264000
0.280000
0.274001
0.280000
0.264000
0.280000
0.264000
0.280000
0.264000
0.280000
0.263002
0.281999
0.263000
0.280000
0.263998
0.280000
0.263998
0.280000
0.264000
0.280000
0.264000
0.280000
0.264000
0.280000
0.264000
0.280000
0.264000
0.280000
0.264000
0.280000
0.264000
0.280000
0.264000
0.279000
0.264000
0.280000
0.264000
0.279998
0.264000
0.281001
0.263998
0.280000
0.264000
0.280000
0.264000
0.280000
0.264000
0.280000
0.263000
0.281001
0.264000
0.279998
0.263000
0.281001
0.264000
0.280999
0.264000
0.280000
0.264000
0.280000
0.264000
0.280000
0.264000
0.280000
0.264000
0.280000
0.273000
0.280000
0.264000
0.280000
0.263000
0.279000
0.264000
0.280000
0.264000
0.280000
0.263998
0.280000
0.264000
0.279000
0.264000
0.280000
0.264000
0.279998
0.264000
0.279000
0.264000
0.280000
0.264000
0.280000
0.264000
0.279000
0.264000
0.280000
0.264000
0.280000
0.264000
0.279998
0.264000
0.280000
0.264000
0.279998
0.264000
0.280000
0.264000
0.280000
0.264000
0.280000
0.263998
0.280000
0.264000
0.280000
0.263000
0.279998
0.264000
0.280000
0.264000
0.280000
0.264000
0.280000
0.263000
0.280000
0.264000
0.279000
0.264000
0.280000
0.264000
0.280000
0.264000
0.280000
0.273000
0.280000
0.264000
0.279998
0.264000
0.280000
0.264000
0.281001
0.263000
0.280000
0.264000
0.280000
0.264000
0.280000
0.264000
0.280000
0.264000
0.280000
0.263000
0.280000
0.263000
0.280000
0.264000
0.279998
0.264000
0.280000
0.264000
0.279998
0.264000
0.280000
0.263998
0.280000
0.264000
0.279998
0.263000
0.281001
0.264000
0.280000
0.264000
0.280000
0.264000
0.281001
0.264000
0.280000
0.264000
0.280000
0.264000
0.279998
0.263000
0.280000
0.263998
0.280000
0.263000
0.279000
0.264000
0.280000
0.264000
0.281001
0.264000
0.279998
0.264000
0.279998
0.264000
0.280000
0.301000
0.280000
0.263000
0.280000
0.264000
0.280000
0.264000
0.279000
0.264000
0.280000
0.264000
0.279000
0.264000
0.279000
0.264000
0.280000
0.263998
0.279000
0.264000
0.280000
0.264000
0.280000
0.264000
0.279000
0.263998
0.280000
0.263998
0.280000
0.264000
0.281001
0.264000
0.280000
0.264000
0.279000
0.264000
0.280000
0.264000
0.280000
0.264000
0.280000
0.264000
0.280000
0.264000
0.280000
0.264000
0.280000
0.264000
0.279998
0.264000
0.279998
0.264000
0.280000
0.264000
0.279000
0.264000
0.280000
0.264000
0.280000
0.264000
0.280000
0.264000
0.280000
0.264000
0.279000
0.283001
0.280000
0.264000
0.280999
0.264000
0.280000
0.263000
0.279998
0.264000
0.280999
0.264000
0.280999
0.263000
0.281001
0.263000
0.279998
0.264000
0.281001
0.263000
0.280999
0.264000
0.281001
0.264000
0.281001
0.264000
0.281001
0.263000
0.281001
0.264000
0.280000
0.263000
0.280000
0.264000
0.281001
0.264000
0.280999
0.263000
0.280000
0.264000
0.281001
0.263000
0.280000
0.264000
0.279998
0.263000
0.281001
0.263000
0.279000
0.263000
0.280000
0.264000
0.281999
0.263998
0.281001
0.264000
0.280000
0.264000
0.280000
0.263000
0.281001
0.264000
0.280999
0.263000
0.281001
0.272999
0.280000
0.263002
0.280000
0.264000
0.280000
0.264000
0.279000
0.264000
0.279000
0.264000
0.280000
0.263998
0.279000
0.264000
0.280000
0.264000
0.279000
0.264000
0.280000
0.264000
0.280000
0.264000
0.280000
0.264000
0.280000
0.264000
0.279998
0.264000
0.280000
0.264000
0.280000
0.264000
0.280000
0.267999
0.279998
0.264000
0.281001
0.263000
0.279998
0.264000
0.279000
0.263000
0.279998
0.264000
0.280000
0.263998
0.279000
0.264000
0.280000
0.264000
0.280000
0.264000
0.279000
0.264000
0.279998
0.264000
0.279000
0.264000
0.279998
0.264000
0.280000
0.264000
0.280000
0.273000
0.280000
0.264000
0.281001
0.263000
0.279000
0.263998
0.279000
0.264000
0.281001
0.264000
0.281001
0.264000
0.280000
0.264000
0.281001
0.264000
0.280000
0.264000
0.280000
0.264000
0.281001
0.264000
0.280000
0.263998
0.280000
0.264000
0.280000
0.264000
0.280000
0.264000
0.281001
0.263000
0.280000
0.264000
0.280000
0.264000
0.281001
0.267999
0.280000
0.263000
0.280999
0.263000
0.281001
0.264000
0.280000
0.264000
0.281001
0.264000
0.280000
0.264000
0.280000
0.263000
0.280000
0.263000
0.280000
0.263000
0.280999
0.264000
0.280000
0.264000
0.280000
0.264000
0.281001
0.273999
0.280000
0.264000
0.280000
0.264000
0.280000
0.264000
0.280000
0.264000
0.280000
0.264000
0.280000
0.264000
0.280000
0.264000
0.280000
0.264000
0.279000
0.264000
0.272000
0.264000
0.280000
0.264000
0.279000
0.264000
0.279000
0.264000
0.279000
0.264000
0.279000
0.264000
0.279000
0.264000
0.280000
0.264000
0.280000
0.264000
0.280000
0.264000
0.279000
0.264000
0.280000
0.264000
0.279000
0.264000
0.280000
0.263000
0.280000
0.264000
0.279000
0.264000
0.279998
0.264000
0.279000
0.264000
0.279000
0.264000
0.279000
0.264000
0.279998
0.264000
0.280000
0.264000
0.280000
0.301000
0.280000
0.263000
0.280000
0.264000
0.280000
0.264000
0.280000
0.264000
0.280000
0.264000
0.280000
0.264000
0.280000
0.263000
0.280000
0.264000
0.280000
0.263000
0.279998
0.264000
0.280000
0.263000
0.280000
0.264000
0.280000
0.264000
0.280000
0.264000
0.280000
0.264000
0.279998
0.263000
0.280000
0.264000
0.280000
0.264000
0.280000
0.264000
0.280000
0.263002
0.280000
0.263000
0.280000
0.264000
0.281001
0.263000
0.280000
0.264000
0.280000
0.264000
0.280000
0.264000
0.279998
0.264000
0.280000
0.264000
0.280000
0.263000
0.280000
0.264000
0.279998
0.264000
0.280000
0.273000
0.280000
0.264000
0.280000
0.264000
0.280000
0.264000
0.279000
0.264000
0.279000
0.264000
0.279000
0.264000
0.279000
0.264000
0.280000
0.264000
0.280000
0.264000
0.280000
0.264000
0.280000
0.263998
0.280000
0.264000
0.280000
0.264000
0.280000
0.264000
0.280000
0.264000
0.280000
0.263998
0.279998
0.264000
0.279000
0.264000
0.279000
0.264000
0.280000
0.264000
0.279000
0.264000
0.280000
0.264000
0.280000
0.264000
0.279000
0.264000
0.279998
0.264000
0.280000
0.264000
0.279998
0.264000
0.280000
0.264000
0.279998
0.264000
0.281001
0.264000
0.279000
0.263998
0.280000
0.273000
0.281001
0.264000
0.280000
0.263000
0.280000
0.264000
0.280000
0.263000
0.279000
0.264000
0.279000
0.264000
0.281001
0.264000
0.280000
0.264000
0.280000
0.264000
0.280000
0.264000
0.280000
0.264000
0.280000
0.264000
0.280000
0.264000
0.280000
0.264000
0.279000
0.263998
0.280000
0.263000
0.280000
0.263000
0.279000
0.264000
0.280000
0.264000
0.280000
0.264000
0.280000
0.264000
0.279998
0.263000
0.279998
0.264000
0.279998
0.263998
0.280000
0.264000
0.280000
0.264000
0.280000
0.264000
0.280000
0.263998
0.280000
0.264000
0.280000
0.264000
0.281001
0.264000
0.279998
0.273000
0.279000
0.266001
0.279000
0.264000
0.280000
0.264000
0.280000
0.264000
0.279000
0.264000
0.280000
0.264000
0.280000
0.264000
0.280000
0.264000
0.278998
0.263998
0.279000
0.264000
0.279000
0.264000
0.279000
0.264000
0.280000
0.264000
0.279000
0.264000
0.279000
0.264000
0.278998
0.263998
0.280000
0.264000
0.280000
0.263998
0.280000
0.264999
0.279000
0.264000
0.279998
0.264000
0.280000
0.264000
0.279000
0.264000
0.279000
0.264000
0.279000
0.264000
0.279000
0.264000
0.280000
0.263000
0.280000
0.263000
0.279000
0.264000
0.280000
0.264000
0.279000
0.264000
0.280000
0.273000
0.280000
0.263000
0.522001
0.263998
0.280000
0.264000
0.279998
0.263998
0.280000
0.264000
0.280000
0.264999
0.280000
0.263998
0.280000
0.264000
0.280000
0.263998
0.280000
0.264000
0.279000
0.263998
0.280000
0.264000
0.280000
0.264000
0.279000
0.264000
0.279000
0.264000
0.280000
0.263000
0.280000
0.264000
0.279000
0.264000
0.280000
0.264000
0.279000
0.264000
0.280000
0.264000
0.279000
0.263000
0.279000
0.263000
0.279000
0.264000
0.279998
0.263000
0.279000
0.264000
0.279000
0.263000
0.281001
0.263000
0.279000
0.263000
0.279998
0.264000
0.280000
0.263000
0.280000
0.393001
0.280000
0.265000
0.280000
0.263000
0.279000
0.263000
0.280000
0.264000
0.279000
0.264000
0.279000
0.264000
0.279998
0.264999
0.488000
0.264000
0.279000
0.263000
0.280000
0.264000
0.280000
0.265000
0.280000
0.264000
0.280000
0.264000
0.279000
0.263000
0.280000
0.264000
0.278998
0.264000
0.280000
0.264000
0.279998
0.264000
0.281001
0.264999
0.280000
0.263000
0.280999
0.264000
0.280000
0.264000
0.280000
0.264000
0.280000
0.264000
0.281001
0.263000
0.280000
0.264000
0.280000
0.264000
0.279000
0.264000
0.280000
0.264000
0.279998
0.264000
0.279998
0.263000
0.280000
0.273000
0.280000
0.263998
0.281001
0.264000
0.280999
0.264000
0.280000
0.263000
0.281001
0.263998
0.281001
0.263000
0.281001
0.265000
0.280000
0.264000
0.280000
0.264000
0.280000
0.264000
0.280000
0.264000
0.280000
0.264000
0.280000
0.263000
0.279998
0.263000
0.280000
0.265000
0.280000
0.264000
0.280000
0.263998
0.281001
0.263000
0.279998
0.264000
0.280000
0.264000
0.280000
0.263000
0.280000
0.263998
0.280000
0.264000
0.280000
0.264000
0.280000
0.264000
0.281001
0.264000
0.280999
0.264000
0.280000
0.263000
0.279998
0.264000
0.281001
0.264000
0.280000
0.264000
0.281001
0.273999
0.280000
0.268999
0.279998
0.264000
0.280999
0.264000
0.279000
0.263998
0.279000
0.264000
0.280000
0.264000
0.280999
0.264000
0.280000
0.264000
0.279000
0.264000
0.280000
0.265000
0.279998
0.263000
0.279000
0.264000
0.279000
0.264000
