11.304000
11.283000
11.309000
11.295000
11.303000
11.290000
11.303999
11.295999
11.290000
11.289001
11.311000
11.317000
11.316000
11.314999
11.310999
11.312000
11.311000
11.311000
11.315000
11.312000
11.300000
11.302000
11.300000
11.305000
11.294000
11.298000
11.283000
11.294000
11.293000
11.281000
11.295000
11.294000
11.283999
11.297001
11.304000
11.283000
11.284000
11.283000
11.283000
11.288000
11.284000
11.283000
11.291000
11.287000
11.284000
11.287000
11.289000
11.290000
11.283000
11.284000
11.289001
11.290000
11.283999
11.283000
11.283000
11.283000
11.281000
11.284000
11.286000
11.283000
11.290000
11.289001
11.285000
11.290000
11.283000
11.289000
11.289001
11.289001
11.283000
11.268000
11.284000
11.290001
11.269000
11.310000
11.290000
11.291000
11.289000
11.290001
11.290000
11.290000
11.290001
11.284000
11.289000
11.294000
11.306000
11.294999
11.293001
11.293000
11.293001
11.294000
11.287000
11.299000
11.303000
11.312000
11.302999
11.310999
11.281000
11.287000
11.288000
11.281000
11.300000
11.281000
11.299000
11.289001
11.279000
11.294000
11.293000
11.295000
11.281000
11.302000
11.309001
11.307000
11.302000
11.296000
11.301000
11.301000
11.311000
11.302000
11.307999
11.306000
11.289001
11.294001
11.300000
11.306000
11.298000
11.295999
11.298000
11.302001
11.288000
11.310999
11.303999
11.301000
11.305000
11.315000
11.305000
11.304000
11.303999
11.297000
11.298000
11.303000
11.298000
11.285000
11.304000
11.303999
11.300000
11.301001
11.306000
11.309001
11.297000
11.305001
11.299999
11.292000
11.301000
11.297001
11.294000
11.295000
11.302000
11.306000
11.296000
11.283000
11.301000
11.302000
11.313000
11.306000
11.315000
11.306000
11.306000
11.301000
11.302000
11.301000
11.304000
11.299999
11.298000
11.306000
11.301000
11.305001
11.297000
11.294000
11.296000
11.292000
11.300000
11.299000
11.298000
11.293000
11.295999
11.303000
11.283000
11.303000
11.293000
11.287000
11.302000
11.303000
11.303000
11.303000
11.302000
11.302000
11.303000
11.303999
11.282000
11.297001
11.308000
11.302000
11.292000
11.306999
11.306000
11.293000
11.305001
11.303000
11.292000
11.300000
11.314000
11.301000
11.308000
11.305000
11.307999
11.311000
11.299000
11.308000
11.315000
11.304000
11.308000
11.313000
11.303000
11.291000
11.309000
11.313000
11.314000
11.309001
11.307999
11.291999
11.307000
11.311000
11.309001
11.309000
11.321000
11.310000
11.303999
11.310000
11.312000
11.308000
11.303000
11.306001
11.303999
11.303999
11.308000
11.291000
11.311000
11.308000
11.309000
11.310000
11.290000
11.302000
11.316000
11.313000
11.310001
11.309000
11.294000
11.303000
11.310000
11.310000
11.310000
11.309000
11.299000
11.303000
11.310000
11.311000
11.309000
11.300000
11.313000
11.299000
11.299999
11.306999
11.304000
11.301001
11.302999
11.314000
11.301000
11.306000
11.299000
11.299999
11.304000
11.303000
11.295000
11.301000
11.299000
11.301001
11.283000
11.295000
11.297000
11.286000
11.301000
11.303000
11.284000
11.299000
11.323000
11.315000
11.294000
11.299000
11.281000
11.294000
11.293001
11.284000
11.294000
11.291999
11.282000
11.292000
11.289001
11.281000
11.294000
11.298001
11.285000
11.299000
11.296000
11.283000
11.294999
11.293001
11.283999
11.295000
11.295000
11.285000
11.296000
11.294001
11.284000
11.296000
11.293000
11.286000
11.295999
11.293000
11.279000
11.282000
11.283000
15.990000
11.303000
11.283000
11.283000
11.283000
11.284000
11.269000
11.283000
11.300000
11.289000
11.288000
11.283000
11.289000
11.284000
11.289001
11.290001
11.291999
11.283000
11.291000
11.290000
11.290000
11.291999
11.289001
11.290001
11.281000
11.290000
11.308000
11.282001
11.290000
11.290000
11.283000
11.284000
11.290001
11.268000
11.283000
11.286001
11.287000
11.287999
11.293001
11.284000
11.283000
11.290000
11.288000
11.290000
11.284000
11.291000
11.289000
11.289001
11.290000
11.289000
11.289001
11.289001
11.290001
11.289001
11.296000
11.287000
11.288000
11.290001
11.285000
11.292000
11.282000
11.283000
11.283000
11.282000
11.286000
11.283000
11.290000
11.288000
11.286000
11.283000
11.266000
11.268000
11.311000
11.287000
11.288000
11.292000
11.290000
11.289000
11.289000
11.288000
11.295000
11.288000
11.292000
11.270000
11.268999
11.290001
11.270000
11.314000
11.305001
11.308000
11.305000
11.307000
11.302999
11.293000
11.310000
11.289001
11.303999
11.305000
11.289000
11.267000
11.267000
11.267000
11.305000
11.282000
11.266001
11.267000
11.282001
11.268000
11.266000
11.267000
11.287999
11.266001
11.266001
11.302000
11.266001
11.282000
11.283000
11.282000
11.288000
11.282000
11.282000
11.290000
11.268000
11.287000
11.284000
11.283000
11.266000
11.266000
11.297000
11.291000
11.278000
11.305000
11.301000
11.304000
11.291000
11.290000
11.311000
11.281000
11.280000
11.288000
11.283000
11.280000
11.291000
11.290000
11.282001
11.288000
11.289001
11.283000
11.283999
11.289000
11.289000
11.281000
11.284000
11.289001
11.282000
11.268000
11.285000
11.282000
11.281000
11.285000
11.284000
11.284000
11.279999
11.284000
11.283000
11.291000
11.282000
11.285000
11.283000
11.283000
11.291999
11.281000
11.287000
11.283000
11.293000
11.280000
11.285000
11.293000
11.282000
11.289001
11.289000
11.290000
11.287000
11.290000
11.286000
11.287999
11.303000
11.283000
11.291000
11.295000
11.309000
11.300000
11.291999
11.283000
11.283000
11.283000
11.280000
11.282000
11.281000
11.284000
11.310001
11.283000
11.285000
11.285000
11.283000
11.287000
11.284000
11.296000
11.306000
11.293000
11.284000
11.287000
11.283000
11.267000
11.290999
11.290001
11.283000
11.306000
11.288000
11.294000
11.290000
11.295000
11.286000
11.295000
11.290000
11.295000
11.290000
11.281000
11.283000
11.291000
11.297001
11.285000
11.292000
11.289001
11.290000
11.292000
11.309001
11.285000
11.283000
11.291000
11.283000
11.299999
11.286000
11.288000
11.282000
11.283000
11.281000
11.283000
11.281000
11.283000
11.280000
11.285000
11.287000
11.281000
11.301000
11.285000
11.282001
11.284000
11.286000
11.292000
16.809001
11.314000
11.290000
11.290000
11.312000
11.283000
11.289000
11.282000
11.283000
11.289000
11.283000
11.282000
11.285000
11.282001
11.283000
11.289000
11.286000
11.285000
11.285000
11.283000
11.283000
11.282000
11.283000
11.285000
11.282000
11.282000
11.287000
11.286000
11.283000
11.282000
11.294000
11.289001
11.290001
11.291000
11.309001
11.292000
11.303999
11.282000
11.303999
11.291000
11.283000
11.289000
11.289000
11.300000
11.289000
11.295999
11.291999
11.291999
11.284000
11.283999
11.283000
11.282000
11.283000
11.283000
11.282000
11.284000
11.283000
11.285000
11.285000
11.283000
11.282001
11.314000
11.290001
11.290000
11.290000
11.294000
11.290001
11.290000
11.313000
11.285000
11.305000
11.298000
11.293000
11.301001
11.310999
11.303000
11.305001
11.307999
11.285000
11.294001
11.298001
11.304000
11.302000
11.302000
11.294000
11.297000
11.296000
11.304000
11.305001
11.305000
11.303000
11.301000
11.294000
11.301000
11.301000
11.303000
11.287000
11.306000
11.297000
11.283000
11.296000
11.298000
11.285000
11.307999
11.306000
11.300000
11.301000
11.283000
11.282001
11.282001
11.287999
11.271000
11.290000
11.294999
11.299999
11.289000
11.305000
11.290001
11.295999
11.290000
11.289000
11.291000
11.298000
11.301000
11.298000
11.295999
11.289001
11.294999
11.287999
11.297001
11.289000
11.292000
11.308000
11.285000
11.290000
11.298000
11.299000
11.289001
11.290000
11.289001
11.290000
11.283000
11.289001
11.295000
11.289000
11.289000
11.288000
11.288000
11.310000
11.286001
11.289001
11.292000
11.291000
11.290999
11.291000
11.289000
11.289000
11.286001
11.293000
11.293000
11.291000
11.291000
11.284000
11.289001
11.283000
11.293000
11.285000
11.271000
11.288000
11.291000
11.289001
11.299999
11.288000
11.303999
11.292000
11.291000
11.304000
11.293001
11.297000
11.287000
11.294001
11.300000
11.301000
11.299000
11.300000
11.297000
11.298000
11.287999
11.289001
11.298000
11.289001
11.287000
11.296000
11.297000
11.280000
11.294000
11.371001
11.302000
11.283000
11.303000
11.300000
11.304000
11.303000
11.304000
11.302000
11.301000
11.299000
11.303000
11.299000
11.298001
11.303000
11.301001
11.303000
11.301000
11.295000
11.293000
11.307999
11.308000
11.302000
11.298000
11.292000
11.301000
11.302000
11.283999
11.293000
11.293001
11.290000
11.291000
11.298000
11.292000
11.290000
11.296000
11.283000
11.290000
11.290001
11.291000
11.283999
11.290001
11.291000
11.291999
11.288000
11.290000
11.290000
11.289000
11.291000
11.291000
11.292000
11.290000
11.295000
11.283000
11.289001
11.290000
11.288000
11.290000
11.289000
11.291000
11.289001
11.290001
11.290000
11.287000
15.515000
11.318000
11.293000
11.294000
11.284000
11.292000
11.297000
11.285000
11.293000
11.293001
11.285000
11.293000
11.299000
11.286000
11.295000
11.295000
11.297000
11.291999
11.285000
11.293001
11.285000
11.293001
11.291999
11.293000
11.286000
11.299000
11.295000
11.283000
11.291999
11.302001
11.286000
11.292000
11.293000
11.284000
11.299000
11.297000
11.282000
11.295999
11.298000
11.289001
11.291999
11.292000
11.283000
11.294000
11.292000
11.284000
11.294001
11.299000
11.284000
11.293000
11.295999
11.285000
11.295000
11.293001
11.283000
11.295000
11.294001
11.286000
11.292000
11.292000
11.285000
11.293000
11.293001
11.285000
11.307999
11.302000
11.282001
11.322000
11.301000
11.303000
11.298000
11.298000
11.302000
11.301000
11.297001
11.282001
11.302000
11.302000
11.282000
11.299000
11.299999
11.282001
11.298000
11.295000
11.283000
11.297001
11.297001
11.283999
11.296000
11.287000
11.282000
11.289000
11.283000
11.293001
11.290000
11.289000
11.290000
11.291000
11.290000
11.291000
11.289000
11.289001
11.289001
11.292000
11.296000
11.290000
11.289000
11.292000
11.289001
11.301000
11.289000
11.291000
11.286000
11.283000
11.316000
11.300000
11.303000
11.285000
11.289000
11.283999
11.286001
11.285000
11.286000
11.284000
11.284000
11.283999
11.288000
11.290000
11.309000
11.301000
11.293000
11.298000
11.287000
11.285000
11.284000
11.284000
11.291000
11.289001
11.290000
11.292000
11.291000
11.290000
11.293001
11.288000
11.290000
11.296000
11.290000
11.292000
11.287999
