2316.040002
2306.520000
2301.459998
2320.820000
2309.880000
2309.960000
2307.660002
2319.240000
2312.660001
2296.060000
2283.040002
2294.840001
2282.699998
2283.080000
2284.040000
2283.739999
2282.380000
2295.980003
2294.800002
2283.740003
2311.899997
2310.980000
2304.279998
2300.859999
2305.240002
2307.920001
2310.920000
2306.720000
2306.540001
2305.980001
2304.680001
2300.500002
2311.700001
2296.200000
2282.699998
2295.760002
2295.580000
2295.320000
2282.060001
2295.260001
2294.919997
2283.520002
2283.040002
2312.080000
2297.700003
2304.099999
2300.360002
2309.439998
2298.460003
2309.440002
2304.739997
2305.339999
2303.040002
2317.360003
2313.239999
2298.160002
2307.920001
2318.059999
2295.840003
2295.759998
2283.480000
2295.560002
2295.159999
2283.040002
2295.559999
2285.060003
2284.299999
2282.579999
2317.080002
2314.160001
2307.259999
2305.459999
2318.599999
2312.700000
2304.079998
2297.240000
2299.699999
2313.300002
2310.119998
2313.280001
2300.339997
2294.300001
2283.939999
2294.879999
2294.680003
2282.820001
2283.039998
2283.480000
2295.500003
2295.420002
2295.580000
2295.260001
2311.559997
2306.639999
2308.959998
2301.800001
2307.859998
2307.980001
2317.899998
2313.320000
2312.640000
2305.940002
2314.300001
2301.700003
2311.099999
2295.939997
2294.939999
2295.339998
2295.699999
2294.880003
2282.820001
2283.020001
2282.860003
2295.440000
2294.939999
2300.060000
2310.380001
2318.620000
2313.239999
2310.380001
2309.340000
2312.720001
2307.019997
2306.240000
2309.760001
2304.219998
2311.699998
2299.939997
2296.420000
2295.340002
2295.059998
2283.160001
2295.260001
2295.240000
2295.119997
2294.460002
2283.000000
2283.439998
2294.720002
2310.619999
2315.160003
2301.059999
2307.659999
2307.379998
2318.039998
2312.479999
2305.440001
2303.959999
2314.220000
2313.680001
2300.920002
2309.020001
2303.420000
2282.340001
2282.940000
2296.460003
2283.120003
2294.480003
2295.899998
2295.940001
2295.759998
2283.860002
2295.180000
2300.600000
2315.800000
2311.379999
2304.979999
2310.059998
2311.600003
2311.340000
2307.779998
2311.120000
2317.840002
2309.179999
2313.959997
2298.400000
2316.059999
2295.459997
2295.919999
2283.579998
2295.559999
2295.419998
2293.940000
2294.480000
2295.860000
2295.740001
2309.699997
2313.980002
2299.300000
2314.300001
2311.299998
2315.300003
2305.379998
2310.640000
2304.140002
2315.139998
2313.340001
2311.659999
2307.799999
2303.680003
2294.919997
2295.320000
2282.779999
2295.240000
2295.499999
2283.119999
2282.060001
2295.779999
2283.999998
2294.920001
2313.099999
2310.659997
2298.699997
2308.220003
2311.460000
2315.700002
2296.980001
2311.700001
2310.459998
2330.760002
2311.540000
2308.820002
2311.799999
2301.840000
2296.140000
2295.340002
2282.240000
2296.039999
2295.860000
2283.539999
2296.000000
2295.600001
2295.799997
2282.760002
2311.560001
2318.099998
2300.700001
2316.860002
2311.340000
2312.920000
2311.600003
2310.380001
2303.379998
2314.020000
2316.280000
2311.179999
2310.100000
2314.319998
2294.799998
2295.640003
2283.199999
2283.519998
2295.760002
2282.840002
2296.500001
2295.639999
2295.179997
2283.840001
2309.420001
2316.240001
2299.180001
2314.059999
2302.219998
2300.160002
2303.099997
2316.739999
2310.119998
2314.440001
2301.959999
2306.540001
2298.260000
2311.200000
2295.080002
2294.640001
2295.660000
2283.040002
2282.860000
2282.019999
2294.560000
2283.319999
2295.460001
2295.760002
2305.859998
2312.239997
2315.120000
2311.920002
2309.040003
2304.540001
2312.539998
2302.380003
2316.100001
2298.580002
2315.439999
2310.420003
2302.100003
2310.659997
2283.340000
2294.539999
2283.200003
2296.100002
2295.839999
2295.520000
2295.600001
2283.379998
2283.399999
2295.520000
2299.479999
2312.479999
2311.400000
2308.059998
2298.319999
2308.499999
2304.320000
2310.500000
2302.699998
2316.040002
2310.619999
2297.300000
2301.780000
2312.040001
2295.740001
2295.520000
2294.599999
2295.939997
2282.559998
2283.420000
2283.539999
2283.399999
2295.039997
2283.059999
2307.520002
2318.519998
2300.919998
2309.420001
2311.260000
2311.200000
2305.399999
2316.240001
2299.780000
2314.780001
2309.739999
2304.779999
2311.779998
2315.699998
2295.119997
2281.940002
2295.699999
2283.519998
2295.580000
2294.379998
2295.440000
2295.440000
2295.940001
2295.340002
2310.059998
2314.800002
2313.420001
2311.039999
2309.919998
2318.280000
2313.320000
2306.500003
2303.619999
2318.099998
2312.199999
2310.920000
2312.020000
2295.660000
2282.360002
2282.339998
2296.140000
2282.940000
2283.439998
2283.599999
2295.519996
2295.160003
2295.320000
2309.620000
2316.339999
2303.080000
2309.639998
2298.080001
2310.539998
2310.860001
2311.140001
2303.599998
2303.459998
2313.320000
2312.360000
2310.320001
2303.500000
2294.940002
2295.440000
2283.700000
2295.960002
2295.160003
2294.319998
2283.519998
2296.239998
2283.220001
2294.960000
2316.339999
2313.079998
2310.380001
2301.419999
2311.280001
2312.860001
2310.959999
2306.779999
2317.499999
2312.299997
2307.700001
2297.260001
2304.400001
2312.439997
2283.220001
2282.820001
2295.059998
2295.600001
2282.959998
2295.040000
2295.600001
2295.839999
2295.779999
2295.680001
2313.139997
2308.819998
2302.880000
2315.779999
2313.940000
2303.399999
2315.320000
2311.960001
2313.460000
2311.659999
2313.139997
2310.660001
2302.899998
2295.380000
2295.520000
2296.060003
2296.060000
2283.840001
2295.520000
2284.159999
2294.860002
2296.520002
2283.399999
2295.919999
2314.460002
2313.999999
2302.440003
2310.039997
2313.140001
2308.459997
2300.200000
2309.280001
2316.640001
2313.919999
2324.260000
2309.060000
2315.640002
2299.219999
2295.340002
2295.399997
2283.840001
2296.480000
2295.240000
2296.080001
2294.640001
2295.159999
2294.499997
2295.679998
2312.619999
2310.599998
2299.840000
2313.800000
2312.220000
2312.339999
2309.499998
2312.300000
2309.459999
2310.079999
2299.920000
2305.700000
2311.999999
2310.440000
2295.639999
2295.220003
2284.019999
2296.099998
2295.820002
2283.560000
2295.019999
2295.800000
2295.219999
2295.720000
2311.679997
2308.480002
2318.380002
2311.820000
2310.660001
2306.220002
2311.420001
2307.760000
2313.839998
2303.399999
2311.820000
2310.679998
2315.020002
2313.600000
2295.459997
2294.740003
2296.140000
2295.760002
2294.819999
2284.240000
2284.520000
2295.559999
2295.599997
2295.459997
2312.599998
2310.339998
2296.699997
2313.600000
2305.120002
2298.119999
2307.900000
2306.720000
2312.080000
2305.000000
2306.380000
2315.259997
2312.520001
2299.540002
2295.260001
2295.880001
2295.839999
2295.219999
2295.780003
2283.939999
2295.639999
2283.940002
2283.199999
2295.339998
2299.780000
2307.739999
2316.519998
2302.420001
2310.600001
2310.679998
2323.620003
2301.020000
2313.800000
2295.720000
2316.780001
2298.760001
2310.520001
2308.180001
2295.080002
2294.240002
2295.259997
2283.920001
2295.499999
2295.779999
2295.380000
2296.060003
2285.779998
2296.220001
2303.560000
2315.219998
2300.759997
2310.379997
2311.380003
2303.519998
2311.200000
2317.220002
2307.240002
2311.720002
2312.300000
2311.060000
2311.199997
2296.300001
2295.440000
2283.159997
2283.119999
2293.959998
2295.880001
2283.340000
2297.540002
2295.979999
2296.000000
2301.360000
2316.980001
2300.460003
2304.099999
2304.200001
2316.939998
2305.640001
2311.279997
2304.919999
2314.780001
2309.880000
2311.079998
2305.679999
2313.699998
2294.760000
2295.880001
2282.980002
2282.000002
2296.880003
2283.140000
2295.680001
2284.520000
2296.159998
2295.460001
2313.159999
2298.900001
2296.839997
2310.139999
2309.100002
2311.120000
2302.619997
2307.580002
2300.779998
2302.019998
2308.899999
2305.000000
2311.799999
2299.339999
2295.700002
2283.179998
2283.519998
2295.600001
2295.959998
2295.040000
2282.900002
2283.119999
2283.519998
2282.899998
2311.400000
2296.360001
2318.360001
2313.580003
2304.559998
2300.159998
2317.000002
2313.999999
2313.120000
2305.080000
2311.060000
2312.240001
2311.280001
2308.259998
2295.460001
2295.679998
2294.819999
2296.280000
2284.039997
2295.519996
2294.960000
2295.440000
2294.420000
2283.820000
2298.760001
2305.020001
2313.159999
2311.060000
2297.580000
2310.959999
2312.600002
2306.100000
2309.739999
2311.120000
2313.079998
2307.080001
2307.780001
2317.059997
2296.200000
2282.579999
2284.040000
2295.360003
2282.960001
2295.539998
2282.299999
2295.839999
2283.360001
2295.280002
2296.139996
2304.860000
2300.940000
2312.479999
2303.500000
2316.980001
2305.919997
2309.640002
2298.119999
2310.039997
2310.640000
2332.079999
2310.140003
2311.740000
2309.300002
2296.100002
2294.939999
2296.060000
2295.839999
2295.339998
2295.520000
2295.959998
2295.780003
2295.400001
2310.219999
2303.679999
2303.280000
2311.939999
2300.799999
2312.840000
2313.759997
2300.060000
2309.300002
2305.100001
2304.320000
2310.260002
2297.060002
2315.180000
2283.359997
2295.560002
2284.259997
2282.380000
2283.640001
2282.959998
2295.400001
2283.660002
2294.580001
2295.940001
2310.679998
2315.220002
2300.039999
2302.060001
2312.059999
2314.900000
2310.840003
2304.399997
2299.740002
2315.380000
2306.860000
2316.039998
2300.200000
2315.860000
2282.959998
2282.839999
2295.080002
2295.280002
2295.340002
2295.420002
2295.639999
2295.559999
2282.839999
2283.919998
2283.360001
2315.860000
2313.600000
2311.300002
2300.500002
2311.519999
2308.079999
2312.220000
2304.460000
2310.539998
2302.420001
2302.299999
2308.540002
2315.940000
2299.180001
2282.559998
2282.080002
2294.960000
2282.660000
2295.299999
2295.680001
2295.299999
2296.000000
2295.699999
2294.939999
2313.719999
2310.479999
2307.060000
2315.339997
2313.140001
2304.200001
2307.939999
2310.420003
2311.899997
2313.340001
2307.519998
2297.380000
2300.400000
2313.840002
2295.380000
2282.080002
2295.619998
2295.020003
2283.220001
2282.860000
2282.940000
2283.960000
2283.840001
2282.639999
2311.179999
2296.480000
2316.980001
2304.600000
2313.060001
2300.640002
2313.099999
2310.000002
2305.380002
2300.659999
2316.040002
2311.420001
2310.380001
2308.300000
2295.320000
2295.600001
2295.540001
2295.340002
2295.100000
2283.340000
2283.500001
2283.420000
2283.020001
2294.659998
2284.000002
2316.840000
2312.739998
2313.680001
2297.539998
2317.899998
2308.000002
2307.400003
2303.399999
2312.480003
2311.980002
2313.060001
2300.420001
2317.139998
2284.779999
2287.080001
2284.219999
2296.840001
2296.500001
2296.520002
2295.499999
2296.140000
2295.000002
2295.520000
2305.840001
2316.999998
2312.320001
2308.539998
2309.140000
2312.440000
2309.619997
2316.180002
2312.319998
2310.260002
2297.460001
2314.819999
2301.100001
2297.880001
2282.740001
2282.540001
2283.879999
2295.440000
2294.719998
2283.000000
2295.599997
2283.620000
2295.600001
2296.700001
2312.660001
2298.740000
2315.199997
2304.839998
2304.540001
2310.199998
2303.599998
2313.320000
2302.800000
2309.119999
2313.880000
2301.960003
2314.300001
2308.580000
2283.600003
2295.839999
2295.480002
2294.719998
2295.140002
2295.400001
2295.160003
2296.200000
2283.000000
2295.300003
2309.940003
2303.879999
2301.500000
2308.139998
2312.419999
2303.180002
2302.140001
2317.399997
2311.840001
2312.580001
2306.280002
2314.580001
2299.660001
2310.520001
2295.460001
2282.120001
2295.580000
2294.599999
2283.220001
2283.319999
2284.200002
2295.540001
2294.460002
2296.480000
2306.799997
2306.919999
2317.179997
2302.919999
2307.020001
2309.980001
2318.739999
2312.380001
2304.219998
2294.780001
2333.400000
2310.080003
2308.600001
2308.279999
2294.480000
2295.540001
2295.600001
2295.620002
2283.380002
2295.499999
2283.180002
2295.019999
2296.039999
2284.420002
2323.020000
2306.240000
2302.840002
2300.200000
2307.159998
2310.460001
2302.159999
2306.299999
2307.120003
2314.840000
2313.019998
2311.120000
2296.300001
2313.360002
2282.900002
2294.640001
2295.680001
2294.980001
2295.759998
2283.199999
2294.459999
2283.459999
2295.340002
2294.459999
2311.320003
2317.180000
2298.779998
2307.639997
2310.339998
2311.439998
2309.999999
2306.740001
2304.639999
2309.179999
2311.120000
2315.480001
2313.080002
2303.859998
2295.559999
2294.640001
2295.619998
2295.559999
2283.599999
2294.480000
2295.820002
2294.780001
2295.459997
