1.440004
1.180001
1.120001
1.100000
1.100000
1.100000
1.100000
1.100000
1.100000
1.100000
1.080003
1.100000
1.100000
1.100000
1.079999
1.079999
1.100000
1.100000
1.100000
1.100000
1.100000
1.100000
1.100000
1.100000
1.100000
1.100000
1.100000
1.100000
1.100000
1.079999
1.100000
1.100000
1.100000
1.080003
1.080003
1.080003
1.100000
1.120001
1.100000
1.080003
1.100000
1.119997
1.079999
1.100000
1.100000
1.120001
1.100000
1.100000
1.100000
1.100000
1.100000
1.100000
1.100000
1.120001
1.100000
1.100000
1.100000
1.120001
1.119997
1.120001
1.100000
1.079999
1.120001
1.100000
1.100000
1.079999
1.100000
1.100000
1.100000
1.100000
1.100000
1.100000
1.079999
1.100000
1.100000
1.100000
1.100000
1.100000
1.100000
1.100000
1.100000
1.119997
1.100000
1.100000
1.100000
1.100000
1.100000
1.100000
1.100000
1.100000
1.100000
1.100000
1.100000
1.100000
1.100000
1.100000
1.100000
1.100000
1.100000
1.100000
1.100000
1.100000
1.100000
1.100000
1.100000
1.100000
1.080003
1.100000
1.100000
1.100000
1.100000
1.100000
1.100000
1.079999
1.100000
1.100000
1.100000
1.100000
1.079999
1.079999
1.100000
1.100000
1.100000
1.100000
1.100000
1.100000
1.100000
1.100000
1.100000
1.100000
1.080003
1.100000
1.120001
1.100000
1.100000
1.100000
1.140002
1.339998
1.499999
1.100000
1.100000
1.079999
1.100000
1.100000
1.100000
1.300000
1.079999
1.100000
1.100000
1.100000
1.100000
1.119997
1.100000
1.100000
1.100000
1.100000
1.080003
1.100000
1.080003
1.080003
1.080003
1.100000
1.080003
1.100000
1.100000
1.119997
1.079999
1.119997
1.100000
1.079999
1.100000
1.100000
1.100000
1.100000
1.100000
1.079999
1.100000
1.100000
1.100000
1.079999
1.100000
1.100000
1.100000
1.100000
1.100000
1.100000
1.100000
1.100000
1.100000
1.100000
1.079999
1.100000
1.100000
1.100000
1.079999
1.080003
1.219999
1.100000
1.100000
1.199998
1.100000
1.100000
1.100000
1.100000
1.100000
1.100000
1.100000
1.100000
1.100000
1.100000
1.100000
1.100000
1.100000
1.100000
1.100000
1.100000
1.100000
1.100000
1.100000
1.100000
1.160000
1.080003
1.100000
1.100000
1.100000
1.100000
1.100000
1.100000
1.100000
1.100000
1.079999
1.100000
1.100000
1.259997
1.080003
1.120001
1.100000
1.119997
1.100000
1.100000
1.100000
1.100000
1.100000
1.120001
1.100000
1.100000
1.100000
1.100000
1.100000
1.080003
1.119997
1.100000
1.100000
1.100000
1.100000
1.120001
1.100000
1.100000
1.100000
1.100000
1.080003
1.100000
1.079999
1.120001
1.100000
1.100000
1.100000
1.100000
1.100000
1.079999
1.100000
1.100000
1.100000
1.079999
1.100000
1.100000
1.100000
1.100000
1.100000
1.100000
1.100000
1.100000
1.100000
1.100000
1.079999
1.100000
1.100000
1.100000
1.100000
1.100000
1.100000
1.100000
1.100000
1.080003
1.100000
1.100000
1.100000
1.100000
1.120001
1.100000
1.079999
1.100000
1.100000
1.100000
1.100000
1.079999
1.100000
1.100000
1.079999
1.100000
1.100000
1.100000
1.080003
1.100000
1.100000
1.100000
1.080003
1.100000
1.100000
1.100000
1.100000
1.100000
1.100000
1.100000
1.100000
1.100000
1.100000
1.100000
1.100000
1.100000
1.080003
1.100000
1.100000
1.100000
1.100000
1.100000
1.100000
1.079999
1.100000
1.100000
1.100000
1.100000
1.100000
1.100000
1.100000
1.100000
1.100000
1.100000
1.100000
1.119997
1.100000
1.100000
1.120001
1.100000
1.079999
1.080003
1.120001
1.100000
1.100000
1.100000
1.079999
1.119997
1.100000
1.100000
1.100000
1.079999
1.100000
1.100000
1.100000
1.100000
1.100000
1.100000
1.100000
1.100000
1.100000
1.100000
1.100000
1.100000
1.100000
1.180001
1.100000
1.079999
1.100000
1.179997
1.079999
1.079999
1.100000
1.100000
1.100004
1.100000
1.100000
1.100000
1.100000
1.100000
1.100000
1.100000
1.080003
1.100000
1.100000
1.139998
1.080003
1.100000
1.100000
1.100000
1.100000
1.079999
1.100000
1.100000
1.100000
1.100000
1.079999
1.100000
1.079999
1.100000
1.100000
1.100000
1.100000
1.100000
1.080003
1.100000
1.100000
1.080003
1.100000
1.100000
1.100000
1.100000
1.100000
1.100000
1.100000
1.100000
1.100000
1.100000
1.100000
1.100000
1.100000
1.100000
1.100000
1.120001
1.100000
1.100000
1.100000
1.119997
1.100000
1.120001
1.100000
1.100000
1.100000
1.079999
1.100000
1.100000
1.079999
1.100000
1.100000
1.100000
1.100000
1.100000
1.079999
1.120001
1.100000
1.100000
1.120001
1.100000
1.100000
1.100000
1.119997
1.100000
1.100000
1.100000
1.079999
1.119997
1.079999
1.100000
1.079999
1.079999
1.100000
1.079999
1.079999
1.100000
1.100000
1.079999
1.100000
1.100000
1.100000
1.100000
1.100000
1.080003
1.100000
1.100000
1.080003
1.120001
1.079999
1.100000
1.080003
1.100000
1.100000
1.100000
1.100000
1.100000
1.100000
1.100000
1.100000
1.079999
1.100000
1.100000
1.100000
1.100000
1.100000
1.100000
1.100000
1.100000
1.100000
1.100000
1.100000
1.079999
1.100000
1.100000
1.100000
1.100000
1.100000
1.100000
1.100000
1.100000
1.100000
1.080003
1.100000
1.100000
1.100000
1.160000
1.100000
1.100000
1.100000
1.079999
1.100000
1.100000
1.100000
1.080003
1.100000
1.100000
1.100000
1.079999
1.100000
1.100000
1.100000
1.100000
1.100000
1.100000
1.100000
1.100000
1.100000
1.100000
1.100000
1.100000
1.079999
1.120001
1.100000
1.119997
1.100000
1.100000
1.100000
1.100000
1.100000
1.079999
1.100000
1.100000
1.100000
1.100000
1.079999
1.100000
1.100000
1.100000
1.100000
1.100000
1.100000
1.080003
1.100000
1.499999
1.079999
1.100000
1.100000
1.079999
1.100000
1.100000
1.100000
1.100000
1.100000
1.100000
1.100000
1.100000
1.100000
1.100000
1.100000
1.100000
1.100000
1.100000
1.100000
1.120001
1.100000
1.100000
1.100000
1.100000
1.100000
1.100000
1.080003
1.100000
1.100000
1.080003
1.079999
1.100000
1.100000
1.080003
1.100000
1.080003
1.079999
1.100000
1.100000
1.100000
1.100000
1.079999
1.100000
1.100000
1.100000
1.120001
1.079999
1.100000
1.079999
1.100000
1.079999
1.100000
1.100000
1.100000
1.079999
1.120001
1.100000
1.100000
1.100000
1.100000
1.100000
1.120001
1.100000
1.119997
1.100000
1.080003
1.100000
1.100000
1.100000
1.100000
1.079999
1.100000
1.100000
1.100000
1.100000
1.079999
1.100000
1.100000
1.100000
1.100000
1.100000
1.079999
1.079999
1.100000
1.100000
1.100000
1.100000
1.100000
1.100000
1.079999
1.100000
1.100000
1.100000
1.100000
1.100000
1.100000
1.100000
1.100000
1.100000
1.100000
1.100000
1.100000
1.100000
1.079999
1.119997
1.100000
1.100000
1.100000
1.100000
1.100000
1.100000
1.100000
1.100000
1.100000
1.100000
1.100000
1.100000
1.079999
1.079999
1.100000
1.100000
1.079999
1.080003
1.100000
1.100000
1.100000
1.100000
1.100000
1.100000
1.100000
1.079999
1.079999
1.100000
1.100000
1.079999
1.100000
1.079999
1.100000
1.100000
1.100000
1.100000
1.100000
1.080003
1.100000
1.100000
1.100000
1.100000
1.100000
1.079999
1.100000
1.100000
1.080003
1.100000
1.100000
1.100000
1.100000
1.100000
1.100000
1.100000
1.100000
1.100000
1.119997
1.100000
1.100000
1.100000
1.100000
1.100000
1.100000
1.100000
1.160000
1.100000
1.120001
1.079999
1.100000
1.100000
1.080003
1.100000
1.100000
1.100000
1.100000
1.100000
1.100000
1.100000
1.100000
1.100000
1.079999
1.100000
1.079999
1.079999
1.119997
1.080003
1.100000
1.079999
1.100000
1.120001
1.100000
1.100000
1.100000
1.100000
1.079999
1.100000
1.100000
1.080003
1.100000
1.100000
1.100000
1.100000
1.100000
1.100000
1.120001
1.100000
1.120001
1.100000
1.100000
1.079999
1.120001
1.100000
1.079999
1.100000
1.120001
1.100000
1.100000
1.100000
1.100000
1.100000
1.120001
1.100000
1.100000
1.100000
1.100000
1.100000
1.079999
1.100000
1.100000
1.100000
1.100000
1.100000
1.100000
1.080003
1.100000
1.080003
1.100000
1.180001
1.119997
1.100000
1.120001
1.100000
1.100000
1.100000
1.100000
1.100000
1.100000
1.100000
1.079999
1.100000
1.100000
1.100000
1.059998
1.100000
1.100000
1.100000
1.100000
1.080003
1.100000
1.079999
1.100000
1.100000
1.100000
1.100000
1.100000
1.079999
1.100000
1.100000
1.100000
1.100000
1.100000
1.100000
1.100000
1.100000
1.120001
1.100000
1.100000
1.100000
1.100000
1.100000
1.100000
1.100000
1.100000
1.079999
1.100000
1.119997
1.100000
1.100000
1.100000
1.100000
1.120001
1.079999
1.100000
1.100000
1.100000
1.100000
1.100000
1.079999
1.100000
1.100000
1.079999
1.100000
1.100000
1.100000
1.100000
1.079999
1.100000
1.100000
1.120001
1.100000
1.100000
1.079999
1.100000
1.079999
1.100000
1.100000
1.100000
1.080003
1.100000
1.100000
1.100000
1.100000
1.100000
1.100000
1.100000
1.100000
1.100000
1.100000
1.100000
1.100000
1.120001
1.100000
1.100000
1.100000
1.079999
1.100000
1.100000
1.100000
1.100000
1.079999
1.139998
1.080003
1.100000
1.100000
1.100000
1.100000
1.100000
1.100000
1.119997
1.100000
1.079999
1.079999
1.100000
1.100000
1.080003
1.100000
1.079999
1.100000
1.100000
1.079999
1.100000
1.100000
1.100000
1.100000
1.100000
1.100000
1.079999
1.100000
1.100000
1.100000
1.100000
1.100000
1.100000
1.100000
1.100000
1.079999
1.100000
1.080003
1.100000
1.440000
1.100000
1.100000
1.120001
1.100000
1.100000
1.100000
1.079999
1.100000
1.100000
1.100000
1.100000
1.120001
1.100000
1.100000
1.100000
1.100000
1.100000
1.100000
1.100000
1.080003
1.100000
1.079999
1.100000
1.100000
1.100000
1.100000
1.100000
1.100000
1.079999
1.100000
1.119997
1.100000
1.100000
1.100000
1.100000
1.100000
1.100000
1.100000
1.080003
