1.246000
1.238000
1.238000
1.235001
1.235000
1.235001
1.253000
1.238000
1.236000
1.237000
1.253000
1.235000
1.238000
1.236999
1.236999
1.237000
1.235001
1.237000
1.235999
1.235000
1.235999
1.239000
1.251000
1.238000
1.235000
1.254000
1.239000
1.239000
1.236000
1.235000
1.236000
1.235000
1.233000
1.238000
1.234000
1.234001
1.253000
1.238000
1.235000
1.236000
1.235000
1.238001
1.235000
1.240999
1.236000
1.257000
1.255000
1.257000
1.237000
1.236000
1.234000
1.236000
1.236000
1.237000
1.235000
1.236000
1.236000
1.238000
1.238000
1.236000
1.235999
1.239999
1.235000
1.237000
1.237000
1.240000
1.235000
1.240999
1.235999
1.239001
1.236000
1.234000
1.235000
1.243999
1.236000
1.236000
1.238000
1.238001
1.242000
1.242000
1.254000
1.250000
1.251000
1.254000
1.235999
1.240999
1.256000
1.238001
1.237000
1.238001
1.237000
1.239000
1.236000
1.239000
1.255000
1.259000
1.254000
1.253000
1.251000
1.259000
1.277000
1.256000
1.255000
1.279000
1.257000
1.255000
1.281000
1.263000
1.252000
1.247000
1.246001
1.259999
1.256000
1.254000
1.255000
1.253000
1.277000
1.255000
1.282000
1.278000
1.265000
1.250000
1.258000
1.257000
1.249000
1.246001
1.251000
1.247000
1.255000
1.248999
1.260000
1.275999
1.250000
1.250001
1.251000
1.251000
1.254000
1.275000
1.253000
1.254000
1.251000
1.255000
1.254001
1.248999
1.248999
1.250000
1.255999
1.261000
1.251000
1.259999
1.253000
1.252000
1.246000
1.277001
1.256000
1.253000
1.255000
1.275000
1.250000
1.262000
1.249000
1.250001
1.254000
1.256000
1.258000
1.254001
1.277000
1.257000
1.246000
1.258000
1.250000
1.255000
1.258000
1.249000
1.250000
1.253000
1.254000
1.269000
1.246000
1.247000
1.246001
1.250000
1.257000
1.277000
1.251000
1.254999
1.296000
1.251000
1.258001
1.248999
1.247000
1.247000
1.254000
1.273000
1.261001
1.254000
1.250000
1.254001
1.273000
1.270000
1.255000
1.248999
1.250000
1.249000
1.249000
1.254001
1.251000
1.255000
1.258000
1.255000
1.251000
1.257000
1.253000
1.300000
1.253000
1.259999
1.250000
1.253000
1.279000
1.255000
1.266999
1.258000
1.250001
1.254000
1.269000
1.257000
1.278000
1.255999
1.255000
1.252000
1.258000
1.255000
1.251000
1.254000
1.253000
1.252000
1.252000
1.265000
1.257000
1.251000
1.255000
1.251999
1.256000
1.257000
1.254000
1.236000
1.251000
1.259000
1.255000
1.252000
1.251000
1.258000
1.260000
1.255000
1.257000
1.266000
1.248999
1.247999
1.273001
1.261001
1.273000
1.243000
1.252000
1.251999
1.256000
1.261001
1.252000
1.250000
1.267000
1.248999
1.258000
1.250000
1.262000
1.269000
1.251000
1.258001
1.274000
1.253000
1.254000
1.254000
1.242001
1.255000
1.240000
1.277000
1.251000
1.253000
1.252000
1.253000
1.248999
1.274999
1.280000
1.250000
1.258000
1.255000
1.254001
1.251000
1.250000
1.276000
1.275000
1.250000
1.255000
1.259999
1.254001
1.256000
1.249000
1.255000
1.275999
1.248999
1.255000
1.251000
1.254000
1.254000
1.254001
1.270001
1.252000
1.258000
1.251999
1.279000
1.256000
1.272000
1.248000
1.265000
1.273000
1.280000
1.253000
1.268000
1.253000
1.258001
1.275000
1.259000
1.273000
1.253000
1.253000
1.254001
1.255000
1.263000
1.276000
1.273001
1.257000
1.275000
1.254000
1.275999
1.256000
1.284000
1.268000
1.251000
1.271000
1.261000
1.256000
1.257000
1.259999
1.257000
1.263000
1.258000
1.255000
1.273000
1.252000
1.275999
1.259000
1.254000
1.248999
1.254001
1.275000
1.251000
1.255000
1.251000
1.271000
1.273000
1.250001
1.258000
1.292000
1.253000
1.257000
1.258999
1.249000
1.252000
1.253000
1.258000
1.248000
1.251000
1.261000
1.265000
1.266000
1.273000
1.258001
1.281000
1.249000
1.255000
1.254000
1.254000
1.262000
1.275999
1.251000
1.246000
1.271999
1.260000
1.260000
1.252000
1.259000
1.257000
1.255000
1.250000
1.251000
1.252000
1.258000
1.254000
1.253000
1.256000
1.246001
1.251000
1.255000
1.253000
1.256000
1.257000
1.250001
1.260000
1.256000
1.258000
1.250000
1.255000
1.252000
1.279000
1.251000
1.247999
1.265000
1.269001
1.253000
1.239000
1.250001
1.261001
1.258001
1.246000
1.249000
1.248000
1.253000
1.257000
1.250000
1.251000
1.244999
1.248999
1.247000
1.252000
1.256000
1.275000
1.251000
1.260000
1.258000
1.273000
1.250000
1.255000
1.259000
1.258000
1.258000
1.253000
1.272000
1.278000
1.256000
1.254000
1.257000
1.257000
1.256000
1.250000
1.262000
1.247999
1.258001
1.254000
1.256000
1.254000
1.252000
1.255000
1.267999
1.258000
1.244999
1.252000
1.255000
1.268000
1.259000
1.253000
1.256000
1.256000
1.256000
1.251000
1.256000
1.249000
1.258000
1.253000
1.255000
1.274000
1.255000
1.252000
1.249000
1.266000
1.262000
1.260000
1.258000
1.268000
1.272000
1.254000
1.253000
1.262000
1.255000
1.258000
1.255000
1.256000
1.255000
1.272000
1.255000
1.258001
1.256000
1.255999
1.252000
1.257000
1.257000
1.278999
1.268000
1.251000
1.273001
1.273000
1.275000
1.262000
1.271999
1.255000
1.256000
1.253000
1.252000
1.250000
1.257000
1.251000
1.255000
1.271000
1.255000
1.253000
1.247999
1.254000
1.251000
1.254000
1.243000
1.256000
1.261000
1.251000
1.257000
1.255999
1.257000
1.251000
1.253000
1.256000
1.301001
1.248000
1.257000
1.254000
1.276000
1.259000
1.255000
1.257000
1.253000
1.259000
1.250000
1.256000
1.257000
1.256000
1.258999
1.257000
1.256000
1.256000
1.253000
1.255000
1.252000
1.261000
1.259000
1.271999
1.251000
1.254001
1.253000
1.256000
1.255999
1.252000
1.248999
1.254001
1.250000
1.261000
1.249000
1.260000
1.249000
1.257000
1.250000
1.251000
1.255000
1.253000
1.253000
1.259000
1.255000
1.257000
1.260000
1.258000
1.259000
1.251000
1.257000
1.254000
1.257000
1.253000
1.254000
1.256000
1.254000
1.252000
1.259000
1.276000
1.258000
1.275000
1.247000
1.259000
1.250000
1.254000
1.250000
1.273000
1.253000
1.260000
1.251000
1.255000
1.257000
1.257000
1.250001
1.254001
1.254001
1.257000
1.254000
1.254000
1.262001
1.278999
1.250001
1.255000
1.251000
1.256000
1.254000
1.250001
1.255000
1.254000
1.259000
1.260000
1.258001
1.259999
1.254000
1.248000
1.254000
1.254000
1.263000
1.253000
1.250000
1.252000
1.254000
1.259999
1.255999
1.258000
1.252000
1.251000
1.255999
1.260000
1.261000
1.255000
1.260000
1.253000
1.260000
1.254000
1.256000
1.256000
1.254000
1.251999
1.255999
1.261000
1.256000
1.263999
1.253000
1.255000
1.244999
1.253000
1.258001
1.261000
1.251001
1.253000
1.257000
1.261000
1.251999
1.259000
1.259999
1.250001
1.260000
1.257000
1.263000
1.261000
1.255000
1.261000
1.264000
1.256000
1.263000
1.252000
1.255000
1.255000
1.254000
1.281000
1.251000
1.254000
1.265000
1.259000
1.259999
1.268000
1.256000
1.264000
1.275000
1.259000
1.254001
1.271999
1.271999
1.258000
1.256000
1.256000
1.259000
1.263000
1.257000
1.257000
1.251000
1.259000
1.272000
1.255000
1.248000
1.252000
1.251000
1.254000
1.257000
1.255000
1.245000
1.251000
1.246000
1.255000
1.248999
1.247999
1.250001
1.275000
1.254000
1.253000
1.256000
1.248000
1.251000
1.262000
1.277001
1.250000
1.261000
1.262001
1.254000
1.252000
1.255000
1.267000
1.253000
1.256000
1.253000
1.250000
1.254000
1.259000
1.251000
1.249000
1.255000
1.248000
1.257000
1.265001
1.255000
1.253000
1.252000
1.257000
1.246000
1.255000
1.270000
1.250000
1.258000
1.254000
1.251000
1.274000
1.259999
1.256000
1.248000
1.259999
1.281000
1.262000
1.250000
1.267000
1.257000
1.255000
1.248999
1.255000
1.259000
1.257000
1.253000
1.255000
1.246001
1.254000
1.248999
1.251000
1.255000
1.257000
1.259000
1.252000
1.254000
1.258000
1.255000
1.272000
1.248999
1.251000
1.249000
1.250000
1.248000
1.258000
1.251000
1.252000
1.253000
1.255000
1.250000
1.256000
1.251001
1.251999
1.248000
1.256000
1.253000
1.260000
1.259999
1.254000
1.258999
1.255000
1.261001
1.256000
1.271000
1.251000
1.259000
1.250000
1.250000
1.248000
1.250000
1.258000
1.283000
1.264000
1.258000
1.264000
1.255000
1.263000
1.250000
1.249000
1.252000
1.250001
1.256000
1.260000
1.262000
1.266000
1.253000
1.255000
1.252000
1.263999
1.261001
1.268000
1.281001
1.255000
1.249000
1.250000
1.259999
1.263000
1.251000
1.262001
1.254000
1.258000
1.264000
1.279000
1.260000
1.254000
1.256000
1.261001
1.262000
1.259000
1.266000
1.265001
1.255000
1.259999
1.259000
1.263999
1.254999
1.264000
1.257000
1.257000
1.252000
1.252000
1.247000
1.255000
1.281000
1.255999
1.258000
1.254001
1.256000
1.259000
1.263000
1.258000
1.259000
1.257000
1.260000
1.255000
1.253000
1.255999
1.254000
1.255999
1.254000
1.255000
1.259000
1.264000
1.304001
1.260000
1.253000
1.259999
1.268000
1.291000
1.266000
1.260000
1.254000
1.258000
1.258000
1.293000
1.257000
1.287000
1.276000
1.255000
1.255000
1.259999
1.259000
1.250000
1.255000
1.262000
1.258000
1.262000
1.258000
1.296000
1.256000
1.260000
1.257000
1.265001
1.280000
1.255000
1.259999
1.256000
1.260000
1.255000
1.288000
1.275999
1.255000
1.252000
1.270000
1.252000
1.257000
1.274999
1.275999
1.258000
1.255000
1.255000
1.275000
1.255000
1.257000
1.262000
1.259000
1.255999
1.253000
1.259000
1.272000
1.274999
1.261001
1.257000
1.264000
1.255999
1.250000
1.259000
1.282999
1.254001
1.255999
1.253000
1.278000
1.255000
1.271000
1.261001
1.254000
1.260000
1.255000
1.251000
1.256000
1.283000
1.252000
1.257000
1.265001
1.253000
1.270000
1.269000
1.261001
1.255999
1.258000
1.258000
1.275000
1.257000
1.258000
1.257000
1.253000
1.259000
