154.071000
154.047000
154.033001
154.015000
154.302000
154.177001
154.217999
154.210000
154.198000
154.184000
154.207000
154.188000
154.212000
154.182000
154.204999
154.202000
154.184001
154.200000
154.201000
154.196000
154.181000
154.173001
154.179000
154.183000
154.172000
154.183000
154.170999
154.175000
154.169000
154.185000
162.989000
154.069000
154.047000
154.012000
154.050000
154.047000
154.182999
154.176000
154.180001
154.225000
154.194000
154.276000
154.199000
154.200000
154.225000
154.208000
154.183000
154.177000
154.217000
154.201000
154.195000
154.184000
154.217000
154.210000
154.188000
154.212000
154.210000
154.174000
154.169001
154.174000
154.181000
154.175000
154.192000
154.175000
154.183000
154.179000
154.207001
154.183000
154.198000
154.179000
154.180000
154.178000
154.190000
154.194999
534.632999
154.186999
154.044000
154.013000
154.058000
154.052000
154.028000
154.041000
154.049000
154.062000
154.054999
154.013000
154.015001
154.021000
154.018000
154.041001
154.037000
154.020000
154.024000
154.045000
154.013000
154.177000
154.013000
154.177000
154.177000
154.188000
154.179000
154.016000
154.175000
154.179000
154.189000
154.235000
182.643999
154.176000
154.177000
154.178000
154.182000
154.176000
154.201000
154.237000
154.190000
154.070000
154.194000
154.224000
154.063000
154.213000
154.215000
154.216000
154.220000
154.044000
154.818000
154.695000
154.244999
154.360999
154.095000
154.124000
154.069000
154.053999
154.054000
154.046999
154.035000
154.037000
154.033000
154.046000
154.034000
154.077000
154.032000
154.208001
154.047000
154.048000
154.047000
154.037000
154.030000
154.038000
154.186000
154.205000
154.206000
154.203000
154.178000
154.198000
154.199000
154.215001
154.203000
154.043000
154.184001
154.197000
161.353000
154.259000
154.232000
154.194000
154.224000
154.209000
154.208000
154.184001
154.177000
154.209000
154.097000
154.194000
154.196000
154.207001
154.056000
154.174000
154.183000
154.178000
154.173000
154.182999
154.181000
154.205999
154.209999
154.082000
154.047000
154.045000
154.126001
154.031000
154.028000
154.052000
154.019999
154.024000
154.030999
154.027000
154.044000
154.041001
154.019000
154.054000
154.017000
154.014000
154.026000
154.013000
154.016000
154.014000
158.532000
154.043000
154.044000
154.050999
154.042000
154.046999
154.051000
154.042000
154.052000
154.049000
154.047000
154.042000
154.041000
154.042001
154.050999
154.046000
154.011000
154.000000
154.040000
154.044000
154.012999
154.032000
154.004000
154.019000
154.062000
154.047000
154.055000
154.010001
154.021000
154.020000
154.032000
154.019000
154.035999
154.015999
154.007000
154.015000
154.032000
154.021000
154.032000
154.015000
154.004999
154.014000
154.005000
154.024000
154.006001
154.115000
154.111001
154.051000
154.048000
154.057001
154.068001
154.019999
154.066000
154.054000
154.051000
154.050999
154.056001
154.054000
154.017000
154.048000
154.056000
154.052000
154.062000
154.053000
154.048000
154.055000
154.026000
154.027999
154.058000
154.053000
154.065000
154.054000
154.053000
154.059000
154.068000
154.052000
154.045001
154.050000
154.047000
154.046000
154.049001
154.048000
154.044000
154.043000
154.044000
154.044000
154.042000
154.042000
154.043000
159.035000
154.048000
154.205000
154.184001
154.178000
154.197999
154.180000
154.181999
154.050000
154.019000
154.035000
154.061999
154.057000
154.011000
154.022001
154.042000
154.026000
154.038000
154.053001
154.041000
154.061000
154.047000
154.018000
154.018000
154.011999
154.023000
154.027000
154.054000
154.035999
154.031999
154.016000
154.033001
154.029001
154.060000
154.037001
154.057000
154.040000
154.040000
154.049000
154.050000
154.047000
154.047000
154.050000
154.054000
159.212001
154.023000
154.034000
154.046000
154.021000
154.040000
154.030999
154.025000
154.049000
154.009000
154.016000
154.038000
154.040000
154.046000
154.013000
154.017000
154.050000
154.016000
154.022000
154.050000
154.023000
154.020000
154.027000
154.025001
154.060000
154.006001
154.044000
154.012000
154.020000
154.019000
154.026000
154.014000
154.022000
154.035000
154.025001
154.014000
154.021000
154.023000
154.061000
154.049000
154.023000
154.021000
154.043000
154.042999
154.021000
157.928000
154.062000
154.061999
154.016000
154.044000
154.023999
154.041001
154.058999
154.055000
154.027000
154.019000
154.020000
154.050000
154.018000
154.057000
154.046000
154.030001
154.037001
154.047000
154.042999
154.033000
154.040000
154.053000
154.042000
154.059000
154.042000
154.054000
154.054000
154.032000
154.051000
154.035000
154.037001
154.027000
154.059000
154.041000
154.036000
154.016000
154.045001
154.041000
154.045000
154.039999
154.036000
154.052000
154.042000
300.826999
154.046000
154.028000
154.025000
154.044000
154.025000
154.025000
154.028000
154.052000
154.051000
154.041000
154.048000
154.045000
154.044000
154.043000
154.051000
154.040000
154.051000
154.048000
154.049000
154.052000
154.024000
154.023999
154.017000
154.044000
154.021000
154.025000
154.029000
154.044000
154.034001
154.032000
154.055000
154.036000
154.036000
154.024000
154.038000
154.042000
154.016000
154.040000
154.027000
154.035000
154.034000
154.035999
154.068001
160.921000
154.017000
154.006001
154.012000
154.037001
154.042000
154.004999
154.017000
154.006000
154.015000
154.030001
154.022000
154.006001
154.042000
154.015999
154.014001
154.048000
154.014000
154.022000
154.014001
154.016000
154.043000
154.013000
154.035999
154.027999
154.027000
154.033000
154.044000
154.013000
154.017000
154.047000
154.013000
154.008000
154.014000
154.005000
154.013000
154.032000
154.014000
154.028000
154.043000
154.010001
154.050999
154.031999
154.042999
154.032000
154.095001
154.029000
154.045000
154.015000
154.036000
154.027000
154.043000
154.038000
154.054000
154.034000
154.060001
154.041000
154.044000
154.045001
154.046000
154.018000
154.043000
154.036000
154.017000
154.012999
154.014000
154.031000
154.015000
154.004000
154.012999
154.023000
154.029001
154.020000
154.046000
154.019000
154.017000
154.004000
154.014000
154.037000
154.052000
154.020000
154.012999
154.042999
154.015000
154.019999
154.048000
154.005000
154.014000
154.014000
158.337000
154.062999
154.039000
154.035000
154.033000
154.034001
154.069000
154.034000
154.014001
154.031000
154.046999
154.005000
154.019000
154.029001
154.043000
154.041000
154.012999
154.041000
154.026000
154.025000
154.029000
154.013000
154.013000
154.036000
154.035999
154.042999
154.052000
154.045001
154.036000
154.047000
154.047000
154.034000
154.047000
154.019999
154.023000
154.033001
154.043000
154.041000
154.053000
154.016000
154.021000
154.021000
154.022000
154.012999
154.024000
154.068000
154.024000
154.043000
154.043000
154.045001
154.049000
154.053000
154.057000
154.048000
154.019999
154.012000
154.022000
154.019000
154.042000
154.041001
154.034001
154.004999
154.016000
154.028000
154.013000
154.004000
154.014000
154.033001
154.049000
154.026000
154.062000
154.031000
154.035000
154.028000
154.071000
154.028000
154.189000
154.010000
154.019999
154.039000
154.035000
154.033000
154.035999
154.045000
154.052000
154.147000
154.047000
154.044000
154.224000
159.756000
154.212999
154.190000
154.181000
154.191000
154.206000
154.201999
154.182000
154.177000
154.182999
154.049001
154.022000
154.026000
154.026000
154.015000
154.022000
154.030000
154.044000
154.048000
154.027000
154.021000
154.017000
154.050999
154.014000
154.038000
154.015000
154.009000
154.019000
154.038000
154.043000
154.010000
154.048000
154.033000
154.023999
154.049000
154.026000
154.024000
154.023000
154.031000
154.031000
154.033001
154.033001
154.025001
154.048000
154.006000
154.086000
154.062000
154.059000
154.035000
154.048000
154.185000
154.021000
154.035000
154.023000
154.035000
154.039000
154.039000
154.046000
154.027000
154.053000
154.017000
154.019000
154.027999
154.035000
154.041001
154.017000
154.047000
154.026000
154.038001
154.018000
154.038000
154.023000
154.008000
154.012999
154.021000
154.014000
154.014000
154.038000
154.006000
154.012999
154.030999
154.041000
154.037001
154.036000
154.023000
154.045000
154.020000
154.013000
154.035999
158.641000
154.064000
154.197000
154.076001
154.035000
154.037000
154.055000
154.045000
154.037000
154.067000
154.034000
154.043000
154.047000
154.043000
154.037000
154.045000
154.034999
154.054000
154.037001
154.028000
154.064000
154.054000
154.063000
154.051000
154.062999
154.055000
154.070000
154.058000
154.065000
154.035000
154.027000
154.034000
154.052000
154.048000
154.056001
154.034000
154.028000
154.011000
154.015000
154.019000
154.049001
154.011000
154.012999
154.037001
154.032000
154.103001
154.021000
154.020000
154.020000
154.028000
154.028000
154.022000
154.039999
154.041000
154.018000
154.032000
154.027000
154.013000
154.020000
154.038999
154.018000
154.018000
154.026000
154.012000
154.025000
154.039000
154.027000
154.046001
154.018001
154.022000
154.019999
154.035000
154.025001
154.022001
154.044000
154.049000
154.025000
154.037000
154.018001
154.047000
154.052000
154.042999
154.046000
154.032000
154.048000
154.012999
154.014001
154.021000
154.013000
158.369000
154.020000
154.036000
154.017000
154.019000
154.060000
154.037001
154.023000
154.054000
154.017000
154.020000
154.029001
154.051000
154.046000
154.015000
154.050000
154.040000
154.025000
154.036000
154.057000
154.007000
154.038000
154.019999
154.025001
154.020000
154.025000
154.039000
154.014000
154.016000
154.043000
154.011999
154.038000
154.007001
154.036000
154.026001
154.042000
154.035999
154.048000
154.052000
154.049000
154.041000
154.039000
154.025000
154.012999
159.194000
154.020000
154.015000
154.190000
154.043000
154.024000
154.029000
154.043000
154.194000
154.026000
154.010001
154.018000
154.171000
154.028000
154.023000
154.182000
154.040000
154.192001
154.051000
154.041000
154.218000
154.039999
154.052000
154.189000
154.017000
154.025000
154.184000
154.023000
154.016000
154.023000
154.031000
154.036000
154.039000
154.047000
154.015000
154.204000
154.038000
154.048000
154.043000
154.045000
154.048000
154.025001
154.038000
154.050000
154.044000
158.575000
154.200000
154.076000
154.076000
154.066000
154.069000
154.050999
154.067000
154.045001
154.052000
154.042000
154.065000
154.042000
154.055000
154.048000
154.061000
154.066999
154.043000
154.039000
154.042000
154.043000
154.038000
154.060000
154.014000
154.038000
154.046000
154.039000
154.035999
154.037001
154.056001
154.039999
154.038000
154.049000
154.044000
154.215000
154.217999
154.200000
154.199000
154.236000
154.198000
154.191000
154.179000
154.186999
154.191000
210.473000
154.096999
154.049000
154.033000
154.062000
154.015000
154.031000
154.038000
154.016000
154.015000
154.017000
154.027000
154.022000
154.027999
154.023999
154.024000
154.042000
154.137000
154.036000
154.036000
154.025001
154.034000
154.017000
154.026000
154.031000
154.021000
154.034000
154.020000
154.029001
154.012000
154.014000
154.034000
154.014000
154.003999
154.031000
154.023000
154.032000
154.029000
154.029000
154.048000
154.022999
