253.295001
253.807999
252.377000
254.195999
252.863001
253.725998
260.086998
277.592000
255.003002
252.086002
253.134001
251.773998
254.573002
257.337999
252.848003
253.491998
252.914000
253.537998
254.721999
254.265003
255.061001
251.558002
255.125001
254.485000
252.306003
254.469000
252.679002
252.648000
252.528001
253.996998
253.966000
252.393000
253.630999
255.178001
254.035000
253.010999
252.983999
253.619000
253.703002
253.510002
253.287002
252.620999
253.487002
254.767999
252.677999
253.990002
253.314998
253.853001
253.975000
253.805999
252.553999
253.165998
252.863999
253.495999
256.320000
253.920998
251.619998
252.847001
252.638999
253.266003
254.114002
252.372000
252.730001
252.278998
252.577003
253.873002
254.557002
253.446002
253.044002
253.022999
252.147999
253.048997
252.844997
254.482999
253.589001
254.336998
260.768000
252.960999
253.295001
251.272000
252.720002
252.944000
254.737999
253.785003
252.559997
252.581999
251.523003
252.742998
254.691001
252.319001
253.591999
253.613997
256.277002
252.406999
253.211997
251.362000
254.207000
261.451002
256.581999
253.532998
253.443997
253.867000
255.823001
252.825998
255.683001
253.229000
254.042000
254.260998
252.516001
253.704999
253.664002
253.127001
252.853002
253.561001
252.902001
253.278002
252.834000
252.679002
259.280000
254.827000
253.097001
253.118001
253.565002
252.520002
253.371000
252.428003
252.190001
252.103999
254.336003
253.685001
252.897002
252.919000
252.255999
254.061997
254.783001
253.640000
252.850000
253.164999
253.594000
257.839002
251.989000
254.726000
252.882998
253.836002
255.239002
251.938000
255.324997
254.296001
254.501998
253.194001
252.923999
252.490003
255.635001
253.888998
252.735998
250.707999
253.782000
251.701999
253.209002
253.238000
257.578000
254.253000
251.665000
253.417000
254.152000
253.585000
253.697000
254.326001
254.365001
254.370999
252.651002
253.661003
252.372000
253.996000
251.302000
253.365003
254.058000
251.867000
253.663000
254.251000
253.520001
252.710000
253.109001
251.683000
252.583999
252.475999
253.199998
251.643997
255.168002
254.094999
253.295001
254.896000
252.427001
254.306000
254.132003
252.250001
253.695000
253.989000
253.545001
251.256999
253.744997
253.886003
253.373999
254.149001
251.793001
254.431002
254.365999
254.437000
253.219999
253.675003
258.194998
252.439000
251.605000
251.343001
253.757000
253.829002
254.877001
253.885999
252.216000
253.603000
252.201002
251.576997
254.556999
253.479999
252.618998
254.041001
252.718002
252.618000
253.559999
253.305998
252.479002
258.869998
253.593002
251.474001
252.764001
252.625000
252.550002
253.977001
253.196999
255.353998
252.458002
251.988001
253.706001
252.912998
251.669999
252.413001
254.248999
252.932999
253.976997
253.977999
252.955001
253.163002
259.723000
251.900002
252.764001
252.429999
252.813000
254.554000
254.058998
253.860999
252.932999
252.074003
253.147002
253.438998
252.384998
252.454001
252.464999
253.707998
251.752000
252.204999
252.820998
253.934000
253.542997
258.258000
252.937000
254.380003
252.993003
254.813999
253.950000
254.294001
255.798999
251.998998
254.910000
253.372002
253.355000
251.609001
253.369000
253.157999
254.907001
252.026003
254.631002
252.733003
253.596000
253.819000
253.461000
254.776999
253.434997
252.845000
252.992000
251.674999
253.559001
251.540001
255.020000
256.477002
252.464000
254.045002
252.117999
253.608998
252.935000
253.684998
253.185000
252.854999
251.676999
253.619999
253.501002
251.697000
252.941001
252.133999
254.873998
255.751003
254.211001
255.169000
254.918002
260.699999
253.125999
253.314000
253.681000
255.192999
251.392998
252.078000
252.374999
253.231000
253.529999
252.987999
252.241001
252.482001
255.233999
251.092002
252.997003
252.133001
251.924001
253.338002
252.383001
253.508002
259.866998
252.935998
252.180003
254.920002
253.350999
252.408002
252.835002
253.031000
251.555000
253.424998
252.833001
253.496002
252.020001
253.628999
250.833999
254.827999
251.566000
251.125999
253.463000
253.474001
254.198000
258.069001
252.361000
252.326000
254.662000
254.565001
253.861997
253.814999
254.142001
254.149999
252.690002
253.380001
254.283998
253.960002
251.762003
253.905002
252.308000
252.570998
252.767999
253.748000
256.910998
255.798999
252.625000
251.865000
253.164999
255.098999
253.110003
253.816999
254.958000
252.873998
254.682001
253.805999
253.132001
253.245998
254.194997
254.969999
252.446000
252.854999
254.313003
253.906000
253.954001
250.839997
254.999999
253.780004
253.777001
252.815999
254.122000
253.332000
253.768001
253.639001
253.695998
252.831999
253.715999
253.711000
252.117001
253.821999
254.446000
253.853999
251.477998
254.230998
255.243000
252.026998
253.091000
254.569001
255.240999
251.821999
254.035000
252.539001
253.087003
253.729001
253.174998
254.840001
261.578999
252.578001
252.169002
254.911002
252.062000
253.653001
252.671000
253.676999
251.029000
253.516000
251.162000
253.571000
253.727000
254.108999
252.312999
251.876999
253.474001
251.771003
253.043000
251.079999
254.528001
259.679001
254.119001
252.257999
254.606999
252.365999
252.003998
252.891000
251.929000
253.446002
252.831001
254.934002
254.738003
253.357999
253.442001
251.598999
253.782999
255.195003
253.442999
253.442001
254.994001
252.563000
258.632001
251.922999
253.734000
252.246998
253.672000
253.393002
252.666000
253.199998
253.732000
252.717998
252.818000
252.752002
253.132001
253.495999
252.935000
253.063999
252.692997
250.716001
253.094003
254.581999
254.742000
253.242999
253.568001
252.427001
253.040999
254.501000
252.443999
251.952000
252.269000
254.721001
253.698997
255.005002
252.772000
254.643999
251.942001
253.139000
251.899000
252.496000
254.463002
255.073000
252.227001
253.832001
254.323002
253.344998
254.179001
252.406999
253.426000
252.495002
253.454000
252.379000
254.513998
253.217999
253.332000
252.444997
253.450003
251.103997
253.715001
251.759000
254.015997
253.527001
253.201999
253.959000
253.069002
253.818002
253.279999
254.182000
253.235999
252.583999
252.893999
252.508998
252.039999
259.773999
252.643000
252.673998
252.257999
254.182000
253.920998
253.024001
252.887998
254.638001
252.494004
253.684998
254.746001
255.160000
252.700001
253.984999
252.479002
252.675999
252.006002
253.038000
255.798999
253.242001
262.908999
254.243001
255.472001
253.984999
253.980998
252.793998
253.741000
255.458999
251.567997
254.241999
253.180001
253.506999
251.738999
252.121001
253.241003
253.683001
253.604997
252.613999
253.242999
252.023000
252.177998
252.440002
253.283001
253.908001
252.553001
252.526000
253.389001
253.867000
251.067001
252.456002
253.127001
255.341001
252.883997
254.001997
253.784999
251.842000
254.691999
254.402999
256.129000
252.752997
253.773000
253.922999
252.338000
252.041999
254.733998
251.260001
253.581002
253.752001
253.183998
252.200998
254.535999
253.955003
253.030002
252.985001
252.978999
254.019000
252.022997
253.727999
251.556002
254.691999
253.183004
253.829002
254.009999
252.632003
254.076999
253.332000
253.674999
253.270000
254.033998
252.680000
253.243003
253.552001
254.111998
254.065998
252.766002
253.635000
253.291000
253.392000
252.496000
251.800001
253.453001
253.330000
253.608998
252.273999
254.634999
251.956999
253.541000
252.613999
253.681000
252.352998
255.514003
252.462998
252.309997
252.696000
251.208000
252.450999
255.042002
253.568999
253.840998
254.290998
253.353000
251.833003
252.111003
253.023002
255.209003
254.418001
254.130002
253.393002
253.929000
252.896000
252.285998
254.324999
255.284000
258.119002
253.660999
253.001999
253.766000
251.628000
252.831001
253.314998
253.984999
252.502002
254.903998
255.941000
253.470000
253.375001
255.305000
253.059000
252.103001
252.941001
254.810002
252.873000
253.212001
251.210999
258.550998
252.749000
251.563001
252.578001
252.516001
254.067998
253.899999
253.637001
253.676001
254.269000
253.946003
253.858000
252.062000
254.526999
252.294999
252.646998
253.690001
253.519997
252.305999
253.946003
255.833998
260.981999
253.227998
253.323998
252.906002
254.256003
253.476001
254.018001
252.950002
253.826998
252.099998
252.897002
252.666000
253.251001
253.966000
254.694000
254.256997
255.020000
253.167998
254.788999
253.438998
254.013002
253.405999
252.028000
253.588002
253.803000
252.169002
253.495000
252.613001
253.107000
252.617002
253.036000
252.466001
252.509002
254.065998
253.084999
251.546003
252.515003
252.629999
254.458003
253.771000
253.697999
255.263001
252.065998
253.263999
253.204998
254.795000
254.212998
252.268001
253.445998
252.789002
259.563003
253.828000
254.296999
253.853001
253.959000
255.578000
254.852001
255.235001
252.330001
252.804000
252.943002
252.758000
253.614999
252.161000
253.573999
251.757000
253.566999
252.039999
252.886001
252.742998
253.081001
258.021999
253.589001
253.005002
254.303001
253.884003
254.118998
252.181999
253.230002
252.457999
253.759999
254.503999
253.814999
253.668003
252.658997
254.055999
253.066000
254.172001
251.444999
253.056999
253.424998
251.793999
252.184998
252.634998
253.679998
253.830001
251.750000
253.172997
254.640002
254.000999
255.233001
253.996000
255.453002
250.369001
253.827002
252.138000
252.665002
254.189000
252.530999
255.190998
253.396001
253.566999
253.243998
250.379000
254.443001
254.877001
253.391001
255.153000
254.530001
252.565000
255.360998
257.282000
253.502000
252.484001
253.426000
252.762001
252.354000
254.682999
253.299002
254.047003
251.559000
253.958002
252.837002
255.033001
253.520001
251.420997
253.573000
252.704002
253.920000
254.351001
252.925999
253.636997
252.687000
254.372001
255.120002
255.530998
254.368000
253.796000
253.894001
253.363002
254.178002
252.626002
252.560999
253.938001
252.599001
254.402000
252.071999
253.051002
251.679000
252.062000
255.065002
254.367001
251.882002
252.427001
253.377002
254.944999
253.943000
253.943000
252.647001
253.764000
253.630001
257.709000
255.687002
252.247002
252.411000
255.142998
254.511997
254.533999
255.243998
252.953999
253.816001
252.594002
252.789002
251.885999
253.428001
253.616001
253.280997
253.886998
253.157999
254.133001
252.441000
253.227998
251.226000
253.809001
253.240999
252.615001
253.515001
252.103001
252.893999
254.935000
252.595000
252.180003
252.262000
254.096001
254.049003
252.023999
253.531002
252.554998
251.962002
252.817001
254.677001
253.484998
252.982002
253.598999
254.342001
253.186997
251.906000
251.780000
254.274998
254.092000
254.953999
253.570002
255.116001
254.052002
254.496001
253.162999
254.166000
251.797002
255.728997
254.759997
252.411000
252.462000
253.626000
252.925999
253.493000
252.581000
252.919000
252.849001
252.330001
252.671998
253.798001
251.945000
259.457000
254.113998
253.729999
254.292000
253.354002
252.922002
254.018001
252.478000
253.174998
252.719998
252.648000
254.211001
250.771001
253.718000
250.001002
251.254000
253.796000
253.833000
252.953999
252.893001
254.120000
251.901999
254.228003
251.956999
254.694000
252.590001
254.069999
254.802998
254.258998
255.626999
252.014000
251.759999
252.769001
