3.572997
3.525998
3.520001
3.529999
3.499001
3.495999
3.516998
3.640000
3.631998
3.510002
3.493000
3.500998
3.510002
3.500000
3.518000
3.509000
3.503997
3.502000
3.487997
3.497999
3.508002
3.506999
3.493000
3.504001
3.509000
3.494002
3.525000
3.524002
3.497001
3.502999
3.504999
3.509000
3.662001
3.661003
3.516000
3.727999
3.516998
3.500000
3.661998
3.660001
3.487997
3.502999
3.530998
3.676999
3.536001
3.515001
3.504001
3.509000
3.507998
3.513999
3.504001
3.504999
3.660999
3.667001
3.497999
3.504001
3.488000
3.490999
3.520001
3.655002
3.502999
3.497001
3.523000
3.518999
3.506999
3.631003
3.497999
3.510002
3.517997
3.527999
3.509998
3.495999
3.508002
3.506001
3.497999
3.496997
3.501002
3.504999
3.492001
3.498003
3.495000
3.498003
3.502000
3.504001
3.506001
3.495999
3.504999
3.624000
3.506001
3.496002
3.506001
3.506001
3.497999
3.502000
3.520001
3.496997
3.507998
3.504001
3.498998
3.504001
3.500000
3.506001
3.502000
3.516000
3.656000
3.665999
3.503002
3.510002
3.513999
3.496002
3.490999
3.504999
3.502000
3.497999
3.498003
3.500998
3.534999
3.508002
3.658999
3.665999
3.624998
3.502999
3.497999
12.071997
3.647998
3.516000
3.520999
3.524002
3.493998
3.509998
3.506001
3.509000
3.513001
3.498998
3.495000
3.494002
3.502999
3.674001
3.493000
3.507998
3.497999
3.499001
3.507998
3.506999
3.493000
3.499001
3.497999
3.502000
3.503002
3.498003
3.501002
3.504999
3.490999
3.499001
3.509000
3.520001
3.498998
3.504001
3.511000
3.663003
3.502999
3.506001
3.495000
3.507998
3.502999
3.507998
3.665000
3.498998
3.660999
3.504001
3.495999
3.497001
3.495999
3.501002
3.488999
3.508002
3.500998
3.498003
3.493000
3.497999
3.493998
3.490999
3.504001
3.504001
3.486000
3.504001
3.494002
3.507998
3.506999
3.507003
3.494002
3.507998
3.500998
3.497001
3.513999
3.505997
3.506999
3.493000
3.497999
3.504001
3.493000
3.512003
3.500998
3.533002
3.497999
3.498003
3.494997
3.504999
3.516000
3.507998
3.523998
3.518000
3.517997
3.520001
3.505997
3.497999
3.525000
3.525000
3.520001
3.523000
3.494002
3.503002
3.489003
3.495999
3.516000
3.504001
3.498003
3.499001
3.497999
3.497999
3.499001
3.497999
3.504001
3.501002
3.497001
3.516000
3.506001
3.509998
3.499001
3.493998
3.500998
3.509998
3.655002
3.504999
3.507998
3.502999
3.505997
3.495999
3.498003
3.673002
3.493000
3.659997
3.496002
3.502999
3.513001
3.506999
3.491003
3.594000
3.511000
3.504999
3.509000
3.500000
3.496002
3.501002
3.502000
3.506001
3.506999
3.502999
3.513001
3.501002
3.528997
3.507998
3.497999
3.500000
3.504999
3.495000
3.496997
3.505997
3.512003
3.500000
3.490001
3.504001
3.497999
3.500998
3.504999
3.500998
3.503002
3.500000
3.506001
3.500998
3.490999
3.502000
3.500000
3.504001
3.757998
3.503997
3.500998
3.502000
3.496997
3.513999
3.511000
3.492001
3.493000
3.494997
3.499001
3.510002
3.499001
3.509004
3.501996
3.503002
3.518000
3.505003
3.494997
3.494002
3.508002
3.498998
3.504001
3.504001
3.523000
3.504001
3.507003
3.497999
3.502000
3.497999
3.675003
3.671002
3.515001
3.663998
3.509998
3.621001
3.497999
3.485002
3.499001
3.495999
3.505003
3.500000
3.511000
3.500998
3.498003
3.499001
3.498003
3.488000
3.508002
3.511000
3.481999
3.492001
3.504001
3.516000
3.498003
3.497999
3.504001
3.497001
3.498998
3.503002
3.497999
3.504001
3.511000
3.501002
3.500998
3.617000
3.497001
3.492001
3.514998
3.502000
3.499001
3.499001
3.499001
3.506999
3.498998
3.508002
3.500000
3.502000
3.500998
3.498003
3.492001
3.499001
3.506001
3.495000
3.495000
3.497001
3.492001
3.513001
3.622998
3.506001
3.504999
3.505997
3.493000
3.491998
3.495000
3.514003
3.501002
3.516000
3.506999
3.502999
3.492001
3.497001
3.509000
3.501002
3.503997
3.505003
3.489997
3.488999
3.501002
3.510002
3.500998
3.513001
3.520001
3.501002
3.492001
3.500000
3.481001
3.495000
3.497001
3.502000
3.508002
3.504999
3.495000
3.509998
3.591999
3.500000
3.509000
3.504999
3.509998
3.501002
3.502000
3.512997
3.502000
3.509000
3.498998
3.506999
3.500000
3.502000
3.534999
3.509000
3.505003
3.504999
3.557999
3.502999
3.496997
3.506999
3.622998
3.504999
3.608000
3.506001
3.493004
3.506001
3.500003
3.502999
3.501002
3.764000
3.507003
3.630999
3.495000
3.500000
3.500998
3.498998
3.506999
3.509000
3.506999
3.504001
3.504999
3.489003
3.502999
3.506001
3.502000
3.652997
3.502000
3.511000
3.511999
3.500998
3.510002
3.495000
3.500000
3.498998
3.502000
3.495000
3.518000
3.491998
3.493000
3.510002
3.503002
3.630999
3.500000
3.491003
3.516000
3.499001
3.504001
3.500000
3.490999
3.500000
3.514998
3.504999
3.492001
3.507998
3.493000
3.496002
3.497999
3.500998
3.502999
3.499001
3.494002
3.504999
3.509998
3.500003
3.501002
3.626999
3.497999
3.513999
3.497001
3.505997
3.506001
3.509000
3.503002
3.525000
3.497001
3.620002
3.495999
3.505997
3.496997
3.502000
3.670998
3.502000
3.509000
3.518999
3.505003
3.502999
3.496002
3.502999
3.499001
3.513999
3.494997
3.497001
3.502000
3.502000
3.497999
3.500003
3.662001
3.501002
3.502000
3.493998
3.497999
3.502000
3.524002
3.495000
3.497999
3.510002
3.670000
3.511999
3.489997
3.494002
3.494002
3.502000
3.493000
3.505997
3.490001
3.500000
3.490999
3.497999
3.520001
3.499001
3.676001
3.506999
3.651999
3.506999
3.503997
3.512997
3.492001
3.505003
3.493000
3.497999
3.502999
3.504999
3.509998
3.490001
3.695000
3.504999
3.493000
3.536001
3.500003
3.504001
3.497999
3.510002
3.502999
3.495000
3.493004
3.504999
3.488000
3.501002
3.498998
3.492001
3.498998
3.499001
3.497001
3.505997
3.500000
3.653999
3.495999
3.517002
3.504999
3.505003
3.539000
3.503002
3.494997
3.528003
3.535002
3.499001
3.501002
3.493998
3.495000
3.670000
3.500000
3.497999
3.502999
3.497999
3.519002
3.506999
3.504999
3.502999
3.488999
3.497001
3.488999
3.508002
3.498003
3.504001
3.532000
3.521997
3.528997
3.520001
3.524996
3.513001
3.490999
3.509000
3.504001
3.502000
3.504001
3.501002
3.493000
3.502000
3.513999
3.504001
3.518999
3.635999
3.500000
3.502999
3.497001
3.500000
3.502000
3.504999
3.502000
3.506999
3.502000
3.504999
3.497001
3.495999
3.516000
3.502000
3.493000
3.495000
3.495000
3.505997
3.486000
3.498003
3.506001
3.506999
3.509000
3.502000
3.513001
3.497001
3.497999
3.500000
3.497999
3.490001
3.502000
3.512003
3.497001
3.506001
3.495999
3.496997
3.505003
3.500000
3.498003
3.500003
3.505997
3.500998
3.496997
3.497999
3.502999
3.500000
3.514998
3.504001
3.494002
3.507998
3.496002
3.523998
3.518000
3.525998
3.515001
3.530998
3.504001
3.495999
3.495999
3.667001
3.499001
3.488000
3.506001
3.518999
3.498998
3.502999
3.506001
3.520999
3.511000
3.518999
3.518999
3.504999
3.498998
3.516000
3.500000
3.516000
3.497999
3.496002
3.510002
3.502000
3.494002
3.501002
3.497999
3.512997
3.495999
3.509000
3.500000
3.493000
3.596000
3.502999
3.504001
3.502000
3.497001
3.602002
3.490999
3.507998
3.497999
3.500000
3.495000
3.506001
3.504999
3.502999
3.495000
3.496997
3.500000
3.499001
3.495000
3.500000
3.497999
3.504001
3.513001
3.624998
3.502000
3.497001
3.518999
3.500003
3.508002
3.520999
3.509000
3.508002
3.507998
3.506001
3.495000
3.493000
3.499001
3.510002
3.497001
3.596000
3.504999
3.504001
3.511999
3.500998
3.503997
3.504001
3.529999
3.512997
3.507998
3.503002
3.497999
3.500000
3.495000
3.500998
3.499001
3.496002
3.496002
3.502999
3.495999
3.489003
3.509000
3.501002
3.502000
3.490999
3.514003
3.500000
3.516998
3.497999
3.501002
3.504001
3.500998
3.494002
3.490999
3.490999
3.508002
3.502000
3.506001
3.504001
3.509998
3.535997
3.627002
3.487002
3.510997
3.521003
3.500000
3.513001
3.512003
3.500000
3.484003
3.502000
3.497001
3.504999
3.493998
3.497999
3.494002
3.506001
3.493000
3.500000
3.502999
3.493998
3.504001
3.495000
3.509998
3.498003
3.490001
3.495999
3.500998
3.502999
3.500998
3.504001
3.497001
3.506001
3.492001
3.497999
3.493998
3.504999
3.497999
3.493000
3.502000
3.488999
3.517002
3.507003
3.502999
3.501002
3.524002
3.498998
3.500998
3.503002
3.505997
3.499001
3.515001
3.495999
3.495000
3.498003
3.493000
3.509998
3.497001
3.506001
3.494002
3.503002
3.624000
3.499001
3.495999
3.504001
3.509000
3.503002
3.497999
3.504001
3.486998
3.509000
3.498998
3.495999
3.495000
3.502000
3.497001
3.530003
3.502999
3.511000
3.519002
3.526002
3.511000
3.503002
3.527999
3.509998
3.493000
3.501002
3.513999
3.626000
3.497999
3.500000
3.503997
3.509998
3.506001
3.510002
3.504999
3.500000
3.500998
3.511000
3.494002
3.503002
3.503002
3.506001
3.499001
3.502000
3.494997
3.502000
3.504001
3.506999
3.503002
3.502999
3.504001
3.504999
3.493998
3.497999
3.496002
3.505003
3.502000
3.500998
3.500003
3.504001
3.511000
3.504999
3.624000
3.502000
3.500000
3.502999
3.502999
3.497999
3.494002
3.506001
3.493998
3.500998
3.518000
3.511000
3.500000
3.501002
3.511000
3.508002
3.509000
3.509998
3.503002
3.529999
3.505003
3.503002
3.495000
3.502999
3.531002
3.502999
3.491998
3.501002
3.502999
3.506001
3.500998
3.504999
3.495999
3.500000
3.493000
3.507003
3.502000
3.503002
3.497001
3.504999
3.487002
3.502000
3.502999
3.500000
3.488000
3.505003
3.491998
3.526002
3.508002
3.506001
3.706999
3.503002
3.494002
3.606003
3.490999
3.504001
3.494002
3.504999
3.490001
3.507003
3.496002
3.490001
3.496997
3.498998
3.506999
3.504001
3.492001
3.498003
