1.204999
1.182999
1.155000
1.145000
1.159001
1.135001
1.149001
1.120001
1.150001
1.122000
1.135999
1.122000
1.137000
1.123000
1.133000
1.122000
1.135999
1.125000
1.136001
1.124000
1.135999
1.141001
1.137000
1.124000
1.138000
1.123000
1.133999
1.123000
1.135999
1.125000
1.137000
1.120999
1.135001
1.181001
1.135001
1.119999
1.138002
1.125000
1.134999
1.124000
1.135001
1.122000
1.134999
1.125000
1.134001
1.167001
1.134999
1.160000
1.135999
1.158999
1.137000
1.165999
1.132000
1.160000
1.138000
1.162000
1.134999
1.158999
1.133999
1.161000
1.135999
1.126001
1.135999
1.122000
1.135999
1.123000
1.135999
1.142001
1.135999
1.122000
1.135001
1.122000
1.135999
1.126999
1.134999
1.123000
1.137000
1.123000
1.135999
1.125000
1.134001
1.126001
1.138000
1.122002
1.134999
1.125999
1.134001
1.119999
1.135001
1.125000
1.136001
1.121001
1.133000
1.123000
1.134001
1.124000
1.132000
1.132000
1.134999
1.122000
1.139000
1.127001
1.136001
1.123000
1.137000
1.143999
1.134001
1.123000
1.136001
1.123000
1.134999
1.123000
1.137001
1.176000
1.134999
1.160001
1.137000
1.161000
1.140000
1.162000
1.135001
1.158999
1.138000
1.161000
1.134999
1.160001
1.135999
1.163000
1.133000
1.163000
1.140000
1.127001
1.136001
1.123998
1.137000
1.122000
1.137000
1.123000
1.133999
1.121001
1.135001
1.141001
1.140000
1.118999
1.135999
1.141001
1.135999
1.123000
1.132999
1.122000
1.133000
1.121001
1.135001
1.122002
1.135001
1.123000
1.135001
1.124000
1.138000
1.124000
1.134999
1.127001
1.135999
1.124999
1.138000
1.122002
1.135999
1.125999
1.136001
1.124000
1.137000
1.123000
1.135001
1.123000
1.132999
1.118001
1.135001
1.123000
1.134999
1.164000
1.134001
1.166001
1.135001
1.158999
1.135999
1.158999
1.135001
1.125000
1.135999
1.166001
1.139000
1.162000
1.138002
1.163000
1.137000
1.132000
1.137000
1.125000
1.137001
1.124999
1.139000
1.124000
1.137000
1.126001
1.139000
1.125999
1.139000
1.125000
1.135999
1.124000
1.134999
1.123000
1.135999
1.126999
1.136001
1.122000
1.135001
1.125000
1.134999
1.122000
1.134999
1.123000
1.134999
1.124999
1.135999
1.133000
1.134999
1.123000
1.133999
1.123000
1.139000
1.121001
1.137000
1.123000
1.135999
1.124000
1.140000
1.122000
1.135999
1.122000
1.134999
1.163000
1.136001
1.161000
1.135001
1.160000
1.138998
1.181999
1.135999
1.161000
1.140000
1.120999
1.134999
1.159001
1.135999
1.158999
1.139000
1.128001
1.138000
1.159001
1.135001
1.162000
1.134999
1.162000
1.136001
1.123000
1.134999
1.119999
1.135999
1.124000
1.134999
1.122000
1.137000
1.125999
1.137000
1.120999
1.137001
1.120999
1.133999
1.123000
1.135001
1.126001
1.135999
1.122000
1.140000
1.124000
1.135001
1.123000
1.134001
1.127999
1.133000
1.123000
1.134999
1.124000
1.135001
1.123000
1.134999
1.123000
1.132999
1.123000
1.137000
1.123000
1.135999
1.162000
1.134999
1.160000
1.135001
1.165999
1.134001
1.166999
1.139000
1.166001
1.133999
1.161000
1.134999
1.162000
1.136001
1.176000
1.135999
1.161000
1.138000
1.124000
1.135999
1.124000
1.138000
1.125000
1.131000
1.125000
1.134999
1.126999
1.135999
1.135999
1.132000
1.127001
1.135001
1.123000
1.135999
1.125000
1.133000
1.122000
1.133999
1.125999
1.135001
1.121001
1.132999
1.124000
1.138000
1.125000
1.135999
1.124000
1.135999
1.119999
1.138000
1.129000
1.137000
1.126001
1.141001
1.123000
1.137000
1.122000
1.140000
1.130000
1.142001
1.125000
1.140000
1.124999
1.138000
1.122002
1.137000
1.123000
1.133000
1.124000
1.134999
1.129000
1.133000
1.124000
1.135001
1.124999
1.139000
1.125999
1.134999
1.123000
1.134001
1.120999
1.134999
1.167001
1.135999
1.159001
1.135001
1.164000
1.137000
1.157999
1.135001
1.158999
1.135001
1.178000
1.139000
1.161000
1.135001
1.160000
1.132999
1.158999
1.135001
1.163000
1.140000
1.122002
1.135001
1.120999
1.135999
1.123000
1.135999
1.124000
1.135001
1.123000
1.135001
1.123000
1.137000
1.143999
1.134999
1.122000
1.134999
1.124000
1.139000
1.125000
1.138000
1.123000
1.139000
1.125000
1.135999
1.163000
1.135999
1.161000
1.137001
1.162000
1.136001
1.126001
1.138000
1.162000
1.139000
1.179999
1.136001
1.163000
1.134999
1.160001
1.134999
1.124000
1.139000
1.120999
1.135001
1.123000
1.135999
1.118001
1.134999
1.126001
1.135999
1.124999
1.134001
1.125000
1.135999
1.126001
1.139000
1.127001
1.137001
1.123000
1.135999
1.125999
1.135001
1.124000
1.136001
1.125999
1.138000
1.122000
1.135999
1.127001
1.137000
1.123000
1.135001
1.124999
1.135001
1.123000
1.137000
1.153002
1.137001
1.122000
1.135999
1.124000
1.134999
1.118999
1.139000
1.119999
1.135999
1.124000
1.134999
1.127001
1.140000
1.126001
1.134999
1.119999
1.134999
1.120999
1.139000
1.123000
1.135001
1.121001
1.136001
1.125999
1.135001
1.126001
1.341000
1.125000
1.133999
1.123000
1.138000
1.127001
1.134001
1.123000
1.133999
1.122002
1.137000
1.124000
1.135999
1.122000
1.134001
1.123000
1.135999
1.122000
1.134999
1.122000
1.134001
1.123000
1.135001
1.127001
1.134999
1.123000
1.137000
1.121001
1.138000
1.123000
1.135999
1.122000
1.134999
1.125000
1.134001
1.122000
1.133000
1.129001
1.134001
1.131000
1.135001
1.124000
1.137001
1.122002
1.134999
1.125000
1.133000
1.120999
1.134999
1.123000
1.134999
1.122000
1.138000
1.122000
1.135999
1.120999
1.134999
1.124999
1.136001
1.120999
1.137000
1.123000
1.135001
1.126999
1.134999
1.123000
1.134001
1.123000
1.133000
1.123000
1.132999
1.123000
1.135999
1.124000
1.133000
1.125999
1.135999
1.124000
1.138000
1.126001
1.135999
1.143999
1.133000
1.123000
1.135001
1.123998
1.135001
1.120999
1.136001
1.123000
1.135999
1.120999
1.136001
1.123000
1.133000
1.120999
1.136001
1.127001
1.136001
1.121001
1.135001
1.129000
1.133999
1.123000
1.139000
1.126999
1.139000
1.126999
1.135999
1.130000
1.139000
1.123000
1.138998
1.124000
1.138000
1.127999
1.135999
1.124000
1.137000
1.123000
1.134001
1.125000
1.133999
1.125000
1.138000
1.124999
1.133999
1.125000
1.134999
1.128001
1.135001
1.123000
1.133000
1.123000
1.139000
1.130000
1.135999
1.123000
1.134999
1.124000
1.135999
1.120999
1.134001
1.125000
1.134001
1.127999
1.138000
1.124000
1.135001
1.123000
1.135999
1.126001
1.137000
1.123000
1.134001
1.125000
1.134001
1.122002
1.136001
1.126001
1.135999
1.125000
1.134001
1.129000
1.137000
1.127001
1.133000
1.120999
1.132000
1.119999
1.133000
1.124000
1.135999
1.127999
1.134999
1.122000
1.135999
1.126001
1.138000
1.120999
1.135001
1.123998
1.136001
1.125000
1.132999
1.125000
1.135001
1.118999
1.134001
1.122000
1.134001
1.122000
1.134001
1.124000
1.134999
1.120999
1.134999
1.125000
1.136001
1.120999
1.134999
1.130000
1.138000
1.125000
1.136001
1.123000
1.133000
1.123000
1.139000
1.124999
1.135999
1.123000
1.137000
1.124000
1.137000
1.124000
1.134999
1.125000
1.134999
1.120999
1.134001
1.126999
1.135001
1.123000
1.134999
1.124000
1.135001
1.124999
1.134999
1.132000
1.134999
1.125999
1.134001
1.126999
1.134999
1.120999
1.136001
1.126001
1.138000
1.119001
1.134999
1.122002
1.134001
1.122000
1.135001
1.125000
1.136001
1.124000
1.138000
1.125000
1.137000
1.125999
1.134001
1.124000
1.134001
1.124999
1.134999
1.126001
1.136001
1.125000
1.139000
1.123000
1.134999
1.123000
1.134001
1.123000
1.134999
1.121001
1.134001
1.125000
1.134001
1.123000
1.135001
1.124999
1.139000
1.124000
1.134001
1.130000
1.140000
1.122002
1.134999
1.123000
1.133999
1.123000
1.135999
1.126999
1.138000
1.124999
1.136001
1.125000
1.135999
1.127001
1.134001
1.129001
1.135999
1.124999
1.139000
1.126999
1.139000
1.125000
1.138998
1.124000
1.140000
1.125000
1.137001
1.126001
1.137001
1.123000
1.135999
1.122002
1.135999
1.123000
1.134999
1.127001
1.138000
1.125000
1.135999
1.123002
1.140000
1.125000
1.137000
1.126001
1.137000
1.123000
1.135999
1.127001
1.138000
1.130000
1.139000
1.127001
1.140000
1.126999
1.140000
1.124000
1.136001
1.125000
1.136001
1.124999
1.135001
1.120999
1.136001
1.120999
1.136001
1.125000
1.135999
1.124000
1.135001
1.120999
1.134999
1.122000
1.138000
1.120999
1.134999
1.123000
1.134999
1.123000
1.138000
1.129000
1.138000
1.123000
1.139000
1.122000
1.138000
1.124000
1.137000
1.124000
1.135999
1.142001
1.136001
1.124000
1.135999
1.125000
1.135999
1.123998
1.140000
1.126999
1.135999
1.123000
1.134001
1.121001
1.138000
1.120999
1.135001
1.120999
1.134999
1.124000
1.135001
1.122000
1.132000
1.122000
1.139000
1.141001
1.136001
1.120999
1.135001
1.122000
1.138000
1.123000
1.135999
1.123000
1.134999
1.124000
1.137001
1.122000
1.134001
1.119999
1.134001
1.120999
1.139000
1.123000
1.134001
1.124000
1.134999
1.123000
1.136001
1.126999
1.139000
1.124999
1.135001
1.123000
1.138000
1.132000
1.135001
1.123000
1.134999
1.126001
1.135001
1.122000
1.133000
1.122000
1.134999
1.122000
1.133000
1.125000
1.137000
1.125000
1.133999
1.127001
1.133999
1.124999
1.138000
1.125999
1.134999
1.125000
1.137000
1.123998
1.138002
1.128001
1.138000
1.127001
1.138000
1.134001
1.138000
1.126001
1.137001
1.127001
1.137001
1.129000
1.138002
1.127999
1.137000
1.130000
1.139000
1.124000
1.134999
1.125000
1.135001
1.135999
1.133000
1.125999
1.139000
1.122000
1.137000
1.125999
1.135999
1.121001
1.134999
1.124000
1.134999
1.125000
1.135999
1.124000
1.135999
1.125999
1.137000
1.134999
1.133000
1.126001
1.136001
1.125000
1.134001
1.122000
