30.000000
15.799999
14.960000
14.860000
14.660000
14.860000
14.640000
14.660000
14.660000
14.640000
14.760001
14.640000
14.640000
14.660000
14.640000
14.680000
14.640000
14.660000
15.380000
15.940000
14.640001
14.660000
14.660000
14.640001
14.780000
14.660000
14.660000
14.680000
14.640001
14.660000
14.640000
14.660000
14.640000
14.660000
14.660000
14.780000
14.780000
14.680000
14.760000
14.740000
14.640000
52.600000
15.260000
14.660000
14.780001
14.660000
14.660000
14.640000
14.660000
14.640000
14.660000
14.640000
14.680000
14.660000
14.660000
14.660000
15.699999
14.660000
14.660000
14.660000
14.660000
14.660000
14.640000
14.680000
14.640000
14.740000
14.660000
14.660000
14.660000
14.660000
14.760001
14.660000
14.660000
14.640000
14.660000
14.660000
14.660000
14.660000
14.660000
14.640000
14.780000
14.660000
14.640000
14.660000
14.780000
14.660000
14.660000
35.279999
15.679999
14.640001
14.660000
14.760001
14.660000
14.660000
14.660000
14.640000
14.640000
14.760001
14.660000
14.640000
14.680000
14.660000
14.640000
14.660000
14.640000
14.780001
14.660000
14.640000
14.760000
14.640001
34.100000
16.000001
14.640000
14.640001
14.640000
14.660000
14.640000
14.640001
14.640001
14.660000
14.660000
14.660000
14.660000
14.660000
14.660000
14.660000
14.640001
14.780000
14.660000
14.780001
14.660000
14.660000
14.660000
20.240000
15.740000
14.640001
14.660000
14.660000
14.660000
14.640000
14.660000
14.760000
14.660000
14.640001
14.760001
14.640000
14.640000
14.640000
14.660000
14.660000
14.640001
14.660000
14.660001
14.640000
14.660000
14.640000
14.660001
14.680000
14.780000
14.660000
14.660000
14.640001
14.660000
14.660001
14.760000
14.660000
14.640000
14.780000
14.660000
14.640000
14.640000
14.640000
14.660000
14.680000
14.660000
14.660000
14.660000
14.660000
14.660000
14.660000
14.660000
14.660000
14.660001
14.660001
14.660000
14.660000
14.660000
14.660000
14.660000
14.660000
14.660000
14.640000
14.540000
14.680000
14.660000
14.660000
14.660000
14.680000
14.660000
14.680000
14.660000
14.640001
14.640000
14.660001
14.640001
14.660000
14.680000
14.640000
14.640000
14.660001
14.640001
14.660000
14.660000
14.660000
14.660000
14.780000
14.660000
14.640000
14.660000
14.660000
14.660000
14.660000
14.660000
14.660000
14.680000
14.640000
14.740000
14.760001
14.660001
14.640001
14.660000
14.640000
14.660000
14.660000
14.640000
14.660000
14.660000
14.660000
14.660000
14.660000
14.640001
14.640001
14.660000
14.660000
14.640001
14.660000
14.660000
14.640000
14.640000
14.800000
14.660000
14.640001
14.640001
14.660000
14.640001
14.640000
14.660000
14.660000
14.640001
14.660000
14.660000
14.660000
14.660000
14.660000
14.640000
14.660000
14.660000
14.640000
14.660000
14.640001
14.640000
14.640000
14.640000
14.640001
14.640000
14.640000
14.780000
14.640000
14.660000
14.660000
14.640000
14.660001
14.679999
14.660000
14.640000
14.660000
14.660000
14.660000
14.660000
14.640000
14.660000
14.660000
14.640000
14.640001
14.640000
14.700000
14.640000
14.660001
14.660000
14.660000
14.660000
14.660000
14.660000
14.640000
14.640001
14.680000
14.640001
14.660001
14.640000
14.680000
14.680000
14.660000
14.680000
14.660000
14.660000
14.660000
14.680000
14.660000
14.660000
14.660000
14.660000
14.660000
14.660000
14.660001
14.660000
14.640000
14.640000
14.660001
14.660000
14.660000
14.660000
14.660000
14.640000
14.640000
14.640000
14.660001
14.920000
14.660000
14.640000
14.680000
14.640000
14.800000
14.660000
14.660000
14.640000
14.660000
14.660000
14.640001
14.820000
14.640001
14.660000
14.660000
14.660000
14.660001
14.640001
14.660000
14.660000
14.660000
14.640000
14.660000
14.660000
14.660000
14.640000
14.640001
14.640001
14.660000
14.660000
14.660000
14.640001
14.660000
14.660000
14.660001
14.640001
14.640000
14.660000
14.660000
14.660000
14.660000
14.640000
14.640001
14.660000
14.660000
14.660000
14.660000
14.680000
14.660000
14.660000
14.660000
14.660000
14.640001
14.640000
14.640001
14.660000
14.660001
14.660000
14.660000
14.640000
14.660001
14.660001
14.660000
14.640001
14.660000
14.660000
14.660001
14.660000
14.660000
14.660000
14.640001
14.660000
14.660001
21.340000
14.660000
14.640000
14.660000
14.660000
14.660000
14.640000
14.660001
14.660000
14.640000
14.660000
14.660000
14.660000
14.660000
14.660000
14.680000
14.660000
14.660000
14.680000
14.640001
14.660000
14.660000
14.660001
14.660000
14.820000
14.660000
14.660000
14.680000
14.660000
14.660001
14.660000
14.660000
14.660000
14.540000
14.640000
14.660001
14.660000
14.660000
14.640000
14.660000
14.660000
14.640000
14.660000
14.640001
14.660000
14.640001
14.640000
14.640000
14.640001
14.660000
14.640000
14.660001
14.680000
14.660000
14.660000
14.640000
14.660000
14.660000
14.660000
14.660000
14.660000
14.640000
14.640000
14.660000
14.660000
14.660000
14.660000
14.680000
14.660000
14.660000
14.660000
14.660000
14.660001
14.660000
14.660000
14.640000
14.660000
14.660000
14.660000
14.660000
14.640000
14.640000
14.680000
14.660000
14.660000
14.660000
14.640001
14.640001
14.640001
14.680000
14.660000
14.640001
14.640000
14.640000
14.660000
14.660000
14.640000
14.640000
14.660000
14.660001
14.800000
14.640000
14.640000
14.660000
14.660000
14.660000
14.680000
14.680000
14.660000
14.640001
14.640001
14.660000
14.660000
14.660000
14.660001
14.660000
14.800000
14.660000
14.680000
14.660000
14.660000
14.660000
14.660000
14.660000
14.660000
14.660000
14.660000
14.660000
14.660000
14.660000
14.660000
14.640000
14.660000
14.640000
14.660000
14.660001
14.660000
14.660000
14.660000
14.640001
14.660000
14.660000
14.680000
14.680000
14.660000
14.640001
14.660000
14.660000
14.660000
14.680000
14.660000
14.660000
14.660000
14.660000
14.640000
14.640001
14.660000
14.660000
14.640000
14.660000
14.660000
14.660000
15.840000
14.680000
14.660000
14.640000
14.660000
14.660000
14.660000
14.680000
14.660000
14.660000
14.660000
14.660000
14.660000
14.640000
14.660001
14.660000
14.660000
14.680000
14.640001
14.660000
14.660001
14.660000
14.660000
14.640000
14.660000
14.660001
14.640000
14.640000
14.660001
14.660001
14.660000
14.640000
14.660000
14.640001
14.640000
14.640001
14.660000
14.660000
14.660000
14.660000
14.640001
14.660000
14.660000
14.660001
14.660000
14.660001
14.880001
14.640001
14.660000
14.660000
14.640000
14.660000
14.660000
14.640000
14.660000
14.640000
14.640000
14.660000
14.640000
14.660000
14.660000
14.640000
14.660000
14.660000
14.640000
14.660000
14.660000
14.660000
14.660000
14.640000
14.640001
14.660000
14.640001
14.660000
14.660000
14.660000
14.640001
14.660000
14.660000
14.660000
14.640000
14.660001
14.660000
14.660000
14.660000
14.660000
14.660000
14.660000
14.660000
14.660000
14.660000
14.660000
14.640001
14.660001
14.640000
14.660000
14.640000
14.660000
14.640001
14.660000
14.799999
14.640000
14.660000
14.660000
14.660000
14.640000
14.640001
14.660000
14.660000
14.640000
14.660000
14.660000
14.660000
14.640000
14.640000
14.980000
14.760001
14.660000
14.640000
14.640000
14.660000
14.640000
14.660000
14.640000
14.640000
14.660000
14.660000
14.660000
14.660000
14.660000
14.660000
14.660000
14.680000
14.660000
14.660000
14.660000
14.660000
14.640001
14.780001
14.900000
14.660000
14.640001
14.660000
14.760001
14.640001
14.660000
14.660000
14.660000
14.780000
14.780000
14.660000
14.660000
14.660001
14.660000
14.780000
14.760000
14.660000
14.880000
14.660000
14.760001
14.780000
32.940000
14.780000
14.660000
14.740000
14.760000
14.760001
14.660000
14.660000
14.640000
14.660000
14.660000
14.680000
14.640000
14.660000
14.660000
14.660000
14.740000
14.660000
14.640001
14.780000
14.760001
14.640000
14.660000
19.960000
14.660000
14.660000
14.660000
14.660000
14.660000
14.660001
14.660000
14.640001
14.660000
14.880001
14.640000
14.760000
14.660000
14.780000
14.640000
14.760001
14.640000
14.740000
14.680000
14.660001
14.760001
14.780001
14.760001
14.980000
15.219999
14.640000
14.660001
14.660000
14.660000
14.660000
14.640001
14.780000
14.660000
14.660000
14.660001
14.660000
14.660000
14.660000
14.660000
14.800000
14.660001
14.660000
14.660000
14.660000
14.660000
19.580000
14.660000
14.660000
14.640000
14.660000
14.660000
14.660000
14.660001
14.680000
14.640000
14.660001
14.660000
14.640000
14.660000
14.660001
14.660000
14.640001
14.660000
14.660000
14.660000
14.640000
14.660000
14.640000
14.660001
14.740000
14.660001
14.660000
14.660001
14.640000
14.660000
14.640000
14.660000
14.660000
14.660000
14.640001
14.660000
14.640000
14.660000
14.640000
14.660001
14.660000
14.660000
14.660000
14.660000
14.660000
14.660000
14.660000
14.960000
14.660000
14.660001
14.660000
14.660000
14.660001
14.680000
14.660000
14.680000
14.660000
14.680000
14.680000
14.660000
14.660000
14.660000
14.660000
14.680000
14.660000
14.660000
14.680000
14.660000
14.660000
14.660000
14.660000
14.660000
14.660000
14.660000
14.660000
14.660000
14.660000
14.760000
14.680000
14.680000
14.660000
14.660001
14.680000
14.680000
14.680000
14.660001
14.660000
14.680000
14.660000
14.660000
14.680000
14.660000
14.660000
14.660000
14.660000
14.660000
14.660000
14.660000
14.680000
14.680000
14.680000
14.660000
14.680000
14.660000
14.680000
14.660000
14.660000
14.660000
14.660000
14.660000
14.660000
14.660000
14.660000
14.660000
14.660000
14.660001
14.680000
14.680000
14.660000
14.660000
14.660000
14.660001
14.660000
14.660000
14.660000
14.660000
14.660001
14.660000
14.780000
14.660000
14.660000
14.660000
14.660000
14.680000
14.660001
14.680000
14.660000
14.660001
14.680000
14.680000
14.660000
14.660000
14.660000
14.660000
14.660000
14.660000
14.660000
14.660000
14.660000
14.660000
14.660000
14.660000
14.660000
14.660000
14.680000
14.680000
14.680000
14.660000
14.660000
14.660001
14.660001
14.660000
14.760000
14.680000
14.660000
14.680000
14.660000
14.660001
14.640001
14.660000
14.680000
14.800000
14.760001
14.880000
14.660000
14.660000
14.660000
14.660000
14.800000
14.660000
14.660000
14.660000
14.660000
14.640000
14.660000
14.660000
14.680000
14.660000
14.660000
14.660000
14.660000
14.660000
14.660000
14.660000
14.660000
14.660000
14.660000
14.660000
