49.300000
30.680001
24.119999
22.480000
21.619998
21.299999
21.299999
21.900002
24.659999
22.059999
23.559999
22.500001
24.240002
21.960001
21.420002
20.820003
20.799998
20.940002
20.700000
20.879999
20.800002
22.179998
20.900000
20.819999
20.980000
20.939998
20.940002
20.980000
21.320000
20.900000
21.219999
20.879999
20.780001
20.659998
20.659998
21.240000
20.960003
20.819999
20.640001
20.780001
21.100000
20.780001
20.659998
20.679999
21.060001
20.780001
20.800002
20.799998
21.320000
20.660002
21.000002
20.940002
20.800002
20.779997
25.020000
23.559999
21.839999
21.419998
21.400001
21.499999
20.959999
21.460000
21.840002
21.439999
21.839999
21.060001
20.879999
20.900000
20.660002
20.860001
21.200001
20.760000
20.799998
20.879999
21.240000
21.940000
20.959999
21.040000
20.939998
20.980000
21.079998
21.500003
20.840000
20.799998
20.660002
20.700000
20.659998
20.680003
25.819998
21.100000
20.799998
20.900000
20.880003
20.999998
21.000002
21.279998
21.100000
23.359999
21.359999
21.100003
20.920001
20.980000
21.380000
20.660002
20.840000
20.800002
20.800002
20.659998
20.799998
20.819999
21.240000
20.879999
21.100000
21.240000
20.700000
20.959999
21.000002
20.819999
20.659998
20.659998
20.800002
20.860001
20.659998
20.660002
20.779997
20.780001
20.659998
20.719998
20.700000
21.100000
20.820003
20.780001
20.660002
20.679999
20.659998
20.919997
20.819999
20.660002
20.660002
20.700000
25.660001
22.940002
22.520002
21.180000
21.619998
21.579999
22.140000
21.299999
21.660000
21.839999
21.079998
21.100000
20.920001
21.339998
21.419998
21.480002
21.460000
21.040000
20.879999
20.819999
21.080002
20.900000
21.040000
21.019999
20.679999
20.940002
20.920001
21.460000
20.660002
21.920003
21.579999
20.840000
20.720001
20.679999
21.440003
20.700000
20.659998
20.780001
20.679999
21.240000
20.859998
21.159999
22.459999
21.539997
20.800002
20.959999
20.900000
20.819999
20.739999
20.840000
20.700000
21.079998
20.779997
20.680003
20.739999
20.819999
21.220002
20.959999
21.040000
20.959999
20.860001
20.780001
20.779997
20.679999
20.800002
21.060001
21.020003
20.659998
20.700000
20.920001
21.000002
20.720001
20.760000
20.819999
21.159999
20.819999
20.700000
20.879999
20.799998
20.780001
20.860001
20.779997
20.880003
20.980000
20.780001
22.160001
21.419998
20.860001
20.980000
21.339998
21.000002
20.660002
20.959999
20.879999
20.799998
20.900000
20.659998
20.980000
20.760000
20.819999
20.780001
21.340001
20.739999
20.819999
20.740002
20.920001
20.679999
20.660002
20.900000
20.780001
20.659998
20.900000
20.700000
20.700000
20.659998
20.780001
20.660002
20.780001
20.659998
20.739999
20.760000
20.660002
20.700000
20.819999
21.060001
20.919997
20.640001
20.700000
22.760000
21.159999
20.959999
20.880003
21.060001
20.840000
21.140002
20.720001
21.179996
21.100000
21.059997
20.980000
20.659998
21.000002
21.000002
20.760000
21.000002
20.900000
21.019999
20.659998
20.679999
20.900000
29.240001
20.999998
20.640001
20.679999
20.799998
20.780001
20.700000
20.679999
20.700000
20.659998
20.800002
20.780001
20.659998
20.660002
20.800002
20.659998
20.640001
20.679999
20.760000
20.900000
24.440002
22.080000
21.819998
21.340001
21.520000
21.060001
21.979999
22.239998
21.819998
21.600001
22.019997
21.419998
20.760000
21.140002
20.940002
21.240000
20.900000
21.320000
20.780001
20.739999
21.020003
21.699999
21.540001
21.240000
20.800002
20.660002
20.799998
20.959999
20.880003
20.779997
20.880003
20.719998
20.920001
20.900000
21.200001
21.019999
21.140002
20.999998
20.659998
20.879999
21.059997
21.260001
20.780001
24.259999
23.800001
22.220001
21.460000
21.539997
22.539999
21.460000
21.380000
21.080002
21.559998
21.339998
21.400001
20.999998
21.240000
21.860000
21.240000
20.780001
20.879999
21.240000
20.900000
20.920001
21.380000
21.120001
21.079998
21.000002
20.819999
20.720001
20.880003
20.679999
21.299999
20.819999
21.320000
21.299999
20.839997
20.680003
20.760000
20.760000
21.120001
20.880003
20.900000
20.999998
20.760000
20.680003
24.680000
22.319999
22.259999
21.420002
21.480002
22.520002
20.760000
21.040000
21.079998
20.980000
21.080002
21.259997
21.660000
20.939998
21.040000
26.999999
21.359999
20.999998
20.799998
20.920001
20.980000
20.660002
21.100000
21.120001
21.079998
20.980000
20.880003
20.659998
20.760000
20.960003
20.959999
20.799998
21.019999
21.000002
20.820003
20.940002
20.980000
20.900000
20.979997
21.320000
20.800002
20.679999
24.480000
22.579998
21.059997
21.800000
22.140000
21.040000
21.259997
21.260001
21.300003
21.299999
21.440003
21.260001
21.540001
21.540001
22.620000
21.140002
20.999998
20.920001
20.760000
20.780001
21.560002
21.260001
21.120001
21.359999
21.200001
20.940002
20.760000
21.319997
20.900000
21.000002
21.579999
20.999998
20.819999
21.260001
21.299999
21.260001
20.859998
20.740002
20.879999
20.780001
20.879999
21.219999
20.980000
22.140000
22.360001
21.079998
20.659998
20.700000
20.920001
21.000002
21.040000
20.900000
21.140002
20.739999
21.060001
20.760000
20.659998
20.700000
20.840000
20.780001
20.879999
20.659998
20.659998
20.819999
20.819999
20.900000
20.880003
20.760000
21.460000
20.799998
20.760000
20.700000
20.660002
20.860001
20.660002
20.660002
20.780001
20.780001
20.800002
20.780001
20.659998
21.040000
23.219999
22.119999
21.159999
20.780001
25.860000
22.300001
21.639999
21.320000
21.340001
21.520000
20.999998
21.159999
21.339998
22.140000
21.140002
20.920001
20.880003
22.820000
21.640003
21.579999
21.219999
21.219999
20.799998
20.819999
21.019999
20.779997
21.219999
21.000002
20.860001
21.040000
21.200001
20.840000
20.939998
20.900000
21.400001
21.100003
20.760000
21.260001
20.900000
28.700002
21.060001
21.120001
21.079998
20.879999
20.659998
20.659998
22.059999
22.160001
21.600001
20.740002
20.739999
21.340001
21.240000
21.400001
20.939998
20.859998
20.800002
20.799998
21.040000
20.819999
20.660002
21.160003
20.859998
20.659998
20.639997
20.660002
21.159999
20.679999
21.180000
21.119997
20.780001
21.019999
20.679999
20.719998
20.659998
20.659998
20.760000
20.839997
20.780001
20.659998
20.919997
20.819999
20.739999
20.680003
20.799998
20.819999
20.780001
20.659998
20.659998
25.580000
21.800000
21.200001
21.980003
22.719998
21.899998
21.860000
21.100000
21.320000
21.139998
21.140002
21.140002
21.180000
21.439999
21.219999
21.000002
20.980000
21.320000
21.700002
21.160003
20.879999
20.760000
21.000002
21.040000
21.259997
20.760000
20.819999
20.780001
21.619998
21.119997
21.339998
21.819998
20.780001
20.860001
20.660002
20.640001
20.779997
20.879999
21.040000
20.760000
20.659998
20.760000
20.780001
21.960001
21.620002
20.940002
21.100000
20.920001
20.739999
20.760000
20.920001
20.819999
20.739999
20.819999
20.720001
20.880003
20.779997
20.659998
20.900000
20.880003
20.719998
20.780001
20.660002
20.760000
21.060001
20.959999
20.820003
20.700000
20.780001
20.760000
20.660002
20.660002
21.040000
20.920001
20.860001
20.780001
20.679999
20.700000
20.679999
20.660002
20.679999
20.880003
20.860001
20.879999
20.840000
22.379998
21.400001
20.860001
20.900000
21.000002
20.999998
20.740002
20.859998
20.700000
20.700000
20.800002
20.840000
20.780001
20.820003
20.980000
20.860001
20.980000
20.780001
20.800002
20.679999
20.819999
21.040000
21.040000
20.659998
20.660002
20.780001
20.860001
20.959999
20.799998
20.720001
20.760000
20.680003
20.760000
20.660002
20.780001
20.700000
20.660002
20.819999
20.659998
20.660002
20.659998
20.700000
20.660002
22.660002
21.700002
21.400001
21.240000
21.260001
21.159999
21.000002
20.760000
20.679999
20.739999
20.840000
21.040000
20.980000
21.060001
20.700000
20.880003
20.939998
20.780001
20.959999
20.860001
20.939998
20.760000
20.700000
20.660002
20.879999
20.959999
20.879999
20.640001
20.980000
20.860001
20.719998
20.700000
20.780001
20.659998
20.840000
20.700000
20.679999
20.659998
21.040000
20.879999
20.780001
20.660002
20.660002
22.140000
21.359999
20.959999
20.819999
21.019999
20.879999
20.920001
20.660002
21.579999
23.260001
21.320000
21.140002
21.559998
22.280000
20.999998
20.959999
20.840000
21.120001
21.080002
21.280002
20.760003
20.780001
21.480002
20.719998
20.659998
20.779997
20.939998
20.780001
20.939998
20.679999
20.780001
20.780001
20.900000
20.780001
20.700000
20.840000
20.879999
20.980000
20.760000
20.780001
20.760000
20.700000
22.019997
21.380000
20.799998
20.920001
20.920001
21.100000
20.819999
21.380000
20.800002
21.100000
20.760000
20.660002
20.700000
20.920001
21.180000
20.780001
20.940002
20.780001
20.980000
20.900000
20.679999
20.959999
20.679999
20.760000
20.860001
20.760000
20.700000
20.679999
20.660002
20.700000
20.660002
20.700000
20.680003
20.879999
21.079998
20.680003
21.180000
20.660002
20.660002
20.700000
20.720001
20.780001
20.700000
24.579998
22.100002
21.340001
21.040000
22.180002
21.260001
22.000000
21.679997
21.219999
21.380000
21.240000
21.060001
22.140000
21.359999
20.939998
21.280002
21.200001
28.179999
21.499999
21.539997
21.219999
20.760000
20.819999
20.799998
20.879999
20.660002
20.999998
20.699997
20.660002
20.680003
20.920001
20.819999
21.139998
20.660002
20.819999
20.760000
20.799998
20.660002
20.679999
20.700000
21.120001
21.040000
20.679999
25.079999
50.340001
35.279997
27.160000
21.940000
21.980003
21.499999
20.999998
21.400001
21.279998
21.820001
21.559998
21.339998
21.420002
24.180003
22.459999
21.539997
21.759998
21.460000
21.199998
21.320000
21.079998
21.100000
20.900000
20.679999
20.780001
20.799998
21.139998
22.059999
21.400001
20.680003
20.879999
20.779997
20.700000
20.780001
20.999998
21.140002
20.859998
20.660002
20.779997
20.660002
22.000000
22.999998
21.600001
20.919997
21.040000
21.000002
20.780001
21.140002
21.200001
20.659998
20.879999
21.260001
21.019999
21.100000
22.120003
20.879999
20.860001
20.959999
20.659998
20.819999
21.240000
21.079998
20.800002
20.760003
20.679999
20.700000
20.780001
21.460000
21.040000
20.640001
21.060001
20.860001
21.159999
20.820003
20.699997
21.120001
21.020003
20.660002
20.739999
20.780001
28.740000
20.780001
20.900000
20.679999
23.800001
22.020001
21.540001
22.620000
21.580003
21.639999
21.520000
