691.080000
672.140002
671.599999
672.559999
688.559998
672.340002
672.219999
671.780001
688.020002
672.139999
673.420001
688.219998
673.500001
672.459997
689.600002
673.379999
672.559999
691.579998
671.980001
672.000002
672.820002
673.220001
672.600001
673.420001
672.839999
671.980001
672.220003
671.920002
671.960000
672.219999
672.260001
687.920000
672.060002
671.840001
685.179997
673.340000
671.859998
671.640001
672.259998
671.939999
672.120001
671.900000
696.680002
672.060002
671.700001
673.659999
672.440000
671.960000
672.079999
672.260001
672.800001
672.220003
671.939999
671.760000
672.399998
671.719998
672.340002
688.960001
672.300000
672.019999
687.819999
671.980001
672.200002
687.739998
671.439998
672.460001
671.940003
672.420003
672.320001
672.380000
672.540002
671.740003
672.300000
671.259999
672.120001
672.320001
671.999998
673.159998
672.139999
672.119997
688.719999
672.340002
672.300000
671.900000
690.400001
671.820000
671.840001
689.900000
672.259998
671.760000
672.160000
671.540000
672.660001
672.520000
690.919999
672.060002
672.499999
672.800001
671.919998
672.359999
672.160000
672.100000
671.859998
671.780001
671.920002
672.120001
671.940003
672.300000
685.899999
671.960000
671.920002
688.320000
672.239996
672.380000
691.240001
672.000002
672.179997
690.759998
672.419999
672.079999
672.620002
687.399998
671.860002
672.860000
672.499999
672.380000
672.499999
672.960002
691.720001
671.800002
672.139999
672.200002
672.240000
673.000000
672.180001
672.540002
672.040001
672.480002
671.540000
671.640001
672.399998
672.080003
687.780000
672.060002
671.780001
686.859999
672.640000
672.060002
686.799999
672.499999
672.880001
687.780000
671.739999
671.820000
672.200002
671.459999
672.339998
671.720002
672.640000
672.499999
671.560001
672.440000
672.499999
671.760000
672.180001
689.939998
672.380000
672.019999
691.399999
672.180001
671.620000
690.620001
672.559999
671.960000
688.340001
672.780000
672.780000
671.519998
672.320001
671.380002
672.699999
672.419999
672.720000
671.980001
671.980001
672.419999
673.340000
672.559999
671.680000
672.399998
671.980001
671.639998
672.080003
671.860002
672.100000
692.120001
672.979999
672.540002
672.620002
687.980000
671.879999
672.520000
688.120000
673.099998
671.599999
672.780000
672.420003
671.720002
672.120001
671.440002
671.580002
672.219999
672.740001
672.899999
672.380000
672.499999
690.479998
671.760000
671.980001
691.060003
672.340002
672.079999
688.940000
672.479998
671.799999
690.920003
673.119999
672.340002
672.160000
689.160001
672.539998
671.900000
671.420000
671.520002
672.900002
671.580002
672.679998
672.260001
672.180001
673.060000
672.240000
671.739999
672.180001
685.160000
671.659999
672.180001
688.099999
671.999998
671.660002
672.240000
672.520000
672.819998
672.400001
688.219998
672.100000
671.879999
671.259999
671.700001
672.499999
672.479998
674.920000
672.860000
672.180001
687.880002
672.700003
671.940003
687.920000
671.579998
671.360001
685.980000
672.219999
671.399999
684.780002
671.780001
672.179997
672.279999
687.920000
673.119999
672.120001
671.540000
672.019999
672.160000
672.880001
672.240000
671.939999
672.380000
671.820000
672.160000
671.580002
671.839997
687.119998
672.320001
671.980001
672.120001
672.860000
672.059998
672.060002
671.820000
672.359999
672.420003
672.859997
672.140002
671.739999
672.480002
671.999998
671.480000
671.900000
672.420003
672.539998
672.140002
686.700001
671.800002
671.760000
687.740002
672.880001
671.900000
686.839998
671.860002
671.820000
685.420003
672.819998
672.560003
671.980001
672.279999
672.139999
672.060002
671.820000
672.380000
672.339998
672.440000
674.840000
671.900000
673.239999
686.019998
672.380000
671.739999
685.180001
672.320001
671.920002
687.400002
671.620000
672.180001
688.979998
672.680002
672.240000
672.199998
673.699997
672.199998
671.999998
672.199998
672.079999
672.140002
672.120001
673.019998
672.280002
672.019999
688.120000
672.100000
671.760000
690.579999
671.560001
672.260001
691.100001
672.160000
672.079999
672.580000
671.299998
671.780001
672.920000
672.160000
671.999998
672.079999
672.359999
672.940001
672.079999
671.639998
671.939999
671.360001
672.060002
687.160000
672.320001
672.380000
688.260000
672.559999
672.640000
672.019999
690.840002
672.440000
672.440000
691.199999
671.579998
671.960000
693.059999
672.460001
672.459997
689.740002
671.080001
671.939999
671.780001
672.180001
671.839997
671.459999
672.079999
672.039997
672.180001
673.000000
672.160000
672.440000
672.380000
671.900000
691.359997
671.840001
671.760000
690.740000
671.659999
671.799999
687.580001
672.120001
672.079999
671.799999
671.699997
672.480002
672.899999
672.259998
672.140002
671.780001
672.419999
671.580002
671.919998
671.820000
672.900002
671.960000
671.499997
672.100000
672.100000
672.580000
671.840001
688.380003
671.820000
672.320001
686.519999
672.020003
672.640000
685.200002
672.219999
671.800002
686.260000
672.160000
672.199998
671.720002
671.939999
672.419999
672.380000
672.080003
672.580000
672.480002
672.199998
672.120001
688.900001
672.040001
672.460001
686.919998
671.719998
672.720000
685.540002
673.119999
672.060002
672.620002
672.180001
672.120001
672.399998
673.420001
672.000002
672.219999
671.979997
673.019998
672.499999
671.880003
690.380000
672.419999
671.560001
689.479999
671.659999
672.760002
690.539997
672.280002
671.840001
688.280001
671.840001
671.859998
671.780001
672.180001
672.640000
672.819998
685.760003
690.280002
672.199998
671.660002
690.320000
672.819998
672.220003
691.179998
671.760000
672.260001
671.520002
672.540002
671.379998
673.319999
672.520000
671.920002
672.180001
672.040001
672.480002
671.600003
671.560001
672.979999
672.240000
671.360001
688.680001
671.920002
672.060002
687.619999
672.200002
672.160000
687.740002
671.500001
672.080003
672.420003
672.219999
672.280002
672.680002
671.639998
671.560001
672.720000
672.479998
671.879999
671.340000
671.799999
690.280002
671.840001
671.599999
690.219998
672.079999
671.999998
691.760000
672.240000
671.800002
691.339999
671.760000
671.720002
671.879999
671.459999
671.999998
671.840001
672.120001
671.700001
672.320001
672.080003
671.560001
671.839997
671.820000
687.440000
671.480000
671.519998
690.460000
672.240000
671.960000
688.640002
671.979997
672.019999
691.199999
672.420003
671.720002
672.300000
671.939999
672.059998
672.220003
671.379998
672.100000
671.640001
672.540002
672.019999
672.339998
671.720002
685.100000
673.220001
671.879999
687.800001
672.080003
672.000002
688.479997
672.219999
672.300003
687.980000
672.140002
672.539998
672.040001
672.539998
671.900000
672.119997
671.300001
672.460001
671.380002
671.640001
672.920000
672.380000
671.500001
690.860000
672.040001
672.819998
689.420000
671.499997
672.559999
689.380001
672.640000
671.720002
692.800000
689.659998
672.100000
671.739999
691.080000
671.680000
671.939999
690.680001
673.000000
671.540000
671.720002
672.160000
672.160000
672.160000
671.939999
672.160000
672.620002
671.560001
672.060002
671.840001
672.120001
690.419998
672.340002
672.199998
688.239999
671.840001
672.100000
671.980001
690.200001
672.420003
672.559999
671.780001
671.659999
688.740000
672.740001
672.180001
672.500003
687.899999
671.859998
671.859998
690.839998
672.720000
672.300000
672.419999
671.879999
671.700001
673.060000
672.520000
671.859998
672.359999
671.360001
672.520000
672.440000
672.059998
687.679999
672.619998
672.119997
688.660000
672.400001
672.479998
671.839997
672.920000
671.560001
672.219999
691.560000
672.379997
671.939999
687.619999
672.240000
671.879999
688.979998
672.240000
672.899999
672.360003
672.400001
672.259998
671.579998
672.179997
671.840001
672.160000
671.960000
672.079999
672.440000
672.740001
672.160000
672.460001
671.800002
688.699998
672.480002
672.260001
687.160000
671.939999
671.979997
686.919998
671.719998
672.260001
671.680000
671.739999
671.860002
671.680000
671.799999
671.919998
672.100000
671.559997
672.660001
672.240000
672.219999
670.960002
687.740002
672.219999
671.440002
686.380003
671.879999
671.940003
684.920002
671.880003
671.780001
672.359999
672.440000
672.100000
671.599999
690.920003
672.219999
672.959998
672.539998
671.740003
672.200002
672.100000
685.520001
671.720002
671.860002
671.879999
671.580002
672.580000
671.480000
672.359999
672.640000
671.340000
671.940003
672.200002
671.999998
671.999998
691.380002
671.499997
672.380000
690.239999
672.200002
671.820000
689.859997
672.619998
671.459999
688.279998
672.300000
671.360001
671.860002
671.900000
671.780001
671.900000
672.739998
672.100000
672.079999
671.840001
672.780000
672.100000
672.679998
692.040000
672.160000
671.999998
691.819999
671.960000
672.460001
691.420000
672.440000
671.620000
672.019999
671.640001
672.780000
672.180001
672.600001
672.320001
671.799999
688.400000
672.079999
671.999998
672.100000
672.000002
672.139999
672.100000
671.879999
671.620000
671.999998
672.559999
691.820003
672.860000
672.380000
689.020000
672.759999
672.720000
688.880000
671.980001
671.080001
685.660001
686.000001
672.079999
672.019999
685.780000
671.879999
671.920002
686.540000
672.179997
672.780000
688.100003
673.019998
672.380000
672.200002
671.599999
672.200002
672.759999
671.980001
671.719998
671.639998
671.540000
672.040001
673.000000
671.459999
691.399999
672.839999
672.080003
691.840000
672.219999
671.840001
690.060001
672.939997
671.620000
691.140000
672.300000
672.699999
671.480000
686.019998
672.580000
672.259998
671.680000
672.160000
671.939999
672.819998
671.900000
672.140002
671.980001
672.219999
671.980001
671.820000
671.440002
672.080003
672.079999
672.580000
671.420000
672.180001
672.500003
672.180001
690.839998
672.219999
672.260001
692.620002
672.460001
672.040001
671.620000
672.380000
673.099998
671.659999
687.259998
672.079999
671.659999
688.480001
672.380000
672.160003
688.839998
671.780001
672.140002
687.800001
671.899997
671.640001
671.540000
671.599999
672.019999
672.240000
672.440000
672.340002
672.260001
672.079999
672.279999
671.900000
671.779998
692.040000
672.640000
671.920002
690.820001
671.879999
672.539998
690.460000
672.600001
672.499999
671.519998
688.680001
672.640000
672.120001
686.839998
673.000000
672.199998
686.099999
672.260001
671.459999
672.180001
671.980001
671.779998
672.100000
671.920002
671.780001
672.120001
672.080003
672.240000
672.759999
672.760002
690.940000
672.380000
672.100000
690.520000
672.180001
672.660001
690.260001
672.540002
671.599999
672.119997
688.699998
672.559999
672.320001
687.539998
673.060000
672.499999
672.520000
671.960000
671.680000
671.719998
671.060000
671.119999
672.140002
671.960000
672.080003
672.219999
672.699999
691.500001
672.479998
672.260001
691.660002
672.020003
671.839997
688.440003
672.100000
672.680002
672.279999
672.059998
672.500003
672.600001
671.979997
672.359999
672.780000
672.099996
671.939999
672.460001
672.899999
687.980000
671.500001
672.580000
672.939997
671.960000
671.839997
672.240000
672.000002
672.200002
690.599997
671.939999
671.560001
671.960000
672.320001
671.820000
