85.440002
82.279999
82.380001
82.339998
82.759999
82.559999
82.740001
82.459997
82.540002
82.560003
82.520001
82.300000
82.419999
82.259998
82.500000
82.320001
82.399998
82.360003
82.120001
82.500003
82.479998
82.500000
82.479998
82.440000
82.480002
82.300000
82.320001
82.500000
82.520001
82.479998
82.160000
82.500003
82.540002
82.440000
82.400002
82.339998
82.480002
82.419999
82.340002
82.279999
82.460001
82.240000
82.260001
82.260001
82.560003
82.500000
82.460001
82.520001
82.480002
82.559999
82.419999
82.139999
83.480000
82.380001
82.300000
82.219999
82.359999
82.460001
82.379997
82.240000
82.500000
82.339998
82.340002
82.420003
82.219999
82.539998
82.400002
82.460001
82.520001
82.479998
82.520001
82.680002
82.460001
82.440000
82.200002
82.500000
82.440000
82.520001
82.359999
82.320001
82.619999
82.459997
82.800001
82.399998
82.240000
82.379997
82.500000
82.479998
82.519997
82.459997
81.879999
82.340002
82.460001
82.500000
82.479998
82.479998
82.500000
82.339998
82.479998
82.420003
82.440000
82.440000
82.240000
82.359999
82.300000
82.479998
82.300000
82.540002
82.559999
82.400002
82.480002
82.520001
82.580000
82.560003
82.480002
82.540002
82.459997
82.500000
82.520001
82.520001
82.479998
82.480002
82.300000
82.500000
82.179997
82.359999
82.240000
82.319997
82.559999
82.500000
82.479998
81.659999
82.520001
82.500000
82.400002
82.440000
82.479998
82.460001
82.440000
82.520001
82.320001
82.199998
82.520001
82.219999
82.780000
82.519997
82.419999
82.240000
82.400002
82.500000
82.440000
82.500000
82.520001
82.320001
82.459997
82.540002
82.480002
82.400002
82.500000
82.500000
82.500000
82.440000
82.459997
82.479998
82.520001
82.479998
82.300000
82.359999
82.920000
81.999999
82.520001
82.419999
82.320001
82.520001
82.339998
82.520001
82.559999
88.959999
82.480002
82.419999
82.419999
82.399998
82.419999
82.279999
82.459997
82.679998
82.520001
82.479998
82.359999
82.559999
82.420003
82.440000
82.819998
82.899999
82.459997
82.300000
82.240000
82.500000
82.400002
82.539998
82.479998
82.320001
88.640001
82.279999
82.180001
82.219999
82.479998
82.479998
82.320001
82.519997
82.480002
82.440000
82.000002
82.500000
82.460001
82.419999
82.380001
82.500000
82.460001
82.500000
82.500000
82.419999
82.400002
82.559999
82.440000
82.400002
82.460001
81.680004
82.479998
82.519997
82.500003
82.440000
82.520001
82.520001
82.480002
82.500000
82.400002
82.519997
82.400002
82.500000
82.240000
82.500000
82.319997
82.559999
81.799999
82.500000
82.440000
82.500000
82.480002
82.319997
82.219999
82.400002
82.399998
82.359999
82.360003
82.440000
82.000002
82.479998
82.440000
82.460001
82.500000
82.460001
82.500000
82.440000
82.479998
82.500000
82.519997
82.300000
82.240000
82.459997
82.419999
82.520001
82.480002
82.540002
82.419999
81.760000
82.479998
82.560003
82.480002
82.500003
82.440000
81.820000
82.500000
82.460001
82.479998
82.540002
82.500000
82.500000
82.460001
82.440000
82.419999
82.519997
82.500000
82.379997
82.479998
82.460001
82.440000
82.500000
82.500000
82.480002
82.400002
85.299999
90.260003
82.479998
82.320001
82.359999
82.480002
82.300000
82.500000
82.739998
82.520001
82.440000
82.500000
82.339998
82.240000
82.739998
82.359999
81.440002
82.100000
82.380001
82.580000
82.459997
82.400002
82.500003
81.799999
82.739998
82.340002
88.879999
82.359999
82.500000
82.480002
82.440000
81.999999
82.440000
82.120001
82.500000
82.279999
82.559999
82.199998
82.219999
82.380001
82.520001
82.320001
82.460001
82.500003
82.520001
82.500000
82.399998
82.399998
82.520001
82.500003
82.380001
87.840002
82.459997
82.359999
82.300000
82.519997
82.479998
82.540002
82.699999
82.460001
82.500000
82.479998
82.500000
82.460001
82.440000
82.480002
82.539998
82.540002
82.300000
82.440000
82.000002
82.400002
82.500000
82.419999
82.520001
82.459997
88.500001
82.460001
82.520001
82.520001
82.460001
82.340002
82.500003
82.520001
81.779998
82.460001
82.320001
82.460001
82.260001
82.520001
82.339998
82.539998
82.820002
82.040001
82.340002
82.500000
82.500000
82.479998
82.500000
82.480002
82.720000
88.719998
82.359999
82.539998
82.500000
82.440000
82.500000
82.440000
82.520001
82.460001
82.259998
82.479998
82.519997
82.520001
82.259998
82.539998
82.459997
82.559999
82.520001
82.380001
82.240000
82.479998
82.460001
82.420003
82.539998
82.460001
88.620000
82.500000
82.519997
82.500000
82.500000
82.500000
82.459997
82.520001
82.260001
82.359999
82.860000
82.339998
82.519997
82.479998
82.500000
82.420003
82.460001
81.859998
82.479998
82.420003
82.400002
82.480002
82.500003
82.340002
82.359999
82.479998
82.300000
82.420003
81.639998
82.380001
82.480002
82.399998
82.520001
82.219999
82.459997
82.560003
82.479998
88.819999
82.500000
82.040001
82.500000
82.120001
82.520001
82.540002
82.500000
82.359999
82.500000
82.480002
82.419999
82.580000
82.280003
82.140002
81.900001
82.380001
82.260001
82.520001
82.359999
82.400002
82.500000
82.480002
82.500000
82.500000
88.719998
82.479998
82.619999
82.339998
82.520001
82.500000
82.539998
82.460001
82.359999
82.180001
82.460001
82.400002
82.480002
82.660001
82.400002
82.420003
82.440000
82.399998
82.480002
82.479998
82.219999
82.399998
82.320001
82.300000
82.500000
82.459997
82.500000
82.480002
82.440000
82.459997
82.380001
82.320001
82.500000
82.500000
82.720000
82.520001
82.500000
82.300000
82.419999
82.360003
82.520001
82.580000
82.440000
82.420003
82.460001
82.279999
82.459997
82.300000
82.500000
82.300000
82.399998
82.240000
82.539998
82.440000
82.500000
81.960000
82.459997
82.479998
82.300000
82.500000
82.520001
82.320001
82.460001
82.400002
82.300000
82.400002
82.300000
82.300000
82.500000
82.500000
82.500000
82.260001
82.500000
82.440000
82.500000
82.479998
82.520001
82.380001
82.660001
82.540002
82.440000
82.500000
82.300000
82.419999
82.619999
82.240000
82.580000
82.620002
82.720000
82.160000
82.219999
82.380001
82.460001
82.160000
82.399998
82.479998
82.460001
82.500003
82.320001
82.020000
82.340002
82.479998
81.820000
82.479998
82.399998
82.520001
82.599998
82.420003
82.279999
82.539998
82.520001
82.500000
82.180001
82.180001
82.500000
82.459997
82.400002
82.479998
82.520001
82.560003
82.419999
82.460001
82.520001
82.320001
82.500000
82.380001
82.440000
82.520001
82.379997
82.119998
82.279999
82.240000
81.980001
82.379997
82.500000
82.520001
82.380001
88.659998
82.479998
82.580000
82.460001
82.320001
82.339998
82.479998
82.460001
82.479998
82.459997
82.479998
81.780002
82.440000
82.479998
82.400002
82.519997
82.379997
82.500000
82.440000
82.459997
82.300000
82.399998
82.219999
82.500003
82.479998
82.140002
82.479998
82.419999
82.340002
82.500000
82.480002
82.240000
82.380001
82.440000
82.400002
82.419999
82.340002
82.400002
82.519997
82.340002
82.480002
82.520001
82.320001
82.320001
81.820000
82.520001
81.680000
82.520001
82.440000
82.460001
82.300000
82.520001
81.780002
82.300000
82.520001
82.300000
82.359999
82.440000
82.260001
82.520001
82.479998
82.459997
82.300000
81.760000
82.260001
82.380001
82.359999
82.420003
82.400002
82.419999
82.359999
82.239997
82.580000
82.180001
82.520001
82.380001
82.300000
82.380001
82.320001
81.919998
82.460001
82.520001
82.520001
82.399998
82.260001
82.500000
82.480002
82.240000
82.380001
82.420003
82.500003
82.559999
82.500000
82.339998
82.380001
82.399998
82.580000
82.260001
82.520001
82.620002
82.540002
81.800003
82.500000
82.279999
82.500000
82.480002
82.520001
82.420003
82.539998
82.440000
82.459997
82.800001
82.500000
82.479998
82.460001
82.140002
82.279999
82.500000
82.520001
82.480002
82.500000
82.440000
82.699999
81.319999
82.480002
82.160000
82.320001
82.460001
82.500000
82.479998
82.659997
82.420003
82.279999
82.300000
82.440000
82.479998
90.299997
82.500000
82.440000
82.479998
82.500000
82.160003
82.380001
82.300000
82.359999
82.540002
82.500000
81.839997
82.340002
82.380001
82.420003
82.520001
82.520001
82.419999
82.360003
82.500000
82.340002
82.279999
82.419999
82.500000
82.520001
82.259998
82.339998
82.500000
82.540002
82.500000
82.500000
82.480002
82.459997
81.780002
82.500000
82.419999
82.539998
82.459997
82.359999
82.460001
82.140002
82.520001
82.559999
82.520001
82.519997
82.200002
82.320001
82.459997
82.460001
82.519997
82.500000
82.520001
82.500000
82.279999
82.519997
82.440000
82.559999
82.360003
83.240002
82.320001
82.480002
82.359999
82.380001
82.260001
82.520001
82.580000
82.540002
82.320001
82.300000
82.359999
82.420003
82.460001
82.220003
82.339998
82.739998
82.219999
82.479998
82.359999
82.480002
82.479998
82.380001
82.500000
82.440000
82.480002
82.460001
82.339998
82.160000
82.500000
82.259998
82.520001
82.460001
82.220003
82.479998
81.760000
82.379997
82.300000
82.479998
82.460001
82.400002
82.480002
82.520001
82.479998
82.539998
82.420003
82.500000
82.500000
82.500000
82.520001
82.480002
82.300000
82.640000
82.100000
82.480002
82.300000
81.919998
82.440000
82.500000
82.500000
81.840001
82.279999
82.479998
82.419999
82.260001
82.500000
82.479998
82.539998
82.379997
82.479998
82.460001
82.320001
82.479998
82.459997
82.120001
82.440000
82.460001
82.380001
82.520001
82.480002
82.500003
82.500000
82.500003
82.359999
82.480002
82.480002
82.500000
82.300000
82.500000
82.500000
82.419999
82.460001
82.419999
82.440000
82.479998
82.500003
82.440000
82.300000
82.520001
82.419999
82.540002
82.440000
82.300000
82.560003
87.400001
82.520001
82.320001
81.540000
82.520001
82.279999
82.400002
82.479998
82.519997
82.440000
82.520001
82.500003
82.460001
82.320001
82.539998
82.399998
82.479998
82.519997
82.500000
82.459997
82.520001
82.440000
82.300000
82.380001
82.459997
82.400002
82.300000
82.200002
82.519997
82.399998
82.699999
82.240000
82.279999
82.420003
82.500000
82.280003
82.339998
82.380001
82.460001
82.380001
82.520001
82.500000
82.219999
82.479998
82.539998
82.320001
82.539998
82.500000
82.519997
82.520001
81.799999
82.339998
82.520001
82.460001
82.500000
82.300000
82.479998
82.500000
82.519997
82.419999
81.939999
82.479998
89.579999
82.240000
82.480002
82.460001
82.320001
82.440000
81.700001
82.480002
82.539998
82.619999
82.319997
82.500000
82.319997
82.340002
