75.807001
84.797001
69.725000
71.952000
71.135000
70.919001
69.013000
69.825999
70.148000
69.543000
68.278000
68.354000
68.445000
68.687000
68.497000
69.297000
68.964001
67.838000
68.225000
66.630000
67.292999
67.346000
67.323000
67.458000
67.666000
67.621000
67.598000
67.759000
67.841000
67.671000
67.323000
67.162001
67.847000
67.396999
67.480001
66.687000
66.563000
68.089000
69.243000
65.186000
68.390000
64.018999
67.538000
64.116000
68.889000
68.357000
66.998000
67.655000
67.379000
67.897000
73.168000
67.912000
67.539000
67.814000
68.134001
68.746001
68.993000
68.285000
67.933000
67.968001
65.357000
68.065001
68.503000
65.598000
68.866001
67.834000
67.816000
66.728001
64.011999
67.103000
67.751000
66.616000
67.462000
67.541000
68.360000
67.209000
68.326000
68.287000
67.973000
68.090999
67.402000
67.443000
66.678000
66.674000
67.675000
66.381999
67.694000
67.082000
67.594999
67.629000
67.074000
63.981000
68.139000
68.326000
66.891000
67.653000
67.447000
67.434000
68.053000
67.008000
66.775000
67.456000
67.588000
67.414000
67.260999
67.260999
66.927001
66.145000
66.887001
66.614999
67.412000
67.919000
64.474000
67.155000
67.191000
64.928000
66.479000
66.687000
66.709000
67.470000
67.890000
67.570000
67.505999
67.585000
66.389999
67.473000
66.941001
67.687999
67.571000
67.544000
67.117000
66.000001
67.042001
66.652000
67.709000
66.702000
67.915000
66.519000
64.191000
67.076000
67.140000
68.077000
66.448000
69.239000
68.875000
68.382001
67.835000
66.237001
68.631000
67.513000
68.676000
64.018000
67.850000
67.711000
66.679999
67.292999
67.656000
68.132999
67.909000
68.070999
66.036000
67.585000
67.883000
67.548000
67.442000
66.630000
67.421000
66.639000
66.790001
67.908000
67.721001
67.389000
67.203000
67.047000
65.930001
66.504000
66.595000
67.907000
66.598000
66.699999
67.482000
66.963000
66.860001
66.668000
66.711000
67.532000
63.633000
67.783999
67.581000
67.898000
67.956000
67.236000
67.603000
67.149000
63.788000
68.101000
66.856001
67.057000
67.850000
66.970000
67.252000
66.771001
66.501000
67.351000
66.806000
67.040000
66.587000
67.460000
67.331000
64.474000
67.308000
66.732000
66.516001
67.623000
66.600000
67.474000
67.201000
67.087000
63.753000
67.266000
67.528999
66.692000
66.366000
67.126000
66.624000
67.438000
67.194000
67.083000
67.794001
66.936000
66.979000
66.829001
67.161000
66.436000
64.033000
67.060000
67.156999
67.327000
66.538000
67.456000
67.238000
67.308000
64.747999
65.977000
64.247000
66.729000
66.382000
67.647000
66.188999
64.633000
66.722999
66.532999
66.965000
67.016000
66.734000
67.325001
67.070000
67.304000
67.084000
66.157000
66.572000
67.032000
66.842000
66.595000
67.198000
66.300999
67.211000
67.017000
64.863000
67.258000
66.773000
66.466999
66.621000
66.733001
63.957999
67.160000
66.453001
67.139000
67.125999
67.882000
67.391001
67.711000
69.131000
69.430999
69.816000
68.428000
68.673000
64.698000
69.155000
67.856001
67.882000
72.927000
68.398001
67.820000
68.382000
67.303000
67.017000
67.843000
67.350000
67.890000
67.239000
67.133999
67.353000
70.053999
68.105999
67.053000
68.400000
67.722000
68.220000
67.542001
66.763000
67.430000
66.848000
68.202000
67.124000
64.571000
67.756000
66.962000
67.229000
67.322000
67.117000
66.820000
64.903000
67.422000
63.901001
67.254000
67.001999
66.913000
67.763000
64.552000
67.907000
66.802001
67.191000
66.965000
67.694000
64.045000
66.861000
67.590000
66.802000
67.202000
67.082000
66.942001
67.698999
68.241000
66.721000
66.734999
64.045000
67.553001
66.347999
67.188000
67.434001
67.438000
67.369000
67.464000
64.441000
67.197001
67.159000
67.943000
66.591999
67.062000
67.243000
64.096000
68.030001
66.514000
68.318999
67.134000
67.924000
66.671000
66.261000
66.931000
67.054001
66.700000
68.220000
66.247000
67.888000
66.315000
66.522000
67.214999
67.389000
67.057000
67.108001
66.512000
67.242000
66.939000
67.329000
66.915001
67.104000
67.014000
63.717000
67.226000
67.151000
67.631000
66.970999
67.046000
67.104001
66.747000
67.456000
67.126000
67.464000
67.078000
67.200000
67.274000
68.134000
67.168999
66.520000
66.776999
66.936000
67.331000
67.424000
66.865000
66.679000
66.954000
67.245000
67.042000
66.928000
66.641000
66.919000
67.871000
66.955999
66.899000
67.751000
66.965000
66.149000
66.838000
67.402001
66.840000
66.957000
66.127000
67.420000
66.341000
66.886000
63.937000
65.558000
66.893999
67.065001
66.629000
67.053000
67.027000
67.211000
67.411000
66.236001
67.550000
66.931000
67.376000
67.399000
66.443000
66.981000
66.633000
67.273000
66.865000
64.676000
66.617000
67.859000
67.133000
66.664000
63.690000
67.462000
67.085001
67.066000
67.659000
74.051000
67.702000
67.063000
68.884000
67.777000
67.313001
68.409001
67.929000
67.096001
67.793000
66.970000
68.205000
67.408000
66.490999
63.926000
66.331000
67.299001
67.251000
66.993000
66.787000
66.919999
67.681000
67.011001
66.674001
65.413999
67.023000
63.810000
67.128000
66.505000
66.665000
66.688000
67.216001
67.634000
67.299000
67.832000
67.681000
67.053000
65.570001
67.675000
66.648999
67.459000
68.725000
67.908000
64.007999
67.911000
64.489000
64.657000
67.847000
67.410000
67.903000
64.472999
68.205000
67.278000
67.343000
67.936000
67.094999
67.524000
66.770000
66.893999
67.997000
67.263000
67.572000
67.471000
67.737000
66.871000
67.383001
66.648000
67.100001
64.248000
67.616999
67.628999
67.602000
67.040000
67.496000
66.567000
67.839000
66.737000
66.922000
66.835000
67.274000
67.534001
67.146000
67.769000
66.563000
66.698000
67.400999
67.165000
67.415000
64.701000
66.544000
67.724001
66.559000
66.663000
66.671000
66.537000
66.796999
66.072999
66.203000
66.853001
66.543000
66.630000
64.249001
66.167000
66.801000
64.382000
67.058000
66.552999
66.791000
66.620000
66.613000
64.579001
66.885000
67.035000
67.113000
66.858000
66.891000
66.755001
66.521000
67.369000
66.693000
66.444000
67.544000
67.084000
66.952000
67.021000
66.506000
65.931000
66.652000
66.993000
66.372000
66.281999
66.422000
73.000000
67.489000
68.821000
68.611000
68.365000
67.411999
67.794000
67.289000
67.988000
67.002000
67.756000
68.202999
65.543000
68.421000
67.315000
66.967000
67.204000
66.606999
67.573000
67.037000
67.326000
67.787000
67.495001
67.159000
68.325000
67.921000
67.156999
67.682000
66.680999
64.364000
66.584000
66.549000
67.290000
66.528999
67.625000
66.824000
67.161000
63.943001
67.613000
66.777000
67.817000
67.407999
67.264999
67.171000
66.675999
66.918000
66.422000
66.675000
67.721999
67.049000
63.585999
67.617999
67.586000
64.106001
66.081000
66.746000
66.723000
66.802000
67.237000
63.715001
66.823000
67.241000
64.354000
67.602000
66.409000
67.071000
67.382000
67.000001
66.633999
66.941001
67.287000
66.648999
74.324000
67.707000
68.180000
67.435000
67.830999
68.452000
67.232000
67.334000
67.429000
67.439000
67.707000
67.214000
67.505000
67.404000
67.249000
67.150000
67.433000
64.289000
67.087000
66.810000
64.218000
64.002001
67.220000
66.931999
68.177000
67.601000
66.889000
67.294000
67.218999
66.610999
67.466000
67.104001
67.307999
66.614999
66.960000
67.344001
66.391000
66.653000
67.705000
67.637000
67.321000
66.963000
67.388000
67.335000
67.051000
67.496000
67.435000
66.730999
67.188000
66.790001
67.505999
66.597001
67.028000
66.980001
65.963000
67.313001
66.545000
67.508000
67.002000
63.164000
66.947000
67.370000
63.840000
67.512000
66.796999
67.012000
66.322001
66.743000
67.324000
66.728000
66.121999
66.842000
67.361000
67.050001
66.530000
67.225000
66.242000
66.938000
66.356000
67.573000
67.830000
67.074001
67.442999
64.308000
66.971000
67.414000
66.369000
67.530000
66.986999
67.406000
67.434000
67.018000
67.182000
64.014000
67.574999
67.103000
66.699000
66.564000
65.213000
67.391000
67.538001
66.472000
67.040000
67.202999
67.119000
67.317000
66.868001
67.657000
67.487000
66.849000
67.392999
66.769999
66.883001
67.264000
67.409000
64.045000
65.276001
67.373000
66.818000
66.645999
67.700000
67.395000
66.672000
64.294000
66.388001
67.407000
67.455000
66.381000
67.572000
67.165000
67.266000
66.830000
66.588000
67.773000
66.442000
66.540000
66.372000
66.741000
66.571999
67.489000
66.843000
67.226999
66.847000
67.115000
66.455000
67.298000
67.356000
67.106000
67.160000
67.779000
66.776000
67.683000
66.957000
66.335999
68.034001
66.767001
67.228001
66.454000
67.058001
67.064000
67.017999
67.168000
66.728000
67.265000
66.588000
66.401000
67.394000
66.802000
67.273000
66.550001
67.228001
66.643000
66.881000
67.577000
66.616000
67.574000
67.195000
67.247000
67.912000
66.851000
67.041000
72.844000
64.772000
65.031000
67.387000
66.636000
67.574000
67.415000
67.521000
68.197000
68.089000
66.856001
64.271000
66.793000
66.976001
67.436000
67.395001
67.486000
66.250000
66.433000
66.648001
67.306000
66.845000
66.958999
67.567000
66.260000
66.951000
67.132000
66.471000
67.581001
66.916999
67.023000
67.432000
66.555001
67.707000
66.748001
66.831999
66.786000
66.556999
67.085000
66.212000
67.547000
67.677001
66.486000
66.264000
66.822000
66.439000
66.914001
66.993000
66.919000
68.683000
65.236000
69.715000
69.526000
68.432000
65.303000
68.900000
68.236000
64.454000
68.289001
67.525000
68.217000
69.080999
68.341999
67.930000
67.667999
67.899000
67.968000
67.129000
64.044000
67.649000
66.874000
67.432000
66.985999
67.725000
66.787001
66.682000
67.467000
66.827000
67.395001
66.935999
67.311000
66.528999
67.183000
67.814000
66.939000
67.278000
68.019000
67.801000
67.541000
66.978000
67.704000
67.693000
67.102000
66.856000
67.354000
67.174000
66.903000
66.910001
67.035000
67.306001
68.143999
66.296000
67.468000
66.587000
66.900999
66.522000
67.233000
67.255001
66.994000
66.649000
66.653000
66.673000
67.357000
66.823000
67.067000
66.602000
66.952000
66.463999
66.003000
66.594000
66.484000
66.941001
67.253999
67.990000
66.965000
68.186000
67.840000
67.257999
66.483000
63.982001
67.207000
63.017000
67.768999
64.321999
67.376999
67.199999
63.901001
66.376000
66.571000
66.707999
67.236001
66.963000
66.822000
64.106000
66.472000
67.411001
66.725001
67.264000
66.962999
66.482000
67.739000
66.553000
67.376000
67.022000
65.967999
