0.615999
0.626000
0.616999
0.610000
0.608001
0.609001
0.606000
0.603000
0.601999
0.613000
0.605000
0.600999
0.608001
0.612000
0.601999
0.610001
0.611000
0.611000
0.617001
0.610000
0.609001
0.605999
0.604998
0.612000
0.603000
0.606000
0.617001
0.607999
0.621999
0.612000
0.611000
0.600001
0.616999
0.607001
0.609001
0.599001
0.608999
0.612000
0.608999
0.610000
0.605000
0.612000
0.606999
0.623999
0.612000
0.611000
0.605000
0.610000
0.607999
0.610000
0.604000
0.610000
0.605000
0.615001
0.604998
0.610000
0.613000
0.612000
0.614999
0.605000
0.613000
0.605000
0.611000
0.613000
0.604000
0.604000
0.619000
0.610001
0.605000
0.607999
0.612000
0.603000
0.619000
0.610000
0.609001
0.610000
0.618000
0.599001
0.607999
0.615001
0.600999
0.607001
0.618001
0.609001
0.610001
0.600001
0.604000
0.610000
0.604000
0.601999
0.618000
0.611000
0.606000
0.605000
0.607999
0.614000
0.607999
0.607001
0.624001
0.610000
0.612000
0.643000
0.614000
0.604000
0.613000
0.606000
0.613000
0.604000
0.615001
0.605000
0.613000
0.592999
0.611000
0.616001
0.612998
0.605999
0.611000
0.608999
0.611000
0.608001
0.603002
0.606000
0.607001
0.606000
0.615001
0.601001
0.613999
0.601999
0.613000
0.604998
0.608001
0.598000
0.605000
0.610001
0.608001
0.601999
0.615001
0.604000
0.607999
0.604000
0.608999
0.611000
0.613000
0.612000
0.616001
0.597998
0.617001
0.604998
0.615001
0.613000
0.610000
0.615001
0.607999
0.607999
0.610000
0.616001
0.614000
0.597000
0.604000
0.605000
0.625001
0.600999
0.609001
0.606000
0.622999
0.599001
0.608001
0.610001
0.607999
0.605999
0.608001
0.610000
0.603000
0.599001
0.608999
0.597000
0.623999
0.598999
0.610001
0.601999
0.605000
0.610000
0.601999
0.597000
0.605000
0.594001
0.622999
0.612000
0.610000
0.610000
0.609001
0.606000
0.600999
0.611000
0.611000
0.615001
0.605000
0.612000
0.601999
0.613000
0.612000
0.612000
0.604000
0.613000
0.603000
0.612000
0.603000
0.601999
0.604998
0.607001
0.608999
0.608001
0.607001
0.611000
0.609001
0.607999
0.605999
0.610000
0.607001
0.611000
0.605000
0.609001
0.607001
0.609001
0.608001
0.610000
0.604000
0.608999
0.605000
0.611000
0.604000
0.608999
0.606999
0.603002
0.610000
0.610001
0.607001
0.596000
0.607999
0.614000
0.613999
0.600999
0.606000
0.599999
0.612000
0.607999
0.604000
0.595000
0.600999
0.592999
0.605000
0.609001
0.612000
0.604000
0.606999
0.591999
0.613000
0.610001
0.621999
0.599001
0.610000
0.600999
0.610000
0.610000
0.606000
0.599001
0.610000
0.596000
0.605000
0.604000
0.605000
0.610001
0.598000
0.607999
0.607999
0.616999
0.604000
0.610000
0.607999
0.618000
0.598000
0.610001
0.610000
0.615001
0.606000
0.610001
0.603000
0.614000
0.613000
0.606000
0.603000
0.608999
0.610000
0.611000
0.608001
0.610000
0.611000
0.612000
0.599999
0.608001
0.603000
0.609001
0.600001
0.607999
0.604000
0.608999
0.608999
0.608001
0.607999
0.607999
0.605000
0.616999
0.605000
0.607999
0.620000
0.613000
0.605000
0.612000
0.608999
0.607999
0.611000
0.607999
0.606999
0.643000
0.610000
0.607001
0.610000
0.612000
0.606000
0.613000
0.606000
0.614000
0.616999
0.607999
0.599999
0.610000
0.603002
0.607001
0.638001
0.610000
0.611000
0.606999
0.613000
0.611000
0.614999
0.608001
0.613000
0.606000
0.607001
0.609001
0.605000
0.606000
0.604000
0.610000
0.607999
0.614999
0.605000
0.614999
0.598000
0.605000
0.601999
0.606000
0.607001
0.618000
0.611000
0.601999
0.611002
0.609001
0.616001
0.610000
0.621999
0.607999
0.605999
0.612000
0.608999
0.612000
0.606999
0.612000
0.613000
0.612000
0.615001
0.615999
0.611002
0.613000
0.601999
0.607001
0.608001
0.606999
0.599999
0.609001
0.610000
0.608001
0.615001
0.612000
0.607001
0.611000
0.613999
0.611000
0.607999
0.616001
0.614000
0.607001
0.611000
0.607999
0.608001
0.613000
0.611000
0.611000
0.613000
0.612000
0.613000
0.611000
0.611000
0.600999
0.616999
0.613000
0.619000
0.604000
0.608001
0.614000
0.613000
0.605999
0.616001
0.610001
0.604000
0.608999
0.611000
0.612998
0.612000
0.611000
0.619000
0.615999
0.607999
0.605000
0.613000
0.607001
0.610000
0.599999
0.613000
0.605000
0.621000
0.607001
0.619000
0.603000
0.611000
0.600999
0.611000
0.603000
0.606000
0.611000
0.609001
0.615001
0.603000
0.611002
0.618001
0.600999
0.616999
0.618000
0.616001
0.618000
0.614999
0.612000
0.613000
0.615999
0.607001
0.610001
0.605000
0.605000
0.609001
0.613000
0.616001
0.601999
0.603000
0.607999
0.616999
0.603000
0.615001
0.599001
0.603000
0.603000
0.604000
0.600999
0.603000
0.614999
0.607999
0.604000
0.608001
0.605000
0.605000
0.611000
0.605000
0.605000
0.604000
0.607001
0.613000
0.605000
0.611000
0.597000
0.604998
0.606999
0.611000
0.614000
0.615001
0.621000
0.605000
0.610000
0.612998
0.600001
0.613000
0.612000
0.610000
0.610000
0.612000
0.590000
0.606999
0.606000
0.613000
0.601999
0.608999
0.616999
0.639999
0.607001
0.608999
0.611000
0.601001
0.613000
0.611000
0.611002
0.615001
0.616999
0.611000
0.610000
0.607001
0.616001
0.603000
0.611000
0.611000
0.610000
0.606000
0.610000
0.608001
0.614000
0.610000
0.609001
0.613000
0.610000
0.607001
0.611000
0.614999
0.606000
0.610000
0.612000
0.606000
0.616999
0.611002
0.610000
0.613000
0.607001
0.610000
0.613000
0.611000
0.607001
0.611000
0.616999
0.612000
0.608999
0.611000
0.608001
0.611000
0.608999
0.644999
0.610000
0.614000
0.608999
0.606000
0.610000
0.610000
0.611002
0.615999
0.614000
0.617001
0.607999
0.611000
0.613999
0.618000
0.607999
0.613999
0.610001
0.610000
0.610000
0.616001
0.607001
0.613000
0.611000
0.612000
0.612000
0.611000
0.613000
0.611000
0.606000
0.613000
0.610001
0.607999
0.601999
0.604000
0.612000
0.603000
0.608001
0.615001
0.605000
0.613000
0.613000
0.610001
0.613000
0.611002
0.605999
0.614999
0.601999
0.611000
0.612000
0.610000
0.608999
0.615001
0.610000
0.616999
0.616999
0.620000
0.612000
0.613000
0.608001
0.608999
0.612000
0.607999
0.612000
0.616001
0.611000
0.610000
0.607001
0.611000
0.606999
0.614999
0.615999
0.613000
0.601999
0.612000
0.601999
0.611000
0.601999
0.616001
0.606999
0.604000
0.605999
0.607001
0.611000
0.611000
0.607001
0.613000
0.607001
0.612000
0.605999
0.611000
0.604000
0.612000
0.606999
0.612000
0.614999
0.610000
0.606000
0.611000
0.608001
0.616001
0.616001
0.612000
0.604000
0.616001
0.612998
0.608001
0.610000
0.613000
0.611000
0.613000
0.603000
0.613999
0.608999
0.612000
0.608001
0.614000
0.614000
0.613000
0.608001
0.611000
0.602001
0.614000
0.607001
0.611000
0.608999
0.611000
0.614000
0.615999
0.613000
0.613999
0.604000
0.612000
0.611000
0.616999
0.611002
0.613000
0.612000
0.611000
0.599999
0.611000
0.599999
0.616001
0.605000
0.623001
0.611000
0.611000
0.612000
0.620000
0.607001
0.608999
0.610000
0.619000
0.606000
0.610000
0.612000
0.614000
0.605000
0.611000
0.601999
0.613000
0.607001
0.600001
0.614999
0.603000
0.596000
0.603000
0.612000
0.609001
0.592001
0.627000
0.610000
0.608001
0.608999
0.608001
0.607999
0.607999
0.643000
0.612000
0.610001
0.670999
0.605999
0.612000
0.614000
0.611000
0.615999
0.613000
0.612000
0.604000
0.612000
0.612000
0.608001
0.620000
0.606999
0.611000
0.607999
0.615999
0.617001
0.612000
0.613000
0.610001
0.609001
0.615001
0.608999
0.611000
0.611000
0.615999
0.606999
0.614000
0.610000
0.606000
0.610000
0.612000
0.606999
0.616999
0.605000
0.609001
0.610000
0.613999
0.611000
0.613000
0.604000
0.622999
0.599001
0.614000
0.603000
0.614000
0.616001
0.608999
0.619000
0.613000
0.615999
0.607999
0.612000
0.611000
0.606999
0.607999
0.606000
0.611000
0.611000
0.605000
0.613999
0.611000
0.599999
0.611000
0.607001
0.614999
0.612000
0.611000
0.604000
0.611000
0.610000
0.606000
0.604000
0.611000
0.604000
0.619000
0.605999
0.616001
0.604000
0.610000
0.601999
0.615999
0.608001
0.612000
0.607001
0.611000
0.604998
0.610000
0.606999
0.613000
0.614000
0.611000
0.606000
0.607999
0.606999
0.600999
0.612000
0.613000
0.611000
0.621999
0.603000
0.622999
0.604000
0.611000
0.607001
0.618001
0.615999
0.611002
0.611000
0.618000
0.602001
0.607001
0.615999
0.616001
0.607001
0.610000
0.611000
0.613000
0.614999
0.611000
0.606000
0.614000
0.606000
0.611000
0.600999
0.607999
0.607999
0.611000
0.606999
0.601001
0.606000
0.618001
0.611000
0.611000
0.614000
0.612000
0.610000
0.607999
0.604000
0.622001
0.613999
0.608001
0.612000
0.614999
0.604000
0.611000
0.612000
0.614000
0.605000
0.613000
0.610000
0.613000
0.614000
0.608999
0.610000
0.613000
0.605999
0.611002
0.612000
0.601999
0.606000
0.619000
0.606000
0.613999
0.606999
0.613000
0.601999
0.616999
0.615999
0.623999
0.617001
0.606000
0.608001
0.621999
0.608999
0.611000
0.611000
0.613000
0.606999
0.613999
0.607001
0.616001
0.614999
0.611000
0.606999
0.612000
0.604998
0.611000
0.608001
0.610000
0.604000
0.613000
0.605000
0.614000
0.601999
0.613999
0.607001
0.614000
0.610001
0.614999
0.611000
0.611000
0.601999
0.603000
0.599001
0.611000
0.608001
0.612000
0.619000
0.609001
0.600999
0.611000
0.606000
0.611000
0.611000
0.614999
0.609001
0.605000
0.606999
0.605000
0.613999
0.601001
0.622001
0.610000
0.606999
0.613000
0.606999
0.612000
0.605000
0.605999
0.604000
0.617001
0.604000
0.607999
0.607001
0.612000
0.601999
0.611000
0.607999
0.614999
0.608999
0.614999
0.611000
0.611000
0.608001
0.613999
0.605000
0.616999
0.606000
