3.880000
3.640000
3.180001
2.799999
2.620000
2.459999
2.400000
2.320001
2.240000
2.000000
1.979999
1.879999
1.800001
1.820000
1.860000
1.960000
1.879999
1.839999
1.780000
1.780001
1.699999
1.760000
1.680000
1.740001
1.700001
1.720000
1.680000
1.720000
1.700001
1.700001
1.699999
1.720000
1.739999
1.700001
1.680000
1.740001
1.699999
1.700001
1.739999
1.739999
1.720000
1.740001
1.660001
1.720000
1.680000
1.699999
1.680000
1.700001
1.660001
1.740001
1.699999
1.699999
1.699999
1.700001
1.680000
2.139999
1.860000
1.839999
1.900000
1.740001
1.700001
1.620000
1.639999
1.639999
1.620000
1.680000
1.620000
1.659999
1.600001
1.620000
1.620000
1.680000
1.620000
1.660001
1.599999
1.660001
1.620000
1.620000
1.620000
1.659999
1.660001
1.580000
1.620000
1.660001
1.620000
1.680000
1.599999
1.680000
1.580000
1.599999
1.659999
1.640001
1.639999
1.660001
1.639999
1.640001
1.620000
1.639999
1.600001
1.659999
1.659999
1.620000
1.680000
1.659999
1.639999
1.640001
1.599999
1.659999
1.660001
1.699999
1.639999
1.620000
1.599999
1.599999
1.619998
1.660001
1.620000
1.700001
1.580000
1.640001
1.640001
1.660001
1.620000
1.660001
1.620000
2.039999
1.639999
1.639999
1.620000
1.599999
1.620000
1.660001
1.619998
1.680000
1.600001
1.639999
1.620000
1.639999
1.599999
1.659999
1.620000
1.639999
1.660001
1.639999
1.599999
1.660001
1.620000
1.680002
1.599999
1.620000
1.660001
1.659999
1.599999
1.620000
1.599999
1.639999
1.599999
1.620000
1.639999
1.660001
1.680002
1.620000
1.619998
1.660001
1.600001
1.600001
1.600001
1.640001
1.660001
1.620000
1.620000
1.639999
1.599999
1.620000
1.659999
1.660001
1.639999
1.700001
1.600001
1.660001
1.620000
1.640001
1.559999
2.060000
1.740001
1.760000
1.580000
1.639999
1.780000
1.620000
1.699999
1.680000
1.780000
1.600001
1.740001
1.639999
1.640001
1.660001
1.599999
1.680000
1.620000
1.580000
1.620000
1.660001
1.599999
1.639999
1.639999
1.680000
1.639999
1.619998
1.580000
1.639999
1.600001
1.680000
1.660001
1.660001
1.639999
1.639999
1.620000
1.680000
1.680000
1.640001
1.640001
1.620000
1.660001
1.660001
1.640001
1.640001
1.619998
1.599999
1.600001
1.639999
1.600001
1.660001
1.620000
1.639999
1.620000
1.700001
1.639999
1.639999
1.600001
1.620000
1.620000
1.640001
1.620000
1.660001
1.580000
1.660001
1.620000
1.639999
1.639999
1.660001
1.620000
1.660001
1.640001
1.639999
1.620000
1.639999
1.619998
1.660001
1.619998
1.600001
1.640001
2.620000
1.720000
1.720000
1.620000
1.639999
1.580000
1.640001
1.640001
1.720000
1.640001
1.599999
1.599999
1.660001
1.600001
1.680000
1.660001
1.640001
1.620000
1.680000
1.559999
1.660001
1.600001
1.620000
1.639999
1.639999
1.599999
1.639999
1.599999
1.639999
1.620000
1.680002
1.639999
1.660001
1.620000
1.660001
1.660001
1.660001
1.580000
1.640001
1.660001
1.640001
1.620000
1.660001
1.620000
1.639999
1.599999
1.639999
1.660001
1.639999
1.660001
1.620000
1.620000
1.659999
1.640001
1.639999
1.639999
1.659999
1.659999
1.660001
1.620000
1.640001
1.660001
1.620000
1.620000
1.640001
1.599999
1.639999
1.599999
1.639999
1.639999
1.639999
1.640001
1.660001
1.620000
1.620000
1.639999
1.660001
1.660001
1.660001
1.659999
1.660001
1.660001
1.620000
1.639999
1.660001
1.620000
1.640001
1.640001
1.639999
1.580000
1.619998
1.599999
1.659999
1.680000
1.760000
1.680000
1.639999
1.660001
1.680000
1.659999
1.620000
1.599999
1.639999
1.620000
1.639999
1.660001
1.580000
1.600001
1.680000
1.600001
1.639999
1.620000
1.639999
1.599999
1.660001
1.599999
1.640001
1.620000
1.680000
1.639999
1.660001
1.600001
1.620000
1.599999
1.639999
1.639999
1.620000
1.599999
1.660001
1.620000
1.619998
1.739999
1.660001
1.599999
1.639999
1.620000
1.639999
1.600001
1.639999
1.620000
1.700001
1.600001
1.639999
1.640001
1.639999
1.580000
1.620000
1.639999
1.620000
1.600001
1.599999
1.680000
1.680000
1.660001
1.680002
1.640001
1.639999
1.599999
1.639999
1.660001
1.620000
1.639999
1.639999
1.620000
1.660001
1.680000
1.680002
1.660001
1.680000
1.660001
1.700001
1.660001
1.660001
1.639999
1.640001
1.600001
1.680000
1.659999
1.680000
1.620000
1.680000
1.620000
1.659999
1.699999
1.660001
1.639999
1.659999
1.660001
1.640001
1.620000
1.659999
1.660001
1.660001
1.659999
1.660001
1.660001
1.659999
1.659999
1.739999
1.660001
1.820000
1.620000
1.639999
1.620000
1.740001
2.100000
1.659999
1.639999
1.660001
1.640001
1.620000
1.639999
1.659999
1.660001
1.659999
1.620000
1.660001
1.620000
1.639999
1.639999
1.660001
1.640001
1.660001
1.660001
1.660001
1.600001
1.659999
1.620000
1.660001
1.680002
1.639999
1.640001
1.639999
1.640001
1.659999
1.639999
1.660001
1.660001
1.660001
1.660001
1.660001
1.660001
1.659999
1.620000
1.680000
1.639999
1.680000
1.640001
1.659999
1.639999
1.660001
1.620000
1.680000
1.599999
1.620000
1.660001
1.639999
1.620000
1.619998
1.620000
1.699999
1.680000
1.780000
1.640001
1.659999
1.660001
1.639999
1.639999
1.700001
1.620000
1.800001
1.660001
1.599999
1.680000
1.639999
1.639999
1.660001
1.659999
1.599999
1.639999
1.639999
1.660001
1.680000
1.659999
1.699999
1.659999
1.620000
1.739999
1.680000
1.600001
1.640001
1.640001
1.660001
1.620000
1.659999
1.660001
1.660001
1.659999
1.900000
1.620000
1.619998
1.639999
1.660001
1.639999
1.620000
1.660001
1.600001
1.680002
1.660001
1.659999
1.680000
1.639999
1.680000
1.620000
1.639999
1.620000
1.660001
1.800001
1.820002
1.780000
2.119999
1.739999
1.799999
1.680002
1.639999
1.680000
1.639999
1.700001
1.739999
1.759999
2.100000
1.720000
2.339998
1.839999
1.759999
1.660001
1.699999
2.440000
1.820000
1.920000
1.840001
1.760000
1.760000
1.720000
1.680000
1.620000
1.720000
1.660001
1.720000
1.660001
1.660001
1.720000
1.659999
1.639999
1.639999
1.619998
1.640001
1.699999
1.680000
2.240000
1.720000
2.359999
1.680000
1.680000
1.660001
1.600001
1.700001
1.640001
1.699999
2.040001
2.000000
1.660001
1.680000
1.700001
1.739999
1.660001
1.699999
1.680000
1.699999
1.660001
1.680002
1.660001
1.680000
1.639999
1.720000
1.680000
1.659999
1.680000
1.660001
1.699999
1.639999
1.920002
1.660001
1.680000
1.939999
1.639999
2.020000
1.680000
1.800001
1.639999
1.700001
1.720000
1.840001
1.620000
1.920000
1.680000
1.820002
1.920002
1.739999
1.920000
2.060000
1.860000
1.940001
1.960000
1.760000
1.920000
1.799999
1.699999
1.820000
1.680000
1.860000
1.720000
1.720000
1.800001
1.699999
1.860000
1.639999
1.640001
1.720000
1.860000
1.720000
1.640001
1.680000
1.700001
1.720000
1.720000
1.860000
1.599999
1.800001
1.760000
1.760000
1.620000
1.639999
1.780000
1.619998
1.639999
1.800001
1.639999
1.680002
1.640001
1.700001
1.820000
1.639999
1.659999
1.700001
1.780000
1.599999
1.660001
1.780001
1.639999
1.639999
1.860000
1.580000
1.660001
1.639999
1.680000
1.979999
1.699999
1.640001
1.660001
1.660001
1.940001
1.699999
2.040001
1.580000
1.700001
1.680000
1.620000
1.680000
1.639999
1.699999
1.659999
1.639999
1.639999
1.680000
1.659999
1.639999
1.620000
1.620000
1.639999
1.680000
1.639999
1.680000
1.600001
1.660001
1.560001
1.639999
1.660001
1.680000
1.639999
1.740001
1.660001
1.700001
1.620000
1.680000
1.639999
1.620000
1.660001
1.659999
1.639999
1.660001
1.639999
1.660001
1.659999
2.200000
1.659999
1.680000
1.639999
1.680000
1.620000
1.820000
1.639999
1.640001
1.620000
1.680002
1.620000
1.620000
1.639999
1.620000
1.660001
1.640001
1.620000
1.639999
1.639999
1.639999
1.640001
1.639999
1.639999
1.820000
1.619998
1.739999
1.680000
1.639999
1.620000
1.639999
1.580000
1.639999
1.600001
1.640001
1.639999
1.639999
1.620000
1.680000
1.620000
1.620000
1.639999
1.639999
1.840001
1.620000
1.620000
1.640001
1.680000
1.680000
1.620000
1.960000
1.659999
1.639999
1.780000
1.720000
1.700001
1.780000
1.560001
1.620000
2.240000
1.960000
1.599999
2.100000
1.820000
1.740001
1.660001
1.800001
1.900000
1.639999
1.639999
1.700001
1.680000
1.940001
1.680000
2.020000
1.700001
1.839999
2.319999
1.660001
1.879999
1.680002
1.620000
1.619998
1.820000
1.639999
1.640001
1.680000
1.820000
1.839999
1.600001
1.680002
1.660001
1.560001
1.939999
1.820000
1.740001
1.720000
1.620000
1.680000
1.640001
1.700001
1.599999
1.659999
1.680000
1.600001
1.660001
1.639999
1.640001
2.020000
1.660001
1.659999
1.639999
1.820000
1.780000
1.620000
1.659999
1.799999
1.639999
1.820000
1.639999
1.739999
1.820000
1.639999
1.780000
1.680000
1.640001
1.640001
1.640001
1.660001
1.680000
1.639999
1.660001
1.620000
1.639999
1.639999
1.660001
1.660001
1.639999
1.760000
1.620000
1.639999
1.620000
1.660001
1.680002
1.639999
1.640001
1.639999
1.680002
1.620000
1.640001
1.639999
1.660001
1.639999
1.620000
1.639999
1.599999
1.620000
1.639999
1.639999
1.660001
1.720000
1.880001
1.680000
1.639999
1.659999
1.620000
1.640001
1.639999
1.780000
1.640001
1.660001
1.620000
1.660001
1.599999
1.860000
1.640001
1.660001
1.620000
1.620000
1.640001
1.580000
1.620000
1.639999
1.680000
1.680000
1.860000
1.660001
1.639999
1.640001
1.640001
1.639999
1.800001
1.660001
1.640001
1.680000
1.660001
1.659999
1.620000
1.640001
1.680000
1.639999
1.639999
1.600001
1.660001
1.640001
1.620000
1.660001
1.659999
1.660001
1.639999
1.680000
1.639999
1.699999
1.620000
1.639999
1.639999
1.639999
1.780001
1.680000
1.599999
1.639999
1.620000
1.620000
