1.147000
1.138000
1.137000
1.141000
1.136000
1.139999
1.131999
1.139000
1.137000
1.137001
1.141001
1.139000
1.138001
1.134000
1.137001
1.138000
1.140000
1.138000
1.139000
1.139000
1.134000
1.138000
1.139000
1.138000
1.138000
1.138000
1.136000
1.138001
1.138000
1.134000
1.137000
1.138000
1.138000
1.132000
1.138000
1.138000
1.137001
1.139000
1.138000
1.138001
1.135999
1.137000
1.140000
1.136000
1.137000
1.135999
1.139000
1.140000
1.133000
1.140000
1.136000
1.146000
1.136000
1.137000
1.135000
1.136000
1.136000
1.137001
1.137001
1.133000
1.133000
1.136000
1.135000
1.136000
1.136000
1.137001
1.135000
1.137000
1.133000
1.135000
1.141001
1.139000
1.138000
1.142000
1.135000
1.137001
1.133000
1.138000
1.140000
1.139000
1.138000
1.141000
1.138000
1.140000
1.142000
1.139000
1.140000
1.139000
1.139000
1.139999
1.138000
1.140000
1.136000
1.135000
1.137000
1.136000
1.134000
1.133000
1.138001
1.138000
1.136000
1.161000
1.147000
1.151000
1.151999
1.146000
1.149000
1.146000
1.147000
1.154000
1.151000
1.150000
1.150000
1.154000
1.150000
1.332001
1.153001
1.153000
1.150000
1.149000
1.150000
1.150000
1.148000
1.148000
1.150000
1.150000
1.145001
1.149000
1.153000
1.150999
1.151000
1.150000
1.152000
1.152000
1.151000
1.152000
1.146000
1.146000
1.144000
1.146000
1.147000
1.145001
1.147000
1.143999
1.147000
1.146999
1.146000
1.147000
1.149000
1.148000
1.147000
1.149000
1.148000
1.148000
1.143999
1.147000
1.148000
1.147999
1.147000
1.146000
1.146000
1.148000
1.147999
1.150000
1.151000
1.149000
1.151000
1.150000
1.150999
1.147000
1.149000
1.150000
1.149000
1.153000
1.151000
1.151000
1.151999
1.153000
1.146000
1.151000
1.146001
1.146000
1.147000
1.149001
1.148000
1.144000
1.154000
1.151000
1.147000
1.152000
1.151999
1.153000
1.145000
1.147000
1.151999
1.152000
1.151000
1.146999
1.153001
1.151000
1.150001
1.152000
1.151000
1.150000
1.150999
1.150000
1.153000
1.150999
1.152000
1.151000
1.147999
1.150000
1.149000
1.145000
1.151000
1.150000
1.150000
1.148000
1.147000
1.149000
1.146000
1.147000
1.150000
1.150999
1.147000
1.148000
1.150000
1.153000
1.151000
1.147999
1.157000
1.151000
1.150000
1.150999
1.147999
1.148000
1.150000
1.146999
1.153000
1.146000
1.149001
1.149000
1.147999
1.158000
1.146000
1.146000
1.150001
1.151000
1.149000
1.150000
1.147000
1.152000
1.152000
1.152000
1.151000
1.150999
1.153000
1.153001
1.151000
1.151999
1.153000
1.150000
1.143000
1.147999
1.151000
1.151000
1.150999
1.150000
1.151000
1.149001
1.147999
1.151000
1.151000
1.151999
1.147000
1.141000
1.148000
1.150000
1.148000
1.150000
1.150999
1.153000
1.150000
1.150000
1.148000
1.151000
1.150000
1.148000
1.151000
1.150000
1.151999
1.149000
1.151999
1.150000
1.147999
1.147999
1.146000
1.144000
1.145000
1.146000
1.144000
1.146000
1.146000
1.146999
1.151000
1.150000
1.151000
1.157001
1.146000
1.149000
1.151000
1.151000
1.150001
1.150000
1.152000
1.151000
1.149000
1.151000
1.152000
1.151999
1.147999
1.153000
1.151999
1.150000
1.150000
1.151000
1.152000
1.150000
1.151999
1.153001
1.151000
1.151000
1.147999
1.152000
1.149001
1.150000
1.151000
1.147999
1.153000
1.148000
1.151999
1.151000
1.150000
1.150000
1.151000
1.151000
1.151999
1.150000
1.151000
1.152000
1.148000
1.148000
1.147999
1.149000
1.148000
1.147000
1.147000
1.147999
1.152000
1.150000
1.150000
1.151000
1.149001
1.150000
1.151000
1.147000
1.148000
1.148000
1.147000
1.152000
1.153001
1.150000
1.147000
1.147000
1.150001
1.148000
1.147999
1.152000
1.148000
1.147999
1.146000
1.147999
1.151000
1.148000
1.151000
1.151000
1.153000
1.146000
1.151000
1.150000
1.147999
1.150000
1.151000
1.151000
1.151999
1.152000
1.151000
1.151999
1.153000
1.149000
1.150000
1.147000
1.151999
1.146999
1.151000
1.147999
1.150999
1.153000
1.150000
1.152000
1.151999
1.150000
1.151000
1.151999
1.153001
1.152000
1.148000
1.146999
1.149000
1.150000
1.148000
1.148000
1.148000
1.151000
1.151000
1.153000
1.150000
1.151000
1.147000
1.149000
1.151000
1.146000
1.151000
1.151999
1.145000
1.152000
1.149000
1.149001
1.148000
1.137001
1.145000
1.146000
1.146000
1.149000
1.148000
1.147000
1.149000
1.150001
1.147000
1.151000
1.150000
1.151000
1.153000
1.147000
1.147000
1.151000
1.151000
1.150000
1.149000
1.145001
1.151999
1.152000
1.145000
1.110001
1.149001
1.147999
1.147000
1.148000
1.150000
1.151000
1.150000
1.151000
1.147000
1.151000
1.146000
1.151999
1.151000
1.149001
1.150000
1.149000
1.152000
1.145001
1.150000
1.153000
1.153000
1.150000
1.151000
1.151000
1.151000
1.149000
1.146000
1.149001
1.145000
1.145001
1.150000
1.149001
1.146000
1.146000
1.143999
1.155999
1.147000
1.152000
1.154000
1.152000
1.150001
1.148000
1.154000
1.150000
1.152000
1.151000
1.151000
1.149000
1.148000
1.145000
1.150000
1.150000
1.149000
1.151000
1.153001
1.151000
1.151000
1.147999
1.153001
1.151000
1.149000
1.149001
1.151000
1.149000
1.151000
1.146001
1.153000
1.152000
1.150000
1.152000
1.151000
1.150001
1.150000
1.149000
1.151999
1.151000
1.146000
1.150000
1.146001
1.151999
1.151000
1.152000
1.145001
1.151000
1.152000
1.151999
1.150000
1.147000
1.144000
1.147000
1.150000
1.150000
1.149000
1.144000
1.153000
1.150000
1.145000
1.146000
1.145000
1.151999
1.150000
1.149000
1.150000
1.148000
1.151000
1.146999
1.151000
1.149001
1.149001
1.153001
1.135000
1.136000
1.130000
1.134000
1.131999
1.134001
1.136000
1.134000
1.135000
1.134000
1.141000
1.141001
1.135000
1.137000
1.138001
1.138000
1.139999
1.137001
1.139000
1.138001
1.139000
1.138000
1.142000
1.141001
1.134000
1.134000
1.134000
1.135000
1.133000
1.135000
1.133000
1.134000
1.134001
1.137001
1.131000
1.139000
1.136000
1.137000
1.140000
1.140000
1.137001
1.139000
1.138000
1.140000
1.131000
1.135000
1.135999
1.137001
1.133000
1.136000
1.132000
1.136000
1.133000
1.132000
1.139000
1.131999
1.133000
1.132000
1.139000
1.132000
1.135999
1.148000
1.138000
1.133000
1.136000
1.137000
1.131000
1.131999
1.135999
1.136000
1.135000
1.135000
1.136000
1.135000
1.139000
1.133000
1.137000
1.136000
1.135000
1.131000
1.135999
1.135000
1.137001
1.134000
1.140000
1.138001
1.134000
1.137000
1.135000
1.134000
1.138999
1.137001
1.139000
1.135000
1.136000
1.137001
1.134000
1.134000
1.135999
1.138000
1.134000
1.134000
1.137000
1.135999
1.139000
1.135000
1.138000
1.134000
1.133000
1.136000
1.133000
1.136000
1.131999
1.135000
1.134000
1.139000
1.138001
1.144000
1.139000
1.141000
1.139000
1.135000
1.139999
1.138000
1.137000
1.136000
1.141000
1.139000
1.138000
1.137000
1.098000
1.136000
1.133000
1.139000
1.134001
1.138000
1.139000
1.138000
1.135999
1.137001
1.139000
1.134001
1.139000
1.134000
1.138001
1.139000
1.139000
1.137001
1.139000
1.137000
1.139999
1.137000
1.138001
1.136000
1.139000
1.132000
1.131000
1.135000
1.136000
1.136000
1.137001
1.135999
1.140000
1.139000
1.134000
1.137001
1.135000
1.131000
1.132000
1.133000
1.132000
1.133000
1.131000
1.135000
1.137000
1.134001
1.137000
1.135999
1.134000
1.141001
1.130000
1.314000
1.139000
1.132000
1.140000
1.139000
1.132000
1.137000
1.135000
1.137001
1.139000
1.136000
1.139000
1.137001
1.134000
1.131000
1.136000
1.136000
1.131000
1.138000
1.142000
1.135000
1.138000
1.138000
1.139000
1.138000
1.135999
1.137000
1.139000
1.138000
1.139000
1.141000
1.139000
1.136000
1.138000
1.140000
1.136000
1.135000
1.130000
1.132000
1.132000
1.136000
1.138000
1.135000
1.141001
1.134001
1.132000
1.131999
1.135999
1.133000
1.133000
1.136000
1.139000
1.136000
1.138000
1.138000
1.137001
1.134000
1.135000
1.135000
1.135000
1.135000
1.135000
1.135000
1.136000
1.139000
1.133000
1.134000
1.134001
1.136000
1.133000
1.131000
1.134000
1.137001
1.131999
1.136000
1.133000
1.139000
1.138001
1.135000
1.133000
1.135000
1.139000
1.138000
1.140000
1.138000
1.138000
1.138000
1.133000
1.135999
1.135000
1.138000
1.139000
1.134000
1.136000
1.134000
1.139000
1.134000
1.138001
1.136000
1.133000
1.135000
1.135000
1.138000
1.133000
1.134000
1.137000
1.135000
1.136000
1.139000
1.136000
1.137001
1.138000
1.134000
1.140000
1.139000
1.135999
1.137001
1.137000
1.136000
1.137001
1.135999
1.135000
1.142000
1.134000
1.138000
1.138000
1.136000
1.133000
1.143999
1.138000
1.134000
1.141001
1.139000
1.140000
1.140000
1.139000
1.138000
1.137001
1.132000
1.097000
1.134000
1.131999
1.138000
1.139000
1.137000
1.138000
1.138000
1.138000
1.134000
1.138000
1.135999
1.135999
1.135000
1.134000
1.138000
1.140000
1.134000
1.137001
1.140000
1.136000
1.136000
1.136000
1.135000
1.132000
1.135000
1.134999
1.132000
1.133000
1.133000
1.133000
1.134000
1.138000
1.137001
1.139000
1.135000
1.157000
1.134000
1.138000
1.133000
1.134000
1.136000
1.139000
1.139000
1.135999
1.135000
1.133000
1.137001
1.133000
1.135999
1.138001
1.139000
1.136000
1.138001
1.138000
1.135000
1.135999
1.139000
1.138000
1.133000
1.133000
1.138000
1.136000
1.132000
1.137000
1.138001
1.138000
1.133000
1.134000
1.135000
1.135999
1.136000
1.135000
1.135000
1.133000
1.131000
1.135000
1.131999
1.136000
1.134000
1.139000
1.138000
1.135000
1.135000
1.135000
1.134001
1.140000
1.138999
1.137001
1.138000
1.139000
1.134000
1.137001
1.134000
1.139000
1.135000
1.137001
1.136000
1.131000
1.135000
1.138000
1.139000
1.139000
1.134000
1.134000
1.139000
