1059.695999
1058.788001
1057.612000
1057.417000
1056.570000
1063.538000
1056.038001
1056.498000
1056.598000
1057.050000
1056.887000
1056.821000
1057.131000
1056.659000
1057.291000
1056.908000
1061.967000
1056.799999
1057.307000
1056.733000
1056.421000
1056.279000
1060.766000
1056.818000
1057.312001
1056.346999
1056.481000
1057.072000
1056.342000
1056.306000
1056.520000
1057.436000
1056.934000
1061.233999
1056.389000
1056.556000
1057.104000
1056.482000
1056.598000
1061.050001
1056.421001
1056.315999
1056.802001
1056.504999
1056.634001
1056.760999
1057.187000
1056.467000
1056.244000
1056.775000
1061.685001
1056.573000
1056.960000
1056.402000
1057.029000
1056.853000
1060.996000
1056.856000
1057.062000
1056.722000
1056.672000
1057.125000
1056.762001
1056.477000
1056.666000
1056.457000
1056.580001
1060.162000
1056.507000
1056.650000
1055.926000
1056.527000
1056.493000
1060.977001
1056.460001
1056.771999
1056.395000
1057.307000
1056.710000
1056.164000
1057.037000
1056.809001
1056.546000
1056.532000
1061.539999
1056.719000
1056.598000
1056.239001
1057.066000
1056.772999
1061.317000
1057.072000
1055.983000
1056.340001
1057.189000
1056.548000
1056.964001
1056.406001
1056.632000
1056.965000
1056.551000
1060.480000
1057.155000
1056.606000
1056.895000
1057.002000
1056.286000
1061.332000
1057.078000
1056.608001
1056.241999
1057.045000
1057.734000
1056.855001
1056.469000
1056.847000
1056.776999
1057.093000
1061.836001
1056.555000
1056.705000
1056.770000
1056.511000
1056.122000
1060.436000
1056.837000
1056.427000
1056.695000
1058.034999
1057.756000
1057.948000
1056.685000
1056.348001
1056.760000
1056.988000
1060.780000
1056.896999
1057.391000
1057.400000
1056.840000
1056.796000
1062.159000
1056.958000
1056.260000
1056.557000
1056.469000
1056.411999
1056.938000
1056.192000
1056.417000
1057.160000
1057.326000
1061.837999
1057.027999
1056.956000
1056.600000
1056.699000
1057.081999
1060.785000
1056.482000
1057.435000
1056.497999
1057.118000
1057.200000
1056.208001
1057.040000
1056.364999
1057.031999
1056.244000
1060.506999
1056.890001
1056.481000
1056.295000
1056.852000
1056.422000
1056.686000
1056.947000
1056.439999
1057.352000
1056.758000
1060.624000
1056.392000
1055.958000
1056.101000
1057.082000
1056.836000
1061.771000
1056.053000
1056.959000
1057.099001
1056.736000
1056.601000
1056.018000
1056.613000
1056.627000
1056.702000
1056.628999
1061.530001
1057.117000
1056.483001
1056.713000
1056.426000
1056.527000
1056.489999
1057.128000
1056.632000
1056.834999
1057.322000
1061.465000
1057.007000
1056.293000
1056.520000
1056.741000
1056.493000
1056.154000
1056.762000
1056.356000
1056.539000
1056.744000
1061.201000
1056.706000
1056.599000
1056.978000
1057.028000
1056.443000
1061.116001
1056.532000
1056.176000
1056.477000
1056.771000
1056.445000
1056.261000
1056.595000
1056.301000
1056.853999
1056.957001
1060.186000
1056.961000
1056.399000
1056.580000
1056.397000
1057.112000
1061.464000
1057.163000
1056.457001
1056.454000
1056.752000
1056.798000
1057.507000
1057.055000
1057.155000
1056.547000
1056.538000
1062.045000
1057.169000
1056.576000
1056.801001
1056.876000
1056.417000
1059.974000
1056.558999
1056.413000
1056.648999
1056.325000
1056.705999
1056.852000
1057.301000
1056.363001
1057.136999
1056.812000
1060.349001
1056.553001
1056.524999
1056.318000
1056.710000
1056.430000
1061.285000
1056.095000
1056.152000
1056.603000
1056.907999
1056.845000
1056.649000
1056.364000
1056.468000
1056.869000
1056.724000
1060.706001
1056.709001
1056.399000
1056.685000
1056.412000
1056.322000
1060.236000
1056.057000
1056.501999
1056.659000
1056.888000
1056.652000
1056.609000
1055.895000
1056.301000
1057.199000
1057.101000
1060.683000
1056.410001
1056.486000
1056.743001
1056.357000
1056.435999
1061.374000
1057.374000
1057.533001
1056.519000
1056.180000
1056.682000
1056.090000
1056.479000
1056.495001
1056.569000
1056.789000
1056.466999
1056.770001
1056.839000
1056.609000
1056.565000
1055.995001
1060.543001
1057.135000
1056.534000
1056.218000
1056.718000
1056.577001
1057.008000
1056.313001
1056.884999
1056.320000
1057.131000
1059.549999
1056.576000
1057.156000
1056.510000
1056.369999
1056.764000
1060.301000
1056.654001
1056.576001
1057.065000
1057.282000
1056.470000
1055.943999
1056.368001
1056.891000
1056.386000
1056.994000
1060.622000
1056.887000
1056.872000
1056.698999
1056.220001
1056.892000
1056.950999
1056.302000
1056.445000
1056.609000
1056.622000
1060.675000
1056.201001
1057.188000
1056.852001
1056.840000
1056.694999
1060.343000
1056.846000
1056.957000
1056.860001
1056.354000
1056.767000
1057.053000
1056.498000
1056.747001
1056.466000
1056.620001
1060.237000
1057.324000
1056.295000
1056.648999
1056.088000
1057.104000
1057.209000
1056.650000
1056.809000
1056.582999
1056.814000
1060.157999
1056.317001
1056.289000
1056.460000
1056.295000
1056.385000
1060.711000
1056.855000
1057.109999
1056.549001
1056.558000
1060.533000
1056.752000
1056.366000
1057.288000
1056.619001
1056.575000
1060.923000
1056.341001
1057.398000
1057.330000
1057.136000
1056.474000
1056.934000
1056.782001
1056.892000
1056.576000
1056.430000
1060.794000
1056.899000
1056.573000
1056.939000
1056.798000
1056.487000
1056.256000
1056.515000
1057.125000
1057.221999
1057.256000
1061.223000
1057.446000
1056.768000
1056.678999
1056.670000
1056.853999
1060.099999
1057.206000
1056.540000
1056.533000
1057.092001
1056.101000
1056.888000
1056.687000
1057.204001
1056.840000
1056.264000
1060.448000
1056.578999
1056.559999
1056.668000
1056.751000
1057.132000
1056.822000
1057.145000
1056.421000
1056.213000
1056.527000
1061.110000
1057.315000
1056.587000
1056.723000
1056.785000
1056.974000
1056.981000
1057.371000
1056.610000
1056.892999
1056.670001
1056.553000
1057.046000
1056.886000
1057.040000
1056.915000
1057.003000
1061.377000
1056.318000
1056.355000
1056.741000
1056.541000
1056.776999
1057.124000
1056.724001
1056.448000
1056.599000
1057.044000
1056.284000
1056.385000
1056.100001
1056.422000
1056.922000
1056.604001
1060.254000
1056.857000
1056.843000
1056.235000
1056.543000
1056.706999
1056.781000
1056.811000
1056.565000
1056.074000
1056.844000
1056.657000
1056.923000
1056.742000
1056.354000
1056.677000
1057.051000
1061.206000
1056.995000
1056.840000
1056.562000
1056.309000
1056.658001
1056.253999
1057.113000
1056.863000
1057.226000
1056.735001
1060.252000
1056.357999
1057.197000
1056.779000
1056.426000
1056.917000
1061.082000
1057.092999
1056.444000
1056.760000
1056.815000
1056.338000
1056.802999
1056.692000
1056.629000
1056.782000
1056.380000
1060.569000
1056.800000
1056.704000
1056.454999
1056.488000
1056.640999
1056.849999
1056.789000
1056.812000
1056.802999
1056.702000
1060.365000
1056.566001
1056.481000
1056.615001
1056.259000
1056.282001
1060.175001
1057.270001
1056.668000
1057.056000
1056.435999
1056.593001
1056.481999
1056.743000
1057.200000
1056.778001
1056.874000
1060.933000
1056.022000
1056.604001
1056.544000
1056.607000
1057.011001
1056.747001
1056.855001
1056.420000
1056.445001
1056.465000
1060.339000
1056.600000
1056.980000
1056.444000
1056.655000
1056.624999
1060.215000
1056.925000
1057.102000
1056.786001
1056.682999
1061.213000
1057.053000
1056.876999
1056.239000
1056.417000
1056.960001
1060.847000
1056.592000
1056.706000
1057.204000
1056.397000
1056.548000
1057.064001
1056.437000
1056.710000
1056.874000
1056.557001
1060.346001
1056.798001
1056.695000
1056.485000
1056.943000
1056.765000
1056.565000
1056.595000
1056.789000
1057.132000
1056.605000
1061.078001
1056.424000
1056.306000
1056.805000
1056.102000
1056.605000
1061.014000
1056.847000
1056.302001
1056.802001
1056.878000
1056.408000
1056.895000
1057.021000
1057.171999
1056.593000
1056.630000
1060.825001
1056.545000
1056.767000
1056.276000
1056.981999
1056.960001
1056.533000
1056.215000
1056.739000
1056.653000
1056.747001
1060.465000
1056.432000
1056.662000
1056.685000
1056.733000
1056.685000
1056.764000
1056.635000
1056.567000
1056.603000
1056.522000
1056.942000
1056.233000
1056.593000
1056.935000
1056.206999
1056.280999
1061.154000
1056.644000
1056.808000
1056.201000
1056.694999
1056.728000
1060.529999
1056.845000
1057.046001
1056.279000
1057.293000
1057.129000
1056.855000
1055.984000
1056.305000
1056.914000
1056.311000
1061.426000
1057.293001
1057.025000
1056.802000
1056.497000
1056.623000
1060.585000
1056.488000
1056.142000
1056.681000
1055.948000
1057.697000
1057.198999
1056.873000
1056.969000
1056.282000
1056.650000
1062.005000
1056.556000
1056.463000
1057.190000
1056.679000
1057.092000
1061.193000
1057.034999
1056.786000
1056.301000
1056.663000
1056.353000
1056.466999
1056.195000
1056.275000
1056.050000
1057.048000
1061.128001
1056.883000
1056.856000
1056.907000
1056.461000
1056.699000
1060.427000
1056.892000
1056.717000
1056.657000
1056.578000
1056.758000
1056.705999
1056.809000
1056.813001
1056.486000
1056.837999
1060.587000
1056.686999
1056.580000
1056.237000
1056.589000
1056.111000
1059.753000
1056.422001
1056.080000
1057.070000
1056.504000
1057.024000
1056.501000
1056.734000
1056.849999
1056.356000
1055.952000
1060.981000
1056.501999
1056.592000
1056.682000
1056.700000
1057.295000
1060.530000
1056.934000
1056.571000
1056.612000
1056.320000
1056.485000
1056.557000
1056.664000
1056.547000
1056.558999
1056.206000
1060.796999
1056.600000
1056.526001
1056.825001
1057.182000
1056.818000
1061.427000
1056.666000
1057.117000
1056.892999
1056.463000
1056.624000
1056.896000
1057.152000
1056.319000
1057.455000
1056.294000
1060.974000
1056.698000
1056.742000
1056.956000
1056.581000
1056.562000
1060.835000
1057.492000
1056.649000
1056.842000
1056.826999
1056.609000
1057.210000
1057.095000
1057.219001
1056.791000
1056.848001
1060.939000
1056.930000
1057.000999
1056.740000
1056.655000
1056.159000
1060.865000
1056.933001
1056.839000
1056.824000
1056.731001
1056.481999
1057.033000
1056.510000
1056.731001
1056.724000
1057.204001
1057.061000
1056.764000
1056.519000
1056.732000
1056.694999
1057.129000
1061.266000
1056.626000
1056.673000
1056.764000
1056.608001
1056.570000
1056.846000
1056.077000
1056.700000
1056.887000
1056.755000
1060.302000
1056.259000
1056.577000
1056.752000
1056.716000
1056.860000
1060.609000
1056.481000
1056.454000
1056.476000
1056.565001
1056.698999
1056.735000
1056.706000
1056.433001
1057.114000
1056.991000
1056.799999
1056.206000
1057.041001
1056.702000
1056.779000
1056.621000
1060.219999
1056.933000
1057.569000
1057.041000
1056.710000
1056.734000
1056.382000
1056.519000
1056.630000
1056.867000
1056.589000
1060.295000
1056.759000
1056.399000
1056.725000
1056.567000
1056.417000
1060.562000
1056.721999
1056.557000
1056.880000
1056.256999
1056.867000
1056.121000
1056.626000
1056.221000
1056.732000
1056.979000
1060.845001
1056.483001
1056.647000
1056.560000
1057.061000
1056.602000
1056.214000
1056.346000
1056.062999
1056.798000
1056.292000
1060.763001
1056.720000
1056.218000
1056.417000
1056.524000
1056.859001
1060.723000
1056.896000
1056.057000
1056.440000
1056.895000
1056.790000
1057.125000
1056.799000
1056.698000
1057.074000
1056.569001
1060.491000
1056.762000
1056.844000
1056.394000
1056.433000
1056.400000
1056.603000
1056.679999
1056.314000
1056.086000
1056.846000
1059.699000
1056.507000
1056.647000
1056.120000
1056.586000
1056.755000
1056.989999
1056.071999
1056.817000
1056.882001
1056.440000
1056.787000
1056.488000
1056.342000
1056.867000
1056.434000
1056.743000
1061.015001
1056.913000
1056.733000
1056.945000
1057.150999
1056.371000
1060.254000
1056.727001
1056.448000
1055.929000
1056.609000
1056.708001
1056.169000
1056.331000
1056.715000
1056.869000
1056.434000
1060.375000
1057.105000
1056.136000
1056.767000
1056.770000
1056.372000
1061.227000
1056.961000
1056.534001
1056.519000
1056.338999
1056.341000
1056.703000
1057.109000
1056.253000
1056.472001
1056.511000
1060.506000
1057.320001
1056.518000
1056.291000
1056.539000
1056.723000
1060.107000
1056.976000
1056.881000
1056.523000
1056.534000
1056.855000
1056.520000
1056.918000
1055.993000
1057.544000
1056.236000
1060.787999
1057.174000
1057.044000
1056.287000
1057.035000
1056.587000
1060.504001
1056.319000
1056.838000
