3.804997
3.805999
3.805000
3.806997
3.803000
3.805000
3.802001
3.803000
3.802001
3.803000
3.803000
3.803000
3.803000
3.804002
3.803000
3.802001
3.803000
3.804002
3.803000
3.803004
3.802001
3.803998
3.803000
3.803000
3.803000
3.804002
3.802001
3.801998
3.801998
3.803004
3.802001
3.848001
3.801998
3.804002
3.802001
3.804002
3.803000
3.803000
3.802001
3.803000
3.803000
3.803000
3.801998
3.803998
3.803000
3.803000
3.802001
3.803998
3.803000
3.803998
3.802001
3.803998
3.803000
3.804002
3.802001
3.804002
3.801998
3.804002
3.802001
3.804002
3.803000
3.803998
3.802001
3.803998
3.803000
3.803000
3.801998
3.803998
3.803000
3.804002
3.802001
3.803000
3.803000
3.802001
3.803000
3.803000
3.803000
3.804002
3.801998
3.803998
3.802001
3.803998
3.802001
3.803000
3.803000
3.804002
3.801998
3.803998
3.802001
3.803998
3.801998
3.804002
3.803000
3.804002
3.802001
3.803000
3.803000
3.803000
3.802001
3.803000
3.803000
3.803000
3.802001
3.804002
3.803000
3.803998
3.801998
3.803000
3.803000
3.803998
3.802001
3.804002
3.803000
3.803998
3.801998
3.803998
3.802001
3.803000
3.803000
3.972001
3.989998
3.803000
3.803000
3.803998
3.803000
3.803000
3.803000
3.803000
3.803000
3.803000
3.802001
3.803998
3.800999
3.803000
3.803000
3.803998
3.803000
3.801998
3.803000
3.803998
3.802001
3.803000
3.803000
3.803998
3.803000
3.803000
3.803000
3.803000
3.801998
3.803000
3.803000
3.803998
3.803000
3.803000
3.802001
3.804002
3.803000
3.803000
3.803004
3.803998
3.802001
3.803000
3.803000
3.804002
3.801998
3.803000
3.803000
3.803998
3.803000
3.803000
3.802001
3.803998
3.803000
3.801998
3.803000
3.804002
3.803000
3.803000
3.803000
3.802001
3.803000
3.803000
3.803000
3.804002
3.803000
3.802001
3.803000
3.803998
3.801998
3.803000
3.803000
3.803998
3.803000
3.803000
3.803000
3.803998
3.803000
3.803000
3.803000
3.804002
3.803000
3.802001
3.803000
3.804002
3.803000
3.803000
3.802001
3.803998
3.802001
3.803000
3.803000
3.803000
3.803000
3.803000
3.803000
3.803000
3.803000
3.803000
3.803000
3.804002
3.803000
3.803000
3.803000
3.803998
3.803000
3.802001
3.803000
3.803000
3.803000
3.803000
3.802001
3.803000
3.803000
3.803000
3.803000
3.803000
3.803000
3.803000
3.801998
3.803998
3.803000
3.803000
3.803000
3.803998
3.801998
3.803000
3.803000
3.803998
3.802001
3.803000
3.802001
3.803000
3.803000
3.803000
3.803000
3.803998
3.802001
3.803000
3.803000
3.803000
3.802001
3.803000
3.803000
3.802001
3.803000
3.803000
3.803000
3.803998
3.803000
3.803000
3.803000
3.804002
3.803000
3.803000
3.803000
3.804002
3.803000
3.817998
3.803000
3.803998
3.803000
3.802001
3.802001
3.803998
3.802001
3.803000
3.803000
3.825001
3.803000
3.803000
3.803004
3.803998
3.803000
3.803000
3.803000
3.803998
3.802001
3.803000
3.803000
3.804002
3.802001
3.803000
3.805000
3.804002
3.803000
3.803000
3.803000
3.803998
3.801998
3.801998
3.801998
3.803998
3.803000
3.803000
3.803000
3.804002
3.803000
3.803000
3.803000
3.803000
3.803000
3.803000
3.801998
3.803998
3.803000
3.801998
3.803000
3.804002
3.803000
3.803000
3.801998
3.801998
3.803000
3.803000
3.802001
3.803998
3.803000
3.803000
3.803000
3.804002
3.803000
3.819998
3.803000
3.803000
3.803000
3.803000
3.801998
3.804002
3.803000
3.803000
3.803000
3.804002
3.803000
3.803000
3.803000
3.802001
3.803000
3.803000
3.803000
3.803998
3.803000
3.803000
3.802001
3.803998
3.803000
3.803000
3.803000
3.803000
3.801998
3.803000
3.803000
3.804002
3.803000
3.803000
3.801998
3.803000
3.802001
3.803000
3.803000
3.804002
3.803000
3.803000
3.803000
3.801998
3.803000
3.803000
3.802001
3.804002
3.803000
3.803000
3.802001
3.804002
3.803000
3.803000
3.803000
3.803000
3.803000
3.803000
3.803000
3.803998
3.803000
3.803000
3.803000
3.803998
3.801998
3.803004
3.803000
3.801998
3.802001
3.803000
3.803000
4.200999
3.818002
3.803000
3.819000
3.821000
3.801998
3.803998
3.803000
3.803998
3.801998
3.803000
3.803000
3.803000
3.801998
3.804002
3.803000
3.803000
3.802001
3.804002
3.803000
3.801998
3.802001
3.803000
3.801998
3.803998
3.801998
3.803000
3.803000
3.804002
3.802001
3.804002
3.801003
3.803998
3.802001
3.801998
3.802001
3.804002
3.802001
3.803000
3.802001
3.804002
3.801998
3.803000
3.801998
3.803000
3.802001
3.803998
3.814001
3.814001
3.802001
3.803000
3.803000
3.804002
3.801998
3.803998
3.803000
3.804002
3.801998
3.803998
3.803000
3.804002
3.801998
3.803000
3.803000
3.803998
3.801998
3.803000
3.803000
4.099999
3.802001
3.803998
3.803000
3.803000
3.802001
3.803998
3.803000
3.803998
3.801998
3.803000
3.803000
3.804002
3.801998
3.803998
3.803000
3.804002
4.108999
3.803000
3.803000
3.803998
3.802001
3.804002
3.803000
3.803998
3.802001
3.804002
3.803000
3.803000
3.802001
3.803998
3.803000
3.803000
3.801998
3.803998
3.803000
3.803000
3.802001
3.804002
3.803000
3.803998
3.814001
3.803998
3.802001
3.814001
3.802001
3.804002
3.803000
3.804002
3.802001
3.803998
3.801998
3.803000
3.801998
3.803000
3.803000
3.803998
3.802001
3.803998
3.802001
3.803998
3.802001
3.803000
3.803000
3.803000
3.802001
3.803000
3.801998
3.803000
3.802001
3.803000
3.803000
3.803998
3.801998
3.804002
3.803000
3.803998
3.802001
3.803000
3.800999
3.802001
3.802001
3.804002
3.803000
3.804002
3.801998
3.803000
3.803000
3.804002
3.801998
3.802001
3.803000
3.804002
3.801998
3.803998
3.803000
3.804002
3.802001
3.802001
3.803000
3.801998
3.802001
3.803000
3.803000
3.803000
3.802001
3.804002
3.803000
3.803998
3.802001
3.803000
3.802001
3.803000
3.802001
3.804002
3.803000
3.803000
3.801998
3.803998
3.803000
3.803000
3.802001
3.804002
3.801998
3.804002
3.802001
3.802001
3.803000
3.804002
3.802001
3.804002
3.803000
3.804002
3.801998
3.803998
3.803000
3.802001
3.802001
3.804002
3.803000
3.804002
3.801998
3.803000
3.803000
3.803000
3.802001
3.804002
3.803000
3.803000
3.802001
3.803998
3.802001
3.803998
3.802001
3.803004
3.803000
3.803998
3.802001
3.802001
3.803000
3.803000
3.801998
3.803004
3.802001
3.804002
3.802001
3.804002
3.803000
3.803998
3.801998
3.803000
3.803004
3.804002
3.801998
3.803998
3.802001
3.803000
3.802001
3.803998
3.803000
3.803000
3.801998
3.803998
3.803000
3.803998
3.802001
3.803000
3.802001
3.803000
3.802001
3.803000
3.803000
3.803000
3.802001
3.804002
3.803000
3.803998
3.802001
3.803000
3.803000
3.803998
3.802001
3.803000
3.803000
3.803998
3.802001
3.803000
3.803000
3.803998
3.802001
3.803000
3.801998
3.804002
3.802001
3.803000
3.803000
3.804002
3.802001
3.803998
3.802001
3.803000
3.801998
3.803000
3.803000
3.804002
3.803000
3.803000
3.801998
3.803998
3.803000
3.818002
3.803000
3.803000
3.803000
3.803000
3.803004
3.804002
3.801998
3.803000
3.802001
3.803998
3.803004
3.803000
3.803000
3.803998
3.803000
3.803000
3.802001
3.803998
3.801998
3.803000
3.800999
3.803000
3.803000
3.803000
3.803000
3.804002
3.803000
3.803000
3.803000
3.803998
3.802001
3.803000
3.802001
3.804002
3.813997
3.803000
3.803004
3.804002
3.802001
3.817998
3.803000
3.803000
3.803000
3.814999
3.801998
3.802001
3.801998
3.803000
3.803000
3.803000
3.803000
3.803000
3.801998
3.803000
3.803000
3.803000
3.803000
3.803998
3.802001
3.803004
3.803000
3.804002
3.801998
3.803000
3.801998
3.803998
3.803000
3.803000
3.802001
3.803000
3.802001
3.802001
3.803004
3.804002
3.803000
3.803000
3.802001
3.803000
3.803000
3.803000
3.803000
3.803000
3.801998
3.801998
3.803000
3.803998
3.803004
3.803000
3.803000
3.803000
3.803000
3.803000
3.803000
3.804002
3.803000
3.803000
3.803000
3.803000
3.803000
3.803000
3.820002
3.803000
3.803000
3.803000
3.803000
3.803000
3.803000
3.803000
3.803000
3.803998
3.803000
3.803000
3.801998
3.803000
3.803000
3.801998
3.803000
3.801998
3.802001
3.803000
3.802001
3.803998
3.803000
3.803000
3.801998
3.803998
3.803000
3.802001
3.803000
3.803000
3.803000
3.803000
3.800999
3.803998
3.819000
3.803000
3.803000
3.803998
3.820002
3.819000
3.803000
3.803000
3.803000
3.803000
3.820002
3.821000
3.802001
3.803000
3.803004
3.804002
3.819000
3.803000
3.801998
3.803998
3.819000
3.803000
3.802001
3.803000
3.803000
3.803000
3.801998
3.803998
3.819000
3.803000
3.819000
3.804002
3.803000
3.803000
3.803000
3.821999
3.820002
3.803000
3.819000
3.803000
3.803000
3.803000
3.803000
3.803000
3.801998
3.803000
3.803000
3.804002
3.803000
3.803000
3.803000
3.803998
3.803000
3.803000
3.803000
3.803000
3.803000
3.803000
3.803000
3.803998
3.803000
3.803000
3.803000
3.804002
3.803000
3.803000
3.803000
3.803000
3.803000
3.803000
3.801998
3.803998
3.803000
3.803000
3.803000
3.803998
3.803000
3.803000
3.823999
3.803998
3.802001
3.803000
3.803000
3.803998
3.803000
3.804002
3.803000
3.803000
3.803000
3.803000
3.803004
3.803000
3.803000
3.803000
3.803000
3.803998
3.803000
3.803000
3.803000
3.803000
3.802001
3.803000
3.803000
3.804002
3.803000
3.803000
3.803000
3.804002
3.803000
3.803000
3.803000
3.803000
3.803000
3.803000
3.803000
3.803998
3.803000
3.803000
3.803000
3.803998
3.803000
3.803000
3.803000
3.803998
3.803000
3.803000
3.803000
3.804002
3.802001
3.802001
3.803000
3.804002
3.801998
3.801998
3.803000
3.803998
3.803000
3.803000
3.802001
3.803000
3.803000
3.803000
3.803000
3.803000
3.803000
3.803004
3.802001
3.802001
3.802001
3.803000
3.803000
4.013002
3.819998
3.803000
3.803000
3.823001
