36.939997
25.599997
23.779999
24.100002
23.479998
24.500001
23.600001
24.099998
23.540001
24.140000
25.860000
24.500001
23.419999
24.220001
23.499999
24.120003
23.519997
24.439998
23.600001
24.020001
23.520000
24.080001
23.440000
24.020001
24.300002
24.220001
23.480002
24.160001
23.360003
24.140000
23.520000
26.840001
24.340000
24.200000
23.759998
24.159998
23.680001
31.760000
23.880001
24.140000
23.499999
24.139997
23.620002
24.039999
23.520000
24.300002
23.660000
24.179999
23.520000
24.160001
23.600001
24.120003
23.619998
24.520002
23.559999
24.000000
23.440000
24.080001
23.359999
23.959998
23.539998
24.099998
23.400001
24.079997
23.499999
24.159998
23.759998
24.139997
23.339998
24.159998
23.460001
24.180003
23.520000
24.039999
23.460001
24.019998
23.420002
23.979999
23.400001
24.020001
23.499999
24.119999
23.359999
26.760001
23.940001
24.180003
23.619998
24.219997
23.480002
24.260003
23.559999
24.160001
23.460001
24.140000
23.799997
24.040002
23.520000
24.259999
23.520000
24.379998
23.460001
24.140000
23.540001
24.159998
23.839999
24.099998
23.459997
24.080001
23.520000
24.080001
23.419999
24.039999
23.480002
24.180003
23.419999
24.119999
23.399998
24.319999
23.479998
24.039999
23.420002
23.899999
23.740001
24.140000
23.460001
24.060000
23.479998
24.140000
23.460001
24.100002
23.359999
24.099998
23.340002
24.060000
26.659999
24.340000
23.800001
24.080001
23.459997
24.239998
23.699999
24.259999
23.460001
24.140000
23.699999
24.299998
23.620002
24.200000
23.479998
24.140000
23.979999
24.280000
23.720000
24.100002
23.520000
24.220001
23.460001
24.000000
23.639999
24.099998
23.460001
23.979999
23.519997
24.160001
23.540001
24.060000
23.499999
24.279997
23.460001
24.160001
23.419999
24.080001
23.399998
23.939997
23.420002
23.940001
23.460001
24.019998
23.600001
24.140000
23.720000
24.119999
23.419999
24.200000
23.359999
27.200002
24.320003
24.160001
23.740001
24.300002
23.520000
24.599999
23.699999
24.040002
23.460001
24.219997
23.540001
24.260003
23.420002
24.200000
23.460001
24.060000
23.360003
24.300002
23.339998
24.140000
23.540001
24.160001
23.460001
24.460003
23.400001
24.020001
23.339998
24.280000
23.359999
24.000000
23.559999
24.119999
23.520000
24.160001
23.680001
24.180003
23.420002
24.119999
23.460001
24.220001
23.479998
24.099998
23.499999
24.140000
23.479998
24.039999
23.359999
24.000000
23.419999
24.160001
26.460003
24.740003
23.760002
24.460003
23.660000
24.300002
23.600001
24.120003
23.460001
24.200004
23.820002
24.220001
24.540000
24.519999
23.600001
24.019998
23.699999
24.179999
23.580000
24.480000
23.560002
24.140000
23.600001
24.159998
23.359999
24.140000
23.600001
24.380002
23.499999
24.220001
23.400001
24.239998
23.359999
24.179999
23.339998
24.020001
23.420002
23.959998
23.460001
24.100002
29.720001
24.200000
23.359999
24.100002
23.699999
23.960002
23.420002
24.160001
23.539998
24.020001
23.399998
25.959998
23.779999
24.220001
30.479997
24.280000
23.600001
24.280000
23.420002
24.480000
23.639999
24.340000
23.359999
24.480000
23.479998
24.179999
23.359999
24.080001
23.440000
24.680004
23.559999
24.280000
23.460001
24.420001
23.520000
24.140000
23.419999
24.179999
23.600001
24.179999
23.339998
24.060000
23.600001
24.120003
23.400001
23.959998
23.420002
24.540000
23.539998
24.000000
23.480002
24.120003
23.520000
24.100002
23.400001
24.220001
23.400001
24.099998
23.419999
24.180003
23.400001
24.060003
23.340002
27.139999
23.980003
24.499997
23.540001
24.080001
23.759998
24.360001
23.480002
24.580002
23.900002
24.200000
23.640003
24.100002
23.440000
24.000000
23.480002
24.160001
23.480002
23.940001
23.500003
24.220001
23.400001
24.259999
23.540001
24.160001
23.419999
24.220001
23.359999
24.080001
23.739997
24.220001
23.480002
24.119999
23.460001
24.020001
23.460001
24.700001
23.499999
24.080001
23.580000
24.060003
23.459997
24.159998
23.419999
24.140000
23.400001
24.140000
23.499999
24.039999
23.419999
24.239998
26.960000
25.020000
23.600001
24.100002
23.520000
24.319999
23.680001
24.259999
23.640003
24.300002
23.499999
24.200000
23.520000
24.560001
23.539998
24.159998
23.479998
24.200000
23.460001
24.060000
23.400001
23.979999
23.599997
24.160001
23.479998
24.100002
23.500003
24.919998
23.759998
24.200000
23.480002
24.119999
23.520000
24.080001
23.400001
24.100002
23.419999
24.040002
23.420002
23.979999
23.339998
24.039999
23.440000
24.060000
23.499999
24.039999
23.419999
24.080001
23.440000
24.000000
23.359999
27.520001
24.080001
24.200000
23.700003
24.859998
23.639999
24.020001
23.520000
24.140000
23.820002
24.360001
23.559999
24.580002
23.440000
24.159998
23.540001
24.259999
23.580000
24.299998
23.480002
23.939997
23.460001
24.219997
23.400001
24.000000
23.499999
24.220001
23.520000
23.940001
23.419999
24.100002
23.599997
24.380002
23.359999
24.060000
23.380000
24.060000
23.420002
24.099998
23.420002
23.939997
23.480002
24.340000
23.400001
24.020001
23.360003
23.979999
23.340002
24.020001
23.540001
24.080001
25.860000
24.919998
23.720000
24.159998
23.499999
24.259999
24.119999
24.259999
23.760002
24.340000
23.699999
24.240002
23.599997
24.099998
23.599997
24.100002
23.520000
24.259999
23.580000
24.259999
23.460001
24.119999
23.480002
24.519999
23.460001
24.060000
23.679998
24.119999
23.340002
24.180003
23.460001
24.039999
23.399998
23.959998
23.619998
24.040002
23.539998
30.660000
23.580000
24.160001
23.340002
23.940001
23.460001
23.979999
23.499999
24.319999
23.480002
24.380002
23.360003
24.060000
23.400001
26.960000
24.560001
24.259999
23.779999
24.500001
23.699999
24.220001
24.039999
24.680000
23.599997
24.340000
23.539998
24.219997
23.520000
24.119999
23.759998
24.160001
23.520000
24.099998
23.479998
24.099998
23.560002
24.099998
23.479998
24.039999
23.419999
23.920000
23.600001
24.039999
23.639999
24.200000
23.419999
24.140000
23.460001
24.039999
23.400001
24.039999
23.800001
24.020001
23.400001
24.079997
23.459997
24.280000
23.660000
24.080001
23.539998
24.039999
23.359999
24.160001
23.460001
24.119999
23.400001
27.640000
24.020001
24.140000
23.479998
24.259999
23.620002
24.200000
23.559999
24.420001
23.599997
24.239998
23.560002
24.280000
23.399998
24.240002
23.479998
24.140000
23.499999
24.179999
23.620002
24.239998
23.419999
24.179999
23.520000
24.019998
23.360003
24.039999
23.419999
24.060003
23.479998
24.319999
23.559999
24.079997
23.499999
24.239998
23.420002
24.080001
23.460001
23.880001
23.420002
24.299998
23.360003
23.960002
23.520000
23.979999
23.499999
24.060000
23.679998
24.060000
23.520000
24.160001
26.140001
24.739999
23.620002
24.160001
23.559999
24.439998
23.460001
24.179999
23.920000
24.320003
23.559999
24.000000
23.480002
24.200000
23.460001
24.119999
23.600001
24.220001
23.899999
24.179999
23.559999
24.119999
23.460001
24.040002
23.720000
24.200004
23.440000
24.039999
23.539998
24.039999
23.639999
24.160001
23.540001
24.240002
23.459997
24.039999
23.360003
24.080001
23.499999
24.239998
23.400001
23.979999
23.400001
24.040002
23.479998
24.100002
23.340002
24.060000
23.419999
24.080001
23.520000
26.699997
23.880001
24.439998
23.779999
24.280000
23.520000
24.360001
23.520000
24.180003
23.459997
24.160001
23.540001
24.200000
23.660000
24.160001
23.880001
24.200000
23.479998
23.959998
23.460001
24.060000
23.540001
24.179999
23.479998
24.099998
23.419999
24.239998
23.400001
24.260003
23.479998
24.080001
23.460001
24.080001
23.419999
24.080001
23.419999
23.979999
23.420002
24.039999
23.619998
24.139997
23.479998
23.980003
23.520000
24.040002
23.400001
24.099998
23.419999
24.060000
23.360003
24.020001
26.639998
24.720002
23.779999
24.420001
23.600001
24.140000
23.800001
24.719998
23.540001
24.340000
23.520000
24.239998
23.419999
24.099998
23.620002
24.159998
23.460001
24.179999
23.599997
24.420001
23.520000
24.219997
23.419999
24.099998
23.359999
23.979999
23.359999
24.080001
23.580000
24.100002
23.479998
24.140000
23.480002
24.019998
23.539998
23.960002
23.419999
24.340000
23.359999
24.560001
23.580004
23.959998
23.560002
24.099998
23.400001
24.180003
23.420002
24.060000
29.980000
24.140000
23.359999
27.320001
24.499997
24.160001
23.580000
24.099998
23.620002
24.080001
23.940001
24.240002
23.520000
24.599999
32.219999
24.100002
23.419999
24.280000
23.479998
24.420001
23.639999
24.099998
23.479998
24.099998
23.699999
24.259999
23.540001
24.140000
29.659998
24.179999
23.419999
24.240002
23.399998
24.140000
23.559999
24.040002
23.400001
24.179999
23.400001
24.140000
23.459997
24.000000
23.419999
24.179999
23.359999
24.060000
23.359999
23.979999
23.380000
24.080001
23.359999
24.039999
23.459997
24.019998
23.419999
26.920002
23.839999
24.480000
23.499999
24.400000
23.520000
24.599999
23.420002
23.980003
23.539998
24.039999
23.520000
24.259999
23.600001
24.060003
23.339998
24.080001
23.420002
24.200000
23.520000
24.480000
23.680001
24.060000
23.479998
24.159998
23.400001
24.080001
23.540001
24.160001
23.400001
24.160001
23.520000
24.239998
23.540001
24.039999
23.479998
24.099998
23.559999
24.039999
23.540001
24.179999
23.620002
24.179999
23.360003
24.040002
23.399998
23.979999
23.540001
24.280000
23.359999
24.300002
26.260000
24.459999
23.779999
24.280000
23.559999
23.940001
23.460001
24.439998
23.520000
24.280000
23.440003
24.140000
23.400001
24.239998
23.460001
24.280000
23.680001
24.060000
23.460001
24.060000
23.600001
24.700001
23.540001
24.160001
23.419999
24.019998
23.419999
24.239998
23.580000
24.220001
23.460001
24.039999
23.359999
24.080001
23.520000
24.220001
23.480002
24.200000
23.340002
24.119999
23.359999
24.100002
23.340002
24.039999
23.359999
24.080001
23.539998
23.960002
23.359999
24.099998
23.419999
26.700001
24.480000
24.319999
23.580000
24.019998
23.520000
24.319999
23.459997
24.160001
23.500003
24.080001
23.660000
24.940003
23.539998
24.500001
23.600001
24.019998
23.460001
24.280000
23.780003
24.119999
23.400001
24.040002
23.419999
24.340000
23.540001
24.380002
23.460001
24.180003
29.379997
25.359999
23.960002
24.240002
23.920000
24.060000
23.420002
24.200000
23.480002
24.000000
23.460001
24.540000
23.819998
24.500001
23.340002
24.060000
23.419999
24.080001
