687.090999
685.555000
686.047000
685.600000
686.923000
685.733000
685.748000
687.125000
692.629000
685.900000
685.513000
686.363000
686.610000
685.795000
685.444000
685.216000
686.954000
685.780000
685.477000
686.319999
686.907000
687.023000
686.515000
686.773000
686.074000
694.445999
685.901000
686.588001
685.537999
687.259001
685.977001
685.964000
687.306999
686.047000
686.989999
686.482000
685.404000
685.140000
686.763001
685.972000
686.367000
686.728001
691.801000
686.388000
687.475001
686.671000
686.725000
686.810000
685.540000
685.417000
686.079000
687.252999
685.922000
685.553000
685.244000
685.423000
686.510000
686.742000
686.283000
686.071000
685.914000
686.740000
686.928000
686.433000
686.378000
686.221001
685.781000
685.564000
685.929000
685.760001
687.213000
686.257000
686.416000
685.530000
685.739000
686.945000
686.735000
686.035000
686.469999
692.159000
685.766000
686.886000
685.847000
685.842000
685.699000
686.893000
686.240001
686.228000
686.043000
685.872000
685.590001
685.795000
685.907000
685.876000
686.795000
685.625000
691.973000
685.558001
686.053000
687.215000
685.489999
685.195000
686.998000
685.935000
686.937000
685.900000
686.663000
685.639000
686.035001
686.509000
686.121000
686.592000
685.112000
693.450000
685.687000
686.546001
685.332000
686.080000
687.065001
686.981999
687.485999
685.495000
686.527001
685.755000
686.196000
686.340000
686.404000
686.890000
686.434000
686.332000
685.672000
687.485000
686.338000
691.353000
685.566000
687.109000
686.726999
686.757000
685.893000
686.829000
686.374000
685.523001
686.957000
686.106000
685.811000
687.115001
685.673000
685.924999
686.014000
686.334000
693.483000
686.841000
686.363000
687.376999
685.687000
685.994999
686.611000
685.904000
686.889000
686.390000
686.625000
685.668000
686.648000
686.551000
692.040999
685.405000
686.957000
691.558000
685.721001
686.355000
686.402000
686.139001
685.478000
686.281000
685.751000
687.489000
686.482000
686.767001
686.650000
687.220001
685.824000
685.762000
686.373000
686.918000
692.600001
685.953000
686.284000
686.291001
686.419000
685.442000
685.840000
685.523000
685.802000
685.416000
686.652000
685.679000
685.740001
685.835000
686.421000
685.745000
687.643001
692.222000
685.427000
686.086000
685.405000
685.637000
685.582000
685.686001
687.367000
686.568000
685.908999
686.082999
687.062000
687.219000
685.141000
685.319000
686.761000
685.621001
692.098000
685.956000
686.617999
687.339000
687.162000
685.837001
686.404999
686.185000
685.469001
686.105000
685.586000
686.527999
686.652999
686.251000
686.410000
686.385000
686.086000
693.483000
687.659000
686.456000
692.117999
685.620000
687.174999
685.932999
686.525000
686.560000
685.453000
685.780000
686.857000
685.970000
686.992000
685.830000
686.478000
686.933001
693.103000
685.338000
687.745000
691.614999
685.844000
685.798000
686.555000
686.017999
687.225000
685.910000
685.117000
685.461001
686.445001
685.935000
685.279000
685.787000
686.318001
686.253000
685.402000
685.458001
693.591000
687.323000
686.367000
685.578000
686.877999
685.527001
686.208000
685.748001
686.465000
686.008000
685.767001
686.513000
685.868001
685.808000
686.303000
685.959999
686.348000
693.936000
686.756000
686.965000
686.829000
686.388000
686.167001
685.244000
685.626000
685.560000
687.169001
685.797000
686.277000
686.668000
685.896000
686.367000
686.213001
687.147000
693.577999
685.506000
686.848000
692.923000
685.833000
685.305000
686.355000
686.000000
685.713000
685.928999
686.094999
686.683000
686.253000
686.152000
685.922001
687.350000
686.673000
692.955000
686.403000
685.602999
686.471000
686.687999
686.675000
686.665000
686.046001
687.170000
685.781000
686.600001
686.065000
685.815999
686.423000
685.380001
686.232000
686.571999
686.039000
686.529000
685.171000
686.032000
686.772000
687.085001
685.578001
685.608000
685.558000
685.440000
686.621000
686.211000
686.813000
685.715000
686.996000
686.693000
686.368000
687.719001
687.356000
687.311999
696.584000
686.217000
687.258000
686.255000
685.548000
686.017000
686.202001
686.200000
685.486000
685.698001
686.004001
686.187000
686.275000
687.152000
686.955000
686.738000
687.409000
693.374000
686.164000
685.657999
687.046000
685.841000
685.688000
687.091000
686.283000
686.352000
686.563000
686.017000
685.819000
685.883000
685.969000
686.520999
686.737000
686.234000
692.352001
686.895000
687.041000
686.841001
686.234999
685.890000
685.833001
685.828000
686.478000
686.179999
685.863000
686.097000
687.290001
685.723000
687.024000
686.197001
686.522000
692.993000
685.791000
686.487000
685.529999
687.566000
686.708000
685.520001
686.888999
686.855000
687.325000
686.309000
685.816000
685.807000
686.628000
685.984001
686.655000
685.741000
685.958001
685.637000
686.317000
695.226001
685.973000
686.748000
685.338000
686.257000
686.891001
686.967000
686.578000
685.892000
685.860000
685.406000
685.869000
687.460000
687.422000
686.423999
686.578000
686.230000
691.330000
685.889000
686.200000
685.745000
685.180999
685.853000
686.015001
686.036000
687.322000
686.172000
686.012000
686.867001
685.345000
686.755001
686.778000
685.770000
686.435000
692.279000
686.143001
685.808000
686.114999
686.430000
685.433000
685.839000
685.607000
686.533000
686.950000
686.447999
686.370000
686.635000
686.000000
685.845000
686.587000
685.527000
686.958000
685.959999
686.048000
692.220001
686.808000
685.746000
686.938000
685.728000
685.253000
686.268000
685.613000
685.608000
685.698000
685.950000
685.865000
685.763000
686.120000
685.960000
686.968000
686.286000
693.678000
686.779999
685.691000
692.071999
686.639000
685.267000
686.035000
685.830000
686.933000
685.838000
685.764000
686.198000
686.574000
686.166000
685.804000
686.366000
687.020999
686.047000
686.514000
685.878000
693.496000
685.557000
686.045000
686.690001
685.740001
686.258000
686.450000
685.896000
685.860000
686.551999
686.700000
686.012000
685.767000
687.270000
686.904000
686.320000
686.959000
692.766000
685.823000
685.494000
687.386000
686.511001
685.307000
687.184000
686.197001
686.215000
686.213000
685.405999
687.394000
686.795999
686.965000
686.298001
686.300999
686.034000
691.887000
685.459000
686.230000
693.147000
686.439000
686.552000
687.017000
686.556000
686.354000
685.742000
687.032999
687.263000
685.840000
685.960000
686.167999
685.815000
685.503000
692.161000
685.961001
687.150000
693.582000
686.026000
686.185000
686.725000
685.711999
685.647000
685.436999
686.269999
685.681000
685.625000
685.455000
685.662000
686.603000
686.080000
691.638000
685.705001
685.892000
692.421000
686.580000
686.012000
686.089000
686.276999
687.031000
686.982000
686.068000
687.240000
686.632999
685.533999
685.742999
685.870000
685.727000
693.965000
686.027000
687.104000
693.433000
686.003000
686.500000
685.370000
687.457000
686.318000
685.727000
685.614999
686.320000
686.788000
686.857000
686.209000
685.954000
685.537000
692.264999
686.280000
685.937000
692.740000
686.605000
686.637000
685.988000
685.940000
685.245001
686.404999
686.616000
686.082000
687.243001
685.730000
686.300000
685.002000
685.575000
685.877000
685.907000
686.260000
692.980000
685.527001
686.329000
685.777000
685.529999
686.073000
687.185001
685.614999
687.186000
685.725001
685.900000
685.856000
686.241999
686.479000
686.212000
687.243000
686.115000
685.403000
685.820000
686.948000
694.785000
685.268000
685.880000
686.005000
685.870000
687.291000
685.832000
685.660999
686.163000
686.818000
685.918000
686.619001
685.013000
685.623000
685.991000
685.995000
686.168000
692.799000
686.774001
685.432999
686.680000
686.704000
686.262000
685.896000
685.842000
685.787001
686.697000
686.429000
687.194000
686.770000
686.967000
685.963000
685.695000
686.015000
686.889000
687.012000
685.923999
686.285000
686.162001
685.994000
686.705000
686.995001
686.677000
686.897000
687.098000
686.012000
686.191000
685.687000
691.848001
685.590000
687.051999
686.411000
685.688000
685.839999
686.314001
686.186001
685.766000
687.070000
687.170000
685.756000
685.758000
686.278000
686.615000
686.213000
685.715000
692.465000
687.050000
686.118999
685.917000
685.307000
686.171999
685.539000
685.413000
686.994000
686.819999
686.598000
686.805000
685.802000
686.947000
686.416999
685.763000
686.695000
692.656999
686.544999
686.214000
686.588001
686.177000
685.897000
686.322999
686.908000
686.141999
686.071000
686.625000
685.893000
687.380000
686.834999
685.881999
685.607000
685.630000
687.044000
685.883000
685.383000
685.814001
686.256999
686.234000
686.453000
685.992000
685.175000
686.727000
685.823000
686.427000
686.540999
685.831000
687.197000
685.319000
686.672000
685.413999
686.059000
686.303000
686.597000
686.964000
686.080000
686.203000
685.606000
685.575000
686.343000
685.687000
686.538000
687.000000
686.085001
686.852000
685.892000
686.074000
686.151000
686.816000
685.876001
685.455000
687.258000
686.940000
686.175000
685.932000
685.178000
685.735000
686.001999
686.846000
685.639000
686.556000
685.900001
685.503000
686.615000
685.903001
687.309000
686.632000
692.628000
685.676000
686.697000
685.630000
685.755000
686.405000
687.480000
686.367000
686.810000
685.395001
687.059000
685.869001
685.245000
685.635000
686.691000
685.368000
685.498999
685.722000
686.006000
686.305000
686.733000
686.947000
685.688000
686.646000
685.945000
686.485000
685.719000
685.528000
685.791001
686.551000
686.573000
687.265000
685.462000
686.682000
693.633000
686.902000
686.782001
686.017000
685.471000
685.798000
686.850000
685.748001
685.970000
686.274000
685.497000
686.090000
685.843000
686.759000
686.165000
686.057000
686.439999
692.973000
685.362000
685.783000
686.807000
687.144999
685.317000
686.441000
686.865000
685.732000
686.666001
686.472000
686.191000
686.112001
685.670000
685.498000
686.397000
686.892000
694.059000
685.440000
686.115000
685.432999
685.597001
685.764001
686.586000
686.431999
686.145000
686.089000
686.313001
686.522000
686.024000
686.792000
685.796000
685.722000
686.595000
692.261999
685.710000
687.059999
685.618000
688.151999
686.399000
686.547000
685.713000
686.772999
686.600000
686.317000
686.073000
686.039001
685.657000
685.928000
685.427000
686.234999
686.064000
686.187000
686.883000
686.413000
685.363000
685.525000
687.091000
685.943000
685.887001
686.778000
685.477000
685.907001
686.569000
685.686000
686.285000
686.947000
685.528000
685.401999
686.482999
685.914000
694.530000
685.914000
685.875000
692.425000
686.130000
686.696000
686.605000
686.082000
685.599000
686.406000
685.577000
685.630000
686.362000
687.055000
686.682000
684.901000
685.323999
692.322000
686.778001
685.556000
693.740000
685.125000
687.278000
686.273000
687.596001
685.567001
686.105000
686.141000
685.478000
685.955000
686.105000
686.308000
685.816000
685.267000
685.156000
686.211000
686.052000
708.192999
685.815000
686.762000
686.187000
686.065000
686.493000
685.899000
686.142000
685.621999
686.489000
685.268000
686.427999
688.242001
686.047999
686.118000
685.833001
685.920000
693.669001
685.302000
686.768000
685.454000
685.733000
686.985000
686.286000
