341.999999
341.896000
340.908000
339.670000
343.841000
340.985000
342.117000
339.943999
341.453000
341.233000
341.045000
342.287000
340.597000
340.619001
341.824000
340.698000
340.991000
341.796000
339.626000
341.963001
340.807999
341.480000
340.705000
340.548000
343.290000
338.282000
340.787000
318.307000
342.370001
343.550000
342.863000
310.587000
342.073000
344.041000
342.335000
342.177000
341.473999
343.040000
340.935000
342.515000
341.607000
339.675000
339.597000
342.365000
341.115001
342.154001
341.850000
341.830000
340.489000
339.777000
342.145000
343.445000
342.971000
341.823000
339.430000
338.006000
342.150000
341.729000
341.199000
342.010000
341.543000
341.872999
340.502000
340.404000
341.420000
340.823000
341.891999
342.169000
339.930000
340.520999
343.282000
341.538000
340.886000
340.531000
340.224001
341.886000
340.380000
339.561000
342.313000
341.140999
321.998000
340.021000
310.960000
343.342000
342.793000
341.762001
342.541001
340.068000
341.600000
342.658000
342.265000
339.563999
339.769999
339.655001
342.861000
342.448000
342.130000
341.874000
341.843000
341.566000
341.681000
341.012999
340.135000
340.510000
340.647000
342.968999
339.698000
341.979000
342.056000
340.979001
341.975000
340.860999
340.609000
340.692000
341.762000
342.385000
324.625000
309.536000
339.879000
340.558999
342.636000
340.431000
339.993000
339.959000
339.599000
342.259000
340.828000
339.779000
340.817000
341.103001
343.426000
341.842000
342.334000
341.782000
340.727000
342.749000
339.150000
339.147000
341.107000
340.949999
342.414000
340.876000
341.419000
340.807000
311.848001
342.200000
340.955000
343.276000
340.532999
341.260999
341.943000
343.266999
339.342000
312.072000
342.103000
342.188001
341.261000
338.854000
340.097001
340.615000
339.977999
341.305000
342.697000
343.397000
342.224000
340.934000
341.793000
339.939000
344.120000
341.185999
340.855000
342.194000
342.772000
342.791000
341.212000
341.401000
311.356000
339.985000
342.451000
340.137000
342.904000
340.903001
344.062001
343.353000
342.231000
341.901000
317.969000
340.834000
342.966001
340.530000
339.871000
343.561999
342.783000
340.445000
340.257999
342.249000
340.089000
339.776999
342.170000
337.994000
342.095001
340.865000
340.095000
340.789001
321.633000
340.749000
340.670000
341.444000
310.537000
343.113001
341.918000
343.648000
342.865000
311.843000
313.466000
342.660001
339.454000
340.568000
342.772000
341.345000
339.673000
342.236000
340.767000
340.948000
341.881000
341.865000
342.838000
342.353000
338.359000
340.837999
341.783000
341.089000
342.621000
339.750000
342.627999
338.194000
341.948000
318.237000
340.794000
340.499000
342.461000
340.678999
343.001001
342.251999
340.976000
340.622000
341.424000
339.211000
340.868000
342.027000
342.078000
341.488000
340.288999
341.693000
342.396000
340.956001
340.024999
341.800000
342.480999
343.865001
343.245000
342.703000
339.662000
338.841001
341.732000
341.251000
339.002000
341.730000
341.054000
341.272000
342.859000
310.364000
340.637000
340.392000
341.614000
342.333000
340.303000
341.797000
340.263001
342.180001
343.602001
341.949000
340.865000
340.796000
325.658999
339.817000
342.420000
342.381000
312.415000
345.174000
341.910000
340.725000
312.214000
339.888000
341.527000
342.188001
340.352000
338.835999
341.546000
342.503000
339.895001
341.234000
340.615001
340.927999
342.277000
341.254000
341.884000
339.697000
312.052000
340.887000
342.542999
344.072999
340.902001
341.606000
343.295000
340.478000
340.278000
342.032000
341.857000
341.040000
340.444000
340.495000
340.884000
342.320000
341.380999
339.859000
341.717000
339.234000
341.326000
318.263000
340.501000
341.953000
341.976000
340.098000
342.841000
341.155000
334.550000
339.904000
342.852000
341.566000
341.333000
344.101000
341.065000
341.298000
343.118000
339.974000
340.879000
343.853000
342.520000
341.630000
341.658000
344.006999
341.892000
341.130000
317.385000
341.527999
342.163000
339.772000
342.142000
340.432000
342.251000
341.866000
341.476000
340.787000
340.464000
342.010000
339.768000
342.235999
341.625000
340.798000
341.050000
343.180001
340.376000
340.422000
340.830000
342.046000
342.630000
342.429000
342.433999
342.814000
342.201000
341.517000
341.824000
341.201000
340.910000
341.492000
340.608000
340.820001
316.284000
341.723001
340.941001
343.657000
339.745000
342.945000
339.034000
341.189000
340.601999
341.329000
341.139000
340.096000
340.655000
342.860000
342.019000
342.271000
341.035000
343.684000
341.698000
318.682999
343.260000
340.459000
342.195000
341.243000
340.404000
340.530000
342.812000
342.445000
329.360000
342.555000
342.356999
343.295000
340.423000
340.788000
341.558000
342.630000
340.727000
343.173000
339.799000
341.676001
340.694000
342.281000
340.795000
316.525000
341.379999
341.205000
342.290000
329.888000
340.475000
341.804000
339.616000
341.393000
312.352000
341.036000
341.062999
341.873000
340.179000
340.371000
341.217000
339.901000
342.608999
342.645001
338.730000
340.519999
341.220001
339.404999
342.860000
343.934000
341.628000
341.601999
341.230000
342.145001
340.623000
342.147000
341.771000
339.764000
340.945000
343.463000
338.738999
340.006000
341.344000
341.692000
341.801000
342.143999
341.869000
341.382000
340.391000
343.119000
340.619001
341.266001
341.462000
342.487999
341.883000
340.357999
340.532999
341.541000
341.786999
342.709000
340.107000
325.306999
341.052000
340.215000
340.679000
311.000000
340.341000
341.050000
342.208999
341.194999
340.166001
343.477000
317.655000
341.066000
343.908000
341.362000
344.227999
341.813000
341.807000
342.168000
342.375000
342.904000
340.044000
342.531000
343.755000
340.528000
340.991000
343.263000
311.254000
343.930000
339.315999
344.230001
341.672000
340.988000
340.980999
343.005001
341.652000
339.897000
343.568000
341.332000
341.178000
342.494001
341.766000
340.572000
342.914000
341.651000
317.569000
310.669000
340.880000
339.639000
340.047000
343.010999
341.721999
342.437000
341.982001
312.059999
341.000000
339.907000
341.980000
339.649000
342.607000
342.531000
342.209000
340.136000
341.552000
338.766000
340.826000
342.821000
339.896000
340.446000
340.594999
344.203000
341.275000
341.797001
340.598000
340.789001
340.772000
341.300000
340.988000
342.056000
315.234000
340.511000
342.148000
340.391000
339.471000
343.320000
341.644000
339.916999
310.280000
342.490001
339.791000
341.673000
340.752000
340.272000
341.104000
339.690000
342.091001
340.821999
341.030000
344.056999
342.236999
346.063000
325.950000
341.665000
312.596000
330.008000
339.557000
339.993000
339.661000
342.045999
342.909001
340.202999
340.062000
340.863000
326.863999
341.389000
343.967000
340.808000
341.149000
342.066000
341.515999
340.966000
339.281000
340.841000
340.497000
341.236000
342.320001
341.337000
343.078000
342.815000
342.522000
311.260999
342.589000
340.662000
342.171000
323.293000
340.900999
339.670000
341.473000
342.506000
340.526000
340.174001
341.556001
340.312000
343.287000
339.369999
341.949000
341.258000
341.484000
342.046000
341.285001
341.742000
341.411000
343.278000
342.637001
340.225000
342.670000
327.473001
341.492999
341.962000
340.883000
341.143999
338.337000
340.910000
342.368000
343.016000
339.889000
340.444000
342.663000
341.312001
340.701000
340.610000
340.113000
341.991999
342.340000
342.093000
341.274001
341.937999
341.010000
342.185000
339.407000
342.079000
341.653000
338.177000
339.993000
340.743000
340.831000
342.278000
343.012000
341.580001
340.600000
317.006000
341.673000
341.856000
339.856000
341.578000
340.501000
342.835001
340.682999
343.688000
342.408000
341.040000
340.014000
340.299000
342.086000
341.132000
340.767000
342.844000
340.925001
342.451001
340.124001
319.385000
339.954000
339.926001
340.580000
342.927000
341.233000
344.433000
341.596000
341.618001
340.764000
342.794000
341.447000
341.386000
341.735000
315.946000
341.217000
340.815000
343.138000
341.179000
342.135000
339.679000
340.471000
342.013000
341.800000
343.007000
341.452000
341.295999
340.740000
340.171000
341.298999
340.109000
341.225000
341.558999
341.322000
342.731000
344.011000
341.904000
342.439000
342.270999
340.675000
341.311000
341.539999
339.899000
342.351000
342.210000
341.518000
342.647000
341.498001
343.559001
340.539000
339.918000
314.404001
340.803000
341.898000
340.009000
340.973000
342.400000
340.973000
340.720000
342.923000
338.927000
318.550000
341.022001
343.059001
332.463000
342.249000
340.694000
340.766001
339.813000
341.579000
340.932000
312.526001
341.300000
340.963000
341.556000
341.988000
341.483001
341.239000
343.464000
339.686001
340.310000
339.943000
341.711001
340.885000
341.130000
344.326001
341.225000
342.110000
338.609000
340.237000
339.771000
342.891000
339.294000
342.407000
341.591000
341.255000
342.050999
339.385999
340.915000
312.718000
342.131000
341.840999
340.369000
341.274000
342.518000
341.677001
339.283001
343.841000
341.051000
340.433001
342.888000
340.233000
341.666000
342.832000
340.026000
342.003000
341.417001
341.264999
341.217000
340.580000
340.592000
341.052000
341.098000
341.403000
341.992000
341.944001
341.162001
341.190000
341.717999
342.842000
342.279000
311.102000
341.222000
317.804000
340.040000
338.846000
341.262000
342.109000
342.562000
342.597000
341.087000
340.453000
340.701000
340.692000
341.556000
344.905000
340.226000
340.187000
341.120000
342.823000
340.805001
319.505000
340.156999
341.628999
341.323000
342.594001
341.552000
341.303000
341.735000
339.761000
343.122000
342.267000
341.689000
341.059000
341.361000
341.283000
339.960000
339.682000
342.550000
341.348000
339.492000
341.397000
340.923000
340.657000
339.589000
341.223001
343.033000
343.958001
343.080000
343.311000
341.827000
313.678000
341.783000
338.570000
339.916000
340.596000
342.058999
332.150000
340.206000
340.005999
340.462000
340.132000
341.005000
343.158000
342.288000
345.228000
342.998000
342.364000
340.379001
341.987000
341.768000
341.446999
340.087000
339.620000
342.810000
340.922000
341.717999
342.539000
341.690000
342.013001
341.738000
341.398000
340.701000
341.902000
341.902000
340.241999
343.297000
342.804001
340.126000
341.693001
340.985000
341.188000
342.274000
342.581000
340.814999
341.976000
315.328000
342.191000
340.324000
343.338000
342.802000
342.250000
341.147000
340.995000
342.322000
342.671000
342.781000
342.806000
341.837000
342.918999
341.223001
341.055000
341.399000
341.712000
342.041999
341.802000
341.918000
341.057000
340.244000
340.218000
340.370000
340.531999
342.891000
341.936001
341.606000
342.069000
342.253000
309.589000
343.515000
340.101999
317.288000
343.289999
342.406000
341.687000
338.354000
343.093000
341.735000
340.487001
340.756000
340.967000
339.627000
342.249000
344.371000
340.758001
341.198999
340.327000
340.989000
341.794999
340.443000
343.199001
342.049000
341.146000
343.653000
342.189999
342.344000
341.982000
341.888000
342.189000
341.211000
344.186001
341.231000
341.019000
339.011000
341.564000
317.367000
342.859000
340.042000
340.155000
340.837999
341.924001
341.894000
340.480000
341.661000
