21.857000
21.322000
21.148999
21.090000
21.260001
21.345000
21.036999
21.223000
21.477000
21.205001
20.909000
21.282000
21.274000
21.025000
21.104000
21.024999
21.178000
20.969000
21.153000
21.164000
20.887000
21.075000
21.165000
21.091000
21.294001
20.975000
21.066001
21.244000
21.350999
21.279000
21.027000
21.085001
21.123000
21.112000
21.065000
21.005000
21.011000
21.093000
21.168000
21.308000
21.034000
20.949000
21.250000
21.066001
20.801000
21.010000
20.942000
20.904000
20.892001
20.931000
21.392000
20.961000
20.825000
20.970000
21.103000
21.039001
21.033000
21.279000
20.954000
20.978000
21.068000
21.181000
21.071000
21.229001
20.947000
21.012001
21.017000
21.164000
21.044000
20.920000
21.098000
21.327999
20.815000
21.058001
20.993000
21.001000
21.073000
21.125000
21.116001
20.953001
21.227000
20.902000
21.428000
20.807000
20.854000
20.930001
21.175000
21.071000
20.937000
20.985000
21.160000
20.901000
21.030000
21.342000
20.900999
21.179000
20.913000
20.970000
20.880000
21.011000
21.079999
21.055999
21.163000
21.122999
21.328000
21.109000
21.276000
21.125999
20.873000
20.976000
21.098000
21.000000
21.100000
21.199000
21.214999
21.016000
20.695000
20.998999
20.777000
21.129000
20.789000
21.035000
20.986000
20.787000
21.089001
21.231000
21.201001
20.893000
20.941000
20.936000
20.878999
20.962001
20.745000
20.878999
20.908000
20.838000
21.109000
20.696000
20.767001
20.805000
20.813000
20.825000
20.544000
20.955999
20.974000
20.921000
21.028000
21.019000
20.890000
20.748000
21.091000
20.982999
20.854000
21.002000
21.120001
20.917000
20.882000
21.082000
20.864000
21.228000
21.003000
20.620000
20.828000
20.776001
20.849000
20.668999
20.934000
20.790000
21.538000
20.896001
20.844000
20.761000
21.040000
21.104000
20.900999
21.105000
21.055001
20.980000
20.865000
20.692000
21.067000
20.899000
21.006000
20.959000
20.906000
21.075000
40.616999
21.149999
20.045000
20.300000
20.548000
20.184000
19.963000
20.337000
20.261000
20.151000
20.260000
20.556000
20.311000
20.275000
20.191000
20.257000
20.297000
20.335000
20.274000
20.288000
20.160000
20.021000
20.230000
20.257999
20.285000
20.222000
20.750000
20.221000
19.965000
20.075000
19.941000
19.976000
20.311000
20.015000
20.162000
20.181000
20.207000
20.072000
20.291000
20.051000
20.079000
20.165000
20.207000
19.952999
20.111999
20.250000
20.035001
20.145000
20.595999
20.434000
20.027000
19.994000
20.106000
20.276000
20.241000
20.066000
20.119000
19.996000
20.093000
20.203000
20.462000
20.162000
20.126999
20.099999
20.173000
20.048000
20.006000
20.070000
20.039000
19.925000
20.180999
20.493000
20.044001
20.024000
20.076000
19.956000
20.146000
20.000000
19.834001
19.855000
19.884001
19.887000
20.390000
20.055001
19.979000
20.012001
20.100000
20.430000
20.095000
19.998000
20.041000
20.141000
20.062000
20.087999
20.246000
20.031000
20.261000
20.257000
19.831000
20.183000
20.164000
19.712000
20.276000
19.772000
20.455999
20.258999
20.214000
20.130000
20.203999
20.115000
19.976000
20.184000
20.182000
20.028001
20.143000
20.076000
20.093000
20.164000
19.805999
20.258999
20.136000
20.033999
20.118999
20.164000
20.237001
20.138000
20.342001
20.231000
20.291001
20.163000
20.006999
19.856000
19.930000
19.925000
19.903000
20.102000
19.982000
20.121000
20.078000
20.180000
20.150000
20.155001
20.043000
19.911000
19.894999
20.277000
19.952000
20.027000
19.974001
20.032000
20.060000
20.142000
20.214000
20.120000
19.898999
20.601000
20.332000
20.207000
20.205000
20.526000
20.108000
20.481000
20.025000
20.486000
20.597000
20.689000
20.210001
20.780000
20.439000
20.315000
20.796999
20.363000
20.594000
20.137999
20.105000
20.133000
20.086000
20.328999
20.692999
20.506999
20.398000
20.214000
20.234000
20.424000
20.350001
20.348000
20.325000
20.374000
20.476000
20.637000
20.385000
20.358000
20.645000
20.356000
20.337000
20.721000
19.874000
20.368000
20.227000
20.347000
20.273000
20.334000
20.690000
20.716000
20.118000
19.944000
20.449000
20.186001
20.420000
20.174000
20.553000
20.311001
19.871000
20.158000
19.967000
20.392000
20.225001
20.473001
20.596000
20.432000
20.212000
20.420999
20.025000
20.074001
20.572999
20.287000
20.543000
19.974001
20.139000
20.287000
20.026000
20.220000
20.193000
20.227000
19.965000
20.289000
19.793999
20.703999
20.217000
19.785000
20.023000
20.491000
20.208000
20.045000
20.110999
19.889000
20.169000
20.310000
20.594000
20.053000
20.319000
20.212000
20.243000
20.388000
20.663000
19.901000
20.252000
20.366000
20.165000
20.269999
20.552999
20.280000
20.231000
19.924000
19.818000
20.089000
20.333000
21.253000
21.992001
22.362000
22.158000
23.182000
22.530000
22.743000
21.776000
23.457000
22.106000
21.273000
21.472000
22.119000
23.137000
22.084001
22.257000
22.171000
22.976000
22.148000
22.256000
22.139000
23.823000
21.935000
21.257000
21.289000
22.804000
22.728001
22.292000
22.456001
22.369000
21.704000
22.958000
22.981000
21.961000
23.148000
21.700000
22.115001
22.467000
22.567000
22.240001
22.074000
23.103001
22.208001
23.095000
22.227000
23.864999
22.741000
21.421000
20.132000
19.569000
19.701000
19.739000
20.119000
19.873000
20.240000
19.674000
20.231000
19.917999
19.665999
20.103999
19.758000
19.708000
20.134000
19.770999
19.855000
20.122000
19.840000
19.664000
19.689000
19.693000
19.971999
19.654000
19.750000
19.907000
19.599000
19.826000
20.257999
20.281999
19.990000
19.754000
19.850000
19.939001
19.615000
20.039001
19.943000
19.929999
20.000000
19.855999
20.322000
19.838001
20.044000
19.936999
19.464000
19.948000
19.922000
19.631000
19.990999
19.970000
19.992000
19.818000
19.925000
19.943000
19.844000
19.752000
19.928000
19.688999
19.639000
19.786000
19.915001
19.860000
19.846000
20.086000
19.742000
19.784000
19.660001
19.797000
19.954001
19.780001
20.102000
19.893001
19.789000
19.823001
19.965000
19.794000
19.882000
19.763000
19.893000
19.934000
19.985000
19.665000
19.857000
19.894000
19.593000
20.002000
19.952000
19.649000
19.835000
19.633000
19.990000
19.928000
19.795001
19.865000
19.606000
19.720000
19.970000
20.067000
19.605000
19.757000
19.819001
20.009000
19.831000
19.826000
19.662000
19.721000
19.871000
19.882000
19.881000
19.737001
19.634000
19.787000
19.858000
19.683000
19.739000
20.006000
19.601000
19.715000
19.574001
19.982000
19.576000
19.738000
19.742000
19.807001
19.710000
19.800000
19.834001
19.943000
19.687000
19.706001
19.832000
20.294000
19.584000
19.832999
20.141000
19.695000
20.017000
19.723000
19.660000
19.810000
19.844000
19.869001
20.180000
20.059000
19.695001
19.928000
19.834001
19.764001
19.859000
19.551001
19.782000
19.816000
19.927000
20.091000
19.542000
20.049000
19.849000
19.673000
19.747000
19.661000
19.728000
19.738000
19.773000
19.844000
20.271000
20.263000
19.892001
19.891000
19.944000
19.903000
19.691001
19.904000
19.761000
19.832000
19.720000
24.085000
20.285000
20.314000
19.989001
19.645000
19.727000
19.574000
19.490000
19.720000
19.599999
19.700000
19.815000
19.576999
20.256000
19.975000
19.547000
19.491999
19.637000
19.578000
19.858000
19.590000
19.630000
19.731000
19.662000
19.556000
19.849000
19.503000
19.562000
19.724000
19.746000
19.525000
19.714001
19.652000
19.796000
19.536001
19.742000
19.758000
19.739999
19.588999
19.691000
19.739999
19.789000
19.710000
19.657000
19.756000
19.785000
19.526000
19.726000
19.572000
19.653000
19.615000
19.529001
19.861000
19.820999
19.567000
19.827999
19.733000
19.700999
19.764000
19.770999
19.421000
20.015000
19.785000
19.633001
19.645000
19.653000
19.736000
19.594000
19.675000
19.645999
19.614000
20.288001
19.573000
19.365001
19.286000
19.424000
19.650999
19.648000
19.812000
19.613000
19.578000
19.706000
19.690000
19.577000
19.626000
19.721000
19.787000
19.855999
19.534000
19.774000
19.824000
19.560000
19.743000
19.526000
19.956999
19.849000
19.763000
19.636001
19.661000
19.568999
19.503000
19.513000
19.483999
19.532000
19.555000
19.661000
19.935000
19.659000
19.551001
19.533000
19.456000
19.481000
19.747000
19.531000
19.559000
19.669000
19.783000
19.778000
19.639000
19.737001
19.741000
19.687000
19.685999
19.810000
19.509001
19.598000
19.646000
19.793000
20.094001
19.512000
19.485000
19.490000
19.655000
19.446000
19.446000
19.549000
19.534000
19.553999
19.739000
19.970000
19.501000
19.839000
19.619999
19.385000
19.819001
19.700000
19.548001
19.332000
19.454001
19.567001
19.769000
20.229001
19.404001
19.464000
19.795001
19.382000
19.385000
19.804000
19.601000
19.266999
19.735000
19.494000
19.822000
19.865001
19.502000
19.650999
19.514999
19.789999
19.749000
19.646999
19.754000
19.585000
19.233000
19.612000
20.179000
19.556999
19.604000
19.661000
19.739000
19.545000
19.396001
19.572000
19.593000
19.583000
19.463000
19.577000
19.700000
19.311000
19.580999
19.719999
19.557000
19.513000
19.576999
19.387000
19.548000
19.400000
19.647000
19.900001
19.575000
19.633000
19.347000
19.534000
19.742000
19.677999
19.483999
19.552000
19.614000
19.559000
19.547000
19.595000
19.601000
19.499999
19.522999
19.659000
19.510999
19.726000
19.484000
19.582000
19.495000
19.378000
19.862000
19.982999
19.587000
19.429000
19.696000
19.656000
19.353000
19.557999
19.547000
19.464999
19.353000
19.437999
19.599999
19.669999
19.657000
19.419000
19.625000
19.649000
19.673000
19.607999
19.512000
19.556999
19.572000
19.947000
19.567000
19.637999
19.601000
19.757000
19.672001
19.372000
19.471000
19.403000
19.586001
19.398000
19.654999
19.723000
19.602000
19.583000
19.337000
19.394000
19.447000
19.458001
19.405000
19.572000
19.444000
19.430000
19.922000
19.523000
19.547000
19.759000
19.391000
19.615999
19.529999
19.498000
19.391000
19.670000
19.464999
19.424999
19.763000
19.400000
19.431000
19.696000
19.520000
19.672000
19.430000
19.515000
19.366999
19.731999
19.477000
19.795000
19.797000
19.788000
19.537999
19.694000
19.731999
19.456999
19.588000
19.518000
19.481000
19.278000
19.553999
19.559000
19.593000
19.196000
19.443000
19.710001
19.626000
19.466000
19.725000
19.503000
19.729000
19.527000
19.467000
19.521000
19.713000
19.490001
19.709000
19.513000
19.684999
19.543000
19.521000
19.526000
19.447000
19.538000
